9.999998540759649224e-01
9.999998426764022952e-01
9.999998262164531138e-01
9.999998044618185755e-01
9.999997765879486966e-01
9.999997387408587901e-01
9.999996713487658839e-01
9.999994713276130209e-01
9.999986393588649047e-01
9.999950606996577118e-01
9.999810430754692003e-01
9.999328073955948692e-01
9.997886019044796013e-01
9.994160526076250051e-01
9.985882692134974148e-01
9.970159878844612189e-01
9.944869527315779445e-01
9.910975137036590610e-01
9.874341849149529393e-01
9.844949412892374241e-01
9.832738828473606141e-01
9.842249572397256951e-01
9.869926534869943868e-01
9.906240180953730379e-01
9.940923916695378892e-01
9.967465829400050659e-01
9.984339451538162269e-01
9.993409463203657417e-01
9.997573072879055722e-01
9.999215835085977222e-01
9.999775613520449635e-01
9.999941197069599497e-01
9.999984133825136068e-01
9.999994196047085060e-01
9.999996572774575432e-01
9.999997325210139287e-01
9.999997724833737944e-01
9.999998015958021513e-01
9.999998249785916338e-01
9.999998443139430648e-01
9.999998605361197779e-01
9.999998742910406468e-01
9.999998860363947806e-01
9.999998960537779258e-01
9.999999044231766554e-01
9.999999110384942824e-01
9.999999157609553713e-01
9.999958746600121628e-01
9.999957946406299314e-01
9.999956867684814954e-01
9.999955590977329667e-01
9.999954188495487895e-01
9.999952697025203951e-01
9.999951126534063484e-01
9.999949475525689024e-01
9.999947739095251809e-01
9.999945911313998792e-01
9.999943985647028466e-01
9.999941954955398060e-01
9.999939811434606085e-01
9.999937546538857358e-01
9.999935150894669889e-01
9.999932614202378112e-01
9.999929925123667296e-01
9.999927071152754365e-01
9.999924038468464005e-01
9.999920811763853834e-01
9.999917374049415164e-01
9.999913706424993221e-01
9.999909787814629247e-01
9.999905594657190200e-01
9.999901100544135168e-01
9.999896275793754841e-01
9.999891086948725638e-01
9.999885496180689337e-01
9.999879460581488910e-01
9.999872931315509916e-01
9.999865852600864358e-01
9.999858160478362068e-01
9.999849781315693908e-01
9.999840629978979933e-01
9.999830607583348741e-01
9.999819598706629620e-01
9.999807467912513737e-01
9.999794055377415614e-01
9.999779171342542128e-01
9.999762589009368874e-01
9.999744035348395732e-01
9.999723179073791712e-01
9.999699614713054574e-01
9.999672841207590812e-01
9.999642232704790690e-01
9.999606997897356742e-01
9.999566121596379364e-01
9.999518273921421674e-01
9.999461633773322200e-01
9.999393367463708104e-01
9.999307458295245699e-01
9.999184825403721888e-01
9.998950752468719338e-01
9.998310236540963736e-01
9.996189347429120797e-01
9.989103656839195544e-01
9.967161757785560905e-01
9.906225142673161788e-01
9.756817689873715782e-01
9.436811227317414286e-01
8.843325895472153864e-01
7.897518562222073379e-01
6.610552027731628755e-01
5.122956214609246661e-01
3.669565130722390323e-01
2.482146716483658033e-01
1.705194572019482768e-01
1.387493955758296038e-01
1.533296510365694809e-01
2.141984230117739141e-01
3.188295324811213360e-01
4.566637505276246456e-01
6.071142890725560459e-01
7.455518741539475247e-01
8.535761377489736734e-01
9.254028457911097627e-01
9.663383996621042193e-01
9.864799726261732626e-01
9.951078063214064962e-01
9.983569013447929352e-01
9.994467157170727756e-01
9.997802469765824096e-01
9.998790968323302275e-01
9.999118803200981453e-01
9.999268122467547260e-01
9.999364014882144991e-01
9.999437797951631346e-01
9.999498334051950543e-01
9.999549197888046859e-01
9.999592486951602854e-01
9.999629684264926821e-01
9.999661908548197475e-01
9.999690026095876538e-01
9.999714718632948252e-01
9.999736529598429735e-01
9.999755897079565248e-01
9.999773177780546529e-01
9.999788664765406621e-01
9.999802600785169249e-01
9.999815188418694767e-01
9.999826597878089807e-01
9.999836973058103817e-01
9.999846436034345309e-01
9.999855088753352161e-01
9.999863005263098792e-01
9.999870198342325489e-01
9.999876554038876764e-01
9.999881797710731268e-01
9.999885619945420023e-01
