9.999994772992359948e-01
9.999994461955011849e-01
9.999994023557059464e-01
9.999993461017985252e-01
9.999992774290964448e-01
9.999991949431870086e-01
9.999990955195834363e-01
9.999989741136271482e-01
9.999988231353709178e-01
9.999986309678698948e-01
9.999983788301141097e-01
9.999980332655876714e-01
9.999975228353712442e-01
9.999966493161004388e-01
9.999947567093465661e-01
9.999897587569555046e-01
9.999763270655348535e-01
9.999450474974846959e-01
9.998875904186150798e-01
9.998092227228061457e-01
9.997303676150812723e-01
9.996346607449765331e-01
9.993028130536441012e-01
9.979259836065232925e-01
9.933734119849040312e-01
9.813501881719870479e-01
9.556686179052932273e-01
9.114759369530971433e-01
8.513565792325515913e-01
7.897170907517579996e-01
7.489168834567541122e-01
7.466199970666624885e-01
7.836484416351646720e-01
8.433176893581982858e-01
9.029257640247029260e-01
9.469846157546847332e-01
9.721612250060277516e-01
9.834027361124033639e-01
9.875277167958782520e-01
9.893739612939314032e-01
9.911398530888344549e-01
9.932593626852971314e-01
9.954232967003774357e-01
9.972422436104346755e-01
9.985255307121696511e-01
9.992966478676186259e-01
9.996923971073039539e-01
9.998610587297890318e-01
9.999100886702437796e-01
9.998993128314913603e-01
9.998552895027446041e-01
9.997878650528544409e-01
9.997015876793267086e-01
9.996017602105353728e-01
9.994968059391682313e-01
9.993982190792711773e-01
9.993187844626263416e-01
9.992694677149783766e-01
9.992550410205507383e-01
9.992682988364550711e-01
9.992849785880268954e-01
9.992684287987489977e-01
9.991957572775757024e-01
9.990953337050865191e-01
9.990496807677422542e-01
9.991336626941260679e-01
9.993415160819821841e-01
9.995894839503332019e-01
9.997902051311020610e-01
9.999107457470166604e-01
9.999670674891401045e-01
9.999885314013363669e-01
9.999956901938832354e-01
9.999979986037366153e-01
9.999987678327155738e-01
9.999990038201931331e-01
9.999990166494260313e-01
9.999989033868631472e-01
9.999986221262000541e-01
9.999975461861599912e-01
9.999913901996898558e-01
9.999584616434182838e-01
9.998204420594444253e-01
9.993879974060759785e-01
9.984008928711692876e-01
9.968186582379789940e-01
9.951879790111173296e-01
9.944497036153148173e-01
9.950099005183250522e-01
9.960225226480206029e-01
9.955650882422537595e-01
9.910009230704490690e-01
9.790766189822421861e-01
9.569501970415721370e-01
9.251432216166212141e-01
8.905363064125779715e-01
8.653472482360262674e-01
8.605581749653633539e-01
8.783224068588758593e-01
9.103321592071527135e-01
9.437787940365593986e-01
9.692504772109630240e-01
9.841901606700933502e-01
9.910344401595263530e-01
9.935653618390249964e-01
9.945880450966472219e-01
9.954496660003001596e-01
9.964838469064115634e-01
9.975705192687873701e-01
9.985096730708025170e-01
9.991889650911754961e-01
9.996067970751972842e-01
9.998264816979770542e-01
9.999232344159699748e-01
9.999541528365246679e-01
9.999521866573954920e-01
9.999324511726880305e-01
9.999006499150028260e-01
9.998591845755695484e-01
9.998105106661829833e-01
9.997585399292272523e-01
9.997087726560256460e-01
9.996675322621239035e-01
9.996405183571304143e-01
9.996307435858233781e-01
9.996357616876379026e-01
9.996449071675812537e-01
9.996404150611588602e-01
9.996085963859492329e-01
9.995587045934875015e-01
9.995287504601999551e-01
9.995592811552600487e-01
9.996548598870044211e-01
9.997780227167655243e-01
9.998831064172248873e-01
9.999489968257819772e-01
9.999809335839304758e-01
9.999934635181703113e-01
9.999977216842282912e-01
9.999991137982402467e-01
9.999996011799454632e-01
9.999997887714876521e-01
9.999998641260535726e-01
9.999998940908414458e-01
9.994737092432368630e-01
9.994574193735275003e-01
9.994356582547609946e-01
9.994091545132468557e-01
9.993787533738769380e-01
9.993449812730204052e-01
9.993079457540681165e-01
9.992674429727739227e-01
9.992230837601659976e-01
9.991743593568973569e-01
9.991206548533968501e-01
9.990612356161556740e-01
9.989952203654801632e-01
9.989215439188117163e-01
9.988389076096682029e-01
9.987457128672112550e-01
9.986399709904777433e-01
9.985191785904605766e-01
9.983801424900153876e-01
9.982187284783547998e-01
9.980294922728053519e-01
9.978051225743616026e-01
9.975355732341257831e-01
9.972066575435067914e-01
9.967976565464475858e-01
9.962769669187712118e-01
9.955933486274037847e-01
9.946555790452586976e-01
9.932771718367691127e-01
9.910146167485224256e-01
9.867275604328766825e-01
9.776340700472425649e-01
9.580738593972528694e-01
9.197028239340536704e-01
8.563324423356970527e-01
7.738446237431440000e-01
6.967580254098202364e-01
6.587851845267109763e-01
6.789307611548843768e-01
7.451338133307305878e-01
8.227781663890947339e-01
8.772198916148212788e-01
8.870498380013479567e-01
8.425306750970216196e-01
7.419955324612218517e-01
5.949334572815483391e-01
4.255027945338040740e-01
2.662831765622677982e-01
1.434559137541951690e-01
6.567307946875289293e-02
2.530739323345041619e-02
8.248889877311840063e-03
2.767576512020598553e-03
2.900548651326265680e-03
8.128044119540619658e-03
2.204843467027237450e-02
5.010845382506881607e-02
9.514305772296660635e-02
1.521178769626229110e-01
2.071748769934338985e-01
2.444213988471178323e-01
2.561987427891327940e-01
2.479996068384360264e-01
2.344555788566138332e-01
2.312707470837488399e-01
2.496103395707912342e-01
2.946669475030778140e-01
3.662269384985113452e-01
4.593044172575642126e-01
5.648840178889671382e-01
6.716286376782267808e-01
7.686312147357385882e-01
8.481680163551590379e-01
9.071547628048034495e-01
9.467865527414540683e-01
9.708955243355836817e-01
9.840596687589922009e-01
9.902605275164001464e-01
9.923228426553534209e-01
9.919412715212145848e-01
9.899752357786841817e-01
9.867756486737661037e-01
9.824386361704793291e-01
9.769716959939329648e-01
9.703937517436622695e-01
9.627931530419832074e-01
9.543587003737062924e-01
9.453901828210963254e-01
9.362904171763615224e-01
9.275400442105528054e-01
9.196578190902244820e-01
9.131512456256831722e-01
9.084637960066166418e-01
9.059240482209687251e-01
9.056957039868785975e-01
9.077101548218904359e-01
9.115352873963322722e-01
9.161307124434177052e-01
9.195583271278788828e-01
9.190292217737064950e-01
9.119291372045298383e-01
8.980019280265579829e-01
8.813906546269586473e-01
8.700897554136777234e-01
8.717801966143203796e-01
8.886821816700192223e-01
9.158986738763714719e-01
9.448028622430868495e-01
9.683142258721693096e-01
9.837840339465997452e-01
9.923031834838549337e-01
9.963761822730536899e-01
9.981636453524637131e-01
9.989467124254859387e-01
9.993199628964707371e-01
9.995190416311237058e-01
9.996336169421923268e-01
9.997017954646556515e-01
9.997430582501900531e-01
9.997686304700470483e-01
9.997851817960025089e-01
9.997966245807705654e-01
9.998051957243423438e-01
9.998121402082195130e-01
9.998181344267244031e-01
9.998235391584648912e-01
9.998285452120379002e-01
9.998332543261511107e-01
9.998377226051691213e-01
9.998419831119789158e-01
9.998460572878117292e-01
9.998499605879371810e-01
9.998537052182758789e-01
9.998573014603476805e-01
9.998607583248749764e-01
9.998640838908247064e-01
9.998672854970604984e-01
9.998703698632580572e-01
9.998733431748543232e-01
9.998762111479035930e-01
9.998789790811033473e-01
9.998816518962110322e-01
9.998842341495834951e-01
9.998867299068031622e-01
9.998891420276481146e-01
9.998914695477360004e-01
9.998937008523430814e-01
9.998958017403598575e-01
9.998977048178085969e-01
9.998993162416702773e-01
9.999005512609220325e-01
9.996127923374540369e-01
9.995982379151369113e-01
9.995787147339865175e-01
9.995546398564147950e-01
9.995265322402843156e-01
9.994946587240891578e-01
9.994589165364423655e-01
9.994188823645859809e-01
9.993738890863439472e-01
9.993230564341208932e-01
9.992652687203433803e-01
9.991991116923053529e-01
9.991227718589965612e-01
9.990338878939499789e-01
9.989293296232173436e-01
9.988048603911927614e-01
9.986546030395497819e-01
9.984701575618315506e-01
9.982390548670991848e-01
9.979417952247402468e-01
9.975453098782132155e-01
9.969855418092576915e-01
9.961139027701109150e-01
9.945323087050952360e-01
9.911557475502018599e-01
9.833543961423205637e-01
9.660577763319957434e-01
9.325167121071534782e-01
8.790894987572098751e-01
8.131300870349997822e-01
7.561948842796748504e-01
7.340239322734669614e-01
7.577839784897462128e-01
8.144199630127511025e-01
8.762494770577214931e-01
9.184576407734899028e-01
9.270997968311873727e-01
8.952887615231730489e-01
8.185145518234760997e-01
6.970806639606712540e-01
5.424631865653697371e-01
3.784859806293949247e-01
2.328586229113675521e-01
1.246165466494030538e-01
5.742208950779700838e-02
2.280200713005242630e-02
8.685843692120592124e-03
6.481668880675356750e-03
1.405140428302213002e-02
3.547559520418994833e-02
7.823894470045023031e-02
1.475090165622464922e-01
2.392729134572082750e-01
3.376540948553737875e-01
4.207740632689096483e-01
4.723497904904077060e-01
4.902264915886370145e-01
4.857505428435383577e-01
4.761269648121866926e-01
4.763990245336982565e-01
4.953459655720428012e-01
5.351720863284544771e-01
5.929466365763389479e-01
6.623894445879057180e-01
7.356652938002287145e-01
8.051742743555284632e-01
8.651026865996327420e-01
9.123310068123380301e-01
9.464659878281334038e-01
9.691363507205357219e-01
9.829685956017880644e-01
9.906744080788918438e-01
9.944908546338260269e-01
9.959884401074868832e-01
9.961268975780680490e-01
9.954162419350381930e-01
9.940842176398686503e-01
9.922064275116717624e-01
9.897930656119581228e-01
9.868422303544830410e-01
9.833718024130237989e-01
9.794382115698796465e-01
9.751461973208113143e-01
9.706508776050923881e-01
9.661523140987755554e-01
9.618828736292930337e-01
9.580884774670308524e-01
9.550057870375978641e-01
9.528379870439444010e-01
9.517313453271303292e-01
9.517516518450335195e-01
9.528517596829337855e-01
9.548097806279614019e-01
9.571179241691178952e-01
9.588539748860221978e-01
9.586969281715241875e-01
9.553592955850731538e-01
9.485389945190366712e-01
9.399031578926499986e-01
9.330738706207031274e-01
9.319951711155790575e-01
9.385227580900497024e-01
9.511521557161404239e-01
9.660096763095369354e-01
9.792159036106605763e-01
9.886935312614641980e-01
9.943795408750434328e-01
9.973181849419276990e-01
9.986802740017841629e-01
9.992834412787992004e-01
9.995608818138401741e-01
9.997020520940219646e-01
9.997813688644757724e-01
9.998285339646322267e-01
9.998572582308650203e-01
9.998750281327170031e-01
9.998863045830461704e-01
9.998937861119735482e-01
9.998990792060341581e-01
9.999031170602775687e-01
9.999064284314146400e-01
9.999093063677340076e-01
9.999119105814766595e-01
9.999143274479533883e-01
9.999166040175824222e-01
9.999187666959807874e-01
9.999208312035000601e-01
9.999228077401223214e-01
9.999247035769850411e-01
9.999265242019140798e-01
9.999282732958478803e-01
9.999299509396901708e-01
9.999315488813809161e-01
9.999330430095034750e-01
9.999343878684331388e-01
9.999355228308708377e-01
9.999363952470889938e-01
