3.065541219842282771e+03 1.009771121530884441e+00 1.258241141311282167e-02 5.740416107177734375e+03
3.065549572152243854e+03 1.001564349473437421e+00 1.255546736711773449e-02 5.694025306248929155e+03
3.065557924462204483e+03 9.933583372885506080e-01 1.252852581589660418e-02 5.647634505322648693e+03
3.065566276772165565e+03 9.907228446934361887e-01 1.240218500791738857e-02 5.632911454945780861e+03
3.065574629082126194e+03 9.883563893361224650e-01 1.227105882852235277e-02 5.619716741791346067e+03
3.065582981392087277e+03 9.869458247381437399e-01 1.229283313651500197e-02 5.611956154217258700e+03
3.065591333702047905e+03 9.855994801507984571e-01 1.232485845521390580e-02 5.604560007838884303e+03
3.065599686012008988e+03 9.831761279716831892e-01 1.222334593372532974e-02 5.591038521782676071e+03
3.065608038321969616e+03 9.806597723129951705e-01 1.211028511685678134e-02 5.576986851644533999e+03
3.065616390631930699e+03 9.802950630789971642e-01 1.213932622737651755e-02 5.575170780952727910e+03
3.065624742941891327e+03 9.802396878911873168e-01 1.218879258271637032e-02 5.575113855859079194e+03
3.065633095251852410e+03 9.862737871561801928e-01 1.222827101903518031e-02 5.609692394282446912e+03
3.065641447561813038e+03 9.933193247058003106e-01 1.226608669025972161e-02 5.650027197481782423e+03
3.065649799871774121e+03 9.962957367090874428e-01 1.230871692471073933e-02 5.667219342321234762e+03
3.065658152181734749e+03 9.985008705539504259e-01 1.235225626904882211e-02 5.680025596942212360e+03
3.065666504491695832e+03 9.940699663282378529e-01 1.232977747676036739e-02 5.655081808296691634e+03
3.065674856801656460e+03 9.882208842470584509e-01 1.229318847488579045e-02 5.622067560035085080e+03
3.065683209111617543e+03 9.892471563916018784e-01 1.226285591703948387e-02 5.628166481838492473e+03
3.065691561421578172e+03 9.922369013697872608e-01 1.223431214938786732e-02 5.645437331303979590e+03
3.065699913731539255e+03 9.956461437001494774e-01 1.226658223280693329e-02 5.665096639813345973e+03
3.065708266041499883e+03 9.991868860840003030e-01 1.231794498273277270e-02 5.685505995758435347e+03
3.065716618351460966e+03 9.971065112340014025e-01 1.233069601634144939e-02 5.673930832977958744e+03
3.065724970661421594e+03 9.930944862018845631e-01 1.233017681312522339e-02 5.651362212296320649e+03
3.065733322971382677e+03 9.997949760621223092e-01 1.238925369233720084e-02 5.689755569997334533e+03
3.065741675281343305e+03 1.010509205308656178e+00 1.247065862800015440e-02 5.750995390550227967e+03
3.065750027591304388e+03 1.009229527963185102e+00 1.246674061113497295e-02 5.743978146429016306e+03
3.065758379901265016e+03 1.002341627662720169e+00 1.242292623528128311e-02 5.705039838949244768e+03
3.065766732211226099e+03 9.999379385600645209e-01 1.236762249803905270e-02 5.691621924395529277e+03
3.065775084521186727e+03 9.997976115840940814e-01 1.230652243183901449e-02 5.691086341277567044e+03
3.065783436831147810e+03 1.001893403002388938e+00 1.231774330609562186e-02 5.703279791809014569e+03
3.065791789141108438e+03 1.005205026040767002e+00 1.236828920961058863e-02 5.722395789047373910e+03
3.065800141451069521e+03 1.004575075571424447e+00 1.236682123595145982e-02 5.719074041201485670e+03
3.065808493761030149e+03 1.001639752636483527e+00 1.233493079386055631e-02 5.702626804932613595e+03
3.065816846070991232e+03 1.001972762229975888e+00 1.236778194965036833e-02 5.704786452588501561e+03
3.065825198380951861e+03 1.004359165162718837e+00 1.244130736864302277e-02 5.718637922744816024e+03
3.065833550690912944e+03 1.003395569989031344e+00 1.242283372497878825e-02 5.713415489112107025e+03
3.065841903000873572e+03 1.000173786354091598e+00 1.234234451556194025e-02 5.695333646206676349e+03
3.065850255310834655e+03 9.971946155116118149e-01 1.229321912290843449e-02 5.678631691872023112e+03
3.065858607620795283e+03 9.943908260907209362e-01 1.226675758453847631e-02 5.662926943732740256e+03
3.065866959930756366e+03 9.918545818987045681e-01 1.222240040875894121e-02 5.648744425476200377e+03
3.065875312240716994e+03 9.895513857859334905e-01 1.216245760048739397e-02 5.635887873404054517e+03
3.065883664550678077e+03 9.897769408989989248e-01 1.213289457928662038e-02 5.637433016317897454e+03
3.065892016860638705e+03 9.923585379267491069e-01 1.213163666185669565e-02 5.652398111990514735e+03
3.065900369170599788e+03 9.927313702915572247e-01 1.212456838257571813e-02 5.654783031197852324e+03
3.065908721480560416e+03 9.909030899966588812e-01 1.211170987322829525e-02 5.644629619099121555e+03
3.065917073790521499e+03 9.909484178416958500e-01 1.209457823633095820e-02 5.645148652257732465e+03
3.065925426100482127e+03 9.929907729251583604e-01 1.207289188676204973e-02 5.657044725776052474e+03
3.065933778410443210e+03 9.955298723129560878e-01 1.205985055369375968e-02 5.671771945611078991e+03
3.065942130720403838e+03 9.986353917487200693e-01 1.205666608653000599e-02 5.689727681730096265e+03
3.065950483030364921e+03 9.997551784490369409e-01 1.207303681615864294e-02 5.696370812677349022e+03
3.065958835340325550e+03 9.984522490401306349e-01 1.211326664647872399e-02 5.689209826554464598e+03
3.065967187650286633e+03 9.938213993914425393e-01 1.209117537577666587e-02 5.663084692723897206e+03
3.065975539960247261e+03 9.848436855381523802e-01 1.198768333295829533e-02 5.612186274777297513e+03
3.065983892270208344e+03 9.804987375040122854e-01 1.194472887919019975e-02 5.587684422747784083e+03
3.065992244580168972e+03 9.826355729780573700e-01 1.198647413261428110e-02 5.600120497812388749e+03
3.066000596890130055e+03 9.840207822910771451e-01 1.199519415029790502e-02 5.608273920941336655e+03
3.066008949200090683e+03 9.842786302710333501e-01 1.195437732863682649e-02 5.610002555364165346e+03
3.066017301510051766e+03 9.838893968147527369e-01 1.192515496402758550e-02 5.608043044543184806e+03
3.066025653820012394e+03 9.824585613593380673e-01 1.191459406882942364e-02 5.600146057209267383e+03
3.066034006129973477e+03 9.829707651022757675e-01 1.190841334463622198e-02 5.603324413084666048e+03
3.066042358439934105e+03 9.868432968363149982e-01 1.190980727510111692e-02 5.625659129434125134e+03
3.066050710749895188e+03 9.865007130712093453e-01 1.188759834110393425e-02 5.623965830211595858e+03
3.066059063059855816e+03 9.783152018797670602e-01 1.182147071690240955e-02 5.577558351232260065e+03
3.066067415369816899e+03 9.767394449316202376e-01 1.180028471770952145e-02 5.568831750951214417e+03
3.066075767679777528e+03 9.884173168739764925e-01 1.186921299088558590e-02 5.635672720783766636e+03
3.066084119989738610e+03 9.937598213650254975e-01 1.188933782599059519e-02 5.666395718070600196e+03
3.066092472299699693e+03 9.853862697452165920e-01 1.180380106621483662e-02 5.618909280078058146e+03
3.066100824609660322e+03 9.808768113822247114e-01 1.177345133678154611e-02 5.593453439396682370e+03
3.066109176919621405e+03 9.854202356046070088e-01 1.187239921729686676e-02 5.619621702185944741e+03
3.066117529229582033e+03 9.870789338147023528e-01 1.192012680161298570e-02 5.629340677989366668e+03
3.066125881539543116e+03 9.814048081525315048e-01 1.183765765200017056e-02 5.597239283070404781e+03
3.066134233849503744e+03 9.800273342206599070e-01 1.179037333839068856e-02 5.589641096336225928e+03
3.066142586159464827e+03 9.905354748367659612e-01 1.184041322075643846e-02 5.649835584842790013e+03
3.066150938469425455e+03 9.980731753242307880e-01 1.187860721156157665e-02 5.693091968742392964e+03
3.066159290779386538e+03 9.966388874504006345e-01 1.188102310567224103e-02 5.685172995187662309e+03
3.066167643089347166e+03 9.946915966661357134e-01 1.188240049099428472e-02 5.674326785503623796e+03
3.066175995399308249e+03 9.910446149033433905e-01 1.188033820455848370e-02 5.653783030652097295e+03
3.066184347709268877e+03 9.884779058312593847e-01 1.188154747418842909e-02 5.639400458122569034e+03
3.066192700019229960e+03 9.898530187969328820e-01 1.189469656647969102e-02 5.647506201063521985e+03
3.066201052329190588e+03 9.913019976613607342e-01 1.190640818264369037e-02 5.656034121735784538e+03
3.066209404639151671e+03 9.930500786386237122e-01 1.191231029556045519e-02 5.666269459453440504e+03
3.066217756949112299e+03 9.942400855163234796e-01 1.190823435966984270e-02 5.673321241435726733e+03
3.066226109259073382e+03 9.933396105373617502e-01 1.186677536779035501e-02 5.668444416307037500e+03
3.066234461569034011e+03 9.915527134371928675e-01 1.183170941425228280e-02 5.658508558903436096e+03
3.066242813878995094e+03 9.860795362652929885e-01 1.182321561502524751e-02 5.627534241496654431e+03
3.066251166188955722e+03 9.840706574641976401e-01 1.183307054894325132e-02 5.616328629418382661e+03
3.066259518498916805e+03 9.981623797812677612e-01 1.192820957033643471e-02 5.697016212166809964e+03
3.066267870808877433e+03 1.008252309348537601e+00 1.199802626116209386e-02 5.754869909836685110e+03
3.066276223118838516e+03 9.973756076812642091e-01 1.193517375702175635e-02 5.693050741025593197e+03
3.066284575428799144e+03 9.893499969262152804e-01 1.188823540478120035e-02 5.647500711870805389e+03
3.066292927738760227e+03 9.983466190993011136e-01 1.193631036833644847e-02 5.699118849425322878e+03
3.066301280048720855e+03 1.005251630513197547e+00 1.197188226714325163e-02 5.738801092610817250e+03
3.066309632358681938e+03 9.977337814061295607e-01 1.192123523293539544e-02 5.696145653016536016e+03
3.066317984668642566e+03 9.910088663838876322e-01 1.187751839369577053e-02 5.658013391662056165e+03
3.066326336978603649e+03 9.891905430730071336e-01 1.187669207275032952e-02 5.647892315800183496e+03
3.066334689288564277e+03 9.883483371985353205e-01 1.187988850379563185e-02 5.643343789640168325e+03
3.066343041598525360e+03 9.945153096969512330e-01 1.191197479415392370e-02 5.678818185503178938e+03
3.066351393908485989e+03 9.992862077591871950e-01 1.193148113103041467e-02 5.706323684682278326e+03
3.066359746218447071e+03 9.922134568423894851e-01 1.184424876061007138e-02 5.666196608138291595e+03
3.066368098528407700e+03 9.865236703302416865e-01 1.177164335818277688e-02 5.633963815955922655e+03
3.066376450838368783e+03 9.950538492902321064e-01 1.184942524495192703e-02 5.682940943902252911e+03
3.066384803148329411e+03 1.002717257628662484e+00 1.191808666049798751e-02 5.726972042987044006e+03
3.066393155458290494e+03 9.991829684323149108e-01 1.186890872018356823e-02 5.707049110693590592e+03
3.066401507768251122e+03 9.960774241906665827e-01 1.182419591961419124e-02 5.689573300060029396e+03
3.066409860078212205e+03 9.976313958923113123e-01 1.182799812218521089e-02 5.698712138121699354e+03
3.066418212388172833e+03 9.989844210707706784e-01 1.183327295133601229e-02 5.706703886122310905e+03
3.066426564698133916e+03 9.975586926116841724e-01 1.185892970835381900e-02 5.698821969865389292e+03
3.066434917008094544e+03 9.963327036776865597e-01 1.188479071198034892e-02 5.692080421341626788e+03
3.066443269318055627e+03 9.988531925856091176e-01 1.191452712563711470e-02 5.706742960596236117e+03
3.066451621628016255e+03 1.001282399311607563e+00 1.194261143002620096e-02 5.720885280614947987e+03
3.066459973937977338e+03 1.001106575183889014e+00 1.192350708072058806e-02 5.720144198300517928e+03
3.066468326247937966e+03 1.000709422663503823e+00 1.190635309099289524e-02 5.718138334262094759e+03
3.066476678557899049e+03 9.957419328844939743e-01 1.192943581210569905e-02 5.690015764310208397e+03
3.066485030867859678e+03 9.908875864803642353e-01 1.194968071514069564e-02 5.662537149774218960e+03
3.066493383177820760e+03 9.897562125590416704e-01 1.187624792119828902e-02 5.656332299434327069e+03
3.066501735487781389e+03 9.885600895742565619e-01 1.180389750059146828e-02 5.649756803723124904e+03
3.066510087797742472e+03 9.822698132722224029e-01 1.181604351550437533e-02 5.614065551060391954e+03
3.066518440107703100e+03 9.762834676092403408e-01 1.182776524677289602e-02 5.580108152473528207e+03
3.066526792417664183e+03 9.821333444685207414e-01 1.182297553029463752e-02 5.613802587513383514e+03
3.066535144727624811e+03 9.879995908425949214e-01 1.181868049427599147e-02 5.647593673281457995e+03
3.066543497037585894e+03 9.959157966416292140e-01 1.187432334601406722e-02 5.693106344870117937e+03
3.066551849347546522e+03 1.003831273487812537e+00 1.192996107395717480e-02 5.738619016456299505e+03
3.066560201657507605e+03 9.989635341187595996e-01 1.185682867789232542e-02 5.711054464469235427e+03
3.066568553967468233e+03 9.940015165642304140e-01 1.178300520828705344e-02 5.682948338720126230e+03
3.066576906277429316e+03 9.934005425021769087e-01 1.182058217675898033e-02 5.679773894681693491e+03
3.066585258587389944e+03 9.927996237697979121e-01 1.185815568564493362e-02 5.676599450643433556e+03
3.066593610897351027e+03 9.942364426664429544e-01 1.190513344011691170e-02 5.685076540771579857e+03
3.066601963207311655e+03 9.957000178318095029e-01 1.195223101066722818e-02 5.693707387526926141e+03
3.066610315517272738e+03 9.913326456335054271e-01 1.189073735605742678e-02 5.668994387238176387e+03
3.066618667827233821e+03 9.869621412514814063e-01 1.182918354473508522e-02 5.644261175494092640e+03
3.066627020137194449e+03 9.968170436223628972e-01 1.190109805929032150e-02 5.700881981701500990e+03
3.066635372447155532e+03 1.006923165975538659e+00 1.197537147564509130e-02 5.758944790385203305e+03
3.066643724757116161e+03 1.000220305956696976e+00 1.190291242161565892e-02 5.720872061852956904e+03
3.066652077067077244e+03 9.929224151795861264e-01 1.182526033923505214e-02 5.679392303149948930e+03
3.066660429377037872e+03 9.972874294823954600e-01 1.185789973655805400e-02 5.704622134076705152e+03
3.066668781686998955e+03 1.001912033481967335e+00 1.189299474821066231e-02 5.731339220137320808e+03
3.066677133996959583e+03 1.003107753622593412e+00 1.186425322994498661e-02 5.738443245368792304e+03
3.066685486306920666e+03 1.004165648450823900e+00 1.183295028219830299e-02 5.744759411352250936e+03
3.066693838616881294e+03 1.005258739842605387e+00 1.188230900188660261e-02 5.751277500499283633e+03
3.066702190926842377e+03 1.006352680205466754e+00 1.193383321571325414e-02 5.757801022416090746e+03
3.066710543236803005e+03 1.003766777803820620e+00 1.189828485778421895e-02 5.743270098869262256e+03
3.066718895546764088e+03 1.001015739241263081e+00 1.185882678930359063e-02 5.727792908109717246e+03
3.066727247856724716e+03 1.001695502415369310e+00 1.183016054758568962e-02 5.731946154072020363e+03
3.066735600166685799e+03 1.002483457854672633e+00 1.180183737649270585e-02 5.736718888897878969e+03
3.066743952476646427e+03 1.000521011273630689e+00 1.184331634278582533e-02 5.725752118995220371e+03
3.066752304786607510e+03 9.984218909010110776e-01 1.188826466526691876e-02 5.714002127315067810e+03
3.066760657096568139e+03 9.961650107152064670e-01 1.183313315730284698e-02 5.701348124374320832e+03
3.066769009406529221e+03 9.939026122017589060e-01 1.177437890724052430e-02 5.688661348896583149e+03
3.066777361716489850e+03 1.000655519430849516e+00 1.181318807109345455e-02 5.727575399723848932e+03
3.066785714026450933e+03 1.007900222436628690e+00 1.185732241611557429e-02 5.769308086967975214e+03
3.066794066336411561e+03 1.005112791599423128e+00 1.183356617335453408e-02 5.753617145201837047e+03
3.066802418646372644e+03 1.001914445452695368e+00 1.180702956964356509e-02 5.735572404988042763e+03
3.066810770956333272e+03 9.929388602066407943e-01 1.175621078936614147e-02 5.684452002761549920e+03
3.066819123266294355e+03 9.836201711286403082e-01 1.170395104978296311e-02 5.631362558393369909e+03
3.066827475576254983e+03 9.871011571569551224e-01 1.172641157622710158e-02 5.651551501260372788e+03
3.066835827886216066e+03 9.911676147910419843e-01 1.175228970437214131e-02 5.675094491309443583e+03
3.066844180196176694e+03 9.966017306821386423e-01 1.179019023246484152e-02 5.706470736060542549e+03
3.066852532506137777e+03 1.002123560403997971e+00 1.182886265767234095e-02 5.738352107668109056e+03
3.066860884816098405e+03 1.000055941520688663e+00 1.185105652541683548e-02 5.726775747101424713e+03
3.066869237126059488e+03 9.976045552887019552e-01 1.187241481127914583e-02 5.713000570490928112e+03
3.066877589436020116e+03 9.935665803329921664e-01 1.183496827421568788e-02 5.690137738661975163e+03
3.066885941745981199e+03 9.894187219177266179e-01 1.179343945380693405e-02 5.666643451682945852e+03
3.066894294055941828e+03 9.920280440571379588e-01 1.181335962264817331e-02 5.681848788456674811e+03
3.066902646365902910e+03 9.950118868746872236e-01 1.183668596822740060e-02 5.699200667662143132e+03
3.066910998675863539e+03 9.921011117432269044e-01 1.184138535189292740e-02 5.682789541764137539e+03
3.066919350985824622e+03 9.887513062384973850e-01 1.184469621992535748e-02 5.663861986843054183e+03
3.066927703295785250e+03 9.849867100776440454e-01 1.174666827693738973e-02 5.642556514930002777e+03
3.066936055605746333e+03 9.811973964307690865e-01 1.164253058012163812e-02 5.621107459140864194e+03
3.066944407915706961e+03 9.870213378646613966e-01 1.173776286581424202e-02 5.654731587909959671e+03
3.066952760225668044e+03 9.932926859885981008e-01 1.184227618897412161e-02 5.690922132319609773e+03
3.066961112535628672e+03 9.987724059281483102e-01 1.187943781371805958e-02 5.722580254220576535e+03
3.066969464845589755e+03 1.004199934577191256e+00 1.191219584750280273e-02 5.753942211051387858e+03
3.066977817155550383e+03 1.008508844571220031e+00 1.192574096338722481e-02 5.778897183171602592e+03
3.066986169465511466e+03 1.012759852971522267e+00 1.193829685480198889e-02 5.803522624073038969e+03
3.066994521775472094e+03 1.003476926723172236e+00 1.184647296496963917e-02 5.750591833815130485e+03
3.067002874085433177e+03 9.936822102254699862e-01 1.175070370674069151e-02 5.694723122820137178e+03
3.067011226395393805e+03 9.947149371806284224e-01 1.177106032699044673e-02 5.700903425386668459e+03
3.067019578705354888e+03 9.963571946880501740e-01 1.179795344514412113e-02 5.710577769350496055e+03
3.067027931015315517e+03 9.942833288790731139e-01 1.179397412191287436e-02 5.698953201136250755e+03
3.067036283325276599e+03 9.920512346923464619e-01 1.178867911967565289e-02 5.686420578872505757e+03
3.067044635635237228e+03 9.983117850380645031e-01 1.184679065947237542e-02 5.722568709015875356e+03
3.067052987945198311e+03 1.004820631145447063e+00 1.190675497531443715e-02 5.760143492543987122e+03
3.067061340255158939e+03 9.970833214711870562e-01 1.178423102087350696e-02 5.716051733929361035e+03
3.067069692565120022e+03 9.886710835539896935e-01 1.165306351956053345e-02 5.668086514632560466e+03
3.067078044875080650e+03 9.918427913010685604e-01 1.171676503845094953e-02 5.686531088821283447e+03
3.067086397185041733e+03 9.954077927508816481e-01 1.178708175833517897e-02 5.707232306479923864e+03
3.067094749495002361e+03 9.932482106640274644e-01 1.176479463932716268e-02 5.695111639358345201e+03
3.067103101804963444e+03 9.909693557293794974e-01 1.174057696388122567e-02 5.682305914342805409e+03
3.067111454114924072e+03 9.916025915036597027e-01 1.173239216554512743e-02 5.686197941820286360e+03
3.067119806424885155e+03 9.923484465088214801e-01 1.172482843628059983e-02 5.690736130555986165e+03
3.067128158734845783e+03 9.963096883160982298e-01 1.173846597220291367e-02 5.713714563117022408e+03
3.067136511044806866e+03 1.000352459753073520e+00 1.175264220574772506e-02 5.737162664880749617e+03
3.067144863354767494e+03 1.001292766452563487e+00 1.175242078451740543e-02 5.742819004710864647e+03
3.067153215664728577e+03 1.002193980562621434e+00 1.175201836124617483e-02 5.748251617431640625e+03
3.072455984769385395e+03 9.927198540353956435e-01 1.068786174607096531e-02 6.815312296451792463e+03
3.072463778266271675e+03 9.954238628714101589e-01 1.074306577452075612e-02 6.834677965373878578e+03
3.072471571763157954e+03 9.972065158969627419e-01 1.077190239451792861e-02 6.847721129050112722e+03
3.072479365260044233e+03 9.980564734411094818e-01 1.077404702084934843e-02 6.854361683341451680e+03
3.072487158756930512e+03 9.967833132016120645e-01 1.077146801921984205e-02 6.846420941064697217e+03
3.072494952253816336e+03 9.933192463133121430e-01 1.076401457119423484e-02 6.823428107999478016e+03
3.072502745750702616e+03 9.907216387084786247e-01 1.074487957058584651e-02 6.806382378377443274e+03
3.072510539247588895e+03 9.891574902814727066e-01 1.071180908022588592e-02 6.796433290933144235e+03
3.072518332744475174e+03 9.906931768595200749e-01 1.071448474570755628e-02 6.807782934331075921e+03
3.072526126241361453e+03 9.959989095785037883e-01 1.076063443168795083e-02 6.845044854252492769e+03
3.072533919738247278e+03 9.994512366559432648e-01 1.079109371622684679e-02 6.869576220094814744e+03
3.072541713235133557e+03 1.000292375001438971e+00 1.079944754300461718e-02 6.876163435500275227e+03
3.072549506732019836e+03 1.000871367278383550e+00 1.080719877361348627e-02 6.880949762540275515e+03
3.072557300228906115e+03 1.001073662553439547e+00 1.081408474785421764e-02 6.883146942442008367e+03
3.072565093725792394e+03 1.000206856958927970e+00 1.080738784290458283e-02 6.877992701041446708e+03
3.072572887222678219e+03 9.975518552227439217e-01 1.077797266567969391e-02 6.860538966311134573e+03
3.072580680719564498e+03 9.983714949272376460e-01 1.078432383864488461e-02 6.866980167998356592e+03
3.072588474216450777e+03 1.005123151440588503e+00 1.085173610028484711e-02 6.914228955903833594e+03
3.072596267713337056e+03 1.006147552351361885e+00 1.087365735212678791e-02 6.922086291700604306e+03
3.072604061210223335e+03 9.957139789667585061e-01 1.080457230939335309e-02 6.851107563436786222e+03
3.072611854707109160e+03 9.894653473808056043e-01 1.076648528808042855e-02 6.808910298899755617e+03
3.072619648203995439e+03 9.917711610668252797e-01 1.079176337041460633e-02 6.825576447838227068e+03
3.072627441700881718e+03 9.914663165869103123e-01 1.078463365746121054e-02 6.824277113420521346e+03
3.072635235197767997e+03 9.857062001736763834e-01 1.070978325741813592e-02 6.785424177155239704e+03
3.072643028694654276e+03 9.808529564267770562e-01 1.065007203126082207e-02 6.752805439679590563e+03
3.072650822191540101e+03 9.782450406135623222e-01 1.062785128946750271e-02 6.735638934240827439e+03
3.072658615688426380e+03 9.754615732515024007e-01 1.060489828328060186e-02 6.717259337696202238e+03
3.072666409185312659e+03 9.722317733388831096e-01 1.058007944523474582e-02 6.695801345590501114e+03
3.072674202682198938e+03 9.689353494687629187e-01 1.054324965761715624e-02 6.673879254315855178e+03
3.072681996179085218e+03 9.654338140474859609e-01 1.046971045184233277e-02 6.650538909836189305e+03
3.072689789675971042e+03 9.646193163092557921e-01 1.043770637883905360e-02 6.645705159832357822e+03
3.072697583172857321e+03 9.722290588802489086e-01 1.053591107937778930e-02 6.698915341293253732e+03
3.072705376669743600e+03 9.763005490127857344e-01 1.059861738592253987e-02 6.727755437429244921e+03
3.072713170166629880e+03 9.689845716560959721e-01 1.054708744833148491e-02 6.678121084246101418e+03
3.072720963663516159e+03 9.632532525482941921e-01 1.050202369896600235e-02 6.639397488352406071e+03
3.072728757160401983e+03 9.638212532292427248e-01 1.048264919248331761e-02 6.644088935633034453e+03
3.072736550657288262e+03 9.651556894865527259e-01 1.047294342109428289e-02 6.654065328817549926e+03
3.072744344154174541e+03 9.696330800185550824e-01 1.050286740468872777e-02 6.685714848778663509e+03
3.072752137651060821e+03 9.745504246963305750e-01 1.053746473836164772e-02 6.720405463437218714e+03
3.072759931147947100e+03 9.813313221724374591e-01 1.059184409292954210e-02 6.767956381377547586e+03
3.072767724644833379e+03 9.861811992033062690e-01 1.062469811977907568e-02 6.802198982680777590e+03
3.072775518141719203e+03 9.805227319247675766e-01 1.054039228782190085e-02 6.763959476859682582e+03
3.072783311638605483e+03 9.770020315044855019e-01 1.048448597667420504e-02 6.740459576487907725e+03
3.072791105135491762e+03 9.855560270340636420e-01 1.058897805760300112e-02 6.800268572735269117e+03
3.072798898632378041e+03 9.931023334657529400e-01 1.068401086409771598e-02 6.853137553238274450e+03
3.072806692129264320e+03 9.947428813182943586e-01 1.072363326010756374e-02 6.865259850169582023e+03
3.072814485626150145e+03 9.951704620195982454e-01 1.074324796267716632e-02 6.869012469236868128e+03
3.072822279123036424e+03 9.881954571283847466e-01 1.064077320252142592e-02 6.821664595030150849e+03
3.072830072619922703e+03 9.823636255324008637e-01 1.055577274272926150e-02 6.782197904710747935e+03
3.072837866116808982e+03 9.863022062263286927e-01 1.062012800542269826e-02 6.810184212283570560e+03
3.072845659613695261e+03 9.900032459854217759e-01 1.067628911842680335e-02 6.836536509746693810e+03
3.072853453110581086e+03 9.915698093239372346e-01 1.065868614275050814e-02 6.848153274599689212e+03
3.072861246607467365e+03 9.925565052102588437e-01 1.064140161729279326e-02 6.855767313943785666e+03
3.072869040104353644e+03 9.880246344150156457e-01 1.062711448243616741e-02 6.825260759234663055e+03
3.072876833601239923e+03 9.842961692215426162e-01 1.061751298614105853e-02 6.800297465455954807e+03
3.072884627098126202e+03 9.886577584525928497e-01 1.065512018929534212e-02 6.831227184693553681e+03
3.072892420595012027e+03 9.925932430402735207e-01 1.068932687179138981e-02 6.859219376000824013e+03
3.072900214091898306e+03 9.890972940827680304e-01 1.066423788533671368e-02 6.835857720322462228e+03
3.072908007588784585e+03 9.860545837344535380e-01 1.064395021959882622e-02 6.815623224042616130e+03
3.072915801085670864e+03 9.917341310774062668e-01 1.071611147580314380e-02 6.855679220330185672e+03
3.072923594582557143e+03 9.973010453916529849e-01 1.078603009949780089e-02 6.894965664311585897e+03
3.072931388079442968e+03 1.000477721445933499e+00 1.080816162883144714e-02 6.917733940105502370e+03
3.072939181576329247e+03 1.003281060796217483e+00 1.082932393127397468e-02 6.937925622267592189e+03
3.072946975073215526e+03 9.970763944537367474e-01 1.082717533423328306e-02 6.895822076452730471e+03
3.072954768570101805e+03 9.912271998541353213e-01 1.082712809020862539e-02 6.856167278183274902e+03
3.072962562066988085e+03 9.951618200013329085e-01 1.088513156274716932e-02 6.884184091215616718e+03
3.072970355563873909e+03 9.988978049756530586e-01 1.093916048359346027e-02 6.910832994064326158e+03
3.072978149060760188e+03 9.962682921108620970e-01 1.086566968416619386e-02 6.893443355690654244e+03
3.072985942557646467e+03 9.936393914325137855e-01 1.079219599439892700e-02 6.876053717316981420e+03
3.072993736054532746e+03 9.933268083918267433e-01 1.081832485183292607e-02 6.874690788652324954e+03
3.073001529551419026e+03 9.930282633439588835e-01 1.084504819359290162e-02 6.873424522892709319e+03
3.073009323048304850e+03 9.943739175276256059e-01 1.085466642902234262e-02 6.883539722643007735e+03
3.073017116545191129e+03 9.957371924445571620e-01 1.086409591462971641e-02 6.893779083835828715e+03
3.073024910042077408e+03 9.965416202215667818e-01 1.088608995296482668e-02 6.900151129416875847e+03
3.073032703538963688e+03 9.973370179187384110e-01 1.090827783746085161e-02 6.906461938575252134e+03
3.073040497035849967e+03 1.005668771778712500e+00 1.097382450672315657e-02 6.964968634174289946e+03
3.228559253876518596e+03 9.954249774128369754e-01 6.990327954879067482e-03 1.664929677514761715e+04
3.228568633569494523e+03 9.956590826450859577e-01 7.013140067275903770e-03 1.665017814091687978e+04
3.228578013262469995e+03 9.969294696219030971e-01 7.006972812844004979e-03 1.666844223332335969e+04
3.228587392955445921e+03 9.986088072733894094e-01 6.989303538655505278e-03 1.669359245353863662e+04
3.228596772648421847e+03 9.987236244475450331e-01 6.980664299891257800e-03 1.669264042077978229e+04
3.228606152341397774e+03 9.982037099736233987e-01 6.975661527084358986e-03 1.668113696800444450e+04
3.228615532034373246e+03 9.976221878703099843e-01 6.974912385279803499e-03 1.666866282925558698e+04
3.228624911727349172e+03 9.970100745016156063e-01 6.976135419339934800e-03 1.665573604111341047e+04
3.228634291420325098e+03 9.973330115191741951e-01 6.965657044377466210e-03 1.665848536813069222e+04
3.228643671113300570e+03 9.981541937651823293e-01 6.948913495631741516e-03 1.666960805973563401e+04
3.228653050806276497e+03 9.984028230518156022e-01 6.939510909878713468e-03 1.667121976881764931e+04
3.228662430499252423e+03 9.983384864378193058e-01 6.934091810257772201e-03 1.666765828867852542e+04
3.228671810192228349e+03 9.985305758105079699e-01 6.928863972588699197e-03 1.666843025706189292e+04
3.228681189885203821e+03 9.988803904459219174e-01 6.923745979174325202e-03 1.667188592951608734e+04
3.228690569578179748e+03 9.977492691185405604e-01 6.908805710635666265e-03 1.665067733551326455e+04
3.228699949271155674e+03 9.956832683368531667e-01 6.887663832525669529e-03 1.661392562158518922e+04
3.228709328964131601e+03 9.964643934947915449e-01 6.887115240974894630e-03 1.662473427591835207e+04
3.228718708657107072e+03 9.992797153556297607e-01 6.901279850695232754e-03 1.666952290562070993e+04
3.228728088350082999e+03 1.001201159273882979e+00 6.913433244773322349e-03 1.669943953913133373e+04
3.228737468043058925e+03 1.002399684285168124e+00 6.923957891369151782e-03 1.671734079284230393e+04
3.228746847736034397e+03 1.002023622693958060e+00 6.922137076140556615e-03 1.670902903316834272e+04
3.228756227429010323e+03 1.000353058296047370e+00 6.910167276951981359e-03 1.667918321508768713e+04
3.228765607121986250e+03 9.988531345821555218e-01 6.897153097145790161e-03 1.665223622094630264e+04
3.228774986814962176e+03 9.975113229752053945e-01 6.883168742806713113e-03 1.662797747279902615e+04
3.228784366507937648e+03 9.974743380032216056e-01 6.879911545493649222e-03 1.662551835418688279e+04
3.228793746200913574e+03 9.986678277896520184e-01 6.886770402864850378e-03 1.664361196726219350e+04
3.228803125893889501e+03 9.986646827295099227e-01 6.881980976434489035e-03 1.664180580378362720e+04
3.228812505586865427e+03 9.973884885039165926e-01 6.864798956296265346e-03 1.661883239926268652e+04
3.228821885279840899e+03 9.956305399500329223e-01 6.848491488725173999e-03 1.658788110236231660e+04
3.228831264972816825e+03 9.933517517343813941e-01 6.833132154869029501e-03 1.654830243989815790e+04
3.228840644665792752e+03 9.923380057056975234e-01 6.826118230538355709e-03 1.652984641035920868e+04
3.228850024358768678e+03 9.928696929671652072e-01 6.829299625141751345e-03 1.653717653882926243e+04
3.228859404051744150e+03 9.929981622446274470e-01 6.823787438081892372e-03 1.653783153838515864e+04
3.228868783744720076e+03 9.926266081682165732e-01 6.807485556698756810e-03 1.653020061126159271e+04
3.228878163437696003e+03 9.909780147960134400e-01 6.786627495813638347e-03 1.650134682730504937e+04
3.228887543130671475e+03 9.875374550203960267e-01 6.759380624589683521e-03 1.644270123133177185e+04
3.228896922823647401e+03 9.850455839851757212e-01 6.742847937854602736e-03 1.639989908173501317e+04
3.228906302516623327e+03 9.839098443363746282e-01 6.741625410893611892e-03 1.637971870381986810e+04
3.228915682209599254e+03 9.832640825008701624e-01 6.737708530187331776e-03 1.636773590959822286e+04
3.228925061902574726e+03 9.834135917045853104e-01 6.729437291044440723e-03 1.636902990237959784e+04
3.228934441595550652e+03 9.841876588637092915e-01 6.721170262877280109e-03 1.638075594373138301e+04
3.228943821288526578e+03 9.859927544564363044e-01 6.712921158622285611e-03 1.640967620148345304e+04
3.228953200981502505e+03 9.879436065889700691e-01 6.714434386655123745e-03 1.644105440818777060e+04
3.228962580674477977e+03 9.901699528214710222e-01 6.734298189726751344e-03 1.647704868930424709e+04
3.228971960367453903e+03 9.918477929692165462e-01 6.746846469292643728e-03 1.650394685196795399e+04
3.228981340060429829e+03 9.924781422956951982e-01 6.745412449488182027e-03 1.651344784027220885e+04
3.228990719753405756e+03 9.926135996778578940e-01 6.740600566426536988e-03 1.651474826642999324e+04
3.229000099446381228e+03 9.916660538409582948e-01 6.728397460036115649e-03 1.649806480766283130e+04
3.229009479139357154e+03 9.917170644801160950e-01 6.718639941021857000e-03 1.649802830979579085e+04
3.229018858832333080e+03 9.940033337033516991e-01 6.714369141986320684e-03 1.653520807334410347e+04
3.229028238525308552e+03 9.952419013609661302e-01 6.699946150578827211e-03 1.655498883167020176e+04
3.229037618218284479e+03 9.940943587201047649e-01 6.662397992208956080e-03 1.653511057016300401e+04
3.229046997911260405e+03 9.927869458968300309e-01 6.634622701664264627e-03 1.651260645595490132e+04
3.229056377604236332e+03 9.910608758838923560e-01 6.632669227939582031e-03 1.648317210213925500e+04
3.229065757297211803e+03 9.904039248679659124e-01 6.629483891051428206e-03 1.647155116646645183e+04
3.229075136990187730e+03 9.926315011889392803e-01 6.622999979150703299e-03 1.650793191668095460e+04
3.229084516683163656e+03 9.940340491936019429e-01 6.617251332193542848e-03 1.653061893114499617e+04
3.229093896376139583e+03 9.928345264086052557e-01 6.613851407213619180e-03 1.651006256955508070e+04
3.229103276069115054e+03 9.920645410665457353e-01 6.614999732794900160e-03 1.649667849483869577e+04
3.229112655762090981e+03 9.926862449918552045e-01 6.630867727227303041e-03 1.650646410016149821e+04
3.229122035455066907e+03 9.931617382013225859e-01 6.643602641209389592e-03 1.651384508222889053e+04
3.229131415148042834e+03 9.931576012678676735e-01 6.646003345192805049e-03 1.651327740763294423e+04
3.229140794841018305e+03 9.933531926412030311e-01 6.653209517573469532e-03 1.651605667594783881e+04
3.229150174533994232e+03 9.943419957986884272e-01 6.679418888850711250e-03 1.653204942050076716e+04
3.229159554226970158e+03 9.955597766003498883e-01 6.701271344163586483e-03 1.655187333596429016e+04
3.229168933919945630e+03 9.977096594292395038e-01 6.705500129541262788e-03 1.658721734680130248e+04
3.229178313612921556e+03 9.994051107439323456e-01 6.712205907984531046e-03 1.661502895756272483e+04
3.229187693305897483e+03 9.992150558213338529e-01 6.729242936160330542e-03 1.661151727878369638e+04
3.229197072998873409e+03 9.986117790120497828e-01 6.736351778240458853e-03 1.660115936823052471e+04
3.229206452691848881e+03 9.962483530512664665e-01 6.701088530605954149e-03 1.656156383968257433e+04
3.229215832384824807e+03 9.943996511400026161e-01 6.673458994945447378e-03 1.653054831568674490e+04
3.229225212077800734e+03 9.952678468305807824e-01 6.686076901049734823e-03 1.654471928627010857e+04
3.229234591770776660e+03 9.958715262937110069e-01 6.691027909741012990e-03 1.655451367296167882e+04
3.229243971463752132e+03 9.950436248495904135e-01 6.654361781561665343e-03 1.654053115650467225e+04
3.229253351156728058e+03 9.944150477708877389e-01 6.623804534416827261e-03 1.652988219290067718e+04
3.229262730849703985e+03 9.949099602136629583e-01 6.627548416645266498e-03 1.653792806940783703e+04
3.229272110542679457e+03 9.951691789282033351e-01 6.628992848221474180e-03 1.654207482306032034e+04
3.229281490235655383e+03 9.940683647933938882e-01 6.617151872445307774e-03 1.652363303503024508e+04
3.229290869928631309e+03 9.930286281072659982e-01 6.604546004037097247e-03 1.650622455311751037e+04
3.229300249621607236e+03 9.924567590398009065e-01 6.586218479305845468e-03 1.649661043861261714e+04
3.229309629314582708e+03 9.920280428248521298e-01 6.569599497265015374e-03 1.648939260772601847e+04
3.229319009007558634e+03 9.927307885533039888e-01 6.566448958010145075e-03 1.650099797700347335e+04
3.229328388700534560e+03 9.931982664272622774e-01 6.562672274923879098e-03 1.650870833567626687e+04
3.229337768393510487e+03 9.917454537079185561e-01 6.553812118134041617e-03 1.648451524801609776e+04
3.229347148086485959e+03 9.905792274859090973e-01 6.546197852478622542e-03 1.646510041198835097e+04
3.229356527779461885e+03 9.918708903685365952e-01 6.549284040473496785e-03 1.648655391023374614e+04
3.229365907472437812e+03 9.929473266358226358e-01 6.551968140696284512e-03 1.650444350312889219e+04
3.229375287165413738e+03 9.921050882930033676e-01 6.551098555670183468e-03 1.649045454236330261e+04
3.229384666858389210e+03 9.913751222220247294e-01 6.549859791168840401e-03 1.647834421069365635e+04
3.229394046551365136e+03 9.921367911522144256e-01 6.543807173745795104e-03 1.649103937351040440e+04
3.229403426244341063e+03 9.928285273679141598e-01 6.537682355957506047e-03 1.650258364621902001e+04
3.229412805937316534e+03 9.925441546516168279e-01 6.530599699993648762e-03 1.649791419885130745e+04
3.229422185630292461e+03 9.923041733678472642e-01 6.524665993429880698e-03 1.649399299730408165e+04
3.229431565323268387e+03 9.927428481429355633e-01 6.536126501041605516e-03 1.650136226015536158e+04
3.229440945016244314e+03 9.932457920618451563e-01 6.547020227567067370e-03 1.650980924788021366e+04
3.229450324709219785e+03 9.948006801745983285e-01 6.548771983407030393e-03 1.653575077441977555e+04
3.241356061771817622e+03 1.001156287115981591e+00 4.368625713039191172e-03 1.670417705887615739e+04
3.241364401518898376e+03 1.000503278986184963e+00 4.367099835478911903e-03 1.668920957195595838e+04
3.241372741265979130e+03 9.987835852142105120e-01 4.361437388661540578e-03 1.665654391864501667e+04
3.241381081013059884e+03 9.991955274370838413e-01 4.359988004100341999e-03 1.665952062398498310e+04
3.241389420760140183e+03 1.000943869367677097e+00 4.361174463921497352e-03 1.668486181185729947e+04
3.241397760507220937e+03 1.001101312772552321e+00 4.359645486126613456e-03 1.668377089195278313e+04
3.241406100254301691e+03 1.000171417500115734e+00 4.356255140734783052e-03 1.666465865744788971e+04
3.241414440001382445e+03 1.000782125919872589e+00 4.366261710285632147e-03 1.667131646579632434e+04
3.241422779748463199e+03 1.002531743040597112e+00 4.386180024878083908e-03 1.669704090460982115e+04
3.241431119495543498e+03 1.003386142956786964e+00 4.391107884962234566e-03 1.670795230386251205e+04
3.241439459242624253e+03 1.003520680189883274e+00 4.383998654716024512e-03 1.670698201389523456e+04
3.241447798989705007e+03 1.002562871030159730e+00 4.377056917561172704e-03 1.668793972227528866e+04
3.241456138736785761e+03 1.000654252117734622e+00 4.370256033554832838e-03 1.665319355091586112e+04
3.241464478483866515e+03 1.000018946262137165e+00 4.375476420168301732e-03 1.663976232379432258e+04
3.241472818230946814e+03 1.000581817105290483e+00 4.392011672524753253e-03 1.664638770301460681e+04
3.241481157978027568e+03 1.000524995980325738e+00 4.392560601063686017e-03 1.664282428022961540e+04
3.241489497725108322e+03 9.998365431344991006e-01 4.376815823144619352e-03 1.662888114389918337e+04
3.241497837472189076e+03 9.996414870505004879e-01 4.365279454168447329e-03 1.662327393937348097e+04
3.241506177219269830e+03 9.999915134052639321e-01 4.358390291187758114e-03 1.662686129266046555e+04
3.241514516966350129e+03 9.999948216795204736e-01 4.356159251187824953e-03 1.662481641687353476e+04
3.241522856713430883e+03 9.995851724462442300e-01 4.359501195301419135e-03 1.661604322481307463e+04
3.241531196460511637e+03 1.000084119624126577e+00 4.363579698251853281e-03 1.662251249918814574e+04
3.241539536207592391e+03 1.001761935632593747e+00 4.368621664382802729e-03 1.664871407529791395e+04
3.241547875954673145e+03 1.001933352665565380e+00 4.368951203630368034e-03 1.665002205661666812e+04
3.241556215701753445e+03 9.999924595300693220e-01 4.362677018247811817e-03 1.661637816608829598e+04
3.241564555448834199e+03 9.992484876367877522e-01 4.362596643727853843e-03 1.660277691765563213e+04
3.241572895195914953e+03 1.000334306131319906e+00 4.371980908299405444e-03 1.661973094443574519e+04
3.241581234942995707e+03 1.000163532090501128e+00 4.376321436440809565e-03 1.661596195785911914e+04
3.241589574690076461e+03 9.979157684193286082e-01 4.372327036476728393e-03 1.657784074268981931e+04
3.241597914437156760e+03 9.960591389902859749e-01 4.369081461416004716e-03 1.654636484913544700e+04
3.241606254184237514e+03 9.949164340972727061e-01 4.367220922764859965e-03 1.652688834039961148e+04
3.241614593931318268e+03 9.931274177545406090e-01 4.361524200351680862e-03 1.649680848000276819e+04
3.241622933678399022e+03 9.900725444354921967e-01 4.348301138113810915e-03 1.644582782545403097e+04
3.241631273425479776e+03 9.865601973459932061e-01 4.333059886127065170e-03 1.638736756445666833e+04
3.241639613172560075e+03 9.820696768404677535e-01 4.313503146242736452e-03 1.631277118225005324e+04
3.241647952919640829e+03 9.767611639205480145e-01 4.290693633093495100e-03 1.622469164809541871e+04
3.241656292666721583e+03 9.695243748623445512e-01 4.260220028880678557e-03 1.610467799168513557e+04
3.241664632413802337e+03 9.632709439479506530e-01 4.232859108467373378e-03 1.600108647451809702e+04
3.241672972160882637e+03 9.592516714156600344e-01 4.212578912695533542e-03 1.593468784893583143e+04
3.241681311907963391e+03 9.551969546621199569e-01 4.193386070697273024e-03 1.586777475624449107e+04
3.241689651655044145e+03 9.510610472458763676e-01 4.176932700616644081e-03 1.579958011214428006e+04
3.241697991402124899e+03 9.479416945253528182e-01 4.165485527659923588e-03 1.574833385436941171e+04
3.241706331149205653e+03 9.476253813983512853e-01 4.167838988744133541e-03 1.574371154526246028e+04
3.241714670896285952e+03 9.472706474592976766e-01 4.168256635214715421e-03 1.573850299543468827e+04
3.241723010643366706e+03 9.468054415133575485e-01 4.162795885687774373e-03 1.573150485081272382e+04
3.241731350390447460e+03 9.477105607622244854e-01 4.162845845877779366e-03 1.574731590733754638e+04
3.241739690137528214e+03 9.532903488065329611e-01 4.181696337278679315e-03 1.584084188834327324e+04
3.241748029884608968e+03 9.588751096487205805e-01 4.201775312122878366e-03 1.593448864236829104e+04
3.241756369631689267e+03 9.644857473680382709e-01 4.226586911702034238e-03 1.602859791540623701e+04
3.241764709378770021e+03 9.694358688196522689e-01 4.248241037261203494e-03 1.611175630381392511e+04
3.241773049125850775e+03 9.715241750245313668e-01 4.256212593482019274e-03 1.614736897493659671e+04
3.241781388872931529e+03 9.739530289209624714e-01 4.264055092823610012e-03 1.618865015544326161e+04
3.241789728620012283e+03 9.777750106591581725e-01 4.271378137143505040e-03 1.625309112810077931e+04
3.241798068367092583e+03 9.812848790157165935e-01 4.277710033621742215e-03 1.631234249045322213e+04
3.241806408114173337e+03 9.833415606463965508e-01 4.279423473095432702e-03 1.634742737187939565e+04
3.241814747861254091e+03 9.854797698410621143e-01 4.284180062672632988e-03 1.638385042963289379e+04
3.241823087608334845e+03 9.880517808577490291e-01 4.305262265434199598e-03 1.642746238004840779e+04
3.241831427355415599e+03 9.898995384045710111e-01 4.322088820784515846e-03 1.645900287381913222e+04
3.241839767102495898e+03 9.871796121263771706e-01 4.312095045469362814e-03 1.641455606289416755e+04
3.241848106849576652e+03 9.847426501256332232e-01 4.302598003848913735e-03 1.637476408041584909e+04
3.241856446596657406e+03 9.839397343944824570e-01 4.295933015683955046e-03 1.636208896893427482e+04
3.241864786343738160e+03 9.831381531032059584e-01 4.289769633242491130e-03 1.634937628030978158e+04
3.241873126090818914e+03 9.823249548456788327e-01 4.286972347811545195e-03 1.633640449156571231e+04
3.241881465837899214e+03 9.818236577080639016e-01 4.285349059289311237e-03 1.632854784316534278e+04
3.241889805584979968e+03 9.838989691701397478e-01 4.293405577808733289e-03 1.636346553012284676e+04
3.241898145332060722e+03 9.858447770836414881e-01 4.300830246750197809e-03 1.639614701408065594e+04
3.241906485079141476e+03 9.863843015986125673e-01 4.301417232342126529e-03 1.640535020251079550e+04
3.241914824826222230e+03 9.871198343465236169e-01 4.303760779737831818e-03 1.641771687687524172e+04
3.241923164573302529e+03 9.896446962192556596e-01 4.322361148165513103e-03 1.645974064603457737e+04
3.241931504320383283e+03 9.920069161862666851e-01 4.339400109559568217e-03 1.649894956019301389e+04
3.241939844067464037e+03 9.923341588662965007e-01 4.337282672080515836e-03 1.650419640847915070e+04
3.241948183814544791e+03 9.927420221234346531e-01 4.335904334992808466e-03 1.651066123859566505e+04
3.241956523561625545e+03 9.943762977184356089e-01 4.346323254045028096e-03 1.653739304092439124e+04
3.241964863308705844e+03 9.959321373409528722e-01 4.355476209380659131e-03 1.656268307893155725e+04
3.241973203055786598e+03 9.962720112081547841e-01 4.346271613314784017e-03 1.656760780666175560e+04
3.241981542802867352e+03 9.966437945733054304e-01 4.338282617604824649e-03 1.657291394848133132e+04
3.241989882549948106e+03 9.974978061116358541e-01 4.354607870470044925e-03 1.658608263568154507e+04
3.241998222297028406e+03 9.983653635807967497e-01 4.370429292888063089e-03 1.659931304290152184e+04
3.242006562044109160e+03 9.993799862093447617e-01 4.366083110412521777e-03 1.661481808309626285e+04
3.242014901791189914e+03 1.000338812678864819e+00 4.361828830866776308e-03 1.662921795973224653e+04
3.242023241538270668e+03 9.995201341534899475e-01 4.358878985361781810e-03 1.661388849630375989e+04
3.242031581285351422e+03 9.987084218167323613e-01 4.355821261297495098e-03 1.659850375626197638e+04
3.242039921032431721e+03 9.977011218542248816e-01 4.343394784659982376e-03 1.657971802387882781e+04
3.242048260779512475e+03 9.967015824639864352e-01 4.331000044904787134e-03 1.656093229149465697e+04
3.242056600526593229e+03 9.974807603375286380e-01 4.338470196031705278e-03 1.657158912316731221e+04
3.242064940273673983e+03 9.982638006529406249e-01 4.345996977686421812e-03 1.658221441211526690e+04
3.242073280020754737e+03 9.974870878112775952e-01 4.345262740961144780e-03 1.656685905212842772e+04
3.242081619767835036e+03 9.967132091445837228e-01 4.344541643410496264e-03 1.655150369214242528e+04
3.242089959514915790e+03 9.972246612956825462e-01 4.342392598679758152e-03 1.655746295038582684e+04
3.242098299261996544e+03 9.977554599625988452e-01 4.340224662464510497e-03 1.656373098189186567e+04
3.242106639009077298e+03 9.979214173835930790e-01 4.341543056294775056e-03 1.656395128173828198e+04
3.242114978756158052e+03 9.980837586718028787e-01 4.342870662529725936e-03 1.656414207622141475e+04
3.242123318503238352e+03 9.978549331019923585e-01 4.337018892984474336e-03 1.655789316960579526e+04
3.242131658250319106e+03 9.976118403225098241e-01 4.330964886083882998e-03 1.655148114903826718e+04
3.242139997997399860e+03 9.981017648480257076e-01 4.340651414067796601e-03 1.655732318787924669e+04
3.242148337744480614e+03 9.985964321569434921e-01 4.350555420760146216e-03 1.656335536366334418e+04
3.242156677491561368e+03 9.985032324230710410e-01 4.346091399528797042e-03 1.655977021872287150e+04
3.242165017238641667e+03 9.983795566041875347e-01 4.341063710097859026e-03 1.655583493897446533e+04
3.242173356985722421e+03 1.000142931223606091e+00 4.350411352852478347e-03 1.658336471611812885e+04
3.242181696732803175e+03 1.002005210761673926e+00 4.360548392779991372e-03 1.661272496272552235e+04
3.242190036479883929e+03 1.000175463166675494e+00 4.354009776684315651e-03 1.658109026469264063e+04
3.383137131623176174e+03 1.000535698118944383e+00 2.921792900901581079e-03 1.367250579126317098e+04
3.383145739888273056e+03 1.001278577871094866e+00 2.923211353127788941e-03 1.368166445635345917e+04
3.383154348153370393e+03 1.001371936458193002e+00 2.920182626878650017e-03 1.368194791978117610e+04
3.383162956418467274e+03 1.001003390959015915e+00 2.913991223607072419e-03 1.367592137696340978e+04
3.383171564683564156e+03 1.000759668143317516e+00 2.915109979416273273e-03 1.367160160451067350e+04
3.383180172948661038e+03 1.000609761457216251e+00 2.921724386888409006e-03 1.366856467457835606e+04
3.383188781213757920e+03 9.999081628067371108e-01 2.919938437456550979e-03 1.365799315374266371e+04
3.383197389478854802e+03 9.987682560193154035e-01 2.911478987342528812e-03 1.364143730075100939e+04
3.383205997743951684e+03 9.988425152671571716e-01 2.913599680201989575e-03 1.364146670425714183e+04
3.383214606009048566e+03 1.000058567312635205e+00 2.925669894597759252e-03 1.365708942308182122e+04
3.383223214274145448e+03 1.000776425742283537e+00 2.931023143372161414e-03 1.366590757049722924e+04
3.383231822539242330e+03 1.000999655989896597e+00 2.929707498772911572e-03 1.366797130304858001e+04
3.383240430804339212e+03 1.000539821601620583e+00 2.927374739296345878e-03 1.366070929399893066e+04
3.383249039069436094e+03 9.993640007946494874e-01 2.923975858659364629e-03 1.364367409614929966e+04
3.383257647334532976e+03 9.989997633362521778e-01 2.923866871198280842e-03 1.363772124484872074e+04
3.383266255599630313e+03 9.995337431734759859e-01 2.927398934264957824e-03 1.364403093804266427e+04
3.383274863864727195e+03 1.000189451371018556e+00 2.931393618987271615e-03 1.365200191488942801e+04
3.383283472129824077e+03 1.001004713014842507e+00 2.935994594112711215e-03 1.366215007259203776e+04
3.383292080394920958e+03 1.000753230818490547e+00 2.936582464804561674e-03 1.365773910221557162e+04
3.383300688660017840e+03 9.990237137878014151e-01 2.931609844925869672e-03 1.363315945735479727e+04
3.383309296925114722e+03 9.983115134616953323e-01 2.929026492768599735e-03 1.362246580083930530e+04
3.383317905190211604e+03 9.990901235170411843e-01 2.929944531456631172e-03 1.363211575035170608e+04
3.383326513455308486e+03 9.994360378581792492e-01 2.929884403879900664e-03 1.363586148207723090e+04
3.383335121720405368e+03 9.991109993527449440e-01 2.928307586389503146e-03 1.363045381955999437e+04
3.383343729985502250e+03 9.976472561801845718e-01 2.922445673593161361e-03 1.360951383476074625e+04
3.383352338250599132e+03 9.943138809162171965e-01 2.909548090327012879e-03 1.356307453259765862e+04
3.383360946515696014e+03 9.910269939836615638e-01 2.896341698943832692e-03 1.351727659953456532e+04
3.383369554780792896e+03 9.878213985606145719e-01 2.882599430939718384e-03 1.347259456203401351e+04
3.383378163045890233e+03 9.837543726185508097e-01 2.868313682724016583e-03 1.341617159183680269e+04
3.383386771310987115e+03 9.778826018486820315e-01 2.852891289033466192e-03 1.333514643825076564e+04
3.383395379576083997e+03 9.708414714405066981e-01 2.832810447830755394e-03 1.323818831098366172e+04
3.383403987841180879e+03 9.611921596576431526e-01 2.802337767909964580e-03 1.310568251335710556e+04
3.383412596106277761e+03 9.519559547179530234e-01 2.775156727146029130e-03 1.297882839328771843e+04
3.383421204371374643e+03 9.437046962442654507e-01 2.755814262445932701e-03 1.286542055607436123e+04
3.383429812636471524e+03 9.359604975058914977e-01 2.736338445230709990e-03 1.275894161282888126e+04
3.383438420901568406e+03 9.295070356281222024e-01 2.716528150695383427e-03 1.267007234770389914e+04
3.383447029166665288e+03 9.236044968867865856e-01 2.699378825353350442e-03 1.258872535379513465e+04
3.383455637431762170e+03 9.192024198883428365e-01 2.689473811902395092e-03 1.252784031782871534e+04
3.383464245696859052e+03 9.155507487534718658e-01 2.679919233212015896e-03 1.247719108130248242e+04
3.383472853961955934e+03 9.140902255507085128e-01 2.671390291252354748e-03 1.245640862188743085e+04
3.383481462227052816e+03 9.139544419271212750e-01 2.668890384296412552e-03 1.245368080900420318e+04
3.383490070492150153e+03 9.179764024211565232e-01 2.685313204930201651e-03 1.250760405541071123e+04
3.383498678757247035e+03 9.229411227631814096e-01 2.702480604340665345e-03 1.257436471148419150e+04
3.383507287022343917e+03 9.310950750713172797e-01 2.722162645664790055e-03 1.268456438622277710e+04
3.383515895287440799e+03 9.392089890920970463e-01 2.742732982861249315e-03 1.279420378962287577e+04
3.383524503552537681e+03 9.471734064937230579e-01 2.766548718664490081e-03 1.290179208473220024e+04
3.383533111817634563e+03 9.545804586884965026e-01 2.788160977102421573e-03 1.300177438348963915e+04
3.383541720082731445e+03 9.597683348301894179e-01 2.801003017053336867e-03 1.307151934705975145e+04
3.383550328347828327e+03 9.647723835587829200e-01 2.813396484478643527e-03 1.313875173551963599e+04
3.383558936612925208e+03 9.689771269949154497e-01 2.823839506334446890e-03 1.319509078846644843e+04
3.383567544878022090e+03 9.731891043731192292e-01 2.834666159874989991e-03 1.325152111831207367e+04
3.383576153143118972e+03 9.774334676924210097e-01 2.847311071938733555e-03 1.330838517526560463e+04
3.383584761408215854e+03 9.813029998954743149e-01 2.858687532179857854e-03 1.336013874214152020e+04
3.383593369673312736e+03 9.832065372897529354e-01 2.863411845182766823e-03 1.338512120329885511e+04
3.383601977938410073e+03 9.844179139515004673e-01 2.866537354379030626e-03 1.340067860516187648e+04
3.383610586203506955e+03 9.816029149461683589e-01 2.860362394415239592e-03 1.336142809920266518e+04
3.383619194468603837e+03 9.787314688861188383e-01 2.853913094257279522e-03 1.332141542732583184e+04
3.383627802733700719e+03 9.754950425182513651e-01 2.845683555675629969e-03 1.327644161989212262e+04
3.383636410998797601e+03 9.726117555744987486e-01 2.838591880246826068e-03 1.323628060197336708e+04
3.383645019263894483e+03 9.723313272072381386e-01 2.839884911164678415e-03 1.323154568419776479e+04
3.383653627528991365e+03 9.724888128879163318e-01 2.841974670507986956e-03 1.323277083163889802e+04
3.383662235794088247e+03 9.763390515314714913e-01 2.850781533385973125e-03 1.328424071491947507e+04
3.383670844059185129e+03 9.800456152839414070e-01 2.859579951600610924e-03 1.333374939902988444e+04
3.383679452324282011e+03 9.823379406223475829e-01 2.868286229351279994e-03 1.336401218195122419e+04
3.383688060589378892e+03 9.847027452643934975e-01 2.876850789923199574e-03 1.339525740707967452e+04
3.383696668854475774e+03 9.879108263025747627e-01 2.883750075556455652e-03 1.343796957485118583e+04
3.383705277119572656e+03 9.910118569564659863e-01 2.890264422023366368e-03 1.347922047187833778e+04
3.383713885384669993e+03 9.925766310778429968e-01 2.891262582830392367e-03 1.349957244013430682e+04
3.383722493649766875e+03 9.941305469453258770e-01 2.892468202144974840e-03 1.351977460905390035e+04
3.383731101914863757e+03 9.954829247837235773e-01 2.897473174074660738e-03 1.353723402347824413e+04
3.383739710179960639e+03 9.968467035987651492e-01 2.902468452063217651e-03 1.355484673889172518e+04
3.383748318445057521e+03 9.984942990532876816e-01 2.907207314215371364e-03 1.357631670499708343e+04
3.383756926710154403e+03 1.000080564627875424e+00 2.911877909967128340e-03 1.359695056758933242e+04
3.383765534975251285e+03 9.992346175364398286e-01 2.913829930215212742e-03 1.358451653620571415e+04
3.383774143240348167e+03 9.984177059802582521e-01 2.915593912575551328e-03 1.357247960095191593e+04
3.383782751505445049e+03 9.983117807250666553e-01 2.912777803416180880e-03 1.357010947460733041e+04
3.383791359770541931e+03 9.982015723534111151e-01 2.910082033705727912e-03 1.356768213705443668e+04
3.383799968035638813e+03 9.979329346379421928e-01 2.911934132484549076e-03 1.356310256832816594e+04
3.383808576300735695e+03 9.976756848867547323e-01 2.913826551571860671e-03 1.355867907243874106e+04
3.383817184565833031e+03 9.983382848103429241e-01 2.918942528120901502e-03 1.356675701082036721e+04
3.383825792830929913e+03 9.990009157723355182e-01 2.924059029635655595e-03 1.357483494920156591e+04
3.383834401096026795e+03 9.981558980234864764e-01 2.922615986022473675e-03 1.356242731460384857e+04
3.383843009361123677e+03 9.973088440964547052e-01 2.921164472064139046e-03 1.354999438917569569e+04
3.383851617626220559e+03 9.980815218989242954e-01 2.926579095017541043e-03 1.355956891956786239e+04
3.383860225891317441e+03 9.988785761019765008e-01 2.932097414408442286e-03 1.356947397495301448e+04
3.383868834156414323e+03 9.979924761918742560e-01 2.929522204481849364e-03 1.355651476307757184e+04
3.383877442421511205e+03 9.970570639831763948e-01 2.926710204557638525e-03 1.354288819314701141e+04
3.383886050686608087e+03 9.975808170811673037e-01 2.934587619765574151e-03 1.354908245120763786e+04
3.383894658951704969e+03 9.981246492511887114e-01 2.942612926285514269e-03 1.355554924565303918e+04
3.383903267216801851e+03 9.987004672677417538e-01 2.939557501836340906e-03 1.356245021747624378e+04
3.383911875481898733e+03 9.992771953099749416e-01 2.936192473326915218e-03 1.356936329563953404e+04
3.383920483746995615e+03 1.000018064263149098e+00 2.944607447555163630e-03 1.357850487036593768e+04
3.383929092012092951e+03 1.000765935781027238e+00 2.953523111088893725e-03 1.358774097001140581e+04
3.383937700277189833e+03 1.000291135753121896e+00 2.952850534575572096e-03 1.358037699948890258e+04
3.383946308542286715e+03 9.997460646194744616e-01 2.951627552522706477e-03 1.357206074332483331e+04
3.383954916807383597e+03 1.000648024869354558e+00 2.952204175401138431e-03 1.358338915634386467e+04
3.383963525072480479e+03 1.001609498139402588e+00 2.952854643682625846e-03 1.359552453908553071e+04
3.383972133337577361e+03 1.001285042948496073e+00 2.954456181061502866e-03 1.359020537115353181e+04
3.383980741602674243e+03 1.000888477004060251e+00 2.956111016319817441e-03 1.358390893020205840e+04
3.383989349867771125e+03 1.000943727878460754e+00 2.956406253242841158e-03 1.358374560158163149e+04
3.383997958132868007e+03 1.001031166695095731e+00 2.956604357789843589e-03 1.358401977370868917e+04
