9.999998962838160255e-01
9.999998942909060773e-01
9.999998916426198203e-01
9.999998884882439487e-01
9.999998849826514657e-01
9.999998812232371304e-01
9.999998772479270492e-01
9.999998730601853403e-01
9.999998686494591116e-01
9.999998640003169292e-01
9.999998590950827104e-01
9.999998539142515019e-01
9.999998484363756823e-01
9.999998426378378102e-01
9.999998364925765104e-01
9.999998299717716144e-01
9.999998230434782309e-01
9.999998156722011977e-01
9.999998078184000327e-01
9.999997994379088428e-01
9.999997904812534255e-01
9.999997808928455800e-01
9.999997706100260952e-01
9.999997595619216639e-01
9.999997476680726471e-01
9.999997348367727357e-01
9.999997209630394623e-01
9.999997059260969934e-01
9.999996895861684720e-01
9.999996717801807877e-01
9.999996523154914829e-01
9.999996309594825217e-01
9.999996074196462192e-01
9.999995813008351053e-01
9.999995520073425848e-01
9.999995185139465281e-01
9.999994788345543117e-01
9.999994288173390533e-01
9.999993594979417200e-01
9.999992514937259269e-01
9.999990635926307991e-01
9.999987104802504634e-01
9.999980211465535618e-01
9.999966647481848270e-01
9.999940248338587967e-01
9.999889969977306947e-01
9.999796817143105088e-01
9.999629475707021431e-01
9.999338561479593768e-01
9.998849745557141233e-01
9.998056589324501031e-01
9.996814696295913683e-01
9.994939631759199861e-01
9.992211710180329831e-01
9.988390825815396390e-01
9.983243600681495078e-01
9.976582981095160063e-01
9.968317102243133832e-01
9.958500324476209364e-01
9.947375887096621128e-01
9.935397963548279199e-01
9.923222213169744510e-01
9.911658699400480721e-01
9.901588692864742303e-01
9.893855687685034761e-01
9.889148501908510136e-01
9.887898221939837029e-01
9.890209485063579109e-01
9.895840152595886119e-01
9.904233371803241592e-01
9.914595055804549251e-01
9.926000906843505112e-01
9.937512565089849925e-01
9.948283158436952434e-01
9.957637679028681355e-01
9.965121142256285758e-01
9.970514837763110316e-01
9.973826081169141489e-01
9.975258825839595778e-01
9.975171763664419933e-01
9.974028562226036065e-01
9.972343275677643115e-01
9.970623765978072761e-01
9.969317193545648159e-01
9.968763349362953496e-01
9.969162455265051515e-01
9.970563002979748735e-01
9.972872031479061983e-01
9.975885739253687046e-01
9.979333937158083589e-01
9.982929052079594356e-01
9.986410095540343423e-01
9.989574198590689402e-01
9.992292118786318955e-01
9.994508238705477332e-01
9.996228781437450639e-01
9.997503555715475665e-01
9.998406452469188466e-01
9.999018609296763671e-01
9.999416338176769781e-01
9.999664213630757859e-01
9.999812537725356609e-01
9.999897843672596043e-01
9.999945065160450453e-01
9.999970277991947487e-01
9.999983310495181854e-01
9.999989876670070110e-01
9.999993142780001509e-01
9.999994784442163276e-01
9.999995650264491553e-01
9.999996152552041995e-01
9.999996484191624457e-01
9.999996732623931406e-01
9.999996936720590979e-01
9.999997113815267680e-01
9.999997271973759538e-01
9.999997415333823358e-01
9.999997546346450772e-01
9.999997666693150045e-01
9.999997777659761500e-01
9.999997880294110297e-01
9.999997975478907009e-01
9.999998063970876316e-01
9.999998146425415069e-01
9.999998223414163778e-01
9.999998295438516926e-01
9.999998362940352159e-01
9.999998426310777733e-01
9.999998485897334533e-01
9.999998542009967961e-01
9.999998594926029494e-01
9.999998644894487754e-01
9.999998692139486778e-01
9.999998736863385806e-01
9.999998779249341663e-01
9.999998819463546962e-01
9.999998857657137474e-01
9.999998893967871894e-01
9.999998928521559582e-01
9.999998961433336220e-01
9.999998992808760701e-01
9.999999022744787691e-01
9.999999051330616950e-01
9.999999078648447171e-01
9.999999104774147662e-01
9.999999129777844553e-01
9.999999153724452583e-01
9.999999176674141399e-01
9.999999198682760770e-01
9.999999219802204742e-01
9.999999240080768015e-01
9.999999259563434606e-01
9.999999278292156513e-01
9.999999296306101293e-01
9.999999313641873000e-01
9.999999330333722014e-01
9.999999346413720458e-01
9.999999361911928730e-01
9.999999376856556488e-01
9.999999391274089211e-01
9.999999405189423651e-01
9.999999418625979963e-01
9.999999431605806066e-01
9.999999444149674233e-01
9.999999456277174348e-01
9.999999468006790515e-01
9.999999479355976550e-01
9.999999490341227038e-01
9.999999500978141720e-01
9.999999511281481013e-01
9.999999521265219293e-01
9.999999530942601522e-01
9.999999540326183212e-01
9.999999549427873724e-01
9.999999558258978460e-01
9.999999566830239939e-01
9.999999575151858888e-01
9.999999583233545319e-01
9.999999591084522965e-01
9.999999598713582571e-01
9.999999606129092999e-01
9.999999613339025650e-01
9.999999620350983331e-01
9.999999627172215799e-01
9.999999633809637523e-01
9.999999640269831014e-01
9.999999646558899169e-01
9.999999652681451634e-01
9.999999658635795319e-01
9.999999664397887233e-01
9.999999669885577536e-01
9.999999674914369363e-01
9.999999679198798841e-01
9.999999682458948769e-01
9.999987122307714138e-01
9.999986454558931204e-01
9.999985451759302313e-01
9.999983970171946179e-01
9.999981690030272929e-01
9.999977919584357444e-01
9.999971250903372244e-01
9.999958947399454345e-01
9.999935878149515123e-01
9.999892738506135359e-01
9.999813213520052368e-01
9.999669672517463859e-01
9.999416973723572744e-01
9.998984070994683115e-01
9.998263427439988416e-01
9.997098824364299974e-01
9.995273040218317639e-01
9.992498008311503366e-01
9.988411255577465120e-01
9.982583330792448306e-01
9.974541069948223981e-01
9.963810408874200775e-01
9.949979678841159858e-01
9.932779925255099673e-01
9.912173352963140616e-01
9.888435715575183416e-01
9.862214945733001059e-01
9.834548171871646538e-01
9.806823496606853485e-01
9.780681428767877827e-01
9.757862254573725913e-01
9.740017412606513103e-01
9.728512181073964982e-01
9.724251190973183245e-01
9.727556105425554378e-01
9.738116476483723583e-01
9.755022044256449476e-01
9.776870390080509843e-01
9.801931080808425900e-01
9.828339017036995529e-01
9.854287278903294256e-01
9.878193443824421216e-01
9.898821644041904122e-01
9.915352931587273488e-01
9.927405942491105417e-01
9.935016187278390420e-01
9.938584679529355315e-01
9.938805687597784821e-01
9.936580857986259119e-01
9.932924752845300187e-01
9.928866299627331360e-01
9.925351970516258504e-01
9.923158770937670070e-01
9.922826763900960412e-01
9.924620438589117910e-01
9.928525067433954243e-01
9.934278702396135419e-01
9.941434021338626525e-01
9.949438687324898556e-01
9.957719845223802491e-01
9.965758677339957572e-01
9.973144351747101899e-01
9.979602091654381502e-01
9.984995876012368043e-01
9.989310952710068747e-01
9.992623958957239649e-01
9.995068796763080243e-01
9.996804957219003196e-01
9.997992546412679538e-01
9.998775692246995028e-01
9.999273937742414464e-01
9.999579955754828164e-01
9.999761456923694780e-01
9.999865316083711431e-01
9.999922426181296897e-01
9.999952312988382719e-01
9.999996085006606084e-01
9.999995949007648433e-01
9.999995763024460693e-01
9.999995535984995687e-01
9.999995276358408791e-01
9.999994987737919061e-01
9.999994669214014031e-01
9.999994317163775071e-01
9.999993926099961516e-01
9.999993488113716467e-01
9.999992990481428867e-01
9.999992409499085522e-01
9.999991695448173790e-01
9.999990737134674124e-01
9.999989281432162258e-01
9.999986758488192962e-01
9.999981919275735542e-01
9.999972120194151604e-01
9.999951982704138320e-01
9.999911017327323126e-01
9.999829655581934373e-01
9.999673043186664279e-01
9.999382026086169883e-01
9.998861167106305459e-01
9.997964534182264273e-01
9.996481494209983332e-01
9.994126718395277553e-01
9.990540606684028546e-01
9.985307526840276893e-01
9.977998522106213963e-01
9.968241456312156856e-01
9.955814613100475441e-01
9.940750506779052476e-01
9.923427587682235318e-01
9.904622216253039513e-01
9.885495191070224896e-01
9.867497933842925839e-01
9.852201770026300931e-01
9.841074945971377552e-01
9.835249466065443258e-01
9.835327286741288866e-01
9.841269505790367633e-01
9.852393922837292539e-01
9.867480909489519947e-01
9.884962567584487658e-01
9.903153105132413980e-01
9.920473801353464349e-01
9.935633999109707570e-01
9.947746074183088094e-01
9.956370656966682109e-01
9.961502283224006327e-01
9.963511798893255333e-01
9.963060849625102744e-01
9.960999287301897098e-01
9.958252703133767536e-01
9.955707252639197646e-01
9.954102196997722807e-01
9.953944312912159642e-01
9.955458926662209551e-01
9.958587606950926041e-01
9.963033032534919231e-01
9.968340340289375545e-01
9.973995549793039928e-01
9.979518725867384532e-01
9.984533260945456234e-01
9.988801271307481411e-01
9.992225187119477825e-01
9.994823714653251479e-01
9.996694339318850098e-01
9.997974191728828952e-01
9.998807717724883526e-01
9.999325112289632056e-01
9.999631571042895128e-01
9.999804987207503437e-01
9.999898876207237164e-01
9.999947617546682821e-01
9.999971971766481449e-01
9.999983767736815299e-01
9.999989383547003285e-01
9.999992081827817625e-01
9.999993449825879122e-01
9.999994224105858143e-01
9.999994732173145273e-01
9.999995114689430586e-01
9.999995430943695585e-01
9.999995706233733017e-01
9.999995952087065154e-01
9.999996174500653812e-01
9.999996377173736573e-01
9.999996562740822714e-01
9.999996733191197640e-01
9.999996889797670985e-01
9.999997032458911583e-01
9.999997158580848922e-01
9.999997262803206333e-01
9.999997339513486683e-01
9.999985448087547191e-01
9.999984987093216704e-01
9.999984369035808118e-01
9.999983615274065096e-01
9.999982749950514505e-01
9.999981787163156888e-01
9.999980728232913396e-01
9.999979564537644361e-01
9.999978279683054971e-01
9.999976847673939240e-01
9.999975224749868552e-01
9.999973329744348272e-01
9.999971001059221321e-01
9.999967905801343537e-01
9.999963354108993840e-01
9.999955932776138923e-01
9.999942808586247400e-01
9.999918454141083490e-01
9.999872410735832773e-01
9.999785526199949093e-01
9.999623911846196034e-01
9.999329705064312623e-01
9.998807700350145211e-01
9.997907167986808119e-01
9.996398896309961479e-01
9.993948838432683557e-01
9.990091788841719556e-01
9.984211118254349149e-01
9.975533286111399889e-01
9.963147770810724113e-01
9.946063039696810826e-01
9.923306024683867799e-01
9.894065530312329271e-01
9.857869367424085816e-01
9.814772530885705892e-01
9.765522620650176622e-01
9.711662891308187051e-01
9.655536209280890514e-01
9.600166177864084549e-01
9.549013128848415910e-01
9.505628024784653629e-01
9.473250367089223190e-01
9.454411072555852780e-01
9.450604190465174970e-01
9.462081558088081268e-01
9.487804228113767557e-01
9.525558017416989598e-01
9.572213120045705015e-01
9.624084758695397035e-01
9.677337825603542498e-01
9.728376068462996074e-01
9.774165595089480130e-01
9.812460283510433534e-01
9.841917782875166942e-01
9.862113308256499344e-01
9.873470060361466683e-01
9.877128605897731450e-01
9.874774936359338451e-01
9.868442144092184343e-01
9.860297591274469475e-01
9.852428082061241987e-01
9.846639217745639661e-01
9.844289064948295032e-01
9.846177130169839753e-01
9.852505090098624407e-01
9.862915616445006028e-01
9.876602116454631375e-01
9.892468980534797618e-01
9.909312855239870155e-01
9.925993187461030764e-01
9.941565319630674136e-01
9.955360015737533264e-01
9.967006186213136498e-01
9.976405151771982061e-01
9.983672319084166968e-01
9.989064532598366242e-01
9.992909186122461707e-01
9.995546127418664106e-01
9.997287503735299286e-01
9.998395638787559436e-01
9.999075715501963835e-01
9.999478610667533740e-01
9.999709298088688136e-01
9.999837191354798982e-01
9.999906054261462618e-01
9.999942260105615377e-01
9.999961030486737013e-01
9.999970794104013905e-01
9.999976036424154113e-01
9.999979055994601129e-01
9.999980990096166700e-01
9.999982384392374080e-01
9.999983494705038112e-01
9.999984439854545659e-01
9.999985275729859069e-01
9.999986029344164473e-01
9.999986712844353143e-01
9.999987327433579321e-01
9.999987863602401994e-01
9.999988303990637872e-01
9.999988632960798984e-01
9.999978084326101024e-01
9.999977298738227383e-01
9.999976239548840073e-01
9.999974933532277399e-01
9.999973407524224145e-01
9.999971660911445293e-01
9.999969645546780139e-01
9.999967236519938796e-01
9.999964163703828346e-01
9.999959859087060865e-01
9.999953142423557706e-01
9.999941605918271081e-01
9.999920457147118968e-01
9.999880426493303887e-01
9.999804132751189956e-01
9.999660033991212282e-01
9.999392805774278692e-01
9.998908769485190806e-01
9.998054989860126751e-01
9.996591092961712999e-01
9.994153990229990292e-01
9.990217772694502951e-01
9.984054152304920882e-01
9.974702740170976467e-01
9.960964432000243285e-01
9.941433906030037182e-01
9.914586961482485528e-01
9.878933355956561746e-01
9.833234901520926385e-01
9.776772447833623758e-01
9.709626872906227391e-01
9.632923306868602653e-01
9.548980447732193788e-01
9.461312721181340812e-01
9.374453494418395483e-01
9.293599226839546201e-01
9.224109950901736577e-01
9.170931853763076846e-01
9.138025552831805509e-01
9.127885370945525434e-01
9.141221294114408868e-01
9.176850186631684281e-01
9.231811306284837260e-01
9.301688210724383676e-01
9.381089465011235307e-01
9.464218704342519661e-01
9.545454658921288527e-01
9.619866079287922034e-01
9.683604226920283775e-01
9.734141977582260186e-01
9.770356233504979837e-01
9.792471962977922217e-01
9.801897525518571408e-01
9.800982296097608959e-01
9.792723112555119513e-01
9.780441227280498584e-01
9.767450220071781652e-01
9.756738393104801288e-01
9.750693925217404079e-01
9.750903254332198289e-01
9.758049088195499543e-01
9.771922768870626719e-01
9.791548123357010081e-01
9.815394601660203389e-01
9.841641663470503953e-01
9.868448509963124726e-01
9.894185576204486132e-01
9.917595882912360050e-01
9.937871856489275402e-01
9.954651574052886254e-01
9.967952859419804135e-01
9.978071289697896251e-01
9.985468453976042991e-01
9.990671372297104114e-01
9.994195644933832057e-01
9.996496490695743198e-01
9.997945349815084981e-01
9.998826016196866728e-01
9.999343162743290492e-01
9.999636873653290348e-01
9.999798483096655755e-01
9.999884877768032698e-01
9.999929978461130631e-01
9.999953183826957304e-01
9.999965150180950557e-01
9.999971509249917512e-01
9.999975129469126367e-01
9.999977422329219268e-01
9.999979061502681787e-01
9.999980361045113231e-01
9.999981465842473494e-01
9.999982443631758589e-01
9.999983327763961594e-01
9.999984136354396203e-01
9.999984880470825788e-01
9.999985567105215134e-01
9.999986199133752418e-01
9.999986773233647819e-01
9.999987277763799920e-01
9.999987694624492551e-01
9.999988007894969888e-01
