9.999994766720834427e-01
9.999994579959718966e-01
9.999994325600929379e-01
9.999994014016417854e-01
9.999993655683637739e-01
9.999993255387498170e-01
9.999992812077973525e-01
9.999992320992736605e-01
9.999991775177919928e-01
9.999991165905697255e-01
9.999990482324825347e-01
9.999989709429626394e-01
9.999988813596609738e-01
9.999987638484946206e-01
9.999985268441822228e-01
9.999976852974581387e-01
9.999940943414190597e-01
9.999800157801781442e-01
9.999330560549170022e-01
9.998025184632275408e-01
9.995028901951962252e-01
9.989395391016666625e-01
9.980792348309015516e-01
9.970147671929265876e-01
9.959012651473855282e-01
9.946701303935210348e-01
9.925827630648498268e-01
9.878244759791557916e-01
9.773315741731205541e-01
9.569964931472427772e-01
9.224423874980817173e-01
8.705225470895237017e-01
8.012808881312295517e-01
7.194638625791081044e-01
6.344884159106289889e-01
5.585055253211265169e-01
5.033692809072589647e-01
4.778669415592801117e-01
4.860469275649289544e-01
5.266135326402057171e-01
5.931079772959948482e-01
6.749875654921819734e-01
7.598740085268476108e-01
8.366162983717984059e-01
8.979698735542025467e-01
9.416498457192923333e-01
9.694707179996970847e-01
9.853860596887540346e-01
9.935944573907720123e-01
9.974253163719635218e-01
9.990487973095003582e-01
9.996755867690078068e-01
9.998967341762281524e-01
9.999683073920391241e-01
9.999897011640186406e-01
9.999957160891648211e-01
9.999973988872616903e-01
9.999979430226477728e-01
9.999981943913666127e-01
9.999983612334639727e-01
9.999984933611388849e-01
9.999986040138632015e-01
9.999986981823469900e-01
9.999987787404840400e-01
9.999988477596379877e-01
9.999989068418309035e-01
9.999989572491363443e-01
9.999989999789583583e-01
9.999990358159567272e-01
9.999990653694026399e-01
9.999990890999874704e-01
9.999991073385019469e-01
9.999991202978821825e-01
9.999991280794786608e-01
9.999991306738369445e-01
9.999991279555420221e-01
9.999991196684774319e-01
9.999991053686161369e-01
9.999990840322736663e-01
9.999990511317303765e-01
9.999989797286708004e-01
9.999987201097751965e-01
9.999975713830133728e-01
9.999928440306415922e-01
9.999762154603339948e-01
9.999273576826958054e-01
9.998085821911455451e-01
9.995715034247076858e-01
9.991862201430039558e-01
9.986794019386847632e-01
9.981282285615145078e-01
9.975510334936978918e-01
9.966971325201117171e-01
9.948164960560150760e-01
9.905028734717118422e-01
9.816746063769083985e-01
9.657835837121921951e-01
9.404008932278576927e-01
9.042390652038598819e-01
8.583494997707954433e-01
8.068897982053038209e-01
7.568476637340227908e-01
7.165635098975002837e-01
6.935223561788272928e-01
6.922389276768652344e-01
7.129688116564734113e-01
7.516358329455433696e-01
8.009963264779859093e-01
8.526937143143999975e-01
8.995034245968671627e-01
9.369335131640694758e-01
9.636444475518404218e-01
9.807619383331493967e-01
9.906561296245721682e-01
9.958328294932479174e-01
9.982920629512664901e-01
9.993557478906314184e-01
9.997756655040800355e-01
9.999273272171824711e-01
9.999775803555359666e-01
9.999929341030610042e-01
9.999973176230742000e-01
9.999985368073087688e-01
9.999989094256765965e-01
9.999990649708583312e-01
9.999991614533495499e-01
9.999992367015315686e-01
9.999993002629987693e-01
9.999993553246931954e-01
9.999994035450218144e-01
9.999994460813886876e-01
9.999994838316150769e-01
9.999995175156635163e-01
9.999995477193424076e-01
9.999995749238227427e-01
9.999995995255130943e-01
9.999996218419990868e-01
9.999996420864505353e-01
9.999996602863399087e-01
9.999996761713805249e-01
9.999996891787759079e-01
9.999996987516865943e-01
9.996874593598484848e-01
9.996827316645440220e-01
9.996765425206863842e-01
9.996692053912505926e-01
9.996610689450045051e-01
9.996523817747509089e-01
9.996432668848060921e-01
9.996337619743085323e-01
9.996238644891644043e-01
9.996135572107374134e-01
9.996028179816782711e-01
9.995916223191430028e-01
9.995799438462386055e-01
9.995677542251973913e-01
9.995550229925029839e-01
9.995417173645055886e-01
9.995278020204967362e-01
9.995132388614298424e-01
9.994979867411750707e-01
9.994820011666415427e-01
9.994652339625280657e-01
9.994476328957935252e-01
9.994291412541438380e-01
9.994096973718933352e-01
9.993892340954466658e-01
9.993676781793020547e-01
9.993449496018873557e-01
9.993209607886006651e-01
9.992956157271043471e-01
9.992688089570731513e-01
9.992404244131389834e-01
9.992103340955034163e-01
9.991783965374196885e-01
9.991444550321784135e-01
9.991083355739863725e-01
9.990698444567132075e-01
9.990287654611625934e-01
9.989848565443628647e-01
9.989378459219477868e-01
9.988874274050303370e-01
9.988332548130512967e-01
9.987749352293602279e-01
9.987120207893461776e-01
9.986439985782933348e-01
9.985702780334063666e-01
9.984901748491700202e-01
9.984028890025784531e-01
9.983074678839918281e-01
9.982027124169619015e-01
9.980868325276326392e-01
9.979560505306416252e-01
9.977992663780931304e-01
9.975799464730890076e-01
9.971828788938605914e-01
9.962815221984809844e-01
9.940663409000342066e-01
9.888136028467463534e-01
9.774364283302194867e-01
9.554431447050172332e-01
9.179144790063686887e-01
8.617901006748363013e-01
7.887452018531075915e-01
7.068243669671487872e-01
6.289357342423052000e-01
5.678559869814008287e-01
5.297151713254368843e-01
5.094900442366961935e-01
4.918190168564569031e-01
4.581171556307087611e-01
3.969348822822965084e-01
3.111060432476312476e-01
2.162495763883109934e-01
1.314434189841528489e-01
6.913653643607645116e-02
3.121076666864494586e-02
1.201242670759376102e-02
3.919702064485952771e-03
1.079164831137377750e-03
2.496483099382316474e-04
4.835009925517849455e-05
7.814623727524359868e-06
1.051089600002801087e-06
1.173877274431412553e-07
1.135597985690254786e-08
7.657618934208576113e-09
7.671470262507491176e-08
7.130809762592230219e-07
5.507787164760010097e-06
3.542239175185289538e-05
1.902819310884422844e-04
8.568689436191804024e-04
3.248436804119173970e-03
1.041961388561317946e-02
2.844614037638780457e-02
6.656738863439169707e-02
1.346598987970473449e-01
2.378694040620171757e-01
3.713310594414620525e-01
5.194846925669207582e-01
6.616931866345343582e-01
7.807170933014460079e-01
8.684250669943380796e-01
9.259653451437879212e-01
9.600062167671933322e-01
9.784423520247598205e-01
9.877558504759980096e-01
9.922583559419911881e-01
9.944226427364918353e-01
9.955165500683497148e-01
9.961362698254510040e-01
9.965443911022404677e-01
9.968515837980624905e-01
9.971037854586134452e-01
9.973206601717058417e-01
9.975114891328565880e-01
9.976814141290424320e-01
9.978338113327509529e-01
9.979711899344418935e-01
9.980955485465196064e-01
9.982085347196149039e-01
9.983115305618209812e-01
9.984057075287955385e-01
9.984920658501632573e-01
9.985714647078680617e-01
9.986446460465532304e-01
9.987122536676765749e-01
9.987748487037130252e-01
9.988329222613228087e-01
9.988869058240098520e-01
9.989371798655043433e-01
9.989840810231528367e-01
9.990279081043359488e-01
9.990689271411117289e-01
9.991073756639871073e-01
9.991434663314781028e-01
9.991773900254419249e-01
9.992093185012265177e-01
9.992394066651320017e-01
9.992677945385226579e-01
9.992946089573947477e-01
9.993199650477323503e-01
9.993439675101355446e-01
9.993667117416270562e-01
9.993882848179965750e-01
9.994087663563071544e-01
9.994282292741119011e-01
9.994467404593793125e-01
9.994643613630189716e-01
9.994811485241235083e-01
9.994971540365811258e-01
9.995124259644637688e-01
9.995270087125588399e-01
9.995409433575277447e-01
9.995542679444274770e-01
9.995670177526971845e-01
9.995792255351723110e-01
9.995909217332186181e-01
9.996021346706942534e-01
9.996128907290929844e-01
9.996232145059413821e-01
9.996331289582600643e-01
9.996426555326831664e-01
9.996518142835753018e-01
9.996606239796110849e-01
9.996691021922807785e-01
9.996772653098658923e-01
9.996851281508871701e-01
9.996927018076402494e-01
9.996999857087276453e-01
9.997069467769172935e-01
9.997134827271596524e-01
9.997193891592721648e-01
9.997243800458155416e-01
9.997281974747449507e-01
9.997518112187038231e-01
9.997472043025250610e-01
9.997411778077971434e-01
9.997339897851382773e-01
9.997259410660465084e-01
9.997172547737714909e-01
9.997080440566976645e-01
9.996983403668823209e-01
9.996881323740864911e-01
9.996773907602893861e-01
9.996660786735744875e-01
9.996541547662121108e-01
9.996415736073415159e-01
9.996282853781556232e-01
9.996142353729287056e-01
9.995993634046660414e-01
9.995836031194506033e-01
9.995668812056361929e-01
9.995491164786712845e-01
9.995302188178254443e-01
9.995100879255554016e-01
9.994886118731876046e-01
9.994656653873971175e-01
9.994411078198796039e-01
9.994147807264448513e-01
9.993865049597376871e-01
9.993560771490430650e-01
9.993232653958765699e-01
9.992878039416352998e-01
9.992493864080167487e-01
9.992076566854131148e-01
9.991621941573612942e-01
9.991124786169115479e-01
9.990577703655977304e-01
9.989966462275978731e-01
9.989252716351397776e-01
9.988315836885364174e-01
9.986780351109448839e-01
9.983572650869342313e-01
9.975955295767499065e-01
9.957804649714998568e-01
9.917283655974761247e-01
9.835037843627729703e-01
9.685325008340042174e-01
9.442843751194568425e-01
9.095758857079959681e-01
8.660281934103954971e-01
8.187152050184214325e-01
7.750531779905847074e-01
7.417775859362950586e-01
7.210846674931224998e-01
7.079273237768562987e-01
6.904000310061954027e-01
6.539326799760516451e-01
5.879762636979843915e-01
4.919433929385088056e-01
3.767816133847864402e-01
2.606788458762827609e-01
1.611376062623189331e-01
8.817657023184861942e-02
4.237903579957712913e-02
1.776816223586825255e-02
6.460690607805632049e-03
2.026998722465061208e-03
5.463279069149215138e-04
1.260141482888154751e-04
2.479192116752924904e-05
4.148722150391785632e-06
5.939378940005637735e-07
1.221115303967453266e-07
4.452027283211437926e-07
3.162437991349003679e-06
1.935885737830157806e-05
1.007908711113149607e-04
4.475497408049940564e-04
1.700675413563514180e-03
5.552533073322507909e-03
1.564868083482053029e-02
3.827953567336467300e-02
8.180359101845899317e-02
1.538921802021652463e-01
2.571619854173914921e-01
3.857446120689467239e-01
5.256825243012539506e-01
6.596566712666109833e-01
7.733157978923297371e-01
8.594639691368313184e-01
9.183355617348111233e-01
9.549739359274147521e-01
9.759682620264460429e-01
9.871810286588775796e-01
9.928442423705886588e-01
9.956016747747038487e-01
9.969335971685996389e-01
9.976002352270869622e-01
9.979658716630226412e-01
9.981956905179415473e-01
9.983615974726601783e-01
9.984942272549627296e-01
9.986067642405128675e-01
9.987052402317939670e-01
9.987927788954567010e-01
9.988712825911059134e-01
9.989420903468857471e-01
9.990062380922580809e-01
9.990645689527429818e-01
9.991177869012199952e-01
9.991664878736166155e-01
9.992111807538642809e-01
9.992523029258075784e-01
9.992902323789425445e-01
9.993252973686267415e-01
9.993577842334401273e-01
9.993879437813475430e-01
9.994159965458864203e-01
9.994421371405102228e-01
9.994665378871114836e-01
9.994893518561622781e-01
9.995107154267792726e-01
9.995307504527211062e-01
9.995495661030984191e-01
9.995672604329073341e-01
9.995839217254535169e-01
9.995996296204323617e-01
9.996144559130779594e-01
9.996284643481883059e-01
9.996417069094117869e-01
9.996542103151633274e-01
9.996659436437695945e-01
9.996767674562114792e-01
9.996863970953029366e-01
9.996944458394990685e-01
9.997005840448269787e-01
