9.999999115340649780e-01
9.999999106200628818e-01
9.999999094189335747e-01
9.999999080088293191e-01
9.999999064695648254e-01
9.999999048528083190e-01
9.999999031816019235e-01
9.999999014626871352e-01
9.999998996965133724e-01
9.999998978817472572e-01
9.999998960166289752e-01
9.999998940992596008e-01
9.999998921276422870e-01
9.999998900996818207e-01
9.999998880131792944e-01
9.999998858658258882e-01
9.999998836551964310e-01
9.999998813787410734e-01
9.999998790337789600e-01
9.999998766174884590e-01
9.999998741268992797e-01
9.999998715588818143e-01
9.999998689101373683e-01
9.999998661771862807e-01
9.999998633563560446e-01
9.999998604437683181e-01
9.999998574353239356e-01
9.999998543266874762e-01
9.999998511132714984e-01
9.999998477902171112e-01
9.999998443523747671e-01
9.999998407942818357e-01
9.999998371101410655e-01
9.999998332937918288e-01
9.999998293386851422e-01
9.999998252378513586e-01
9.999998209838670826e-01
9.999998165688179785e-01
9.999998119842586908e-01
9.999998072211688793e-01
9.999998022699031486e-01
9.999997971201377567e-01
9.999997917608109965e-01
9.999997861800569154e-01
9.999997803651318184e-01
9.999997743023336660e-01
9.999997679769104808e-01
9.999997613729600943e-01
9.999997544733167931e-01
9.999997472594253090e-01
9.999997397111982655e-01
9.999997318068567509e-01
9.999997235227502390e-01
9.999997148331525310e-01
9.999997057100311615e-01
9.999996961227839432e-01
9.999996860379396502e-01
9.999996754188149595e-01
9.999996642251208767e-01
9.999996524125087660e-01
9.999996399320463247e-01
9.999996267296081820e-01
9.999996127451667993e-01
9.999995979119611356e-01
9.999995821555186515e-01
9.999995653924999006e-01
9.999995475293240732e-01
9.999995284605258661e-01
9.999995080667780645e-01
9.999994862124964579e-01
9.999994627429159566e-01
9.999994374804932473e-01
9.999994102204416979e-01
9.999993807251330580e-01
9.999993487170033557e-01
9.999993138694480699e-01
9.999992757949760502e-01
9.999992340295122961e-01
9.999991880110321585e-01
9.999991370486758235e-01
9.999990802705398529e-01
9.999990165027208278e-01
9.999989438771353933e-01
9.999988583498743422e-01
9.999987481410056445e-01
9.999985744306636448e-01
9.999982110855136774e-01
9.999972779086016006e-01
9.999947371825210762e-01
9.999880545106476504e-01
9.999717412892148438e-01
9.999353659533144478e-01
9.998617879898328287e-01
9.997272710913532867e-01
9.995055129018671769e-01
9.991763261493530335e-01
9.987362376882600312e-01
9.982042855895918443e-01
9.976156044245466648e-01
9.970011719321998367e-01
9.963627367673482116e-01
9.956600342021143524e-01
9.948247294348879777e-01
9.938009236953191383e-01
9.925941702523530807e-01
9.913022596672202980e-01
9.901080368468031523e-01
9.892329827395500708e-01
9.888691747541807908e-01
9.891165778207214876e-01
9.899489174854055884e-01
9.912179347947777108e-01
9.926897832916486974e-01
9.940960899865298739e-01
9.951802679664379925e-01
9.957268489654210741e-01
9.955733123238489357e-01
9.946136145205168866e-01
9.928053438309433210e-01
9.901870355438252558e-01
9.869018313503825635e-01
9.832140680280401224e-01
9.795020793480641030e-01
9.762161964828199867e-01
9.738039812455332456e-01
9.726195384442104519e-01
9.728432609302204437e-01
9.744374576553975764e-01
9.771515992879044044e-01
9.805733378582881521e-01
9.842064490960777956e-01
9.875523639163741318e-01
9.901805084980499494e-01
9.917876805012189045e-01
9.922541985304744738e-01
9.916933214165959409e-01
9.904657969527888017e-01
9.891185909387457675e-01
9.882316730905664759e-01
9.882151427608932837e-01
9.891493724010940181e-01
9.907577862265565249e-01
9.925400717405531426e-01
9.940107498202368497e-01
9.949274579773852434e-01
9.953832999442771001e-01
9.957005216780876466e-01
9.961912036455123909e-01
9.969571390979512504e-01
9.978695665224592837e-01
9.987100554523984375e-01
9.993281282748445182e-01
9.996990612433472867e-01
9.998833731470344599e-01
9.999599938950194389e-01
9.999869202711821892e-01
9.999950678308733298e-01
9.999973047210120036e-01
9.999979582787961174e-01
9.999982309490007548e-01
9.999984064700938591e-01
9.999985457262319244e-01
9.999986633358847188e-01
9.999987648247306016e-01
9.999988534786052874e-01
9.999989316465727196e-01
9.999990011068676798e-01
9.999990632420805436e-01
9.999991191478716512e-01
9.999991697062222684e-01
9.999992156366493967e-01
9.999992575329658129e-01
9.999992958902423901e-01
9.999993311249547601e-01
9.999993635902840738e-01
9.999993935879065710e-01
9.999994213771916662e-01
9.999994471824649178e-01
9.999994711987989504e-01
9.999994935966762810e-01
9.999995145257756235e-01
9.999995341180714092e-01
9.999995524903879662e-01
9.999995697465203781e-01
9.999995859790042907e-01
9.999996012706033888e-01
9.999996156955628379e-01
9.999996293206422360e-01
9.999996422057526591e-01
9.999996544030032020e-01
9.999996659493182172e-01
9.999996768403836001e-01
9.999996869723613013e-01
9.999996960709536253e-01
9.999997036979721976e-01
9.999997094319814650e-01
9.999997688839463716e-01
9.999997666584630185e-01
9.999997637644530979e-01
9.999997603627078790e-01
9.999997566295690810e-01
9.999997526918786850e-01
9.999997486152003567e-01
9.999997444237667121e-01
9.999997401225833027e-01
9.999997357099934536e-01
9.999997311824910806e-01
9.999997265360596188e-01
9.999997217664450266e-01
9.999997168691920901e-01
9.999997118396380946e-01
9.999997066729024997e-01
9.999997013638739496e-01
9.999996959071971725e-01
9.999996902972584367e-01
9.999996845281703406e-01
9.999996785937552701e-01
9.999996724875277465e-01
9.999996662026757743e-01
9.999996597320399694e-01
9.999996530680925755e-01
9.999996462029133726e-01
9.999996391281646968e-01
9.999996318350641289e-01
9.999996243143547403e-01
9.999996165562747841e-01
9.999996085505220567e-01
9.999996002862175937e-01
9.999995917518655908e-01
9.999995829353097720e-01
9.999995738236869824e-01
9.999995644033754516e-01
9.999995546599391716e-01
9.999995445780682779e-01
9.999995341415122141e-01
9.999995233330085664e-01
9.999995121342037940e-01
9.999995005255684077e-01
9.999994884863012690e-01
9.999994759942280043e-01
9.999994630256867634e-01
9.999994495554029861e-01
9.999994355563524007e-01
9.999994209996098116e-01
9.999994058541799014e-01
9.999993900868118235e-01
9.999993736617937001e-01
9.999993565407220286e-01
9.999993386822466634e-01
9.999993200417860439e-01
9.999993005712075611e-01
9.999992802184698437e-01
9.999992589272214127e-01
9.999992366363473772e-01
9.999992132794583988e-01
9.999991887843111549e-01
9.999991630721516422e-01
9.999991360569648879e-01
9.999991076446206328e-01
9.999990777318918944e-01
9.999990462053263141e-01
9.999990129399445316e-01
9.999989777977299488e-01
9.999989406258721347e-01
9.999989012547135792e-01
9.999988594953379550e-01
9.999988151367237288e-01
9.999987679423668618e-01
9.999987176462494798e-01
9.999986639479985229e-01
9.999986065070312069e-01
9.999985449354242828e-01
9.999984787891564864e-01
9.999984075572589948e-01
9.999983306482397305e-01
9.999982473729072119e-01
9.999981569223620470e-01
9.999980583393430766e-01
9.999979504800171615e-01
9.999978319604304611e-01
9.999977010716962766e-01
9.999975556072355776e-01
9.999973923827218947e-01
9.999972056251276165e-01
9.999969813725120282e-01
9.999966789108768461e-01
9.999961741074835375e-01
9.999951026481831429e-01
9.999924712573475816e-01
9.999858029665374959e-01
9.999694973338564274e-01
9.999321575563557829e-01
9.998530882314227153e-01
9.996991616394181879e-01
9.994245539255981470e-01
9.989765180321787952e-01
9.983089134108527052e-01
9.974007836303749874e-01
9.962712701315696862e-01
9.949788521284370635e-01
9.935972278310380990e-01
9.921730677415951938e-01
9.906861433526797933e-01
9.890389057794475303e-01
9.870925471236833282e-01
9.847427017612793154e-01
9.820036223167941669e-01
9.790601053189329495e-01
9.762580354547627515e-01
9.740307745702880826e-01
9.727856731214683528e-01
9.727900643301363726e-01
9.740941498354107608e-01
9.765122654316198414e-01
9.796620894569251226e-01
9.830423573636284384e-01
9.861203721945110967e-01
9.884036236175403056e-01
9.894826658393198748e-01
9.890485402632835932e-01
9.868997651843327557e-01
9.829558870098145107e-01
9.772861923906519532e-01
9.701477689147419703e-01
9.620139451861382529e-01
9.535691350257575749e-01
9.456526101234995485e-01
9.391498918945221375e-01
9.348499616117478261e-01
9.333013388329874926e-01
9.347040934165005144e-01
9.388661364443949831e-01
9.452336310207993808e-01
9.529838752344830244e-01
9.611531746632134832e-01
9.687693968137296441e-01
9.749707763876110933e-01
9.791112990761576818e-01
9.808625916257935895e-01
9.803087440693147858e-01
9.779975083035568062e-01
9.748863577412137937e-01
9.721397457788965024e-01
9.708033725312492646e-01
9.714656684154086008e-01
9.740552712519110479e-01
9.778810491494165369e-01
9.819182245000105391e-01
9.852332256737046379e-01
9.873658609364196481e-01
9.884814833668443823e-01
9.891987446181114141e-01
9.901825072883737588e-01
9.917571491297039188e-01
9.937859080040105653e-01
9.958538198896296212e-01
9.975677226712847956e-01
9.987482791184921771e-01
9.994340509718735444e-01
9.997733865171221090e-01
9.999175684300836142e-01
9.999706526763325609e-01
9.999878845987000275e-01
9.999930574203341749e-01
9.999946995233058855e-01
9.999954014561753812e-01
9.999958448784981302e-01
9.999961932122904962e-01
9.999964877417797382e-01
9.999967430305825022e-01
9.999969670939348187e-01
9.999971655307868801e-01
9.999973425786887749e-01
9.999975015476696427e-01
9.999976450741463463e-01
9.999977752905262474e-01
9.999978939441347414e-01
9.999980024829724368e-01
9.999981021189026098e-01
9.999981938750761579e-01
9.999982786220951159e-01
9.999983571059853915e-01
9.999984299701031309e-01
9.999984977724876156e-01
9.999985609997453784e-01
9.999986200782639001e-01
9.999986753833439712e-01
9.999987272466950294e-01
9.999987759626318695e-01
9.999988217932289647e-01
9.999988649726376799e-01
9.999989057107191437e-01
9.999989441961194547e-01
9.999989805988829250e-01
9.999990150726527638e-01
9.999990477563179825e-01
9.999990787739865272e-01
9.999991082284414023e-01
9.999991361738913564e-01
9.999991625430140196e-01
9.999991870185531706e-01
9.999992089200986367e-01
9.999992272815636518e-01
9.999992412436440326e-01
9.999998650482557760e-01
9.999998635412816750e-01
9.999998615424789961e-01
9.999998592003892517e-01
9.999998566561953961e-01
9.999998539919279228e-01
9.999998512388499350e-01
9.999998484036953794e-01
9.999998454853187280e-01
9.999998424807141628e-01
9.999998393864402146e-01
9.999998361988458040e-01
9.999998329140863396e-01
9.999998295281147254e-01
9.999998260366670388e-01
9.999998224352495413e-01
9.999998187191228016e-01
9.999998148832845990e-01
9.999998109224532694e-01
9.999998068310469446e-01
9.999998026031637899e-01
9.999997982325590229e-01
9.999997937126191561e-01
9.999997890363370168e-01
9.999997841962813272e-01
9.999997791845649520e-01
9.999997739928114804e-01
9.999997686121160356e-01
9.999997630330053067e-01
9.999997572453915851e-01
9.999997512385232490e-01
9.999997450009316946e-01
9.999997385203702738e-01
9.999997317837492350e-01
9.999997247770638920e-01
9.999997174853143544e-01
9.999997098924172656e-01
9.999997019811083243e-01
9.999996937328335944e-01
9.999996851276290455e-01
9.999996761439866599e-01
9.999996667587041088e-01
9.999996569467173302e-01
9.999996466809126794e-01
9.999996359319167638e-01
9.999996246678581890e-01
9.999996128540998841e-01
9.999996004529356775e-01
9.999995874232466830e-01
9.999995737201092805e-01
9.999995592943483613e-01
9.999995440920264045e-01
9.999995280538551690e-01
9.999995111145187909e-01
9.999994932018905214e-01
9.999994742361222322e-01
9.999994541285838201e-01
9.999994327806194239e-01
9.999994100820852605e-01
9.999993859096182325e-01
9.999993601245792396e-01
9.999993325705911484e-01
9.999993030705776054e-01
9.999992714231745738e-01
9.999992373983499494e-01
9.999992007320178677e-01
9.999991611193528307e-01
9.999991182064144057e-01
9.999990715795452623e-01
9.999990207517832630e-01
9.999989651452199091e-01
9.999989040677335073e-01
9.999988366817160745e-01
9.999987619608163847e-01
9.999986786261650940e-01
9.999985850343158233e-01
9.999984788948614867e-01
9.999983562496258527e-01
9.999982072511881537e-01
9.999979992741439005e-01
9.999976158060844833e-01
9.999966617306694783e-01
9.999939257510781498e-01
9.999861167032066955e-01
9.999654018322243765e-01
9.999156416937000635e-01
9.998085064450408233e-01
9.996027789318333578e-01
9.992514838052914961e-01
9.987189833052072530e-01
9.980021672785016618e-01
9.971403958433274761e-01
9.961981198866061149e-01
9.952199580908955845e-01
9.941838667617015624e-01
9.929921739759236532e-01
9.915238431092434634e-01
9.897299882170818019e-01
9.877184451452176717e-01
9.857713587290046764e-01
9.842751354518406437e-01
9.835903288104991260e-01
9.839197204644177797e-01
9.852307773926800571e-01
9.872591560076029449e-01
9.895814118353545297e-01
9.917177230611050609e-01
9.932215637956640641e-01
9.937319293833525302e-01
9.929918169945394224e-01
9.908567254736123653e-01
9.873173385373734678e-01
9.825419272554642980e-01
9.769183826729181952e-01
9.710596296819975493e-01
9.657411974861437320e-01
9.617660466350441695e-01
9.597870460221034072e-01
9.601431644359519346e-01
9.627667685280407728e-01
9.671939179891813065e-01
9.726691717551132488e-01
9.783026069474298758e-01
9.832294787959006133e-01
9.867464004431742985e-01
9.884306686048596191e-01
9.882536685311285041e-01
9.866566535865773924e-01
9.845044138415784962e-01
9.828455355159462226e-01
9.825210722100603533e-01
9.838027023529083426e-01
9.862769828258683980e-01
9.890724408390627609e-01
9.913291272663236064e-01
9.926550546469660175e-01
9.932855935572904027e-01
9.938224507446504763e-01
9.947428342556003944e-01
9.960788880622146735e-01
9.975027427693803350e-01
9.986567251344605767e-01
9.993915952275023162e-01
9.997670671791148989e-01
9.999231566759034795e-01
9.999765961067579312e-01
9.999919524318605646e-01
9.999958626204170642e-01
9.999969162486465057e-01
9.999973403066657607e-01
9.999976144828169877e-01
9.999978323519274070e-01
9.999980155692125283e-01
9.999981728092333100e-01
9.999983094558847485e-01
9.999984293798904744e-01
9.999985354965960083e-01
9.999986300584424725e-01
9.999987148399230863e-01
9.999987912618329977e-01
9.999988604776063328e-01
9.999989234349084821e-01
9.999989809205569458e-01
9.999990335939146213e-01
9.999990820121305024e-01
9.999991266494996367e-01
9.999991679125097566e-01
9.999992061516711495e-01
9.999992416709195808e-01
9.999992747351593714e-01
9.999993055763682914e-01
9.999993343985817962e-01
9.999993613819861960e-01
9.999993866863097214e-01
9.999994104536438222e-01
9.999994328107943975e-01
9.999994538711138858e-01
9.999994737348147922e-01
9.999994924820942988e-01
9.999995101395176000e-01
9.999995265851571169e-01
9.999995413998782334e-01
9.999995538254582428e-01
9.999995630732181340e-01
9.999979067146878009e-01
9.999978590065208284e-01
9.999977957381422922e-01
9.999977196546542269e-01
9.999976338259011222e-01
9.999975402945745495e-01
9.999974398360271799e-01
9.999973323594916197e-01
9.999972173353481875e-01
9.999970940215654469e-01
9.999969615347831242e-01
9.999968188522745383e-01
9.999966647896170180e-01
9.999964979672467669e-01
9.999963167668385333e-01
9.999961192745707717e-01
9.999959032059149155e-01
9.999956658020338063e-01
9.999954036730690499e-01
9.999951125043773370e-01
9.999947862981135582e-01
9.999944148776294117e-01
9.999939750495037138e-01
9.999934003194285159e-01
9.999924849504479019e-01
9.999906084486152036e-01
9.999860268677847053e-01
9.999742583506463500e-01
9.999448750711751321e-01
9.998760809630293789e-01
9.997273021665020742e-01
9.994320814439663359e-01
9.988964927294190499e-01
9.980101098261504600e-01
9.966739201551924054e-01
9.948401657862464553e-01
9.925456269929336939e-01
9.899118242085522823e-01
9.870944657767410924e-01
9.841929549978731817e-01
9.811649739074016496e-01
9.778057474457682030e-01
9.738284646850561277e-01
9.690283840642925917e-01
9.634597713944188513e-01
9.575366836667573711e-01
9.519984955936058313e-01
9.477415807799192127e-01
9.455760937834949420e-01
9.459940576258396572e-01
9.490244158346214931e-01
9.542129535774398486e-01
9.607188299281668176e-01
9.674828399912251964e-01
9.734074917000929972e-01
9.774990237939777948e-01
9.789502753580745509e-01
9.771764383393344300e-01
9.718366858876411607e-01
9.628730250785921818e-01
9.505748234126737417e-01
9.356461549030521407e-01
9.192312047343040859e-01
9.028537280243124075e-01
8.882514383394026769e-01
8.771241277481053311e-01
8.708480917692431600e-01
8.702250731547498397e-01
8.753267449371688880e-01
8.854700153311523270e-01
8.993234594482806266e-01
9.151123610651407114e-01
9.308715692286313459e-01
9.447012626506323674e-01
9.550082652221301149e-01
9.607422988674167996e-01
9.616290144856531885e-01
9.583464378237332992e-01
9.525253900040790977e-01
9.464526016023606658e-01
9.424664180655872858e-01
9.422170673179750544e-01
9.460950044117675262e-01
9.531067386273831543e-01
9.612977449229407334e-01
9.685800128312578305e-01
9.736206440403327722e-01
9.763655550245997627e-01
9.778926321465344351e-01
9.796485260513669857e-01
9.825471949251988191e-01
9.865278858120751782e-01
9.908044587985990193e-01
9.944961405216725669e-01
9.971203969917116217e-01
9.986821052929780729e-01
9.994688496697737845e-01
9.998072257449681643e-01
9.999325992014979070e-01
9.999732691181593136e-01
9.999853361714003963e-01
9.999890530451640558e-01
9.999905736318361882e-01
9.999915066495058680e-01
9.999922318761138573e-01
9.999928426014095262e-01
9.999933706391076482e-01
9.999938331612414633e-01
9.999942420750979055e-01
9.999946063560654075e-01
9.999949329924222585e-01
9.999952275348682473e-01
9.999954944620645936e-01
9.999957374359946805e-01
9.999959594854760381e-01
9.999961631409768348e-01
9.999963505355271565e-01
9.999965234814895965e-01
9.999966835298075285e-01
9.999968320163091784e-01
9.999969700982359599e-01
9.999970987827419000e-01
9.999972189455429428e-01
9.999973313253467389e-01
9.999974364466679422e-01
9.999975343802903760e-01
9.999976242934909276e-01
9.999977040279044438e-01
9.999977703505489313e-01
9.999978203714485758e-01
9.999978509210774025e-01
9.999978071790970313e-01
9.999977494588342397e-01
9.999976803486843036e-01
9.999976027636499065e-01
9.999975187192418069e-01
9.999974290923900888e-01
9.999973339744607781e-01
9.999972330668163156e-01
9.999971259016733338e-01
9.999970119208390074e-01
9.999968904902111211e-01
9.999967608933832963e-01
9.999966223186900205e-01
9.999964738425860533e-01
9.999963144091625900e-01
9.999961428048146361e-01
9.999959576266166383e-01
9.999957572424231778e-01
9.999955397399011847e-01
9.999953028604406935e-01
9.999950439115188328e-01
9.999947596450622367e-01
9.999944460678984459e-01
9.999940980618191588e-01
9.999937083253316317e-01
9.999932637425594795e-01
9.999927323721843342e-01
9.999920189140867333e-01
9.999908242917827650e-01
9.999882442762733081e-01
9.999817400414579005e-01
9.999647935793480880e-01
9.999222327029608781e-01
9.998222581529805364e-01
9.996053378531077893e-01
9.991730268135675663e-01
9.983840704604114435e-01
9.970682525074872071e-01
9.950655846821847561e-01
9.922857769033424091e-01
9.887631942200059143e-01
9.846682822088156373e-01
9.802447723982823380e-01
9.756798535796746830e-01
9.709658896671355954e-01
9.658419098932320424e-01
9.598805282631146518e-01
9.527130252161685187e-01
9.443020032143480957e-01
9.351301001693896886e-01
9.262024528181032057e-01
9.188431875418062722e-01
9.143549653580054226e-01
9.136612784175914825e-01
9.170473529970728510e-01
9.240695277298447419e-01
9.336405932943306896e-01
9.442439054228806139e-01
9.541983713659974997e-01
9.618971638877914510e-01
9.659726574886917660e-01
9.653846357944457779e-01
9.594664535612789091e-01
9.479749133833308417e-01
9.311681905676001403e-01
9.098948408593217074e-01
8.856407955354647088e-01
8.604732941245725186e-01
8.368478423684645451e-01
8.172930434141372213e-01
8.040336088052354446e-01
7.986335981837682230e-01
8.017350865372505631e-01
8.129410783579112953e-01
8.308581815714408680e-01
8.532827058640897189e-01
8.774893224513213852e-01
9.005727610135174643e-01
9.198076029445965140e-01
9.330200804682782234e-01
9.389752632199689364e-01
9.377372229546159232e-01
9.308682568250783440e-01
9.212742403470604025e-01
9.125733023254152254e-01
9.080799168171707070e-01
9.097426464516722433e-01
9.174819050382745367e-01
9.292562385022167248e-01
9.418967663240902510e-01
9.524192182937172291e-01
9.592664176663390219e-01
9.628653585111539570e-01
9.651435743990262051e-01
9.682449144490901105e-01
9.732576746689705072e-01
9.797783942578859318e-01
9.864734040817397798e-01
9.920519726683023620e-01
9.959088790729436758e-01
9.981542148646574963e-01
9.992658500787644504e-01
9.997374555107327865e-01
9.999102713345030535e-01
9.999657476003305234e-01
9.999819596994912185e-01
9.999867995737672377e-01
9.999886845428465065e-01
9.999898020223031425e-01
9.999906623531085170e-01
9.999913867384140342e-01
9.999920140808622460e-01
9.999925645306134703e-01
9.999930519267432594e-01
9.999934867108908332e-01
9.999938770342783334e-01
9.999942293876622479e-01
9.999945490198924869e-01
9.999948402311622520e-01
9.999951065844063791e-01
9.999953510610417595e-01
9.999955761778300811e-01
9.999957840759834404e-01
9.999959765900708897e-01
9.999961553019770522e-01
9.999963215836245034e-01
9.999964766310368569e-01
9.999966214909206119e-01
9.999967570767109848e-01
9.999968841560941124e-01
9.999970032545607568e-01
9.999971143750938651e-01
9.999972164928321305e-01
9.999973071058742002e-01
9.999973825508727820e-01
9.999974395898536539e-01
