9.999998876334486031e-01
9.999998858268828172e-01
9.999998834348851062e-01
9.999998806007077690e-01
9.999998774717853145e-01
9.999998741417660542e-01
9.999998706493760103e-01
9.999998670019807356e-01
9.999998631946100947e-01
9.999998592184302648e-01
9.999998550632249739e-01
9.999998507178614604e-01
9.999998461702929164e-01
9.999998414074754427e-01
9.999998364152652419e-01
9.999998311783013794e-01
9.999998256798730001e-01
9.999998199017696709e-01
9.999998138241086298e-01
9.999998074251397195e-01
9.999998006810204565e-01
9.999997935655573489e-01
9.999997860499066915e-01
9.999997781022267329e-01
9.999997696872717778e-01
9.999997607659150134e-01
9.999997512945826283e-01
9.999997412245749118e-01
9.999997305012322535e-01
9.999997190628682198e-01
9.999997068392929567e-01
9.999996937495073679e-01
9.999996796975314517e-01
9.999996645638076220e-01
9.999996481860402575e-01
9.999996303151784671e-01
9.999996105145829706e-01
9.999995879338675620e-01
9.999995608171301509e-01
9.999995254719349358e-01
9.999994741923186048e-01
9.999993912487856740e-01
9.999992454859794044e-01
9.999989772910744534e-01
9.999984767816210152e-01
9.999975492329716831e-01
9.999958634741754615e-01
9.999928799466528684e-01
9.999877582643408314e-01
9.999792503193802862e-01
9.999655946191230438e-01
9.999444398439872872e-01
9.999128380340903677e-01
9.998673557761242892e-01
9.998043492310642044e-01
9.997204299518691606e-01
9.996131101061098700e-01
9.994815604691700273e-01
9.993273522384554797e-01
9.991550006454126276e-01
9.989721030603391227e-01
9.987888807757189236e-01
9.986169945756609989e-01
9.984675981124335742e-01
9.983486990548070539e-01
9.982619977245641429e-01
9.981994661891824272e-01
9.981400433247733517e-01
9.980469946832444261e-01
9.978667420927391785e-01
9.975302576684756950e-01
9.969582799498921677e-01
9.960713879451135178e-01
9.948051060934016698e-01
9.931286344987124703e-01
9.910637904042165491e-01
9.886990098456878151e-01
9.861927247617598979e-01
9.837618469713277358e-01
9.816545418048144844e-01
9.801111300141642779e-01
9.793212481634296918e-01
9.793876118081603632e-01
9.803057366932217409e-01
9.819647390242141061e-01
9.841679685395412491e-01
9.866658667091291468e-01
9.891903300888804651e-01
9.914838678334806366e-01
9.933285582540383185e-01
9.945889683267010728e-01
9.952699001907426846e-01
9.955507595349362138e-01
9.957358682685093498e-01
9.961094932357966725e-01
9.967828067936080894e-01
9.976543054026336677e-01
9.985124868695289813e-01
9.991843247386528182e-01
9.996135049167600428e-01
9.998409441988622692e-01
9.999421756247592885e-01
9.999805025411210302e-01
9.999930932529863536e-01
9.999968410102364480e-01
9.999979636038702768e-01
9.999983761871640287e-01
9.999985929138273111e-01
9.999987432222554595e-01
9.999988620275062079e-01
9.999989612085948831e-01
9.999990461970547084e-01
9.999991201255367113e-01
9.999991850889133893e-01
9.999992426175881022e-01
9.999992938884256777e-01
9.999993398342004181e-01
9.999993812086487299e-01
9.999994186293297282e-01
9.999994526078177515e-01
9.999994835718435393e-01
9.999995118819587914e-01
9.999995378443010674e-01
9.999995617205161835e-01
9.999995837355610817e-01
9.999996040839058686e-01
9.999996229345099463e-01
9.999996404348497903e-01
9.999996567142035442e-01
9.999996718863496392e-01
9.999996860517985642e-01
9.999996992996498246e-01
9.999997117091465881e-01
9.999997233509825278e-01
9.999997342884074936e-01
9.999997445781669825e-01
9.999997542713026100e-01
9.999997634138388936e-01
9.999997720473735585e-01
9.999997802095865751e-01
9.999997879346821383e-01
9.999997952537715840e-01
9.999998021952083427e-01
9.999998087848795958e-01
9.999998150464630697e-01
9.999998210016525224e-01
9.999998266703555849e-01
9.999998320708707311e-01
9.999998372200415986e-01
9.999998421333953225e-01
9.999998468252662143e-01
9.999998513089038976e-01
9.999998555965725622e-01
9.999998596996374500e-01
9.999998636286444587e-01
9.999998673933898630e-01
9.999998710029844862e-01
9.999998744659107652e-01
9.999998777900740432e-01
9.999998809828501978e-01
9.999998840511277187e-01
9.999998870013457886e-01
9.999998898395294766e-01
9.999998925713218245e-01
9.999998952020121568e-01
9.999998977365631703e-01
9.999999001796346931e-01
9.999999025356054450e-01
9.999999048085939091e-01
9.999999070024763181e-01
9.999999091209037516e-01
9.999999111673181229e-01
9.999999131449657241e-01
9.999999150569112150e-01
9.999999169060495019e-01
9.999999186951165075e-01
9.999999204267004949e-01
9.999999221032507268e-01
9.999999237270871255e-01
9.999999253004075994e-01
9.999999268252963702e-01
9.999999283037305231e-01
9.999999297375871121e-01
9.999999311286487114e-01
9.999999324786091881e-01
9.999999337890745910e-01
9.999999350615380589e-01
9.999999362971834227e-01
9.999999374959458454e-01
9.999999386533475754e-01
9.999999397533994028e-01
9.999999407597537360e-01
9.999999416159057741e-01
9.999999422664296311e-01
9.999659496434879502e-01
9.999487508773616806e-01
9.999202524195367481e-01
9.998760039813189282e-01
9.998105451596007720e-01
9.997174112089831644e-01
9.995894728306247146e-01
9.994196461679959453e-01
9.992019268619485306e-01
9.989326568937595408e-01
9.986118731967188467e-01
9.982445092696449196e-01
9.978411575222928542e-01
9.974180814909799908e-01
9.969962082054503183e-01
9.965989291450462195e-01
9.962486748101979650e-01
9.959623758029747531e-01
9.957460609784065664e-01
9.955889713561589804e-01
9.954577188008331134e-01
9.952912438868493084e-01
9.949976663022086498e-01
9.944545414522850679e-01
9.935143824932477497e-01
9.920172872779020601e-01
9.898117734287446012e-01
9.867832318275738812e-01
9.828868529718497449e-01
9.781790479484369083e-01
9.728393067941435435e-01
9.671742574831255768e-01
9.615981417167241974e-01
9.565888520143794871e-01
9.526248953640032990e-01
9.501142958361064039e-01
9.493296564872411025e-01
9.503631855760596991e-01
9.531113057154432244e-01
9.572913447496378403e-01
9.624843958827324908e-01
9.681913612588505247e-01
9.738875973539680153e-01
9.790700289115537025e-01
9.833080198773263003e-01
9.863201114979620598e-01
9.880771874639531216e-01
9.888754749894435037e-01
9.892832758031750995e-01
9.899195003821479322e-01
9.911631307988411077e-01
9.929882005048082938e-01
9.950435168727183033e-01
9.969032777421555913e-01
9.982952577612935752e-01
9.991726519921353411e-01
9.996440643468624820e-01
9.998620773026604125e-01
9.999497812937458985e-01
9.999809828548895663e-01
9.999911416219993132e-01
9.999944165151390951e-01
9.999956337413604679e-01
9.999962419808625658e-01
9.999966445589437702e-01
9.999969558675475545e-01
9.999972135255956740e-01
9.999974327814086239e-01
9.999976201550087040e-01
9.999977771202190890e-01
9.999979021446803173e-01
9.999979936017854287e-01
9.999833097116261893e-01
9.999729907048455768e-01
9.999546237953479411e-01
9.999243921097444865e-01
9.998773846437117863e-01
9.998076627720318132e-01
9.997087556466408564e-01
9.995746048737257361e-01
9.994008930993198980e-01
9.991865960128870627e-01
9.989354591742916067e-01
9.986569739367734400e-01
9.983663767525854382e-01
9.980832606329650414e-01
9.978285637319949108e-01
9.976199460092292082e-01
9.974658219263602410e-01
9.973585530175766989e-01
9.972675544844724627e-01
9.971334366397369697e-01
9.968648754742924778e-01
9.963406164397443643e-01
9.954194850284279195e-01
9.939608226899104837e-01
9.918556719069422378e-01
9.890651016234477400e-01
9.856571720483363608e-01
9.818302510299589114e-01
9.779102557238343874e-01
9.743145224383682468e-01
9.714847599333746864e-01
9.698027092112588843e-01
9.695101289095864328e-01
9.706556983880141320e-01
9.730840870131700626e-01
9.764686482525213318e-01
9.803737351248656973e-01
9.843234039209424191e-01
9.878606389470845350e-01
9.906079453198205487e-01
9.923596513298507116e-01
9.931972774722057640e-01
9.935255727326202102e-01
9.939063279242248417e-01
9.947340914695073089e-01
9.960070350167296027e-01
9.974007948183041261e-01
9.985565196314249992e-01
9.993077743292930748e-01
9.999791304233255351e-01
9.999676016495311348e-01
9.999472735608238017e-01
9.999134591497574887e-01
9.998596079803115932e-01
9.997768920803772330e-01
9.996540293849833780e-01
9.994774906733960851e-01
9.992322257564709709e-01
9.989030258311439869e-01
9.984765633537480145e-01
9.979440063591613619e-01
9.973039130390290996e-01
9.965649157156502014e-01
9.957475528879754512e-01
9.948845550789040537e-01
9.940189680980435760e-01
9.931997053120271701e-01
9.924744197455499517e-01
9.918799156974142939e-01
9.914306275442045235e-01
9.911059812488174359e-01
9.908377964050918418e-01
9.904994088569056832e-01
9.898989849537037644e-01
9.887804708106323615e-01
9.868363769786924200e-01
9.837364176840137642e-01
9.791740661685139901e-01
9.729288706534203746e-01
9.649363461642895823e-01
9.553511179294991162e-01
9.445853795560892330e-01
9.333061387052272728e-01
9.223820971415925829e-01
9.127828494222615108e-01
9.054457840697739401e-01
9.011354651666187987e-01
9.003234343633172987e-01
9.031125668131609885e-01
9.092204368802792036e-01
9.180225273137609943e-01
9.286410727211691363e-01
9.400536641390566661e-01
9.511966743793208723e-01
9.610615346883675247e-01
9.688186984023017256e-01
9.740106826845579269e-01
9.767788087885680426e-01
9.779560074063445851e-01
9.788260215733084468e-01
9.805545396516561762e-01
9.836175063172797328e-01
9.876400339238299297e-01
9.917534838944807030e-01
9.951628052545855585e-01
9.975094017564494209e-01
9.988714443957125155e-01
9.995455417879296478e-01
9.998328913993494993e-01
9.999397883234508733e-01
9.999753516006271159e-01
9.999865371396235991e-01
9.999902970993060913e-01
9.999919151313509946e-01
9.999928736282543973e-01
9.999935767132743791e-01
9.999941459723828974e-01
9.999946274513459299e-01
9.999950437966039773e-01
9.999954085458180320e-01
9.999957306548731273e-01
9.999960158105474228e-01
9.999962662565530236e-01
9.999964802906943229e-01
9.999966531679974624e-01
9.999967806335208209e-01
9.999972097482807687e-01
9.999970611534521048e-01
9.999968122074162080e-01
9.999963939421916415e-01
9.999956694372342803e-01
9.999943754608124902e-01
9.999920290233582643e-01
9.999877803467103199e-01
9.999801900715998837e-01
9.999669091386299558e-01
9.999442468135459894e-01
9.999066294731617788e-01
9.998459837991837684e-01
9.997511243772864153e-01
9.996072839715426372e-01
9.993959844978891338e-01
9.990954894754209281e-01
9.986820796538536937e-01
9.981323268968510520e-01
9.974263899077101536e-01
9.965521209817406190e-01
9.955094854420512007e-01
9.943145132621311610e-01
9.930018021060992295e-01
9.916245449264240452e-01
9.902512039659447929e-01
9.889582845698550173e-01
9.878191113510614851e-01
9.868889851367124155e-01
9.861875378192079822e-01
9.856795234045063747e-01
9.852558159452827757e-01
9.847172205220158236e-01
9.837649552667826480e-01
9.820031500385365542e-01
9.789597646923519081e-01
9.741318089355457399e-01
9.670573918544401737e-01
9.574103567115419544e-01
9.451040381765616338e-01
9.303819346061836804e-01
9.138689485966637882e-01
8.965607366933475708e-01
8.797411276084734499e-01
8.648351205581407131e-01
8.532216297373949043e-01
8.460402265084014939e-01
8.440271040270703740e-01
8.474085276959144597e-01
8.558681703611595859e-01
8.685902807436715056e-01
8.843646544225519657e-01
9.017249529456627943e-01
9.190893178383046092e-01
9.348965774120244765e-01
9.477803831414304270e-01
9.568463282241752577e-01
9.620319933295067294e-01
9.643393531472109759e-01
9.656221772442497020e-01
9.678261969454575731e-01
9.720522789594222557e-01
9.780836657479387020e-01
9.847160309152347413e-01
9.905921519629297123e-01
9.949041679966152962e-01
9.975700301961695216e-01
9.989747269517967876e-01
9.996115101088055566e-01
9.998624252334655793e-01
9.999497615117375338e-01
9.999775271352158157e-01
9.999862328691144775e-01
9.999893641547880074e-01
9.999908811632731709e-01
9.999918659322462045e-01
9.999926208948900497e-01
9.999932446083996673e-01
9.999937780968227719e-01
9.999942429517019171e-01
9.999946526856959839e-01
9.999950167873266071e-01
9.999953424137227875e-01
9.999956351981176272e-01
9.999958996893436591e-01
9.999961396222127874e-01
9.999963581003316060e-01
9.999965577276253015e-01
9.999967407066283620e-01
9.999969089136270251e-01
9.999970639563142694e-01
9.999972072140337342e-01
9.999973398456000195e-01
9.999974627128933591e-01
9.999975761238394378e-01
9.999976793526454966e-01
9.999977702086398912e-01
9.999978453484488217e-01
9.999979018336719871e-01
