3.065935090123919053e+03 9.978870903562085948e-01 1.237941226635532778e-02 1.397967800733500189e+04
3.065943472453470804e+03 9.993127475133205539e-01 1.239342817145581629e-02 1.401493743570531115e+04
3.065951854783022554e+03 1.000704629127142420e+00 1.240779774901415097e-02 1.404860581509980875e+04
3.065960237112574305e+03 1.002047635175554730e+00 1.242241695576112165e-02 1.408050354368871012e+04
3.065968619442126055e+03 1.001549825926941084e+00 1.242384978292293898e-02 1.408546188508763771e+04
3.065977001771678260e+03 9.986344109183128426e-01 1.240783194920967898e-02 1.405533724413771779e+04
3.065985384101230011e+03 9.978533989746213306e-01 1.239090203303773972e-02 1.405421080592555518e+04
3.065993766430781761e+03 9.999308333891149259e-01 1.237237746610046069e-02 1.409239120987858587e+04
3.066002148760333512e+03 9.989117103337854520e-01 1.235375897059695464e-02 1.408601427471853458e+04
3.066010531089885262e+03 9.934996802528741622e-01 1.233462713870211482e-02 1.401675765939998928e+04
3.066018913419437013e+03 9.921242947881834251e-01 1.232438309654061009e-02 1.400356109358999674e+04
3.066027295748988763e+03 9.966417100705146082e-01 1.232679471643700897e-02 1.407275169706605629e+04
3.066035678078540514e+03 9.990995407203030476e-01 1.234049542786133484e-02 1.411212762810059394e+04
3.066044060408092264e+03 9.979520343243056812e-01 1.237321600385282543e-02 1.409985348122323012e+04
3.066052442737644014e+03 9.991887376871416704e-01 1.241656834697555702e-02 1.412057217244647654e+04
3.066060825067195765e+03 1.004690587485129072e+00 1.247862495592201755e-02 1.420092961254280817e+04
3.066069207396747970e+03 1.004861394470714098e+00 1.246249578985607863e-02 1.420532997450559014e+04
3.066077589726299720e+03 9.949344410169470576e-01 1.229835733565358934e-02 1.406638824260557340e+04
3.066085972055851471e+03 9.895540246408314200e-01 1.220780367495994181e-02 1.399117081937753392e+04
3.066094354385403221e+03 9.930935576656132469e-01 1.226176796878928471e-02 1.404157315439961712e+04
3.066102736714954972e+03 9.957329978582859509e-01 1.229506816922365867e-02 1.407879179264209415e+04
3.066111119044506722e+03 9.962016616868387686e-01 1.227902553719149512e-02 1.408489637165457862e+04
3.066119501374058473e+03 9.976853128407588978e-01 1.229676659533639367e-02 1.410496764148550028e+04
3.066127883703610223e+03 1.001638383390523135e+00 1.239759712227746745e-02 1.415960042886962037e+04
3.066136266033161974e+03 1.003521371554387365e+00 1.244911604889387992e-02 1.418465516049696453e+04
3.066144648362713724e+03 9.999886573892933228e-01 1.237204972616768803e-02 1.413289044655671751e+04
3.066153030692265474e+03 9.972537924744694360e-01 1.232016013615630512e-02 1.409215993040606736e+04
3.066161413021817680e+03 9.966661367102619407e-01 1.233662760325664534e-02 1.408153905133491207e+04
3.066169795351369430e+03 9.958789905934770648e-01 1.234201989464486088e-02 1.406787732955584397e+04
3.066178177680921181e+03 9.944885436863935002e-01 1.231522039536698220e-02 1.404548739453667622e+04
3.066186560010472931e+03 9.940139838876279610e-01 1.230186308937098773e-02 1.403584030494380204e+04
3.066194942340024681e+03 9.962810140738931342e-01 1.232881546623071541e-02 1.406471575776902137e+04
3.066203324669576432e+03 9.970467201435617710e-01 1.232380173393849039e-02 1.407221635011740545e+04
3.066211706999128182e+03 9.921125115641509229e-01 1.219775953165573752e-02 1.399912648579732559e+04
3.066220089328679933e+03 9.870003293391192978e-01 1.208783517977379124e-02 1.392341840102261995e+04
3.066228471658231683e+03 9.811511315733474348e-01 1.204228252840747887e-02 1.383722556938329399e+04
3.066236853987783434e+03 9.762953987717232218e-01 1.200449137438884192e-02 1.376497036393718736e+04
3.066245236317335184e+03 9.756593035431947447e-01 1.199954413251312982e-02 1.375212996372541420e+04
3.066253618646886935e+03 9.753494815816223795e-01 1.199430716395488358e-02 1.374380580549229308e+04
3.066262000976439140e+03 9.765031815650256908e-01 1.198748188824570564e-02 1.375602790055109108e+04
3.066270383305990890e+03 9.767200158856428338e-01 1.196009813869021790e-02 1.375498708280294341e+04
3.066278765635542641e+03 9.723534400730722282e-01 1.183237728286275561e-02 1.368937032909810114e+04
3.066287147965094391e+03 9.700075914321963921e-01 1.174345630258123024e-02 1.365219859405456918e+04
3.066295530294646142e+03 9.782298599494013702e-01 1.185764061029573671e-02 1.376372159000483225e+04
3.066303912624197892e+03 9.855281140590004263e-01 1.195874663152650744e-02 1.386217125271423538e+04
3.066312294953749642e+03 9.875934477465526662e-01 1.198579910895943013e-02 1.388698363200921449e+04
3.066320677283301393e+03 9.898872459954551895e-01 1.201293087126099543e-02 1.391501132184892595e+04
3.066329059612853143e+03 9.935742898009914947e-01 1.204054438392459028e-02 1.396263381642411696e+04
3.066337441942404894e+03 9.971414036599762776e-01 1.207021829491567409e-02 1.400858935482689776e+04
3.066345824271956644e+03 9.999198467750871622e-01 1.211367957108460194e-02 1.404350154836799447e+04
3.066354206601508849e+03 1.002697682949946767e+00 1.215196421398261062e-02 1.407845936139360128e+04
3.066362588931060600e+03 1.005494162951712456e+00 1.215299321391814444e-02 1.411374751848171036e+04
3.066370971260612350e+03 1.008069100190935652e+00 1.215580812783524645e-02 1.414600997373228711e+04
3.066379353590164101e+03 1.008918839403382117e+00 1.217346878649479790e-02 1.415416917226616533e+04
3.066387735919715851e+03 1.009530074935281352e+00 1.218769345929691418e-02 1.415911017788402933e+04
3.066396118249267602e+03 1.008104349159830937e+00 1.217237871296817688e-02 1.413563177069924313e+04
3.066404500578819352e+03 1.006897192518265705e+00 1.216168991268090811e-02 1.411538788420652963e+04
3.066412882908371103e+03 1.007957171355620352e+00 1.219800287639087946e-02 1.412710148705050597e+04
3.066421265237922853e+03 1.009146731637992955e+00 1.223174027595513337e-02 1.414081306182419758e+04
3.066429647567474603e+03 1.011916717149700107e+00 1.223816113699705867e-02 1.417686225659020965e+04
3.066438029897026354e+03 1.014400655045689881e+00 1.224112957715655509e-02 1.420910737617143241e+04
3.066446412226578559e+03 1.013383192675844313e+00 1.220196388634322768e-02 1.419253485447002095e+04
3.066454794556130310e+03 1.012611308760807960e+00 1.216933132193083987e-02 1.417965110154351351e+04
3.066463176885682060e+03 1.015773863475639693e+00 1.223785831053859734e-02 1.422211670033857808e+04
3.066471559215233810e+03 1.018717428421147320e+00 1.230164895222757120e-02 1.426178011288577727e+04
3.066479941544785561e+03 1.018040605287840350e+00 1.228396006304098738e-02 1.425104431894809568e+04
3.066488323874337311e+03 1.017273515995532174e+00 1.226483577054598637e-02 1.423934926593366072e+04
3.066496706203889062e+03 1.014953302605266838e+00 1.221927133081263800e-02 1.420623301198672925e+04
3.066505088533440812e+03 1.012630404616019053e+00 1.217407374227442995e-02 1.417341089367651512e+04
3.066513470862992563e+03 1.010898470586465425e+00 1.214770343619167234e-02 1.414919392159349263e+04
3.066521853192544313e+03 1.009229282482417611e+00 1.212226799733357417e-02 1.412617987970239847e+04
3.066530235522096064e+03 1.011149191365475319e+00 1.214755684002794857e-02 1.415372015087924228e+04
3.066538617851647814e+03 1.013033139488663359e+00 1.217222076344801583e-02 1.418107003525889922e+04
3.066547000181200019e+03 1.013896314538714982e+00 1.217047296307180275e-02 1.419443611632620014e+04
3.066555382510751770e+03 1.014731420994796407e+00 1.216840720289812106e-02 1.420770681876067465e+04
3.066563764840303520e+03 1.013672146460511181e+00 1.214815052712289040e-02 1.419474044950328243e+04
3.066572147169855270e+03 1.012593208951349855e+00 1.212766034008837777e-02 1.418177408024589022e+04
3.066580529499407021e+03 1.012672231519947674e+00 1.216476386962333026e-02 1.418529482878921590e+04
3.066588911828958771e+03 1.012739725691242709e+00 1.220198785453630377e-02 1.418891823060954448e+04
3.066597294158510522e+03 1.014000281290975636e+00 1.218380469619885324e-02 1.420951679216529919e+04
3.066605676488062272e+03 1.015251862209485045e+00 1.216465388849422187e-02 1.423024574424898492e+04
3.072410314063866281e+03 9.983783784148260176e-01 1.096976107866642035e-02 1.582715312813919263e+04
3.072418136549616520e+03 9.980456420610169799e-01 1.096478095048489428e-02 1.582282347054227102e+04
3.072425959035366759e+03 9.998136880782577673e-01 1.096244588028999663e-02 1.585173869874774391e+04
3.072433781521116998e+03 9.993160155799618583e-01 1.097704881756699641e-02 1.584467226901834510e+04
3.072441604006867692e+03 9.971299043774571880e-01 1.100429032682007958e-02 1.581077350527001909e+04
3.072449426492617931e+03 9.976081806697523202e-01 1.099999872530420773e-02 1.581906296282537005e+04
3.072457248978368170e+03 1.000319784370959697e+00 1.096928717859038324e-02 1.586271194953708618e+04
3.072465071464118409e+03 9.999714012557499032e-01 1.094653145852218443e-02 1.585778307506591409e+04
3.072472893949868649e+03 9.967443707539574982e-01 1.093126161228467376e-02 1.580714807718566226e+04
3.072480716435618888e+03 1.001571057688896538e+00 1.096424260993010893e-02 1.588418341668922767e+04
3.072488538921369127e+03 1.014899841652715962e+00 1.104815947152138107e-02 1.609601267098474091e+04
3.072496361407119821e+03 1.024074576744680165e+00 1.111411425725169523e-02 1.624191868336553853e+04
3.072504183892870060e+03 1.028905822304431616e+00 1.116128661779707335e-02 1.631889200292257738e+04
3.072512006378620299e+03 1.033702332756406994e+00 1.131079875490236496e-02 1.639526884275877092e+04
3.072519828864370538e+03 1.038457532927238303e+00 1.158041745681097183e-02 1.647094558627241349e+04
3.072527651350120777e+03 1.032708131535052809e+00 1.158837870509141568e-02 1.637996285804204490e+04
3.072535473835871016e+03 1.013103822171132151e+00 1.125124686327626244e-02 1.606917609925400575e+04
3.072543296321621710e+03 1.001387549870728311e+00 1.103816799520006275e-02 1.588345717441290435e+04
3.072551118807371950e+03 9.999716149908036700e-01 1.098708348222129060e-02 1.586107440546102589e+04
3.072558941293122189e+03 9.988254710129060854e-01 1.094873066896215504e-02 1.584293152712788287e+04
3.072566763778872428e+03 9.980746626143726097e-01 1.092907945047517579e-02 1.583102136695866648e+04
3.072574586264622667e+03 9.978748027899899675e-01 1.092625480204410457e-02 1.582781359605291618e+04
3.072582408750372906e+03 9.985874707543376250e-01 1.095133114100427761e-02 1.583904467309036590e+04
3.072590231236123600e+03 9.990910779577500955e-01 1.096230868045434785e-02 1.584692575403264709e+04
3.072598053721873839e+03 9.992498958748629034e-01 1.095011629022426755e-02 1.584930536728339393e+04
3.072605876207624078e+03 1.006558956763101920e+00 1.102168817443415459e-02 1.596506391869247091e+04
3.072613698693374317e+03 1.027164991057650578e+00 1.124903407420138092e-02 1.629169067200233985e+04
3.072621521179124557e+03 1.034966488911744253e+00 1.133665750167278316e-02 1.641519152197725634e+04
3.072629343664874796e+03 1.015663132208726394e+00 1.112851394068146808e-02 1.610876799763080635e+04
3.072637166150625035e+03 1.001509480176922207e+00 1.098576420874802263e-02 1.588400317020868533e+04
3.072644988636375729e+03 9.981347529923745299e-01 1.097989340373372279e-02 1.583017315239489108e+04
3.072652811122125968e+03 9.959074062053695497e-01 1.097205944249644155e-02 1.579451884071605673e+04
3.072660633607876207e+03 9.964271129670433380e-01 1.095949884049284007e-02 1.580240990997753397e+04
3.072668456093626446e+03 9.967494147338299415e-01 1.095219702569724674e-02 1.580714946881347896e+04
3.072676278579376685e+03 9.965236756045835476e-01 1.095940552720997205e-02 1.580317855331861210e+04
3.072684101065126924e+03 9.964662412358687993e-01 1.096928295349769433e-02 1.580185888259980857e+04
3.072691923550877618e+03 9.968662889363728574e-01 1.098642397435265275e-02 1.580777719958844500e+04
3.072699746036627857e+03 9.975965869291389954e-01 1.101130297723506256e-02 1.581891670862932733e+04
3.072707568522378097e+03 9.993745588808381486e-01 1.106075580626120040e-02 1.584665414703364331e+04
3.072715391008128336e+03 1.000711601365576131e+00 1.109013486296400730e-02 1.586738589173835680e+04
3.072723213493878575e+03 1.000663268954603113e+00 1.105650868062713239e-02 1.586613907523776288e+04
3.072731035979628814e+03 1.000347683796294573e+00 1.103222472879696568e-02 1.586064499946294563e+04
3.072738858465379053e+03 9.990422749156083748e-01 1.104246540159072899e-02 1.583944929945905642e+04
3.072746680951129747e+03 9.974894287558538908e-01 1.104688639298221850e-02 1.581432470625557471e+04
3.072754503436879986e+03 9.948386025722191217e-01 1.102549498354076472e-02 1.577178877718891454e+04
3.072762325922630225e+03 9.922656486325068803e-01 1.100838530979724068e-02 1.573048546794370850e+04
3.072770148408380464e+03 9.900318521216813217e-01 1.100994357227243724e-02 1.569455805517052249e+04
3.072777970894130704e+03 9.877635454234748869e-01 1.100649115054916014e-02 1.565808394698354095e+04
3.072785793379880943e+03 9.853109496272463019e-01 1.097627138413993612e-02 1.561869029713175041e+04
3.072793615865631637e+03 9.829784773461289760e-01 1.095102947738099686e-02 1.558120395548533816e+04
3.072801438351381876e+03 9.812768426496877305e-01 1.095190626761859305e-02 1.555372110415531824e+04
3.072809260837132115e+03 9.792341681672719345e-01 1.094808014508827192e-02 1.552083782085326857e+04
3.072817083322882354e+03 9.749373853510454602e-01 1.091315824770156678e-02 1.545223480324050797e+04
3.072824905808632593e+03 9.703306437975395271e-01 1.087426325478937222e-02 1.537872948709783122e+04
3.072832728294382832e+03 9.637197084999075125e-01 1.080966795174525055e-02 1.527347253053340683e+04
3.072840550780133071e+03 9.569907182547120472e-01 1.074290335021314303e-02 1.516635952714765335e+04
3.072848373265883765e+03 9.492618331124882403e-01 1.065771071880983363e-02 1.504341679109206234e+04
3.072856195751634004e+03 9.414714804852692964e-01 1.056943616130956790e-02 1.491951806091475555e+04
3.072864018237384244e+03 9.331783164180261769e-01 1.045562800522708419e-02 1.478767061551043480e+04
3.072871840723134483e+03 9.251738692012005938e-01 1.034700126553579624e-02 1.466041871268943032e+04
3.072879663208884722e+03 9.205698202838777933e-01 1.029931884186013544e-02 1.458706961356323700e+04
3.072887485694634961e+03 9.166364323951287085e-01 1.026002387507865370e-02 1.452436650980967170e+04
3.072895308180385655e+03 9.203277974111941928e-01 1.031606746314630424e-02 1.458249644481440009e+04
3.072903130666135894e+03 9.241945496967055584e-01 1.037225549878590877e-02 1.464342025759498028e+04
3.072910953151886133e+03 9.299986816277651114e-01 1.043012899151841630e-02 1.473505651705864693e+04
3.072918775637636372e+03 9.359452630835679576e-01 1.049132675130481050e-02 1.482896620041874485e+04
3.072926598123386611e+03 9.443760558077639589e-01 1.061029782716614751e-02 1.496225259049150372e+04
3.072934420609136851e+03 9.525647393609242286e-01 1.072517125255414462e-02 1.509172148502689924e+04
3.072942243094887090e+03 9.567654967670025101e-01 1.077243419520970517e-02 1.515803001686570497e+04
3.072950065580637784e+03 9.610305082361455531e-01 1.082087123237918808e-02 1.522538059133487150e+04
3.072957888066388023e+03 9.675608452144207616e-01 1.091034586077562971e-02 1.532864541565274885e+04
3.072965710552138262e+03 9.739849685836908799e-01 1.099631472405696725e-02 1.543025413097621094e+04
3.072973533037888501e+03 9.770965976598966485e-01 1.097182234408873233e-02 1.547941395602886769e+04
3.072981355523638740e+03 9.802795551935009621e-01 1.095159031258868473e-02 1.552973488929931409e+04
3.072989178009388979e+03 9.856066848172173600e-01 1.105676411016465882e-02 1.561405667647694827e+04
3.072997000495139673e+03 9.909080568490659102e-01 1.116128717944299756e-02 1.569800460432108594e+04
3.073004822980889912e+03 9.906411129263364979e-01 1.111794259294251325e-02 1.569377513719625495e+04
3.073012645466640151e+03 9.903930615913404401e-01 1.107497070064706809e-02 1.568988255019888311e+04
3.073020467952390391e+03 9.933264761377955665e-01 1.109174618898548306e-02 1.573643010548986604e+04
3.073028290438140630e+03 9.962573085092900627e-01 1.110849303974813414e-02 1.578297766078084896e+04
3.073036112923890869e+03 9.994752874618769711e-01 1.116602077075029217e-02 1.583411690965516573e+04
3.073043935409641108e+03 1.002697032837726043e+00 1.122444175989685718e-02 1.588536024163750153e+04
3.073051757895391802e+03 9.983097967195141420e-01 1.117616655669156391e-02 1.581610157015233563e+04
3.073059580381142041e+03 9.937665507074902038e-01 1.112571129860539902e-02 1.574441469340462027e+04
3.073067402866892280e+03 9.968709121567477238e-01 1.111051992822809607e-02 1.579393687473566933e+04
3.073075225352642519e+03 1.000107069821605688e+00 1.109591798602065083e-02 1.584559793003241612e+04
3.073083047838392758e+03 9.964590474969526879e-01 1.107852772192887379e-02 1.578823630560366291e+04
3.073090870324142998e+03 9.924751862332671370e-01 1.106096942059471566e-02 1.572560105803749502e+04
3.073098692809893691e+03 9.964494183666245952e-01 1.112175174634507172e-02 1.578911284892206822e+04
3.073106515295643931e+03 1.000783998046523626e+00 1.118607562251889599e-02 1.585839295281671366e+04
3.073114337781394170e+03 1.000249619854906902e+00 1.115322876570322419e-02 1.585057723003838146e+04
3.073122160267144409e+03 9.995020613670104748e-01 1.111615938919063157e-02 1.583943903848364425e+04
3.073129982752894648e+03 9.993613323603632859e-01 1.112977045485076880e-02 1.583797472132039184e+04
3.073137805238644887e+03 9.992415881237077802e-01 1.114539133602789577e-02 1.583690197296651240e+04
3.073145627724395126e+03 9.984970452266077601e-01 1.114571671424687514e-02 1.582598661057840764e+04
3.073153450210145820e+03 9.977035959106251850e-01 1.114489106998922327e-02 1.581435649261783510e+04
3.073161272695896059e+03 9.973327686993319618e-01 1.113575168779428956e-02 1.580948722008212826e+04
3.073169095181646298e+03 9.969877174350875171e-01 1.112599057594674916e-02 1.580509019243531475e+04
3.073176917667396538e+03 9.967057412883295608e-01 1.112981785904249878e-02 1.580175809318425854e+04
3.073184740153146777e+03 9.964240871356722096e-01 1.113451204559554909e-02 1.579849744608779838e+04
3.073192562638897016e+03 9.963439052310540944e-01 1.110653838009922380e-02 1.579849905479201516e+04
3.073200385124647710e+03 9.962725843924833402e-01 1.107642135674198440e-02 1.579871060805986235e+04
3.073208207610397949e+03 9.971394708987547650e-01 1.110194653966759155e-02 1.581387217660866918e+04
3.073216030096148188e+03 9.980940222826517605e-01 1.113287377398755780e-02 1.583049904466758198e+04
3.073223852581898427e+03 9.958869391240486868e-01 1.108972477716360476e-02 1.579705179820710146e+04
3.073231675067648666e+03 9.933753604464156117e-01 1.103949258529359628e-02 1.575884188828007609e+04
3.073239497553398905e+03 9.924113057863551690e-01 1.107172961643460192e-02 1.574525206502284163e+04
3.073247320039149145e+03 9.915856933000506412e-01 1.111151409971013714e-02 1.573393286899455416e+04
3.073255142524899838e+03 9.920463688017232551e-01 1.109113093482756718e-02 1.574310170472068057e+04
3.073262965010650078e+03 9.926172475240986337e-01 1.106532649476395756e-02 1.575410127127345186e+04
3.073270787496400317e+03 9.937256085916260639e-01 1.108787902192852164e-02 1.577371600953654161e+04
3.073278609982150556e+03 9.948961099163641242e-01 1.111640022750533946e-02 1.579440453976257777e+04
3.073286432467900795e+03 9.931224625423682451e-01 1.109828246462928394e-02 1.576843611601145312e+04
3.073294254953651034e+03 9.909866833418476961e-01 1.107444764159988375e-02 1.573679437078079718e+04
3.073302077439401728e+03 9.962947225182576805e-01 1.116349068085625319e-02 1.582345404329461962e+04
3.073309899925151967e+03 1.002478636069223716e+00 1.126583255566819541e-02 1.592414068437849892e+04
3.073317722410902206e+03 1.000616162655001862e+00 1.124366107651386670e-02 1.589711290492148510e+04
3.073325544896652445e+03 9.978197576238759803e-01 1.120705715122500244e-02 1.585532653725677483e+04
3.073333367382402685e+03 9.977238789877429515e-01 1.121054494259591389e-02 1.585653611042180273e+04
3.228732504198953848e+03 1.000129364696057621e+00 8.016571900761404815e-03 2.200088135388209776e+04
3.228741915740348304e+03 9.976829590155118499e-01 7.978759170422383001e-03 2.199443208186863558e+04
3.228751327281742306e+03 9.948184769179672093e-01 7.934950809399189675e-03 2.197554867008525980e+04
3.228760738823136762e+03 9.942023269709607813e-01 7.939447367324365887e-03 2.200331989083157168e+04
3.228770150364531219e+03 9.955612210871473966e-01 7.986229635450139627e-03 2.207208035927201126e+04
3.228779561905925675e+03 9.968771817176188543e-01 7.994957162792949712e-03 2.213734425685327733e+04
3.228788973447320132e+03 9.981514932020660869e-01 7.967124355706357505e-03 2.219923273236835666e+04
3.228798384988714588e+03 9.984563547680715967e-01 7.959414416842792647e-03 2.223717613981760223e+04
3.228807796530109044e+03 9.977260991687399994e-01 7.972860766630941037e-03 2.224972476303094300e+04
3.228817208071503501e+03 9.981576956188128458e-01 7.982972279774248545e-03 2.228595345901546170e+04
3.228826619612897957e+03 9.999175459931198828e-01 7.989048485460174126e-03 2.234977950858406621e+04
3.228836031154292414e+03 1.000457139286462072e+00 7.986891902295806950e-03 2.238437699870037250e+04
3.228845442695686870e+03 9.995744129823280755e-01 7.975112710833559895e-03 2.238524298056798216e+04
3.228854854237081327e+03 9.995671623179934739e-01 7.974399813803842094e-03 2.240390400088358365e+04
3.228864265778475783e+03 1.000641727706624851e+00 7.987483609174013399e-03 2.244514591225917684e+04
3.228873677319870239e+03 1.000372250260184392e+00 7.987072731164120143e-03 2.245467556135312407e+04
3.228883088861264696e+03 9.981964605975522931e-01 7.967590867382971093e-03 2.241991044630203396e+04
3.228892500402659152e+03 9.975921158403137090e-01 7.953526324804881600e-03 2.241904300863929529e+04
3.228901911944053154e+03 9.993655335841838960e-01 7.947479258920513850e-03 2.247037330498570373e+04
3.228911323485447610e+03 1.000692303625937196e+00 7.950852027278965117e-03 2.251054985334974481e+04
3.228920735026842067e+03 1.001308612229284023e+00 7.968314971209106840e-03 2.253372541030287539e+04
3.228930146568236523e+03 1.001985579868090781e+00 7.974282131249703018e-03 2.255734626536815631e+04
3.228939558109630980e+03 1.002731931130697030e+00 7.960659048170219687e-03 2.258171676267832299e+04
3.228948969651025436e+03 1.002351581088350985e+00 7.938033091552939430e-03 2.258000071501001003e+04
3.228958381192419893e+03 9.998403388049036389e-01 7.898369488410522665e-03 2.252965617770566314e+04
3.228967792733814349e+03 9.979508787128967828e-01 7.871948376932377811e-03 2.249279780855510398e+04
3.228977204275208805e+03 9.971828791544091741e-01 7.869732776233534857e-03 2.248081160602805903e+04
3.228986615816603262e+03 9.972285694957797597e-01 7.872131242642492130e-03 2.248688406508342086e+04
3.228996027357997718e+03 9.989217812488196957e-01 7.883833485860107168e-03 2.252994167288990866e+04
3.229005438899392175e+03 9.997439397601918243e-01 7.885791409930393084e-03 2.255329913761364514e+04
3.229014850440786631e+03 9.985712354373913469e-01 7.865454613680530893e-03 2.253167538152724592e+04
3.229024261982181088e+03 9.969997134282786444e-01 7.840787978262198782e-03 2.250107821023431461e+04
3.229033673523575544e+03 9.945299467168043916e-01 7.806358627984955924e-03 2.245022592105445074e+04
3.229043085064970001e+03 9.916013987282803477e-01 7.770949820424134097e-03 2.238902573056639085e+04
3.229052496606364457e+03 9.875146482060576103e-01 7.733063056371180383e-03 2.230167328596540392e+04
3.229061908147758459e+03 9.825848112180736171e-01 7.693896586488950702e-03 2.219526716590650540e+04
3.229071319689152915e+03 9.752556158590742763e-01 7.651079090439114397e-03 2.203463054616408408e+04
3.229080731230547372e+03 9.688413087269445167e-01 7.604768203244936103e-03 2.189462263955022354e+04
3.229090142771941828e+03 9.649936568026811212e-01 7.548626327693941547e-03 2.181259144389234643e+04
3.229099554313336284e+03 9.617814393306887144e-01 7.506440794939745614e-03 2.174491125040357292e+04
3.229108965854730741e+03 9.605911480239726075e-01 7.508658102882020263e-03 2.172294420719156551e+04
3.229118377396125197e+03 9.607905673159939930e-01 7.519189200217268020e-03 2.173241946760811697e+04
3.229127788937519654e+03 9.660505970021422417e-01 7.560010545411506577e-03 2.185640914587510633e+04
3.229137200478914110e+03 9.718508933840410702e-01 7.603855081274000192e-03 2.199269653817379367e+04
3.229146612020308567e+03 9.795983837459402155e-01 7.658613621762173744e-03 2.217313434195472291e+04
3.229156023561703023e+03 9.862527250460479955e-01 7.708211885019737586e-03 2.232891781930076104e+04
3.229165435103097479e+03 9.883904361846439501e-01 7.736521644870081489e-03 2.238250220455406088e+04
3.229174846644491936e+03 9.909824494902415015e-01 7.765251115331945307e-03 2.244640964126297695e+04
3.229184258185886392e+03 9.954326250726568404e-01 7.795745111974000142e-03 2.255245136810105760e+04
3.229193669727280849e+03 9.991189109352307529e-01 7.817955536481666079e-03 2.264123622862620687e+04
3.229203081268675305e+03 9.991709951014449143e-01 7.800722085015493294e-03 2.264769056403787545e+04
3.229212492810069307e+03 9.994552115557657768e-01 7.788188241803562992e-03 2.265941166742169662e+04
3.229221904351463763e+03 1.000828683430668775e+00 7.797667575752060924e-03 2.269583846624452781e+04
3.229231315892858220e+03 1.002076091312730011e+00 7.802765280908005759e-03 2.272942017593966739e+04
3.229240727434252676e+03 1.002624551286376953e+00 7.783486945981982902e-03 2.274715565005389362e+04
3.229250138975647133e+03 1.003268686513055563e+00 7.770617971646081798e-03 2.276706432700788719e+04
3.229259550517041589e+03 1.004436116348496499e+00 7.792727389161022145e-03 2.279885210530564291e+04
3.229268962058436045e+03 1.005424626534733523e+00 7.806566575071348206e-03 2.282658278771457481e+04
3.229278373599830502e+03 1.005229443369954900e+00 7.765675151907334463e-03 2.282743465561370977e+04
3.229287785141224958e+03 1.004867796033085625e+00 7.728147596235719098e-03 2.282449253738589323e+04
3.229297196682619415e+03 1.003423734500501263e+00 7.712308242197721264e-03 2.279694242974451117e+04
3.229306608224013871e+03 1.002111883301849637e+00 7.698121544115118890e-03 2.277236720495611371e+04
3.229316019765408328e+03 1.001859475263964683e+00 7.697206575190172241e-03 2.277184282343226369e+04
3.229325431306802784e+03 1.001689575016452061e+00 7.695000124179491793e-03 2.277317365815422818e+04
3.229334842848197241e+03 1.002164146827958291e+00 7.682565424968283360e-03 2.278913824954925076e+04
3.229344254389591697e+03 1.002542452730303291e+00 7.668910998447810677e-03 2.280289663773129723e+04
3.229353665930986153e+03 1.001929061507983887e+00 7.642657462726765508e-03 2.279407430511077473e+04
3.229363077472380155e+03 1.001427183177618030e+00 7.619325182552668871e-03 2.278775814369259388e+04
3.229372489013774612e+03 1.002020720980234314e+00 7.624829933504673370e-03 2.280634263940903111e+04
3.229381900555169068e+03 1.002573124155201389e+00 7.629584164461311775e-03 2.282397307533734784e+04
3.229391312096563524e+03 1.002551294749603583e+00 7.623973551593682223e-03 2.282851437455228734e+04
3.229400723637957981e+03 1.002319442905461377e+00 7.616412136511393691e-03 2.282825737597318584e+04
3.229410135179352437e+03 9.993057364924727848e-01 7.582995872314780665e-03 2.276461593852246006e+04
3.229419546720746894e+03 9.968900100802783326e-01 7.555725779411930944e-03 2.271456380867493135e+04
3.229428958262141350e+03 1.002068490094967013e+00 7.606506621431576194e-03 2.283756134585822656e+04
3.229438369803535807e+03 1.006834585361118917e+00 7.652694916587627662e-03 2.295121322278236767e+04
3.229447781344930263e+03 1.003694771651157280e+00 7.610775321190426865e-03 2.288466229590943112e+04
3.229457192886324719e+03 1.000630682082549905e+00 7.570656974557914663e-03 2.281981884494955375e+04
3.229466604427719176e+03 9.989390787524404791e-01 7.563290548683779257e-03 2.278626808274080395e+04
3.229476015969113632e+03 9.973601306796623378e-01 7.557686198107097658e-03 2.275529138287379101e+04
3.229485427510508089e+03 9.977499257758002393e-01 7.582894683586598530e-03 2.276925181895008791e+04
3.229494839051902545e+03 9.981557326534675756e-01 7.607960226868109785e-03 2.278361138240380751e+04
3.229504250593297002e+03 9.991123407729199934e-01 7.629154418613653260e-03 2.281058449001721237e+04
3.229513662134691458e+03 1.000086591222830723e+00 7.649550953329248629e-03 2.283800894957687342e+04
3.229523073676085460e+03 1.001635583532142215e+00 7.647291295781234212e-03 2.287861444906828183e+04
3.229532485217479916e+03 1.003075221041945353e+00 7.645092757564720190e-03 2.291678542321682471e+04
3.229541896758874373e+03 1.001621285229873592e+00 7.644939113091818797e-03 2.288890026414506065e+04
3.229551308300268829e+03 1.000165542347892789e+00 7.644498200697914456e-03 2.286101473267936672e+04
3.229560719841663285e+03 9.987064900282572877e-01 7.622011463003193661e-03 2.283309864274518986e+04
3.229570131383057742e+03 9.972669797551825255e-01 7.599850638976265137e-03 2.280567867684852536e+04
3.229579542924452198e+03 9.973017417914867844e-01 7.600608390142609208e-03 2.281203444246669824e+04
3.229588954465846655e+03 9.973477824827475802e-01 7.600833157982195450e-03 2.281872262337648863e+04
3.229598366007241111e+03 9.982346925973030194e-01 7.571512264670127688e-03 2.284473314737152396e+04
3.229607777548635568e+03 9.991175333492076094e-01 7.542178679121034658e-03 2.287074367136655928e+04
3.229617189090030024e+03 9.997193223318533439e-01 7.556137402331809458e-03 2.289041676489928068e+04
3.229626600631424481e+03 1.000314948768384893e+00 7.570345883565870668e-03 2.291004779786352083e+04
3.241368482683210004e+03 1.000431009743137700e+00 4.939583699306989914e-03 2.296785913706924839e+04
3.241376853127309460e+03 1.000442917676418464e+00 4.948073060288969878e-03 2.296124784824470407e+04
3.241385223571408915e+03 1.000339822964077863e+00 4.948179827717858262e-03 2.294945582689122602e+04
3.241393594015507915e+03 1.000190677779054127e+00 4.942969771133559967e-03 2.293429353097247076e+04
3.241401964459607370e+03 1.000515610630960506e+00 4.948012460413009697e-03 2.292810145486755573e+04
3.241410334903706371e+03 1.001174111544398837e+00 4.960139544399535562e-03 2.292806093991638045e+04
3.241418705347805826e+03 1.002329491919591753e+00 4.968579527121262315e-03 2.293831211005584555e+04
3.241427075791905281e+03 1.003839667299217808e+00 4.974326432149477929e-03 2.295599952716727057e+04
3.241435446236004282e+03 1.003966726082820227e+00 4.971513269703675512e-03 2.294181137374307946e+04
3.241443816680103737e+03 1.002889720306346710e+00 4.961268524857957024e-03 2.290032776345678940e+04
3.241452187124202737e+03 1.003237530128570087e+00 4.965043804990317174e-03 2.289201510363138732e+04
3.241460557568302193e+03 1.004850647035470113e+00 4.981373177261380798e-03 2.291358949708574437e+04
3.241468928012401648e+03 1.005734822353756108e+00 4.991357229740764692e-03 2.291997406377366133e+04
3.241477298456500648e+03 1.005904777014565488e+00 4.995205739830103388e-03 2.291196029134292985e+04
3.241485668900600103e+03 1.006057081306193091e+00 4.998875070645147564e-03 2.290585606186699442e+04
3.241494039344699104e+03 1.006172867258074533e+00 5.002270690020382479e-03 2.290165594896692346e+04
3.241502409788798559e+03 1.005328999625610287e+00 4.998861642646804972e-03 2.287877589120261109e+04
3.241510780232898014e+03 1.003359737655441730e+00 4.987457920642052005e-03 2.283386797907848813e+04
3.241519150676997015e+03 1.002213304393273052e+00 4.979359304492921370e-03 2.281167555719119991e+04
3.241527521121096470e+03 1.002111903212799193e+00 4.975482845938058139e-03 2.281767468121931961e+04
3.241535891565195470e+03 1.001261182503588421e+00 4.972344945473515521e-03 2.281143098883260609e+04
3.241544262009294926e+03 9.994879814587916966e-01 4.970442150898364379e-03 2.278919167710019974e+04
3.241552632453394381e+03 9.983249885878648922e-01 4.968962309588044815e-03 2.278375705317897882e+04
3.241561002897493381e+03 9.982106510192342297e-01 4.969115935687103830e-03 2.280144449801610244e+04
3.241569373341592836e+03 9.974602979339430853e-01 4.961471479047068790e-03 2.280004598147025536e+04
3.241577743785691837e+03 9.958635908963219263e-01 4.942905570965244744e-03 2.277097980602380267e+04
3.241586114229791292e+03 9.951978697732640766e-01 4.932917003128737057e-03 2.275115619817732659e+04
3.241594484673890747e+03 9.959219516773490932e-01 4.936660467178885688e-03 2.274731595092634961e+04
3.241602855117989748e+03 9.967706782323944026e-01 4.939472315493206520e-03 2.272744407520143795e+04
3.241611225562089203e+03 9.970643006952019105e-01 4.936687076366036257e-03 2.267828191124918158e+04
3.241619596006188203e+03 9.978418439617304792e-01 4.936806459193319833e-03 2.262813379361892294e+04
3.241627966450287659e+03 9.988609133206188817e-01 4.939127713545545320e-03 2.257608081512026911e+04
3.241636336894387114e+03 9.998847322403612292e-01 4.943864750404264839e-03 2.252140409534754872e+04
3.241644707338486114e+03 1.000582421395272759e+00 4.951933751891531184e-03 2.246136166552051509e+04
3.241653077782585569e+03 1.001469252620651895e+00 4.959657720044910109e-03 2.241225840988013078e+04
3.241661448226684570e+03 1.002907503072613116e+00 4.967279484225381805e-03 2.238686244972263376e+04
3.241669818670784025e+03 1.003585404264655034e+00 4.973463934131476180e-03 2.236061056703598661e+04
3.241678189114883480e+03 1.003329917625345846e+00 4.980386148361718585e-03 2.233239046437684374e+04
3.241686559558982481e+03 1.002452089525308176e+00 4.980625922296386641e-03 2.230629694891519830e+04
3.241694930003081936e+03 1.001296837657066341e+00 4.969297442215993114e-03 2.228621718112170493e+04
3.241703300447180936e+03 1.000303750391157598e+00 4.961215807276359198e-03 2.227813857934521729e+04
3.241711670891280392e+03 1.000731231074741157e+00 4.967550498751381605e-03 2.230633825903701654e+04
3.241720041335379847e+03 1.000326078373360517e+00 4.966908685310492295e-03 2.231686751419320717e+04
3.241728411779478847e+03 9.974654362879389335e-01 4.944897092519748988e-03 2.227016505659823088e+04
3.241736782223578302e+03 9.946062121746787055e-01 4.924224915218975741e-03 2.222028286329376351e+04
3.241745152667677303e+03 9.913895973557454999e-01 4.906382840094015117e-03 2.215933745952663230e+04
3.241753523111776758e+03 9.880004468305486620e-01 4.888832378855123562e-03 2.209158929065846314e+04
3.241761893555876213e+03 9.835966852213191558e-01 4.870547849527973386e-03 2.199833994559782150e+04
3.241770263999975214e+03 9.794346119676805573e-01 4.862332596328841801e-03 2.190781961772140130e+04
3.241778634444074669e+03 9.758802174840731647e-01 4.893086958382507519e-03 2.182835857800596204e+04
3.241787004888173669e+03 9.720329728529820690e-01 4.908400763371640468e-03 2.173995175356508844e+04
3.241795375332273125e+03 9.665273309766906351e-01 4.853930653855956581e-03 2.161220271455849070e+04
3.241803745776372580e+03 9.613767794333120120e-01 4.804993459459061533e-03 2.149028949532276602e+04
3.241812116220471580e+03 9.575662151887667228e-01 4.780817419141888437e-03 2.139635260911971272e+04
3.241820486664571035e+03 9.531864686851304613e-01 4.754056689365480926e-03 2.128784763420289164e+04
3.241828857108670036e+03 9.454551268859455737e-01 4.711932422790219774e-03 2.110282131079540341e+04
3.241837227552769491e+03 9.368317981125127147e-01 4.667255749759758113e-03 2.089641574469020270e+04
3.241845597996868946e+03 9.227131436970889000e-01 4.606184743747359853e-03 2.056621713371792430e+04
3.241853968440967947e+03 9.076682553057504599e-01 4.537449390121465337e-03 2.021442715895468427e+04
3.241862338885067402e+03 8.864190246919967375e-01 4.418093188480990904e-03 1.972382251748799899e+04
3.241870709329166402e+03 8.666515346450115453e-01 4.309008316508843028e-03 1.926581969473242862e+04
3.241879079773265858e+03 8.574648846281689440e-01 4.273618372401042156e-03 1.904257279152858609e+04
3.241887450217365313e+03 8.493239748822567492e-01 4.242826984895078576e-03 1.884197407894475327e+04
3.241895820661464313e+03 8.495351081740329935e-01 4.248504197087440287e-03 1.882598171173550872e+04
3.241904191105563768e+03 8.503090811365410229e-01 4.255514354399898488e-03 1.882166588005255107e+04
3.241912561549662769e+03 8.560538268751299862e-01 4.273421771470842408e-03 1.892653167433208000e+04
3.241920931993762224e+03 8.627513930295024336e-01 4.298348304859239861e-03 1.905154762373049016e+04
3.241929302437861679e+03 8.794572759464908129e-01 4.398216653168746451e-03 1.939643933352349995e+04
3.241937672881960680e+03 8.961020804381875093e-01 4.496624397908817287e-03 1.973865788232631894e+04
3.241946043326060135e+03 9.112204756640627235e-01 4.571836530698912895e-03 2.004605063941148910e+04
3.241954413770159135e+03 9.261120616488796031e-01 4.645543047258649492e-03 2.034738635949771560e+04
3.241962784214258591e+03 9.366149418078498767e-01 4.691342585304622732e-03 2.055145665080374965e+04
3.241971154658358046e+03 9.470358759229768886e-01 4.736778260044841211e-03 2.075311459071597346e+04
3.241979525102457046e+03 9.551917914837954049e-01 4.772187762189925540e-03 2.090469570063170613e+04
3.241987895546556501e+03 9.633176742528209990e-01 4.807628143329896117e-03 2.105535250160452415e+04
3.241996265990655502e+03 9.702211914296542394e-01 4.842610137492227469e-03 2.117917274271173301e+04
3.242004636434754957e+03 9.771091905259724486e-01 4.877524567131248483e-03 2.130268508176445175e+04
3.242013006878854412e+03 9.833191026939858137e-01 4.909462508710828524e-03 2.141158162848558641e+04
3.242021377322953413e+03 9.895044926707945443e-01 4.941213739009586887e-03 2.152025113043803140e+04
3.242029747767052868e+03 9.943688243912019997e-01 4.958074485632022257e-03 2.160065355944702605e+04
3.242038118211151868e+03 9.990783637858701161e-01 4.974326645914491432e-03 2.167831808389879006e+04
3.242046488655251324e+03 9.987180787805257642e-01 4.972480219539798275e-03 2.164684845947992653e+04
3.242054859099350779e+03 9.983601974049574057e-01 4.970714017828925177e-03 2.161653830603659662e+04
3.242063229543449779e+03 1.002431277088605244e+00 4.996725512349123668e-03 2.168324653705206583e+04
3.242071599987549234e+03 1.006449196591807871e+00 5.022482995632417645e-03 2.174995476807116211e+04
3.242079970431648235e+03 1.004933577325305638e+00 5.010224781443430551e-03 2.169846234057157562e+04
3.242088340875747690e+03 1.003339278147741487e+00 4.997557579852166844e-03 2.164686891564336474e+04
3.242096711319847145e+03 1.004394772688982806e+00 5.001131523837454122e-03 2.165404153606152977e+04
3.242105081763946146e+03 1.005416735753861701e+00 5.004578083907396634e-03 2.166201940302654839e+04
3.242113452208045601e+03 1.005565083616452027e+00 5.012288892643542576e-03 2.165268560453985265e+04
3.242121822652144601e+03 1.005622579513519632e+00 5.019786312050372561e-03 2.164288638430571882e+04
3.242130193096244057e+03 1.006627133592240764e+00 5.019564329508942498e-03 2.165491923096072060e+04
3.242138563540343512e+03 1.007607156401344684e+00 5.018712445356001903e-03 2.166783440985243578e+04
3.242146933984442512e+03 1.008394816429468044e+00 5.011568890414057689e-03 2.167799497558761141e+04
3.242155304428541967e+03 1.009116591616306069e+00 5.003969834951103521e-03 2.168809259935489536e+04
3.242163674872640968e+03 1.008991002469058262e+00 4.999560269466465749e-03 2.168130496528003641e+04
3.242172045316740423e+03 1.008776552970891194e+00 4.994977406619884736e-03 2.167390486092672290e+04
3.242180415760839878e+03 1.009431625333888638e+00 5.016717067582898010e-03 2.168644816358673779e+04
3.242188786204938879e+03 1.010076016271346466e+00 5.039506410158140111e-03 2.169998967950518636e+04
3.242197156649038334e+03 1.010340390245176856e+00 5.036686125692118460e-03 2.170656299630266585e+04
3.242205527093137334e+03 1.010529808957161713e+00 5.031970335740730549e-03 2.171268893023673445e+04
3.242213897537236790e+03 1.009764237646271878e+00 5.036624101127966206e-03 2.169942227020738574e+04
3.242222267981336245e+03 1.008906672602759125e+00 5.041463647771888580e-03 2.168526678295474267e+04
3.242230638425435245e+03 1.010363139291912571e+00 5.041430533463388437e-03 2.172191219871159410e+04
3.242239008869534700e+03 1.011912486394499489e+00 5.040882338764159955e-03 2.176159908008522325e+04
3.242247379313633701e+03 1.010422494687038153e+00 5.031879600663109048e-03 2.173691749529494700e+04
3.242255749757733156e+03 1.008666791894592629e+00 5.022050544738107178e-03 2.170745402812084649e+04
3.242264120201832611e+03 1.008736283343304008e+00 5.017546659930728452e-03 2.171818080251740321e+04
3.242272490645931612e+03 1.008930628713606392e+00 5.013333764847434544e-03 2.173248876223661500e+04
3.242280861090031067e+03 1.006662446758118667e+00 5.010560985425926463e-03 2.169458774136969441e+04
3.242289231534130067e+03 1.004189369706655066e+00 5.007715613917184706e-03 2.165303868852230880e+04
3.242297601978229523e+03 1.005914664865687369e+00 5.010303519724878391e-03 2.170279615824306529e+04
3.242305972422328978e+03 1.007960682424171583e+00 5.013188808858775117e-03 2.176027522894681897e+04
3.242314342866427978e+03 1.007363550649438944e+00 5.015395915332604600e-03 2.176143278736782304e+04
3.242322713310527433e+03 1.006475740079436854e+00 5.017391222679480275e-03 2.175697670108564125e+04
3.242331083754626434e+03 1.007129278697325603e+00 5.014667448191349915e-03 2.178648967668295154e+04
3.242339454198725889e+03 1.007878899185375321e+00 5.011439804994989415e-03 2.181872247420244821e+04
3.242347824642825344e+03 1.006680664433438954e+00 5.006211267877924698e-03 2.180936615778536725e+04
3.242356195086924345e+03 1.005276517361700872e+00 5.000686536076662074e-03 2.179605699632491815e+04
3.242364565531023800e+03 1.005482932206969826e+00 4.995420468841134734e-03 2.181816459946953182e+04
3.242372935975122800e+03 1.005846842882877734e+00 4.990092993764687519e-03 2.184418377133829927e+04
3.242381306419222255e+03 1.005438963723709778e+00 4.988633628699837112e-03 2.185389122654918901e+04
3.242389676863321711e+03 1.004944811161037954e+00 4.987439843789917907e-03 2.186212316107524020e+04
3.242398047307420711e+03 1.005427062323970500e+00 4.984229699484759787e-03 2.189197899704561496e+04
3.242406417751520166e+03 1.005997332079875184e+00 4.980741837218447682e-03 2.192412106048196802e+04
3.242414788195619167e+03 1.004328855650436614e+00 4.979139758183307417e-03 2.190776692649407050e+04
3.242423158639718622e+03 1.002380827886770742e+00 4.977713374301889759e-03 2.188552391325866483e+04
3.242431529083818077e+03 1.000982721535334186e+00 4.969072204757017490e-03 2.187546726169107205e+04
3.242439899527917078e+03 9.996337667450168052e-01 4.959675819846244907e-03 2.186664203786548751e+04
3.383180528799672629e+03 1.000572652299521081e+00 3.373728239236077012e-03 1.630252089923385574e+04
3.383189169862791914e+03 1.000618604959179869e+00 3.369372259065296377e-03 1.631207688262519150e+04
3.383197810925911199e+03 1.000603027502956710e+00 3.370078234490125977e-03 1.632083408514214352e+04
3.383206451989030484e+03 1.000542185898674274e+00 3.375037133536087572e-03 1.632892233121582285e+04
3.383215093052149314e+03 1.000450921726872666e+00 3.377580816802250654e-03 1.633644877165702565e+04
3.383223734115268599e+03 1.000338808072527508e+00 3.377834356083980142e-03 1.634343506644270019e+04
3.383232375178387883e+03 1.000324191303269217e+00 3.382408679487479246e-03 1.635168134311551694e+04
3.383241016241507168e+03 1.000413981807495967e+00 3.391262905863709053e-03 1.636116916291612142e+04
3.383249657304626453e+03 1.000322774725185493e+00 3.388706878019277953e-03 1.636709719316023256e+04
3.383258298367745738e+03 1.000030520832125180e+00 3.373275389222113538e-03 1.636899949280643523e+04
3.383266939430865023e+03 1.000356500706595542e+00 3.370273975968285807e-03 1.638015399995934240e+04
3.383275580493984307e+03 1.001398193818057392e+00 3.381663925811161271e-03 1.640203321448780116e+04
3.383284221557103592e+03 1.001456632807545599e+00 3.385082639865674529e-03 1.640667616603635179e+04
3.383292862620222422e+03 1.000342712406629087e+00 3.379021076821369426e-03 1.639083947178974631e+04
3.383301503683341707e+03 1.000076157962297208e+00 3.378068719644116997e-03 1.638754764890895967e+04
3.383310144746460992e+03 1.000931049831623731e+00 3.383973734476715747e-03 1.640139562121111157e+04
3.383318785809580277e+03 1.001294042763576808e+00 3.385572406334470298e-03 1.640607136004925269e+04
3.383327426872699561e+03 1.000932799344114388e+00 3.381018020003190468e-03 1.639789514934154795e+04
3.383336067935818846e+03 1.000807724189327175e+00 3.380762677148429173e-03 1.639272964901757223e+04
3.383344708998938131e+03 1.001024749279354698e+00 3.387328952137626335e-03 1.639243356130755274e+04
3.383353350062057416e+03 1.001154402723180681e+00 3.391508679812403962e-03 1.639009745589540762e+04
3.383361991125176701e+03 1.001106650189488523e+00 3.391613232218114882e-03 1.638437465442877874e+04
3.383370632188295531e+03 1.000989997082660787e+00 3.393295517563725983e-03 1.637716898276339816e+04
3.383379273251414816e+03 1.000712530702136949e+00 3.397927267985067969e-03 1.636710425200884856e+04
3.383387914314534100e+03 9.999116266861184377e-01 3.397449799382048705e-03 1.634836029759199300e+04
3.383396555377653385e+03 9.980638834288835248e-01 3.386806747336280551e-03 1.631241685598977892e+04
3.383405196440772670e+03 9.955361760174276098e-01 3.375065683163771223e-03 1.626529133466017811e+04
3.383413837503891955e+03 9.916172348375109635e-01 3.361072405064500276e-03 1.619538441209240955e+04
3.383422478567011240e+03 9.884414814108453129e-01 3.350050858847835981e-03 1.613757373854136858e+04
3.383431119630130524e+03 9.870408803428636357e-01 3.346130346508860778e-03 1.610869326055214697e+04
3.383439760693249809e+03 9.862060432158421541e-01 3.343844349356271239e-03 1.608898557462096687e+04
3.383448401756368639e+03 9.867606871390194323e-01 3.345568998856081767e-03 1.609187808699295783e+04
3.383457042819487924e+03 9.871434934089173829e-01 3.346191426571386816e-03 1.609189757441164875e+04
3.383465683882607209e+03 9.870132794701336199e-01 3.343550012325363641e-03 1.608349229783437841e+04
3.383474324945726494e+03 9.868489666430781959e-01 3.341466684355912185e-03 1.607447776885075291e+04
3.383482966008845779e+03 9.865742767899788879e-01 3.341055083094552399e-03 1.606361738604189850e+04
3.383491607071965063e+03 9.859563880287850468e-01 3.338923516751807728e-03 1.604712868555068053e+04
3.383500248135084348e+03 9.842570349035683064e-01 3.331380764038390386e-03 1.601301220835757340e+04
3.383508889198203633e+03 9.822519934681671616e-01 3.322611916869714754e-03 1.597391021089193782e+04
3.383517530261322918e+03 9.790767784543060737e-01 3.309155391419796137e-03 1.591578063605872558e+04
3.383526171324441748e+03 9.752308040244737075e-01 3.293717595806760958e-03 1.584676681109624406e+04
3.383534812387561033e+03 9.687271377335839873e-01 3.270437224211060478e-03 1.573461418986672470e+04
3.383543453450680317e+03 9.622733638174854054e-01 3.249819404058057123e-03 1.562334103149121438e+04
3.383552094513799602e+03 9.560382888471815610e-01 3.240224125178822485e-03 1.551569081757810272e+04
3.383560735576918887e+03 9.498409787633576018e-01 3.227752910285520537e-03 1.540872872158155042e+04
3.383569376640038172e+03 9.438206240866132690e-01 3.202968224438007289e-03 1.530471570237019478e+04
3.383578017703157457e+03 9.375642108270454411e-01 3.179470439546646255e-03 1.519695818497506662e+04
3.383586658766276742e+03 9.300403504151495415e-01 3.163095117409709875e-03 1.506875451876657098e+04
3.383595299829396026e+03 9.216520565777699403e-01 3.142328568490979340e-03 1.492666153713839230e+04
3.383603940892514856e+03 9.083422136061063412e-01 3.096471115532666279e-03 1.470502065814328671e+04
3.383612581955634141e+03 8.931578299093216877e-01 3.044905268027828758e-03 1.445324159046466957e+04
3.383621223018753426e+03 8.667482782108636430e-01 2.959180325641669936e-03 1.402011376677799490e+04
3.383629864081872711e+03 8.399141346175663658e-01 2.871999870406442314e-03 1.358049666497402541e+04
3.383638505144991996e+03 8.105134166155315567e-01 2.775999931324393821e-03 1.309978080174882052e+04
3.383647146208111280e+03 7.833679431380349278e-01 2.687328227227799189e-03 1.265591781371238721e+04
3.383655787271230565e+03 7.762966392918899672e-01 2.663891502891185554e-03 1.253662653361478442e+04
3.383664428334349850e+03 7.701168992396351110e-01 2.643448914758466089e-03 1.243185680285236231e+04
3.383673069397469135e+03 7.724212906811184221e-01 2.651497874406191606e-03 1.246411092222151092e+04
3.383681710460587965e+03 7.756462362384480835e-01 2.662146843855914616e-03 1.251122898846847602e+04
3.383690351523707250e+03 7.882282482224148845e-01 2.699228016761773090e-03 1.270922629634238729e+04
3.383698992586826535e+03 8.017696140339619637e-01 2.740001204348857869e-03 1.292258196333091109e+04
3.383707633649945819e+03 8.257755801353074965e-01 2.821120768782703174e-03 1.330442786417346360e+04
3.383716274713065104e+03 8.495991587966995606e-01 2.901119283070281805e-03 1.368310680753410816e+04
3.383724915776184389e+03 8.710913141346039446e-01 2.967221781907453636e-03 1.402403360692920978e+04
3.383733556839303674e+03 8.922921358550754967e-01 3.032160184194040986e-03 1.436009176854837642e+04
3.383742197902422959e+03 9.067676126016194216e-01 3.070478069650358580e-03 1.458778796372096258e+04
3.383750838965542243e+03 9.210997983932198707e-01 3.108860956179881115e-03 1.481310004271490470e+04
3.383759480028661073e+03 9.315607468717357342e-01 3.148712175873653006e-03 1.497610721891491630e+04
3.383768121091780358e+03 9.420313011912095913e-01 3.188246141510370311e-03 1.513925073562736361e+04
3.383776762154899643e+03 9.527703324041091326e-01 3.217551328293951404e-03 1.530669715864930185e+04
3.383785403218018928e+03 9.633652461618636975e-01 3.246599149532389261e-03 1.547182393476563084e+04
3.383794044281138213e+03 9.682239678800949045e-01 3.265562122863127290e-03 1.554486072868604788e+04
3.383802685344257497e+03 9.730877512829601006e-01 3.284417234050465186e-03 1.561804973673604218e+04
3.383811326407376782e+03 9.784520337839603954e-01 3.298217880900423341e-03 1.569934668409786900e+04
3.383819967470496067e+03 9.837592949696065681e-01 3.311927999892096304e-03 1.577980816220593078e+04
3.383828608533615352e+03 9.848722669206333435e-01 3.319882749258892471e-03 1.579309791242593201e+04
3.383837249596734182e+03 9.859641304168804687e-01 3.327702629408838941e-03 1.580618042231480649e+04
3.383845890659853467e+03 9.849552696640142546e-01 3.317744486560215370e-03 1.578573144650896575e+04
3.383854531722972752e+03 9.839364674388751952e-01 3.307749364722999217e-03 1.576528247070312500e+04
3.383863172786092036e+03 9.845043251560708919e-01 3.315286885203889977e-03 1.577041319731822477e+04
3.383871813849211321e+03 9.850624735685805655e-01 3.322794484178853269e-03 1.577554392393332273e+04
3.383880454912330606e+03 9.851243958019956226e-01 3.318805575074991725e-03 1.577289006861955386e+04
3.383889095975449891e+03 9.851727550049195203e-01 3.314708326366382681e-03 1.577018810093284264e+04
3.383897737038569176e+03 9.841309616002699157e-01 3.315383521960986023e-03 1.575021293614907518e+04
3.383906378101688460e+03 9.830641529649626342e-01 3.316081231224343295e-03 1.573002293060502780e+04
3.383915019164807291e+03 9.833540317019046073e-01 3.319450837545785161e-03 1.573172692945838207e+04
3.383923660227926575e+03 9.836579682056006968e-01 3.322832907717310994e-03 1.573384195467676727e+04
3.383932301291045860e+03 9.846451298183553913e-01 3.321193460633086857e-03 1.574707449316497696e+04
3.383940942354165145e+03 9.856377644059223231e-01 3.319386341116716162e-03 1.576058706977129805e+04
3.383949583417284430e+03 9.866933680711618138e-01 3.321324743079634781e-03 1.577530418411874962e+04
3.383958224480403715e+03 9.877386705205022377e-01 3.323340073031487690e-03 1.579005946506129112e+04
3.383966865543522999e+03 9.867366569280424660e-01 3.323944009966692519e-03 1.577229807088567395e+04
3.383975506606642284e+03 9.856430308209815916e-01 3.324450090162055834e-03 1.575329241618224478e+04
3.383984147669761569e+03 9.863940640367864221e-01 3.326381877362419043e-03 1.576399128651196042e+04
3.383992788732880399e+03 9.872145874271086585e-01 3.328332429539115900e-03 1.577602476322956500e+04
3.384001429795999684e+03 9.882348156244944448e-01 3.333118799636796380e-03 1.579147864247890539e+04
3.384010070859118969e+03 9.892514460885116767e-01 3.338004912852273257e-03 1.580710928671704460e+04
3.384018711922238253e+03 9.887490600452480960e-01 3.340811177345970762e-03 1.579870804862739351e+04
3.384027352985357538e+03 9.881432946910024828e-01 3.343446909639322551e-03 1.578890052353437386e+04
3.384035994048476823e+03 9.881682561424204314e-01 3.341753239565787605e-03 1.578942089141079123e+04
3.384044635111596108e+03 9.882195871321636238e-01 3.339725882765751976e-03 1.579061716851293568e+04
3.384053276174715393e+03 9.869992779515073256e-01 3.337423006503953144e-03 1.577175258066933748e+04
3.384061917237834678e+03 9.856716237541733872e-01 3.335048571388929406e-03 1.575143430695991083e+04
3.384070558300953508e+03 9.848301155278419428e-01 3.328768919915273041e-03 1.573915059955762263e+04
3.384079199364072792e+03 9.840117045978578059e-01 3.322126454643654220e-03 1.572750624756341495e+04
3.384087840427192077e+03 9.847759869519252529e-01 3.322434320466020018e-03 1.574143515868637223e+04
3.384096481490311362e+03 9.856612858326465609e-01 3.323290700342382623e-03 1.575758337835843304e+04
3.384105122553430647e+03 9.873423342176048667e-01 3.332398810449290014e-03 1.578674548698592480e+04
3.384113763616549932e+03 9.890811782788232476e-01 3.342224464331666409e-03 1.581713202065016412e+04
3.384122404679669216e+03 9.897590099678196252e-01 3.346290159135514256e-03 1.583085473610384543e+04
3.384131045742788501e+03 9.903119904986416033e-01 3.349712731471373838e-03 1.584288626567694155e+04
3.384139686805907786e+03 9.919047326558806388e-01 3.354509727938855771e-03 1.587186605792013506e+04
3.384148327869026616e+03 9.935926551338921664e-01 3.359395560455002115e-03 1.590269307225124794e+04
3.384156968932145901e+03 9.935903348370709320e-01 3.362612207143074461e-03 1.590679116847823570e+04
3.384165609995265186e+03 9.933732886036651388e-01 3.365572578249585202e-03 1.590777272418474968e+04
3.384174251058384471e+03 9.938923067696017188e-01 3.365992902579205328e-03 1.592086979156679809e+04
3.384182892121503755e+03 9.944581218901149544e-01 3.366121476853589731e-03 1.593505352465516444e+04
3.384191533184623040e+03 9.956263692439714097e-01 3.376466383432159130e-03 1.595923641229606255e+04
3.384200174247742325e+03 9.968329930961595808e-01 3.387729611459661897e-03 1.598438956830313873e+04
3.384208815310861610e+03 9.961512986866832842e-01 3.380646518500504422e-03 1.597961286435713191e+04
3.384217456373980895e+03 9.952533973813647572e-01 3.371587293139514940e-03 1.597170916011746704e+04
3.384226097437099725e+03 9.958213786917102794e-01 3.380075633340308763e-03 1.598768355719533611e+04
3.384234738500219009e+03 9.965329384029876225e-01 3.390452662797328268e-03 1.600633282354791845e+04
3.384243379563338294e+03 9.963206495112147953e-01 3.391557374226504291e-03 1.601051243183768565e+04
3.384252020626457579e+03 9.959778311728733069e-01 3.391483946023507185e-03 1.601296045793796839e+04
3.384260661689576864e+03 9.975238694426257213e-01 3.400931735323927448e-03 1.604616195433831854e+04
3.384269302752696149e+03 9.992216084426449596e-01 3.411177618548872324e-03 1.608221175872756976e+04
3.384277943815815433e+03 9.991091507645769587e-01 3.405904409559278815e-03 1.608952640740417337e+04
3.384286584878934718e+03 9.987943244073012039e-01 3.399013233920683812e-03 1.609396754050968048e+04
3.384295225942054003e+03 9.991165966518582575e-01 3.406400453488292457e-03 1.610904962087210333e+04
3.384303867005172833e+03 9.994880189710930729e-01 3.415247018578021661e-03 1.612527542209537569e+04
3.384312508068292118e+03 9.992961083272610123e-01 3.414176476040540423e-03 1.613272745338567438e+04
3.384321149131411403e+03 9.990245291837035468e-01 3.411916351988009567e-03 1.613916990019026161e+04
3.384329790194530688e+03 9.995846446757011838e-01 3.416808561126568299e-03 1.615930168986199897e+04
3.384338431257649972e+03 1.000205121457018231e+00 3.422282790052274485e-03 1.618064136272840187e+04
3.384347072320769257e+03 1.000250589730400375e+00 3.417833868805891274e-03 1.619287405453415340e+04
3.384355713383888542e+03 1.000232635381424817e+00 3.412415325618247449e-03 1.620423649646689773e+04
3.384364354447007827e+03 9.996932424889399815e-01 3.413743548730252108e-03 1.620726958746363198e+04
3.384372995510127112e+03 9.990960155270655063e-01 3.415746376564634396e-03 1.620944491332333018e+04
3.384381636573245942e+03 9.978322438052384946e-01 3.408439065136442767e-03 1.620084583861590909e+04
3.384390277636365226e+03 9.964951784719695560e-01 3.400109803005987776e-03 1.619105614119845995e+04
3.384398918699484511e+03 9.977730299916782730e-01 3.409347443842977634e-03 1.622375201845732408e+04
3.384407559762603796e+03 9.992700164658437911e-01 3.420049823141025919e-03 1.626001193194195366e+04
3.384416200825723081e+03 9.990429663377310421e-01 3.421462924453758884e-03 1.626817001322207580e+04
3.384424841888842366e+03 9.986648824527730728e-01 3.422048019735506649e-03 1.627376653338853794e+04
3.384433482951961651e+03 9.984198718710702858e-01 3.417794847342012134e-03 1.628139790130046458e+04
3.384442124015080935e+03 9.981971550979104046e-01 3.413101938264690750e-03 1.628922973329526030e+04
3.384450765078200220e+03 9.985103817227913847e-01 3.417350136468769867e-03 1.630561942946761883e+04
3.384459406141319050e+03 9.988746171209686997e-01 3.422282808710561206e-03 1.632262926072449773e+04
3.384468047204438335e+03 9.985731769956557313e-01 3.419212028051126558e-03 1.632851018902123906e+04
3.384476688267557620e+03 9.982353114169936203e-01 3.415564367960100597e-03 1.633350552822269128e+04
3.384485329330676905e+03 9.984814703084560206e-01 3.420569393699314509e-03 1.634774145613905966e+04
3.384493970393796189e+03 9.987973869812916128e-01 3.426384944430506656e-03 1.636277930430470224e+04
3.384502611456915474e+03 9.983732627309650498e-01 3.421425054375845480e-03 1.636531522658577887e+04
3.384511252520034759e+03 9.979278167377896303e-01 3.415891799971343835e-03 1.636708505953562053e+04
3.384519893583154044e+03 9.985502681654057078e-01 3.422862493572014896e-03 1.638593122482754552e+04
3.384528534646273329e+03 9.992717662611168006e-01 3.430770642494176438e-03 1.640594270413760751e+04
3.384537175709392159e+03 9.982169722076092988e-01 3.422046827377215553e-03 1.639628598196314488e+04
3.384545816772511444e+03 9.971169170693803263e-01 3.412713329013002984e-03 1.638533603049203157e+04
3.384554457835630728e+03 9.976057403562349490e-01 3.415744387933655757e-03 1.639992645319683652e+04
3.384563098898750013e+03 9.982085964037533676e-01 3.419512944895078399e-03 1.641580213344160802e+04
