9.999999520998297253e-01
9.999999515906996539e-01
9.999999509210804050e-01
9.999999501347613950e-01
9.999999492763023135e-01
9.999999483743672313e-01
9.999999474416099154e-01
9.999999464816506922e-01
9.999999454946583155e-01
9.999999444798314263e-01
9.999999434361367401e-01
9.999999423624611472e-01
9.999999412576338065e-01
9.999999401204253680e-01
9.999999389495438651e-01
9.999999377436323833e-01
9.999999365012630648e-01
9.999999352209347769e-01
9.999999339010665622e-01
9.999999325399933081e-01
9.999999311359604182e-01
9.999999296871172616e-01
9.999999281915114002e-01
9.999999266470810388e-01
9.999999250516476978e-01
9.999999234029085526e-01
9.999999216984268857e-01
9.999999199356228718e-01
9.999999181117630309e-01
9.999999162239495698e-01
9.999999142691069487e-01
9.999999122439694466e-01
9.999999101450659511e-01
9.999999079687045267e-01
9.999999057109538736e-01
9.999999033676252314e-01
9.999999009342511735e-01
9.999998984060614049e-01
9.999998957779587805e-01
9.999998930444902179e-01
9.999998901998160550e-01
9.999998872376756331e-01
9.999998841513488834e-01
9.999998809336153593e-01
9.999998775767057202e-01
9.999998740722499946e-01
9.999998704112196268e-01
9.999998665838603085e-01
9.999998625796202578e-01
9.999998583870663982e-01
9.999998539937905440e-01
9.999998493863040405e-01
9.999998445499177491e-01
9.999998394686049341e-01
9.999998341248452771e-01
9.999998284994456865e-01
9.999998225713335742e-01
9.999998163173191568e-01
9.999998097118181217e-01
9.999998027265288858e-01
9.999997953300544529e-01
9.999997874874546611e-01
9.999997791597151631e-01
9.999997703031090479e-01
9.999997608684152439e-01
9.999997507999323076e-01
9.999997400341578135e-01
9.999997284978292544e-01
9.999997161045890426e-01
9.999997027484237577e-01
9.999996882893631422e-01
9.999996725206685699e-01
9.999996550927665595e-01
9.999996353393404425e-01
9.999996118902978459e-01
9.999995818393232483e-01
9.999995390206336543e-01
9.999994705854055033e-01
9.999993504895117180e-01
9.999991276607584911e-01
9.999987055164298866e-01
9.999979082989057799e-01
9.999964287738479785e-01
9.999937519045303258e-01
9.999890512314528745e-01
9.999810600883736189e-01
9.999679294814144415e-01
9.999470985135121559e-01
9.999152199047098843e-01
9.998681981740618063e-01
9.998014046167965629e-01
9.997101232311161878e-01
9.995902485176626495e-01
9.994391980305051826e-01
9.992569267770758934e-01
9.990468539672284765e-01
9.988164587894122759e-01
9.985772924207675372e-01
9.983441951590013019e-01
9.981335822324362006e-01
9.979607339322033033e-01
9.978360882026295897e-01
9.977606912019343355e-01
9.977214670972922583e-01
9.976880326181801761e-01
9.976140451157077260e-01
9.974461361230784195e-01
9.971404940126530336e-01
9.966810260091876206e-01
9.960876118794229628e-01
9.954046677949319744e-01
9.946718101119513822e-01
9.938932730809163507e-01
9.930280898737349204e-01
9.920117037215010480e-01
9.907988453799420059e-01
9.894034416597224935e-01
9.879142630324284635e-01
9.864805867595043409e-01
9.852773905525451514e-01
9.844654286262272125e-01
9.841584150149552679e-01
9.844032786692105130e-01
9.851746609934823873e-01
9.863823760154215581e-01
9.878892588712706591e-01
9.895357165283688028e-01
9.911663490827744560e-01
9.926536897973163853e-01
9.939147425789693902e-01
9.949175515021718708e-01
9.956772155689097570e-01
9.962431016659363259e-01
9.966809636602097511e-01
9.970547043184103675e-01
9.974122509078502397e-01
9.977784655430064209e-01
9.981556666066363492e-01
9.985300308427129679e-01
9.988807025534716111e-01
9.991882901312063581e-01
9.994404353636203719e-01
9.996336961435089430e-01
9.997723755088858688e-01
9.998656818972587734e-01
9.999246336453162520e-01
9.999596614876907763e-01
9.999792657632948778e-01
9.999896212509675753e-01
9.999947995231466269e-01
9.999972642370065223e-01
9.999983932114828722e-01
9.999989023327791049e-01
9.999991386112396796e-01
9.999992595961607611e-01
9.999993326184005715e-01
9.999993849849804217e-01
9.999994273784005294e-01
9.999994639714819833e-01
9.999994965040165384e-01
9.999995258247900143e-01
9.999995524449641904e-01
9.999995767306961714e-01
9.999995989713208466e-01
9.999996194061206989e-01
9.999996382371981740e-01
9.999996556372292567e-01
9.999996717549151093e-01
9.999996867191267569e-01
9.999997006421663670e-01
9.999997136223844896e-01
9.999997257463022482e-01
9.999997370903499494e-01
9.999997477223030451e-01
9.999997577024747342e-01
9.999997670847158293e-01
9.999997759172549738e-01
9.999997842434105166e-01
9.999997921021963609e-01
9.999997995288394392e-01
9.999998065552249127e-01
9.999998132102778658e-01
9.999998195202964846e-01
9.999998255092389376e-01
9.999998311989752864e-01
9.999998366095055324e-01
9.999998417591525746e-01
9.999998466647188611e-01
9.999998513415374601e-01
9.999998558029641327e-01
9.999998600574738772e-01
9.999998640986329512e-01
9.999998678825068321e-01
9.999998712996730488e-01
9.999998741767019972e-01
9.999998763454240880e-01
9.999998764169943932e-01
9.999998752007004388e-01
9.999998736178253855e-01
9.999998717569155149e-01
9.999998697147534088e-01
9.999998675605670240e-01
9.999998653298443063e-01
9.999998630355200202e-01
9.999998606801390189e-01
9.999998582626827837e-01
9.999998557811509148e-01
9.999998532332685652e-01
9.999998506166285495e-01
9.999998479287088848e-01
9.999998451668690169e-01
9.999998423283433802e-01
9.999998394102347365e-01
9.999998364095057379e-01
9.999998333229709324e-01
9.999998301472876605e-01
9.999998268789471734e-01
9.999998235142636416e-01
9.999998200493637190e-01
9.999998164801746636e-01
9.999998128024114585e-01
9.999998090115636007e-01
9.999998051028802237e-01
9.999998010713544438e-01
9.999997969117055963e-01
9.999997926183621377e-01
9.999997881854407744e-01
9.999997836067253676e-01
9.999997788756429529e-01
9.999997739852395373e-01
9.999997689281514557e-01
9.999997636965766157e-01
9.999997582822410802e-01
9.999997526763642064e-01
9.999997468696200098e-01
9.999997408520948650e-01
9.999997346132412090e-01
9.999997281418273598e-01
9.999997214258820044e-01
9.999997144526329151e-01
9.999997072084406691e-01
9.999996996787239301e-01
9.999996918478782915e-01
9.999996836991869031e-01
9.999996752147185530e-01
9.999996663752186432e-01
9.999996571599851780e-01
9.999996475467302082e-01
9.999996375114271752e-01
9.999996270281381605e-01
9.999996160688207070e-01
9.999996046031096597e-01
9.999995925980718070e-01
9.999995800179271033e-01
9.999995668237331437e-01
9.999995529730245636e-01
9.999995384194013681e-01
9.999995231120561989e-01
9.999995069952293258e-01
9.999994900075774851e-01
9.999994720814406879e-01
9.999994531419820198e-01
9.999994331061765607e-01
9.999994118816016853e-01
9.999993893649756771e-01
9.999993654403246390e-01
9.999993399765623181e-01
9.999993128239892393e-01
9.999992838085821623e-01
9.999992527214338622e-01
9.999992192972495531e-01
9.999991831681525056e-01
9.999991437627089308e-01
9.999991000865227075e-01
9.999990502546940441e-01
9.999989905220593167e-01
9.999989133339263203e-01
9.999988035398034159e-01
9.999986313014026518e-01
9.999983393069176163e-01
9.999978206278611337e-01
9.999968819617528482e-01
9.999951853094336540e-01
9.999921598407259804e-01
9.999868756872271058e-01
9.999778739431790520e-01
9.999629537770129417e-01
9.999389296178575748e-01
9.999013893776614870e-01
9.998445073081834167e-01
9.997609884123337398e-01
9.996422383066206896e-01
9.994788536051215644e-01
9.992615034356764347e-01
9.989822158981482847e-01
9.986359947389853442e-01
9.982225825485824267e-01
9.977480799294218272e-01
9.972260549106272132e-01
9.966777602133930491e-01
9.961311279452493839e-01
9.956183132767548738e-01
9.951716661308126488e-01
9.948180906017225489e-01
9.945718691585151428e-01
9.944264260599070537e-01
9.943465434255924773e-01
9.942643084938819209e-01
9.940836965297852323e-01
9.936980729798792211e-01
9.930198247213952722e-01
9.920122559377473337e-01
9.907061262463507934e-01
9.891849637198903977e-01
9.875385606242264025e-01
9.858059566240404692e-01
9.839419195930571016e-01
9.818319823272932956e-01
9.793537331019019909e-01
9.764546484268838977e-01
9.732080658876196555e-01
9.698229337281540907e-01
9.666075123258178747e-01
9.639057748702777317e-01
9.620298492779455479e-01
9.612055863385193799e-01
9.615391262448920173e-01
9.630056780379735448e-01
9.654585227311422990e-01
9.686548265925377654e-01
9.722936441474018254e-01
9.760601458074478209e-01
9.796691197503815118e-01
9.829007889354444139e-01
9.856232546748414647e-01
9.877983333152219325e-01
9.894707723736703153e-01
9.907441650887345297e-01
9.917495545830929959e-01
9.926140104760039495e-01
9.934359434420543256e-01
9.942716774089481735e-01
9.951344763626454037e-01
9.960038659260046501e-01
9.968407508867680455e-01
9.976031525155925062e-01
9.982583662278825543e-01
9.987893667972697065e-01
9.991954801673657016e-01
9.994889331594338788e-01
9.996895208954112988e-01
9.998193803800541346e-01
9.998991014759874840e-01
9.999455712496292392e-01
9.999713325867987113e-01
9.999849470132848861e-01
9.999918339921239907e-01
9.999951944084628508e-01
9.999968001058060496e-01
9.999975735651301934e-01
9.999979679530595078e-01
9.999981940701807570e-01
9.999983452423000241e-01
9.999984611461927297e-01
9.999985582706674148e-01
9.999986435552803421e-01
9.999987201456053132e-01
9.999987896957336364e-01
9.999988532503951699e-01
9.999989115750816948e-01
9.999989652816874131e-01
9.999990148806978674e-01
9.999990608068813902e-01
9.999991034347298635e-01
9.999991430892536393e-01
9.999991800541934150e-01
9.999992145785215891e-01
9.999992468816975011e-01
9.999992771579689910e-01
9.999993055799238917e-01
9.999993323014461089e-01
9.999993574601917512e-01
9.999993811796765719e-01
9.999994035710452200e-01
9.999994247345782572e-01
9.999994447609827919e-01
9.999994637325013702e-01
9.999994817238693212e-01
9.999994988031459808e-01
9.999995150324356707e-01
9.999995304685180830e-01
9.999995451634002830e-01
9.999995591648007665e-01
9.999995725165760074e-01
9.999995852590836121e-01
9.999995974294171308e-01
9.999996090610705490e-01
9.999996201811562901e-01
9.999996307996034117e-01
9.999996408802873660e-01
9.999996502896735251e-01
9.999996587503732215e-01
9.999996658698171448e-01
9.999996712953924671e-01
9.999991244141213098e-01
9.999989196757902432e-01
9.999984915798267870e-01
9.999976282847795606e-01
9.999959332997021555e-01
9.999926981093207878e-01
9.999867203908439084e-01
9.999760643944574090e-01
9.999577789160157826e-01
9.999276193007520241e-01
9.998798595291330527e-01
9.998073194877495906e-01
9.997017542083814767e-01
9.995547341148783849e-01
9.993590685796728268e-01
9.991106837807857133e-01
9.988106794475803962e-01
9.984671057741327793e-01
9.980958872809391202e-01
9.977203286448176334e-01
9.973687707358858123e-01
9.970701532322858718e-01
9.968474007044154650e-01
9.967087832981498252e-01
9.966382231959869387e-01
9.965876341944532868e-01
9.964774731058658741e-01
9.962127246840933870e-01
9.957155389605585327e-01
9.949615095891388705e-01
9.939936862098321946e-01
9.928937844993026562e-01
9.917196769192271333e-01
9.904516714750905004e-01
9.889935805885781139e-01
9.872374762134048520e-01
9.851529957261540016e-01
9.828449402018677450e-01
9.805478780519347737e-01
9.785669310328528603e-01
9.771975895115914135e-01
9.766555851139306910e-01
9.770333700684857847e-01
9.782870513331575202e-01
9.802510861268790565e-01
9.826749079714678370e-01
9.852730802053111248e-01
9.877783991863091639e-01
9.899868189288376641e-01
9.917849842991464104e-01
9.931553900075160701e-01
9.941597842218906633e-01
9.949069880047427539e-01
9.955151870076249798e-01
9.960795993167741447e-01
9.966537514288034139e-01
9.972472920411894481e-01
9.978374351275747234e-01
9.983871180750729657e-01
9.988622173996075659e-01
9.992424685320613342e-01
9.995244987754734467e-01
9.997186672220402803e-01
9.998429806958785138e-01
9.999171293540272121e-01
9.999584087877160243e-01
9.999799035837223515e-01
9.999904042585023856e-01
9.999952426813141226e-01
9.999973685151879454e-01
9.999982804204752274e-01
9.999986814221106801e-01
9.999988774807777592e-01
9.999989928261369121e-01
9.999990748509740568e-01
9.999991404827215380e-01
9.999991947784296897e-01
9.999992379953217547e-01
9.999992690680996610e-01
9.999984253937279632e-01
9.999983799068221657e-01
9.999983186310081873e-01
9.999982430735789851e-01
9.999981541087663572e-01
9.999980496129640128e-01
9.999979219086028159e-01
9.999977534130123358e-01
9.999975078265039841e-01
9.999971130645702866e-01
9.999964301633000874e-01
9.999951993766941216e-01
9.999929509360347968e-01
9.999888641634162578e-01
9.999815561871370218e-01
9.999687826704366511e-01
9.999470409079169730e-01
9.999110839303403386e-01
9.998533856716249613e-01
9.997636419150148779e-01
9.996284448363156327e-01
9.994313188656013258e-01
9.991533335592182041e-01
9.987744920297662032e-01
9.982760099478195093e-01
9.976434402695498749e-01
9.968703739706614719e-01
9.959621956300355183e-01
9.949391569399690383e-01
9.938379206676097866e-01
9.927107698010965153e-01
9.916218632974034275e-01
9.906401709869487870e-01
9.898289278624149423e-01
9.892316249923850391e-01
9.888550599362357918e-01
9.886515782770348704e-01
9.885059920118129950e-01
9.882368657474971396e-01
9.876231355346192231e-01
9.864597850253268296e-01
9.846284710848877131e-01
9.821486325493410385e-01
9.791696033422918610e-01
9.758890593836712091e-01
9.724305980372155433e-01
9.687512884163147486e-01
9.646444633610726793e-01
9.598499174917586307e-01
9.542181909804676732e-01
9.478443188535523589e-01
9.411082176000901134e-01
9.346122888720682642e-01
9.290529955551902752e-01
9.250784006784743552e-01
9.231713991844987532e-01
9.235768431560343883e-01
9.262746903005203425e-01
9.309942214590293252e-01
9.372623891369429305e-01
9.444779664229119298e-01
9.520006836372600922e-01
9.592418181271353816e-01
9.657414640500527891e-01
9.712192737187076430e-01
9.755901823663151173e-01
9.789437762249767472e-01
9.814938922700062740e-01
9.835116038412008432e-01
9.852579740907916328e-01
9.869317708431695202e-01
9.886420514283353889e-01
9.904078591393092879e-01
9.921797541382686436e-01
9.938729190275459313e-01
9.954004565791468861e-01
9.966980337013191527e-01
9.977357171911198641e-01
9.985176575281184963e-01
9.990735515171041969e-01
9.994468700295615626e-01
9.996840011996963593e-01
9.998266533484363450e-01
9.999080432760377724e-01
9.999521671380489085e-01
9.999749619197786377e-01
9.999862412316491422e-01
9.999916405487230264e-01
9.999941908389713419e-01
9.999954243028752465e-01
9.999960714184441546e-01
9.999964619787786724e-01
9.999967378928420469e-01
9.999969580680104775e-01
9.999971466817594301e-01
9.999973140249995840e-01
9.999974649892025003e-01
9.999976023500032341e-01
9.999977279912277695e-01
9.999978433568444958e-01
9.999979496226565345e-01
9.999980477546470681e-01
9.999981384772194115e-01
9.999982220975823788e-01
9.999982981516952751e-01
9.999983650658339496e-01
9.999984203655930548e-01
9.999984618442182560e-01
9.999984564921519103e-01
9.999984184458884373e-01
9.999983678956301247e-01
9.999983068601689951e-01
9.999982376080762680e-01
9.999981615774631294e-01
9.999980791078577624e-01
9.999979895945714237e-01
9.999978914914975370e-01
9.999977817621205078e-01
9.999976543649438110e-01
9.999974969696097116e-01
9.999972843041319281e-01
9.999969652053883884e-01
9.999964383422326186e-01
9.999955084368807867e-01
9.999938104671703964e-01
9.999906839459713481e-01
9.999849737212574974e-01
9.999747295898018251e-01
9.999567774436509682e-01
9.999261440824531721e-01
9.998753414090552072e-01
9.997935579673749018e-01
9.996658679784848900e-01
9.994726450802389195e-01
9.991894453901707385e-01
9.987876772759243238e-01
9.982363704126485660e-01
9.975052613140213964e-01
9.965692061652360323e-01
9.954136214526446702e-01
9.940402837952498905e-01
9.924724754728084797e-01
9.907582437805976250e-01
9.889705347449472272e-01
9.872031820585007722e-01
9.855620943111168542e-01
9.841513240264855300e-01
9.830539336627402980e-01
9.823079875655248427e-01
9.818795169504750397e-01
9.816381385340200438e-01
9.813471204544157445e-01
9.806845075350152374e-01
9.793078785267481656e-01
9.769557694692782013e-01
9.735478095222217521e-01
9.692236870368305945e-01
9.642749625694766458e-01
9.589809993229333474e-01
9.534305398025140210e-01
9.474398497374767469e-01
9.406339294764926029e-01
9.326619989551023782e-01
9.234380440715931337e-01
9.132866219406534647e-01
9.029335822756024976e-01
8.933623975387019467e-01
8.856071890667562840e-01
8.805554365269951944e-01
8.788045424779338255e-01
8.805850481125581108e-01
8.857453550211591420e-01
8.937880189073472703e-01
9.039481772317803365e-01
9.153040094478157584e-01
9.269055595872365272e-01
9.379035863532728667e-01
9.476573960064127444e-01
9.558023490576135206e-01
9.622647770939071199e-01
9.672232122606885252e-01
9.710271582313885208e-01
9.740943767542278309e-01
9.768117007050142186e-01
9.794614268705745808e-01
9.821864677096989737e-01
9.849956907137141782e-01
9.878001012876402864e-01
9.904639814750738624e-01
9.928542944672793524e-01
9.948759624786718270e-01
9.964876915650910938e-01
9.976999436455940007e-01
9.985611869307211563e-01
9.991398447421957485e-01
9.995079721181387988e-01
9.997299789520217583e-01
9.998570580669805530e-01
9.999262088361624556e-01
9.999620621021914069e-01
9.999798443103868895e-01
9.999883452456894695e-01
9.999923227042507579e-01
9.999941994747655327e-01
9.999951397396440456e-01
9.999956731666701515e-01
9.999960290661835671e-01
9.999963027602907228e-01
9.999965329918873991e-01
9.999967356988638256e-01
9.999969177949472598e-01
9.999970822313326568e-01
9.999972293669896484e-01
9.999973571246768556e-01
9.999974616833475771e-01
9.999975396712251774e-01
