9.971284063949759080e-01
9.973008406669296999e-01
9.975218384199517896e-01
9.977569789934839228e-01
9.979607521164342021e-01
9.980919961371812477e-01
9.981256451915598849e-01
9.980573674541575180e-01
9.979020202510319182e-01
9.976884323190361448e-01
9.974528548635096525e-01
9.972326594033036340e-01
9.970610390306109405e-01
9.969627335928340495e-01
9.969499213817274441e-01
9.970158970312550384e-01
9.971220517305239284e-01
9.971736761449715436e-01
9.969890718810103802e-01
9.962901125020990900e-01
9.947683795390558359e-01
9.922665834270163465e-01
9.890203935955040881e-01
9.857761990025910581e-01
9.835886183143992545e-01
9.833153822747473516e-01
9.851250760027617792e-01
9.883957003966501453e-01
9.920858877955003319e-01
9.952824283400057981e-01
9.975407833998470863e-01
9.988769791655733865e-01
9.995487643461677951e-01
9.998386624630951625e-01
9.999471035167512012e-01
9.999828010642403120e-01
9.999934855823484625e-01
9.999966305670799915e-01
9.999976950472712067e-01
9.999981805451303440e-01
9.999984742206815547e-01
9.999986825067510576e-01
9.999988422691914458e-01
9.999989703605445257e-01
9.999990760470036655e-01
9.999991649904373947e-01
9.999992409197686616e-01
9.999993064460747094e-01
9.999993634887065497e-01
9.999994135103570381e-01
9.999994576548943970e-01
9.999994968337039269e-01
9.999995317832067743e-01
9.999995631051397105e-01
9.999995912958268285e-01
9.999996167680174075e-01
9.999996398674948495e-01
9.999996608858879865e-01
9.999996800706731914e-01
9.999996976330598475e-01
9.999997137542622205e-01
9.999997285905284361e-01
9.999997422772042288e-01
9.999997549320369661e-01
9.999997666578805955e-01
9.999997775449243065e-01
9.999997876725377211e-01
9.999997971108065542e-01
9.999998059218191404e-01
9.999998141607475688e-01
9.999998218767598424e-01
9.999998291137948137e-01
9.999998359112213242e-01
9.999998423044023088e-01
9.999998483251781867e-01
9.999998540022826399e-01
9.999998593617033249e-01
9.999998644269929571e-01
9.999998692195399830e-01
9.999998737588053910e-01
9.999998780625286576e-01
9.999998821469090471e-01
9.999998860267634848e-01
9.999998897156685551e-01
9.999998932260821816e-01
9.999998965694545383e-01
9.999998997563241954e-01
9.999999027964046050e-01
9.999999056986614843e-01
9.999999084713805386e-01
9.999999111222293013e-01
9.999999136583117565e-01
9.999999160862178549e-01
9.999999184120681450e-01
9.999999206415524089e-01
9.999999227799669654e-01
9.999999248322468670e-01
9.999999268029943211e-01
9.999999286965066680e-01
9.999999305167995844e-01
9.999999322676296210e-01
9.999999339525137421e-01
9.999999355747475338e-01
9.999999371374220791e-01
9.999999386434392790e-01
9.999999400955245088e-01
9.999999414962410516e-01
9.999999428480003116e-01
9.999999441530732502e-01
9.999999454135994892e-01
9.999999466315971919e-01
9.999999478089661720e-01
9.999999489474697967e-01
9.999999500485615700e-01
9.999999511125603480e-01
9.999999521358914345e-01
9.999999531049571511e-01
9.999999539885986444e-01
9.999999547384580412e-01
9.999999553073923853e-01
9.955044949347680028e-01
9.949278662656423355e-01
9.942751725496280502e-01
9.936707605874348648e-01
9.932391570988560181e-01
9.930631045702118520e-01
9.931632313938608680e-01
9.934992166979057515e-01
9.939849090139265542e-01
9.945106884329855124e-01
9.949676734627446173e-01
9.952686737178817467e-01
9.953618663738756922e-01
9.952355146860532020e-01
9.949146245186015758e-01
9.944521398202091911e-01
9.939177006935957515e-01
9.933864048544936987e-01
9.929289969366270618e-01
9.926038878719947167e-01
9.924503577496024409e-01
9.924807006880914662e-01
9.926663970502237477e-01
9.929106976636246085e-01
9.930025206805992433e-01
9.925639685836531445e-01
9.910406400193303433e-01
9.878187504530377971e-01
9.825288732158492522e-01
9.754641155344072612e-01
9.678530368295730213e-01
9.616688591660196295e-01
9.588906043839953153e-01
9.605617512230717470e-01
9.662460342438291550e-01
9.742616682731881639e-01
9.825256206078497589e-01
9.894386051069544719e-01
9.943150626928257685e-01
9.972707346642423198e-01
9.988270979785645043e-01
9.995447743747427616e-01
9.998368570516119602e-01
9.999429693891974669e-01
9.999781639260466592e-01
9.999893784153728316e-01
9.999931974160538584e-01
9.999948079506095766e-01
9.999957019612411013e-01
9.999963062134717973e-01
9.999967592345769818e-01
9.999971181143636478e-01
9.999974122168120427e-01
9.999976588537355937e-01
9.999978691079949300e-01
9.999980505003016606e-01
9.999982082850655818e-01
9.999983459548025255e-01
9.999984652293598675e-01
9.999985659471949395e-01
9.999986465702184191e-01
9.999987057593530126e-01
9.957892210916965414e-01
9.957378352060750615e-01
9.957721254205851302e-01
9.959398495571094578e-01
9.962350619063879975e-01
9.965957700943712805e-01
9.969320421412976030e-01
9.971607002979887557e-01
9.972295761390114199e-01
9.971268673204609634e-01
9.968780815136473183e-01
9.965354222133383510e-01
9.961644382871299719e-01
9.958313528671165482e-01
9.955926340338094871e-01
9.954865410219109201e-01
9.955239181582096197e-01
9.956712212885736601e-01
9.958145388551502553e-01
9.957008454958914401e-01
9.948919207546929044e-01
9.928331231098563858e-01
9.891522558272833887e-01
9.841374346110661753e-01
9.790340753621897818e-01
9.757022354003864750e-01
9.756229827032854018e-01
9.789425090053951450e-01
9.843749822489498147e-01
9.900503689899934345e-01
9.945631951013100824e-01
9.974479871139659837e-01
9.989676548091511732e-01
9.996369329681704663e-01
9.998862147713761805e-01
9.999659163875169732e-01
9.999884697008089018e-01
9.999945709542629180e-01
9.999964435636521376e-01
9.999972398806245000e-01
9.999977070780722288e-01
9.999980334225065937e-01
9.999982793209251097e-01
9.999984687276820550e-01
9.999986105652420854e-01
9.999987081113999032e-01
9.999990403808194372e-01
9.999990135903021882e-01
9.999989777760912579e-01
9.999989342494626232e-01
9.999988844858469506e-01
9.999988293782171578e-01
9.999987690902663040e-01
9.999987032556851840e-01
9.999986311859757615e-01
9.999985519529824840e-01
9.999984643400349205e-01
9.999983666144933725e-01
9.999982558643201180e-01
9.999981261035488789e-01
9.999979630024931065e-01
9.999977298974973561e-01
9.999973327430495829e-01
9.999965378087181112e-01
9.999947914248565883e-01
9.999908536811608073e-01
9.999821121371494925e-01
9.999634069702779682e-01
9.999252191125846956e-01
9.998512154029847165e-01
9.997154791120964612e-01
9.994802965536371264e-01
9.990960039885472543e-01
9.985048141863910320e-01
9.976502750776243822e-01
9.964926482735538826e-01
9.950280075372085475e-01
9.933059190616042589e-01
9.914385408569352798e-01
9.895944084630137194e-01
9.879738713443050324e-01
9.867693953384468752e-01
9.861204359990747292e-01
9.860763176435642929e-01
9.865793812054055589e-01
9.874745848744679311e-01
9.885430870564356765e-01
9.895496999256541137e-01
9.902905338402656632e-01
9.906287145103033209e-01
9.905114524782678842e-01
9.899682384640741128e-01
9.890948703461066582e-01
9.880300318073869104e-01
9.869304765175502814e-01
9.859487449498158806e-01
9.852149495000332990e-01
9.848218267330621778e-01
9.848090785963925509e-01
9.851376293861835443e-01
9.856380139185313416e-01
9.859193366040255313e-01
9.852567933040492498e-01
9.825510935762681308e-01
9.765347160288238015e-01
9.663683592135842160e-01
9.525083604091260092e-01
9.373215180648727385e-01
9.247648764318531223e-01
9.189078047561506368e-01
9.219785866411889241e-01
9.331872158102845205e-01
9.491565912404653638e-01
9.656482687374255969e-01
9.794019694979247959e-01
9.890360754276561472e-01
9.948123309309037099e-01
9.978095641487472189e-01
9.991664435329759009e-01
9.997068062976564029e-01
9.998984944599988989e-01
9.999606460244142569e-01
9.999801865834097025e-01
9.999869065108675237e-01
9.999898433451704927e-01
9.999915345234642317e-01
9.999927023190242625e-01
9.999935872127772019e-01
9.999942923383733362e-01
9.999948722745252150e-01
9.999953597174582320e-01
9.999957758504163241e-01
9.999961352653493618e-01
9.999964485374001066e-01
9.999967236439519791e-01
9.999969667857072642e-01
9.999971828889017145e-01
9.999973759308985466e-01
9.999975491622625778e-01
9.999977052610125039e-01
9.999978464250789401e-01
9.999979743667620768e-01
9.999980901247280674e-01
9.999981936519422021e-01
9.999982834306195834e-01
9.999983567787282812e-01
9.999984113433136867e-01
9.999981092674652405e-01
9.999980332106823688e-01
9.999979280559254669e-01
9.999977915111636362e-01
9.999976133716591553e-01
9.999973589268981167e-01
9.999969310805685296e-01
9.999960812000556754e-01
9.999942090991708055e-01
9.999899454646662411e-01
9.999803457884312019e-01
9.999594607973045779e-01
9.999160318404849424e-01
9.998301753242482270e-01
9.996692750282267781e-01
9.993839675469414763e-01
9.989060197516541617e-01
9.981507457273826045e-01
9.970268063806952963e-01
9.954550847064771446e-01
9.933954456097309205e-01
9.908759995101590334e-01
9.880155040868383587e-01
9.850279926147395004e-01
9.822015034730144922e-01
9.798501391324803134e-01
9.782484636846902060e-01
9.775655040978782351e-01
9.778183747922855051e-01
9.788608921885908476e-01
9.804118411690789792e-01
9.821149525586323481e-01
9.836131763577686815e-01
9.846170112841393651e-01
9.849509224726029633e-01
9.845706596134115030e-01
9.835535149617504747e-01
9.820697979242680731e-01
9.803456776805978823e-01
9.786258409409260839e-01
9.771410113897306404e-01
9.760818217396597385e-01
9.755769166301780926e-01
9.756679074037870603e-01
9.762652281699368828e-01
9.770606298033772674e-01
9.773813199971372878e-01
9.760285813087297146e-01
9.712615606912093913e-01
9.611891278476090150e-01
9.447361450293298990e-01
9.229217791223665035e-01
8.996285943227871895e-01
8.809278932839261778e-01
8.727909371249853443e-01
8.782792136323378518e-01
8.959766163519018445e-01
9.207340418251063197e-01
9.462058561505284349e-01
9.675094835075218613e-01
9.825387191273275977e-01
9.916428367512498676e-01
9.964274513763300423e-01
9.986253419078074955e-01
9.995143945239385319e-01
9.998344922631857701e-01
9.999392721713670218e-01
9.999719859837540303e-01
9.999827711071956893e-01
9.999871263119308740e-01
9.999894483537080658e-01
9.999909747963884321e-01
9.999920997038165282e-01
9.999929817546242550e-01
9.999937004302470456e-01
9.999943013168345329e-01
9.999948128743690878e-01
9.999952541057618438e-01
9.999956384584849367e-01
9.999959759129318781e-01
9.999962741493246821e-01
9.999965392348475479e-01
9.999967760536174755e-01
9.999969885925463764e-01
9.999971801415868944e-01
9.999973534397036401e-01
9.999975107837136834e-01
9.999976541068497093e-01
9.999977850173382699e-01
9.999979047525906495e-01
9.999980139649031763e-01
9.999981123064780597e-01
9.999981980651018176e-01
9.999982684744399553e-01
9.999983211354572799e-01
