3.066057014098054424e+03 1.010961522764915133e+00 1.483622789986155203e-02 3.193531017368561152e+03
3.066065361687209588e+03 1.003071036408242023e+00 1.483729843648351129e-02 3.168941440959558349e+03
3.066073709276364752e+03 9.932289624215658863e-01 1.475943748647856255e-02 3.138180397306812665e+03
3.066082056865519917e+03 9.836155540665239005e-01 1.465790722047037413e-02 3.108135328090982057e+03
3.066090404454674626e+03 9.817478878783975071e-01 1.463405041699890330e-02 3.102562254194352590e+03
3.066098752043829791e+03 9.975231262263604126e-01 1.465212758502829060e-02 3.152749707113016939e+03
3.066107099632984955e+03 1.012957028271491033e+00 1.473489434740819261e-02 3.201868785373289938e+03
3.066115447222140119e+03 1.016760548864483749e+00 1.484839979670521219e-02 3.214231681183049204e+03
3.066123794811295284e+03 1.015157377395345950e+00 1.485985505469600287e-02 3.209503421991625146e+03
3.066132142400450448e+03 1.007508214652950818e+00 1.480766419515450009e-02 3.185657168182521218e+03
3.066140489989605612e+03 1.000973402404654378e+00 1.476886463262917781e-02 3.165329650714429590e+03
3.066148837578760777e+03 9.955933108286328936e-01 1.472481995582245601e-02 3.148649662639832968e+03
3.066157185167915941e+03 9.932427065130348121e-01 1.470908572056167131e-02 3.141548101776298608e+03
3.066165532757070650e+03 1.000718684490021992e+00 1.473587469116523219e-02 3.165528958697422695e+03
3.066173880346225815e+03 1.003998739508767502e+00 1.473145419077632329e-02 3.176240638855785164e+03
3.066182227935380979e+03 1.000429649657742726e+00 1.471914546837826444e-02 3.165284334240415774e+03
3.066190575524536143e+03 1.000554466631828010e+00 1.475692683683148959e-02 3.166014120848382845e+03
3.066198923113691308e+03 9.971131030873925383e-01 1.475904240358518957e-02 3.155458476343435905e+03
3.066207270702846472e+03 9.932615633202610539e-01 1.475343426574407535e-02 3.143602349630097706e+03
3.066215618292001636e+03 1.002230040145833279e+00 1.480314645728309127e-02 3.172322378097203000e+03
3.066223965881156801e+03 1.007557995507657234e+00 1.477283189377663272e-02 3.189523980944572031e+03
3.066232313470311965e+03 1.000186715119756320e+00 1.465810990160412892e-02 3.166524219510984494e+03
3.066240661059466674e+03 9.921037148555177376e-01 1.456482101166804363e-02 3.141266028183311391e+03
3.066249008648621839e+03 9.838144807138338166e-01 1.448632074774772530e-02 3.115349365559201942e+03
3.066257356237777003e+03 9.809213616093661603e-01 1.446969594302199499e-02 3.106516311529173436e+03
3.066265703826932167e+03 9.839099522288904387e-01 1.452206171959984776e-02 3.116310294544164208e+03
3.066274051416087332e+03 9.861963371824948865e-01 1.460021524446123049e-02 3.123881966799546717e+03
3.066282399005242496e+03 9.939066762998497451e-01 1.471531086503642671e-02 3.148637937532002525e+03
3.066290746594397660e+03 9.974399735850447701e-01 1.471048859136600551e-02 3.160165048356493571e+03
3.066299094183552825e+03 9.933229346513366975e-01 1.459394763850351343e-02 3.147453587798792341e+03
3.066307441772707989e+03 9.925177273090480812e-01 1.456560679936954629e-02 3.145234384529097042e+03
3.066315789361862699e+03 9.938094643663600847e-01 1.459872935726042563e-02 3.149660446189764116e+03
3.066324136951017863e+03 9.957672511864846809e-01 1.464122007517348195e-02 3.156198493615502684e+03
3.066332484540173027e+03 9.975526533453928923e-01 1.469856075861374588e-02 3.162191400895095285e+03
3.066340832129328192e+03 9.964671899238919384e-01 1.470715535239875554e-02 3.159084043910711898e+03
3.066349179718483356e+03 9.915921134362637446e-01 1.467235978313149308e-02 3.143960542116689794e+03
3.066357527307638520e+03 9.887643777709010928e-01 1.466596145279834042e-02 3.135325799460553299e+03
3.066365874896793684e+03 9.890504527849283134e-01 1.468276418031488027e-02 3.136563954805040339e+03
3.066374222485948849e+03 9.911262845619170925e-01 1.472299651885588048e-02 3.143478735021877583e+03
3.066382570075103558e+03 1.010338874468670101e+00 1.485535485759077387e-02 3.204751973280918719e+03
3.066390917664258723e+03 1.026688721600455434e+00 1.494761854754495314e-02 3.256956615490303193e+03
3.066399265253413887e+03 1.016531899499885094e+00 1.487954101174766841e-02 3.225076430589528627e+03
3.066407612842569051e+03 1.001794845347176333e+00 1.472920830042958977e-02 3.178656546636263556e+03
3.066415960431724216e+03 9.949528024257989767e-01 1.458467292454462307e-02 3.157280007628082785e+03
3.066424308020879380e+03 9.961696840783101914e-01 1.456692115624856100e-02 3.161474941154053340e+03
3.066432655610034544e+03 1.005256971819485923e+00 1.466863193886147262e-02 3.190651087731785992e+03
3.066441003199189709e+03 1.008514018699967263e+00 1.467210896537769586e-02 3.201326381664990095e+03
3.066449350788344873e+03 9.997364183823622685e-01 1.453591090131700105e-02 3.173798243363035908e+03
3.066457698377499582e+03 9.978323497065181291e-01 1.455878637860433776e-02 3.168087484271406538e+03
3.066466045966654747e+03 1.008880109111802703e+00 1.477992181908133890e-02 3.203501447301606731e+03
3.066474393555809911e+03 1.013789127976071569e+00 1.484375969970898844e-02 3.219428381061107302e+03
3.066482741144965075e+03 9.996511344389739095e-01 1.467811186017698236e-02 3.174865788902037821e+03
3.066491088734120240e+03 9.887977396767997362e-01 1.457564944453921922e-02 3.140726631964232183e+03
3.066499436323275404e+03 1.000755396424882981e+00 1.461909416891381611e-02 3.179042780647868312e+03
3.066507783912430568e+03 1.011652695140320635e+00 1.468424154374194969e-02 3.213998199557935550e+03
3.066516131501585733e+03 1.009285173294026450e+00 1.470361547881703784e-02 3.206814432248747835e+03
3.066524479090740897e+03 1.005973126750537849e+00 1.468442272035498652e-02 3.196627713887904974e+03
3.066532826679895607e+03 9.974913395535721650e-01 1.464756046617554999e-02 3.170009436217180337e+03
3.066541174269050771e+03 9.917054459452245840e-01 1.464056687024742169e-02 3.151953884369600019e+03
3.066549521858205935e+03 9.996423312934321626e-01 1.469393071273551385e-02 3.177514388636547665e+03
3.066557869447361099e+03 1.003996623251823150e+00 1.469553812153418827e-02 3.191691191521539622e+03
3.066566217036516264e+03 9.994358139756558401e-01 1.458032702760679068e-02 3.177526943432553253e+03
3.066574564625671428e+03 9.999848636721809791e-01 1.455684473271961869e-02 3.179607232911247593e+03
3.066582912214826592e+03 1.000756685293135995e+00 1.466606292278488030e-02 3.182396302415537320e+03
3.066591259803981757e+03 9.950889201552691743e-01 1.469390422258834081e-02 3.164705911475216908e+03
3.066599607393136921e+03 9.903007578769223995e-01 1.462340199983330237e-02 3.149809443781520713e+03
3.066607954982291631e+03 9.916644013471707098e-01 1.461791186753293864e-02 3.154478628901296361e+03
3.066616302571446795e+03 1.005436263497625049e+00 1.472132170087049607e-02 3.198623350367250168e+03
3.066624650160601959e+03 1.018481158044302060e+00 1.482145865566557828e-02 3.240464324139070868e+03
3.066632997749757124e+03 1.014176487411641681e+00 1.486502348820289282e-02 3.227107744931532579e+03
3.066641345338912288e+03 1.004280374615724725e+00 1.482359747477951517e-02 3.195954454040963810e+03
3.066649692928067452e+03 1.004337207148683131e+00 1.470591466326829667e-02 3.196471455191458517e+03
3.066658040517222616e+03 1.008483915959450306e+00 1.463308672146705278e-02 3.210006579804153716e+03
3.066666388106377781e+03 1.002476292354978593e+00 1.456603658895259945e-02 3.191219818600671715e+03
3.066674735695532945e+03 9.980996067185580189e-01 1.453545162902309187e-02 3.177621406967751682e+03
3.066683083284687655e+03 1.005620157659876890e+00 1.459468012958139299e-02 3.201900942182763174e+03
3.066691430873842819e+03 1.010292000270771373e+00 1.462374199430789903e-02 3.217114252722681158e+03
3.066699778462997983e+03 9.980931118950008285e-01 1.458756326927389442e-02 3.178602883420046510e+03
3.066708126052153148e+03 9.870775280078167846e-01 1.457512993708275952e-02 3.143852185532227395e+03
3.066716473641308312e+03 9.883825995367589989e-01 1.462185366179558944e-02 3.148339653188497778e+03
3.066724821230463476e+03 9.868394322541387265e-01 1.461362725337767877e-02 3.143754417664062203e+03
3.066733168819618641e+03 9.875569205323494471e-01 1.450837725384782756e-02 3.146370630485411766e+03
3.066741516408773805e+03 9.917521222568603800e-01 1.445850810676790020e-02 3.160068532865766429e+03
3.066749863997928969e+03 9.921519908474386584e-01 1.451228685893518611e-02 3.161674716658392754e+03
3.066758211587083679e+03 9.917071944931467042e-01 1.453827697904144269e-02 3.160589205283606134e+03
3.066766559176238843e+03 9.874417801860210231e-01 1.447008686104005008e-02 3.147325737238696092e+03
3.066774906765394007e+03 9.839454942212243482e-01 1.444350104636459020e-02 3.136511155132448039e+03
3.066783254354549172e+03 9.944906505778949857e-01 1.455193327845665831e-02 3.170458668123394091e+03
3.066791601943704336e+03 1.005617098828248679e+00 1.463764972242433474e-02 3.206266606066170425e+03
3.066799949532859500e+03 9.983776980150116387e-01 1.461534246454106699e-02 3.183518956249226449e+03
3.066808297122014665e+03 9.903953283059803159e-01 1.458417016853729049e-02 3.158397112907991868e+03
3.066816644711169829e+03 9.957016697261616978e-01 1.457198825357075914e-02 3.175652428090232661e+03
3.066824992300324993e+03 1.001208457828895337e+00 1.457809637293300785e-02 3.193550659216713484e+03
3.066833339889479703e+03 9.948289410235938712e-01 1.457054483279835930e-02 3.173534898482646895e+03
3.066841687478634867e+03 9.862269573675561674e-01 1.452269166794898161e-02 3.146424386035184398e+03
3.066850035067790031e+03 9.896450164076523448e-01 1.448323677384609487e-02 3.157660467207950660e+03
3.066858382656945196e+03 9.975486751510364014e-01 1.450441274053208482e-02 3.183212541127792065e+03
3.066866730246100360e+03 1.003674306144445749e+00 1.456651012794561717e-02 3.203095562070813685e+03
3.066875077835255524e+03 1.005453916958695126e+00 1.459620889077128426e-02 3.209111472597177908e+03
3.066883425424410689e+03 1.005248793030180332e+00 1.460311430821822389e-02 3.208793223907084212e+03
3.066891773013565853e+03 1.007501635809058715e+00 1.459794571920972235e-02 3.216321585844339552e+03
3.066900120602720563e+03 1.005035461367731475e+00 1.457923964186306001e-02 3.208785010569228689e+03
3.066908468191875727e+03 1.000781943175996558e+00 1.456811761483808865e-02 3.195539719143393086e+03
3.066916815781030891e+03 9.959997173917027879e-01 1.450007654589112460e-02 3.180603217502695770e+03
3.066925163370186056e+03 9.910308622197829820e-01 1.442272066341393662e-02 3.165067474166001830e+03
3.066933510959341220e+03 9.959515923730354325e-01 1.440369813450927301e-02 3.181116205215007540e+03
3.066941858548496384e+03 1.004001646804889125e+00 1.442764085145488429e-02 3.207164486303140166e+03
3.066950206137651548e+03 1.000831888368603595e+00 1.446734118300592800e-02 3.197374035883067336e+03
3.066958553726806713e+03 9.922311878642234850e-01 1.446371642417785229e-02 3.170229326384219348e+03
3.066966901315961877e+03 9.934246057642530658e-01 1.446125799946473486e-02 3.174374846311506190e+03
3.066975248905116587e+03 9.993437645937877090e-01 1.446464446794001532e-02 3.193623312050367076e+03
3.066983596494271751e+03 9.982854448259336211e-01 1.439335391764446151e-02 3.190575333569322083e+03
3.066991944083426915e+03 9.966183701697035602e-01 1.435538294737300977e-02 3.185580828733469389e+03
3.067000291672582080e+03 9.983206120362723146e-01 1.443435026933199798e-02 3.191355984755291502e+03
3.067008639261737244e+03 9.982832084808997974e-01 1.448653234062600471e-02 3.191570530795105697e+03
3.067016986850892408e+03 9.880597584724840621e-01 1.440973934441356144e-02 3.159216248958503456e+03
3.067025334440047573e+03 9.800186898417643233e-01 1.432522154731038187e-02 3.133833787093586579e+03
3.067033682029202737e+03 9.865402813382883052e-01 1.433181307217086704e-02 3.155018251368218444e+03
3.067042029618357901e+03 9.910881752341258455e-01 1.436599961632311663e-02 3.169894410653982050e+03
3.067050377207512611e+03 9.924262697911714337e-01 1.441026537905550596e-02 3.174506324219556518e+03
3.072635341030454583e+03 9.918444478867861624e-01 1.279498174985878658e-02 3.762170432015489951e+03
3.072643123610810562e+03 9.899873616390645337e-01 1.276262636507487398e-02 3.755808983779744267e+03
3.072650906191166996e+03 9.891651835373597157e-01 1.274246871403500805e-02 3.753371917202568511e+03
3.072658688771522975e+03 9.887279093223388937e-01 1.275897930210822748e-02 3.752394493948841045e+03
3.072666471351879409e+03 9.899899072220745833e-01 1.278617976803239110e-02 3.757866672824673515e+03
3.072674253932235388e+03 9.906672277274729543e-01 1.276950292832063766e-02 3.761120833365086582e+03
3.072682036512591822e+03 9.962724328904514204e-01 1.276035640293766982e-02 3.783088302474365719e+03
3.072689819092947801e+03 1.001133395643317936e+00 1.278991337570626122e-02 3.802236919725145526e+03
3.072697601673304234e+03 9.966980391904076697e-01 1.280541374787672743e-02 3.786079038927498004e+03
3.072705384253660213e+03 9.932958345887642482e-01 1.281605096352165553e-02 3.773840306793978016e+03
3.072713166834016647e+03 9.879221129995992001e-01 1.279356370496303498e-02 3.754105115755679435e+03
3.072720949414372626e+03 9.794327756139961094e-01 1.272148977913796324e-02 3.722521021577064403e+03
3.072728731994729060e+03 9.799885798403584758e-01 1.269406765941658889e-02 3.725309242013264338e+03
3.072736514575085494e+03 9.870387195599467089e-01 1.274233875548915970e-02 3.752790146099046979e+03
3.072744297155441473e+03 9.976059150772046413e-01 1.280795639563225147e-02 3.793655290518561742e+03
3.072752079735797906e+03 1.001031724820277136e+00 1.282730195522539807e-02 3.807373112213096647e+03
3.072759862316153885e+03 9.924184181867786725e-01 1.279022511427069415e-02 3.775297191576588375e+03
3.072767644896510319e+03 9.844206648693550887e-01 1.270810085964879828e-02 3.745551466403319864e+03
3.072775427476866298e+03 9.855119578578512840e-01 1.266775045020804812e-02 3.750383238000295023e+03
3.072783210057222732e+03 9.962043373841948934e-01 1.283540403104134475e-02 3.791760240518935916e+03
3.072790992637578711e+03 1.000331326060774684e+00 1.300977851879845347e-02 3.808158223470227767e+03
3.072798775217935145e+03 9.936143601863950403e-01 1.296032436462163373e-02 3.783272603468786656e+03
3.072806557798291124e+03 9.881205980725968896e-01 1.286558925624765870e-02 3.763036017294092744e+03
3.072814340378647557e+03 9.850882811944492445e-01 1.279851939274664549e-02 3.752167414668250785e+03
3.072822122959003536e+03 9.872290134825099095e-01 1.277285170658641611e-02 3.761002163747580198e+03
3.072829905539359970e+03 9.898106507824065980e-01 1.279777764495567370e-02 3.771519865357925482e+03
3.072837688119716404e+03 9.870668396880224460e-01 1.280275704177461817e-02 3.761745660544149359e+03
3.072845470700072383e+03 9.821916460433768314e-01 1.274218237962666464e-02 3.743843429643179661e+03
3.072853253280428817e+03 9.776661100125207948e-01 1.266621711234789706e-02 3.727267514491342808e+03
3.072861035860784796e+03 9.730647606426824359e-01 1.260235459574774071e-02 3.710396273822148032e+03
3.072868818441141229e+03 9.643831312419560708e-01 1.250988475069026405e-02 3.677957344964635467e+03
3.072876601021497208e+03 9.588886457581311529e-01 1.248372991774886892e-02 3.657663746743163756e+03
3.072884383601853642e+03 9.544981792093885087e-01 1.249218322873439299e-02 3.641574592720336568e+03
3.072892166182209621e+03 9.510798467262314704e-01 1.244987555937356570e-02 3.629188912436215560e+03
3.072899948762566055e+03 9.585419841269199326e-01 1.245547400112017970e-02 3.658324386145861808e+03
3.072907731342922034e+03 9.659844754519658627e-01 1.249458497385027775e-02 3.687395157538856438e+03
3.072915513923278468e+03 9.744744229478665698e-01 1.252269553471336075e-02 3.720475307843425981e+03
3.072923296503634901e+03 9.866909754377212183e-01 1.262779570725392278e-02 3.767797654606481501e+03
3.072931079083990880e+03 9.935473274557914403e-01 1.273490444743401867e-02 3.794664586229850102e+03
3.072938861664347314e+03 9.919021996150243492e-01 1.271188906251298663e-02 3.789065329991110957e+03
3.072946644244703293e+03 9.857344369446405796e-01 1.264193194494669069e-02 3.766184225980708106e+03
3.072954426825059727e+03 9.838519126842810714e-01 1.257844232111635444e-02 3.759670131760995901e+03
3.072962209405415706e+03 9.861577432935951792e-01 1.253141204540689571e-02 3.769161616929363845e+03
3.072969991985772140e+03 9.868959537335963983e-01 1.253836854970861829e-02 3.772663650857386074e+03
3.072977774566128119e+03 9.856558882213355410e-01 1.255398887750019954e-02 3.768602869999751420e+03
3.072985557146484553e+03 9.883963144424287028e-01 1.258970057733949446e-02 3.779762322214982305e+03
3.072993339726840532e+03 9.925962271772089673e-01 1.264346894290255610e-02 3.796507835849015919e+03
3.073001122307196965e+03 9.953560817284355933e-01 1.269730998652871153e-02 3.807750176848211595e+03
3.073008904887552944e+03 1.003623707066298554e+00 1.278138716229196628e-02 3.840070185013238188e+03
3.073016687467909378e+03 1.010511535313285636e+00 1.280840862080313315e-02 3.867121257356419846e+03
3.073024470048265812e+03 1.009819875238270770e+00 1.274927810172591866e-02 3.865170698625528530e+03
3.073032252628621791e+03 1.004317125023936441e+00 1.269720345813810797e-02 3.844801015278134400e+03
3.073040035208978225e+03 9.954524660196741870e-01 1.268835650550860332e-02 3.811551116851419920e+03
3.073047817789334204e+03 9.944590903120889003e-01 1.272850039738791447e-02 3.808433276634210415e+03
3.073055600369690637e+03 9.971791073419604690e-01 1.275405405899104200e-02 3.819537632853544437e+03
3.073063382950046616e+03 9.965301725114632525e-01 1.276245015912714879e-02 3.817739177360122540e+03
3.073071165530403050e+03 9.959167603123139090e-01 1.279807348543627807e-02 3.816075939721974919e+03
3.073078948110759029e+03 9.951036097844808692e-01 1.281651910031700141e-02 3.813646376650757247e+03
3.073086730691115463e+03 9.938627276846473402e-01 1.280760204744281830e-02 3.809576153825062647e+03
3.073094513271471442e+03 9.944241964461596472e-01 1.281487595686757464e-02 3.812414055266899595e+03
3.073102295851827876e+03 9.979408305167103421e-01 1.282975014285338625e-02 3.826584253627894213e+03
3.073110078432184309e+03 9.990892188306607080e-01 1.281218323697718223e-02 3.831676677673946870e+03
3.228870769138889045e+03 9.998988510372236460e-01 7.420955939948074148e-03 9.025670868918641645e+03
3.228880146782870270e+03 1.002399340533969507e+00 7.449970840059630568e-03 9.047381386330278474e+03
3.228889524426851494e+03 1.003175000846991294e+00 7.463954147425976883e-03 9.053718259346143896e+03
3.228898902070833174e+03 1.002267992031550037e+00 7.463039379766786031e-03 9.045060002830956364e+03
3.228908279714814398e+03 1.001913261474179029e+00 7.455599360570979578e-03 9.041571496441836643e+03
3.228917657358795623e+03 1.001729821711347057e+00 7.440304346255571973e-03 9.039808118549128267e+03
3.228927035002776847e+03 9.995090720836832254e-01 7.417706850319504518e-03 9.019832880237085192e+03
3.228936412646758072e+03 9.947310962731260586e-01 7.385511625634159916e-03 8.976946443214194005e+03
3.228945790290739296e+03 9.932252259109519699e-01 7.391493844258167564e-03 8.963747942851894550e+03
3.228955167934720521e+03 9.965744856932122753e-01 7.446870845484542152e-03 8.994522207046444237e+03
3.228964545578701745e+03 9.985117194893605719e-01 7.464908509445335877e-03 9.012704725258470717e+03
3.228973923222682970e+03 9.991035703472909146e-01 7.437830370767263555e-03 9.018889165514012348e+03
3.228983300866664194e+03 9.989466722571721524e-01 7.427098372622376564e-03 9.018452947834002771e+03
3.228992678510645419e+03 9.964230647275820196e-01 7.434781829489537502e-03 8.996779295466309122e+03
3.229002056154626644e+03 9.948867868335306008e-01 7.438847642968550097e-03 8.984141551088858250e+03
3.229011433798607868e+03 9.954872487358940036e-01 7.439680714989183041e-03 8.990918105733355333e+03
3.229020811442589093e+03 9.967447796736764731e-01 7.441932268417302335e-03 9.003745986192723649e+03
3.229030189086570317e+03 9.993645151022670925e-01 7.448761036538955813e-03 9.028993421144963577e+03
3.229039566730551542e+03 1.000206377130632873e+00 7.451836313010678017e-03 9.038286819890308834e+03
3.229048944374532766e+03 9.968635324729472336e-01 7.440839135059557595e-03 9.009858161844020287e+03
3.229058322018514446e+03 9.923217428166364318e-01 7.401780122020559620e-03 8.970669832425230197e+03
3.229067699662495670e+03 9.860596889663698628e-01 7.320873398643995729e-03 8.915994295553411575e+03
3.229077077306476895e+03 9.803492054313943660e-01 7.258133912814224327e-03 8.866360780675437127e+03
3.229086454950458119e+03 9.753199284869504826e-01 7.226014048050578495e-03 8.822938327608644613e+03
3.229095832594439344e+03 9.713208728962215988e-01 7.197177157633033277e-03 8.788882499969242417e+03
3.229105210238420568e+03 9.705997463358471133e-01 7.176621266995136285e-03 8.784536745851824890e+03
3.229114587882401793e+03 9.725952889333375762e-01 7.181441095553328484e-03 8.804836289355278495e+03
3.229123965526383017e+03 9.818383101800333135e-01 7.243854814965366984e-03 8.890822283338560737e+03
3.229133343170364242e+03 9.900251150823258239e-01 7.297669560220318603e-03 8.967329253461495682e+03
3.229142720814345466e+03 9.946489196296088853e-01 7.331445551034425356e-03 9.011633138363613398e+03
3.229152098458326691e+03 9.978996024433101075e-01 7.347168709053379654e-03 9.043548591374568787e+03
3.229161476102307915e+03 9.967507756325633128e-01 7.315985029350359492e-03 9.035625485721164296e+03
3.229170853746289140e+03 9.962066585364593996e-01 7.299077599557267718e-03 9.033201247098011663e+03
3.229180231390270364e+03 9.986890136610930835e-01 7.324204162059580990e-03 9.058240301786272539e+03
3.229189609034251589e+03 9.999461669180842449e-01 7.337144775180784451e-03 9.072185857443719215e+03
3.229198986678232814e+03 9.967693543287940994e-01 7.313674829844980102e-03 9.045902528514183359e+03
3.229208364322214493e+03 9.948248105381297668e-01 7.298253492276007490e-03 9.030787383368784504e+03
3.229217741966195717e+03 9.963593613334283949e-01 7.306077993698465757e-03 9.047245906134945471e+03
3.229227119610176942e+03 9.974676194423373055e-01 7.305598130575513029e-03 9.059826745394551835e+03
3.229236497254158166e+03 9.979171845948997532e-01 7.281868364469657080e-03 9.066409373834227154e+03
3.229245874898139391e+03 9.984159574073668830e-01 7.262444985055641067e-03 9.073416265528254371e+03
3.229255252542120616e+03 9.996033812763865933e-01 7.260006246764186613e-03 9.086654629967546498e+03
3.229264630186101840e+03 1.001076530867485603e+00 7.262215936081783951e-03 9.102459906686721297e+03
3.229274007830083065e+03 1.000932180727083454e+00 7.267075978599818811e-03 9.103518239908175019e+03
3.229283385474064289e+03 1.000383788518596662e+00 7.267041612540908746e-03 9.100851588895222449e+03
3.229292763118045514e+03 1.000213427564451196e+00 7.261084783796094982e-03 9.101567968288116390e+03
3.241367604065763317e+03 1.000149851152783098e+00 4.787367651645433632e-03 8.918037195478456852e+03
3.241375933853681545e+03 1.000844148278283940e+00 4.796757191164130116e-03 8.922946885188095621e+03
3.241384263641600228e+03 1.000701127020618308e+00 4.786124409303085456e-03 8.920406347590233054e+03
3.241392593429518911e+03 1.000170078446666944e+00 4.776347396097887360e-03 8.914423113116761670e+03
3.241400923217437139e+03 9.997907944259172286e-01 4.777491796588923326e-03 8.909808931235624186e+03
3.241409253005355822e+03 1.000021571085546457e+00 4.780216910630778575e-03 8.910646720594435465e+03
3.241417582793274050e+03 9.999590798356492449e-01 4.783584650071373914e-03 8.908886151006274304e+03
3.241425912581192733e+03 9.995404485229164582e-01 4.787011977699249556e-03 8.903968080735407057e+03
3.241434242369110962e+03 1.000483319013120154e+00 4.791176015478688065e-03 8.911192475538164217e+03
3.241442572157029645e+03 1.001718171162303772e+00 4.791920594000871787e-03 8.921029596199203297e+03
3.241450901944948328e+03 1.000258492799351195e+00 4.773155516081356749e-03 8.906884706331577036e+03
3.241459231732866556e+03 9.976794592004628592e-01 4.754756011920937067e-03 8.882791368224432517e+03
3.241467561520785239e+03 9.971699469030953500e-01 4.760145519712480865e-03 8.877141589024809946e+03
3.241475891308703467e+03 9.974178506284064882e-01 4.766941501844280775e-03 8.878248930987798303e+03
3.241484221096622150e+03 9.981388719464573400e-01 4.762507058921129285e-03 8.883580473572883420e+03
3.241492550884540833e+03 9.997281869665340936e-01 4.760128673715714916e-03 8.896651273031342498e+03
3.241500880672459061e+03 1.000748761751245164e+00 4.762875530231819136e-03 8.904671725476437132e+03
3.241509210460377744e+03 1.001068038521444992e+00 4.763144228667253073e-03 8.906464192322126110e+03
3.241517540248295973e+03 1.000430804557178144e+00 4.762327090619563295e-03 8.899760406950103061e+03
3.241525870036214656e+03 9.984427658624598356e-01 4.759383235543056256e-03 8.881055972948448471e+03
3.241534199824132884e+03 9.975771158151757190e-01 4.753623400315359210e-03 8.872351152938263112e+03
3.241542529612051567e+03 9.993187361986147765e-01 4.753887825896294973e-03 8.886847305570066965e+03
3.241550859399970250e+03 1.000763958585933810e+00 4.763723852795115864e-03 8.898717392230475525e+03
3.241559189187888478e+03 9.993022133687239350e-01 4.767183886193268431e-03 8.884751753484935762e+03
3.241567518975807161e+03 9.965875161045596453e-01 4.751213929684553090e-03 8.859662849769652894e+03
3.241575848763725389e+03 9.967006724366554993e-01 4.744125917591012799e-03 8.859728554684155824e+03
3.241584178551644072e+03 9.998014893047471041e-01 4.772577898536241141e-03 8.886361124506900524e+03
3.241592508339562755e+03 1.000554866852696456e+00 4.791685541871553225e-03 8.892138064851234958e+03
3.241600838127480984e+03 9.972658704240390248e-01 4.765072926773875062e-03 8.862004045678371767e+03
3.241609167915399667e+03 9.948442432307159633e-01 4.744331686414543330e-03 8.839594873715332142e+03
3.241617497703317895e+03 9.928976373845324055e-01 4.729568127572535835e-03 8.821422181913207169e+03
3.241625827491236578e+03 9.905361882514968075e-01 4.711530642856477484e-03 8.799579266941456808e+03
3.241634157279154806e+03 9.890232560657906680e-01 4.699816337380535725e-03 8.785289169530231447e+03
3.241642487067073489e+03 9.881216129963450445e-01 4.686933284686419302e-03 8.776442477538717867e+03
3.241650816854992172e+03 9.871777166881056109e-01 4.693658651561498189e-03 8.767233296713788150e+03
3.241659146642910400e+03 9.857421898529538096e-01 4.700329561576066517e-03 8.753670975442690178e+03
3.241667476430829083e+03 9.859275805425073980e-01 4.701502273059569512e-03 8.754514863196569422e+03
3.241675806218747312e+03 9.864656865217761306e-01 4.710618398893885554e-03 8.758500934860498091e+03
3.241684136006665995e+03 9.858435339356516058e-01 4.722530048466225781e-03 8.752196237547359488e+03
3.241692465794584223e+03 9.853502765996917656e-01 4.731716008130298044e-03 8.747047320820212917e+03
3.241700795582502906e+03 9.868130820501421763e-01 4.734766882326853568e-03 8.759272269925768342e+03
3.241709125370421589e+03 9.887717656918391107e-01 4.735912862185961622e-03 8.775906520174990874e+03
3.241717455158339817e+03 9.898404318002259616e-01 4.740531349282141489e-03 8.784649308140720677e+03
3.241725784946258500e+03 9.905295682851602557e-01 4.741022673192966767e-03 8.790032648837590386e+03
3.241734114734176728e+03 9.900788128139919042e-01 4.733536519569396181e-03 8.785310320785523800e+03
3.241742444522095411e+03 9.895447014335160274e-01 4.728607090254386552e-03 8.779858925524080405e+03
3.241750774310014094e+03 9.896814738358247210e-01 4.731407138281419275e-03 8.780370049948011001e+03
3.241759104097932322e+03 9.896229409394361465e-01 4.734191361613569390e-03 8.779157992160147842e+03
3.241767433885851005e+03 9.875691265479792369e-01 4.720138088058320643e-03 8.760256299678179857e+03
3.241775763673769234e+03 9.853434015036579563e-01 4.702785486882000987e-03 8.739841933797981255e+03
3.241784093461687917e+03 9.854756514855279592e-01 4.703228729733205556e-03 8.740353047004433392e+03
3.241792423249606145e+03 9.866663610746115864e-01 4.707755145955757996e-03 8.750259999247276937e+03
3.241800753037524828e+03 9.874371066932177143e-01 4.703926621448959768e-03 8.756450144575650484e+03
3.241809082825443511e+03 9.865924453211905032e-01 4.699335961400247404e-03 8.748323953526512923e+03
3.241817412613361739e+03 9.853723060138468437e-01 4.697637464740251657e-03 8.736878324896957565e+03
3.241825742401280422e+03 9.849824060234451117e-01 4.694219382444456655e-03 8.732803643077861125e+03
3.241834072189198650e+03 9.840052520105050382e-01 4.680533604137961622e-03 8.723531662247019995e+03
3.241842401977117333e+03 9.812749348133907867e-01 4.665509110440786700e-03 8.698727861533572650e+03
3.241850731765036016e+03 9.746930073936445060e-01 4.638482063831650230e-03 8.639794371227475494e+03
3.241859061552954245e+03 9.624271087950666548e-01 4.594161931743571438e-03 8.530496679628533457e+03
3.241867391340872928e+03 9.502146535867714849e-01 4.537203432009796061e-03 8.421694844318764808e+03
3.241875721128791156e+03 9.381665749585662573e-01 4.476905571331757719e-03 8.314371486262667531e+03
3.241884050916709839e+03 9.277113652763354645e-01 4.435641108780890261e-03 8.221184917385096924e+03
3.241892380704628067e+03 9.223394289583602967e-01 4.410548169910564163e-03 8.173061326456241659e+03
3.241900710492546750e+03 9.213537483750566803e-01 4.408049412225484472e-03 8.163815850242899614e+03
3.241909040280465433e+03 9.302805058259829840e-01 4.430205460028720406e-03 8.242403725947551720e+03
3.241917370068383661e+03 9.452929803941314546e-01 4.494308418652014775e-03 8.374905583526797272e+03
3.241925699856302344e+03 9.655338147946381788e-01 4.585031154722227047e-03 8.553716389140960018e+03
3.241934029644220573e+03 9.820784968939105797e-01 4.650032144697903956e-03 8.699770045093846420e+03
3.241942359432139256e+03 9.906569201428853111e-01 4.688396256395076234e-03 8.775247960386815976e+03
3.241950689220057484e+03 9.956578250818636233e-01 4.705712419672532752e-03 8.819035845222784701e+03
3.241959019007976167e+03 9.943540310538696581e-01 4.703975607172496305e-03 8.806984557257848792e+03
3.241967348795894850e+03 9.939050714556291188e-01 4.711432472322733649e-03 8.802511856867431561e+03
3.241975678583813078e+03 9.965556138160052146e-01 4.731254582518266104e-03 8.825495098962946940e+03
3.241984008371731761e+03 9.981172916622064184e-01 4.734869968260595890e-03 8.838839492005103239e+03
3.241992338159649989e+03 9.992953504010694266e-01 4.729582439433837812e-03 8.848791496331137751e+03
3.242000667947568672e+03 1.000206329782055370e+00 4.726288008940428623e-03 8.856383465365111988e+03
3.242008997735487355e+03 9.985250705063751786e-01 4.717389724147080625e-03 8.841028502331122581e+03
3.242017327523405584e+03 9.983080626021318960e-01 4.718298848610983677e-03 8.838644735152094654e+03
3.242025657311324267e+03 9.977540219105665020e-01 4.720193401257593256e-03 8.833282927268674030e+03
3.242033987099242495e+03 9.954727195887744795e-01 4.707502580733964950e-03 8.812636103922593975e+03
3.242042316887161178e+03 9.953652188231039144e-01 4.697491277290754413e-03 8.811239699578731233e+03
3.242050646675079406e+03 9.963809836606488668e-01 4.703040962890834252e-03 8.819791508134052492e+03
3.242058976462998089e+03 9.966823999745724194e-01 4.710503879447702595e-03 8.822024489349041687e+03
3.242067306250916772e+03 9.963910638742662362e-01 4.704636858084995307e-03 8.819015696867638326e+03
3.242075636038835000e+03 9.964462440694440426e-01 4.695092923513877019e-03 8.819078792670421535e+03
3.242083965826753683e+03 9.964374071454589199e-01 4.696270313978412499e-03 8.818579939628936700e+03
3.242092295614671912e+03 9.957990702509555980e-01 4.700083746612356873e-03 8.812514741230166692e+03
3.242100625402590595e+03 9.963795034136322393e-01 4.706938402974192998e-03 8.817239705263587894e+03
3.242108955190508823e+03 9.990810649198692550e-01 4.717465318907819970e-03 8.840738050661244415e+03
3.242117284978427506e+03 9.999945924965683020e-01 4.712925514575087155e-03 8.848416995671972472e+03
3.242125614766346189e+03 9.979305775977023174e-01 4.700579116915725233e-03 8.829753745940890440e+03
3.242133944554264417e+03 9.981171828525426948e-01 4.707320697374948668e-03 8.831008771431233981e+03
3.242142274342183100e+03 1.001228649643774782e+00 4.728118574107154949e-03 8.858144464384047751e+03
3.242150604130101328e+03 1.002191353423395048e+00 4.735230435896148164e-03 8.866271508987676498e+03
3.242158933918020011e+03 1.000634369690909464e+00 4.730162995523561585e-03 8.852110913594320664e+03
3.242167263705938694e+03 9.998087632797126867e-01 4.730085108459706686e-03 8.844424748302579246e+03
3.242175593493856923e+03 9.992739734709376043e-01 4.734582071304910093e-03 8.839314952102413372e+03
3.242183923281775606e+03 9.991075438899335026e-01 4.740289739095493969e-03 8.837466961328518664e+03
3.242192253069693834e+03 1.000513555999240856e+00 4.742685792045023274e-03 8.849530315790969325e+03
3.242200582857612517e+03 1.002264905224803382e+00 4.747550666085400065e-03 8.864649867636930139e+03
3.383200366494858372e+03 1.003048427492143402e+00 3.259766254572256817e-03 7.146607280772346712e+03
3.383208965527813689e+03 1.002908292301140758e+00 3.258995117324887426e-03 7.145292911129270578e+03
3.383217564560769006e+03 1.002446310702125309e+00 3.257353098135895835e-03 7.141700321275757233e+03
3.383226163593724777e+03 1.002477087992143412e+00 3.258133414917738918e-03 7.141632809143508894e+03
3.383234762626680094e+03 1.002576704664600804e+00 3.261121880801627886e-03 7.142069862761027252e+03
3.383243361659635866e+03 1.002124396883812718e+00 3.258145652895974315e-03 7.138589237251200757e+03
3.383251960692591183e+03 1.001519889221994308e+00 3.252477817557406902e-03 7.134038455049766526e+03
3.383260559725546955e+03 1.001569834131946779e+00 3.250694192685958054e-03 7.134163164511615832e+03
3.383269158758502272e+03 1.002291500129741886e+00 3.251477390958174268e-03 7.139085705419949591e+03
3.383277757791457589e+03 1.002351526230356171e+00 3.253603320847027643e-03 7.139308516286673694e+03
3.383286356824413360e+03 1.001802752861961965e+00 3.253328956257299683e-03 7.135208145145588787e+03
3.383294955857368677e+03 1.001170447381976913e+00 3.244030056431053584e-03 7.130525765432714252e+03
3.383303554890324449e+03 9.998700722300715160e-01 3.234503189729560305e-03 7.121098099135308985e+03
3.383312153923279766e+03 9.988783492400046260e-01 3.236936704675415395e-03 7.113881308111229373e+03
3.383320752956235083e+03 9.987285633625944126e-01 3.240297139794204046e-03 7.112672915541099428e+03
3.383329351989190855e+03 9.986250682496717879e-01 3.231615451263796044e-03 7.111806076251475133e+03
3.383337951022146171e+03 9.994120595047971678e-01 3.226719781139373959e-03 7.117292482092136197e+03
3.383346550055101943e+03 1.000649003779665813e+00 3.235708476456451016e-03 7.125994433797673992e+03
3.383355149088057260e+03 1.000022529067054355e+00 3.239569901885851894e-03 7.121437457810856358e+03
3.383363748121013032e+03 9.971895246610477104e-01 3.229219605975089304e-03 7.101178502273512095e+03
3.383372347153968349e+03 9.943656239186949852e-01 3.220123118680185120e-03 7.080995614673951422e+03
3.383380946186923666e+03 9.920866424642216241e-01 3.216313693498804114e-03 7.064704067500652855e+03
3.383389545219879437e+03 9.886797053105115252e-01 3.211729852656718207e-03 7.040390931140014800e+03
3.383398144252834754e+03 9.837183593202055709e-01 3.196483487343550461e-03 7.005019316807787618e+03
3.383406743285790526e+03 9.793905534056079887e-01 3.179705435161761344e-03 6.974169293467371972e+03
3.383415342318745843e+03 9.772027644978312777e-01 3.176039583446658033e-03 6.958567945174732813e+03
3.383423941351701160e+03 9.764764631921306615e-01 3.176369647679096620e-03 6.953383123461771902e+03
3.383432540384656932e+03 9.781306328970668096e-01 3.181082055626149527e-03 6.965158523684789543e+03
3.383441139417612249e+03 9.809903105709336657e-01 3.185813369434113956e-03 6.985527173890939594e+03
3.383449738450568020e+03 9.822250751844889827e-01 3.188780852986655701e-03 6.994333800494852767e+03
3.383458337483523337e+03 9.823133498036410449e-01 3.192092711821785216e-03 6.994984979894014032e+03
3.383466936516479109e+03 9.821994567351876038e-01 3.194773491011945656e-03 6.994204914012197150e+03
3.383475535549434426e+03 9.821443505429486853e-01 3.194452515113660029e-03 6.993851634104922596e+03
3.383484134582389743e+03 9.820306453711805661e-01 3.193558690199975285e-03 6.993089030637465839e+03
3.383492733615345514e+03 9.818331018052252057e-01 3.196541149811203599e-03 6.991737155264168905e+03
3.383501332648300831e+03 9.828468281658692129e-01 3.199614715594091725e-03 6.999018470068176612e+03
3.383509931681256603e+03 9.836351998982395539e-01 3.199047623948679184e-03 7.004702475652214162e+03
3.383518530714211920e+03 9.824868161789676035e-01 3.193805524846047347e-03 6.996601506311280900e+03
3.383527129747167237e+03 9.812513690467641325e-01 3.190346110235710905e-03 6.987887281831083783e+03
3.383535728780123009e+03 9.804699274252216545e-01 3.185939680309267299e-03 6.982412769725295220e+03
3.383544327813078326e+03 9.785858284871096213e-01 3.177443131294794762e-03 6.969091953076718710e+03
3.383552926846034097e+03 9.774798568350171468e-01 3.179844405052016914e-03 6.961318648176566967e+03
3.383561525878989414e+03 9.775420668759572385e-01 3.187854291196333921e-03 6.961870770070654544e+03
3.383570124911945186e+03 9.774742239682183698e-01 3.190030757598795279e-03 6.961502571341276962e+03
3.383578723944900503e+03 9.786388109898490617e-01 3.192738585861984880e-03 6.969917476479797187e+03
3.383587322977855820e+03 9.788521359621943363e-01 3.192184481921553265e-03 6.971563105955583524e+03
3.383595922010811591e+03 9.762932120011302839e-01 3.186491446173748618e-03 6.953469246336544529e+03
3.383604521043766908e+03 9.714215829687695702e-01 3.170450687663071022e-03 6.918907616615842926e+03
3.383613120076722680e+03 9.643550731907708506e-01 3.150790469756274345e-03 6.868716186690760878e+03
3.383621719109677997e+03 9.566532873955838623e-01 3.131489368349780686e-03 6.814002374328565566e+03
3.383630318142633314e+03 9.423220662852741514e-01 3.099847912192644096e-03 6.712069764568723258e+03
3.383638917175589086e+03 9.240936114625105668e-01 3.051476462314791065e-03 6.582376549328695546e+03
3.383647516208544403e+03 9.037845036646515728e-01 2.999807169388550229e-03 6.437860364184787613e+03
3.383656115241500174e+03 8.841118881033148691e-01 2.946453782052076229e-03 6.297875047073087444e+03
3.383664714274455491e+03 8.741503201380563803e-01 2.905302330256977813e-03 6.227063656865210760e+03
3.383673313307411263e+03 8.739736539793948600e-01 2.905947665595457526e-03 6.225956975344420243e+03
3.383681912340366580e+03 8.925038624417193089e-01 2.943190631781483074e-03 6.358119267586042042e+03
3.383690511373321897e+03 9.195778514076705656e-01 3.026305130813595600e-03 6.551157636733185427e+03
3.383699110406277669e+03 9.483655923373289776e-01 3.119147816843782783e-03 6.756417748483882860e+03
3.383707709439232985e+03 9.723038489123406736e-01 3.184358665802856404e-03 6.927141067906701210e+03
3.383716308472188757e+03 9.860565180763428694e-01 3.229671044711667893e-03 7.025307016181554900e+03
3.383724907505144074e+03 9.959504827358666157e-01 3.259261047904185235e-03 7.095987766366650249e+03
3.383733506538099391e+03 9.991797094491344788e-01 3.274331095613076600e-03 7.119187892657218981e+03
3.383742105571055163e+03 9.997739158981028273e-01 3.277426421856505408e-03 7.123616010359151005e+03
3.383750704604010480e+03 1.000670206677660490e+00 3.281000204729958743e-03 7.130198490543667504e+03
3.383759303636966251e+03 1.002098579054953920e+00 3.286908526111486251e-03 7.140574179805253152e+03
3.383767902669921568e+03 1.001661347361845866e+00 3.286905415275691994e-03 7.137657715677229135e+03
3.383776501702877340e+03 1.001378974569345548e+00 3.288892261582380613e-03 7.135845633487510895e+03
3.383785100735832657e+03 1.002640586322336214e+00 3.294273858154975806e-03 7.145037030968325780e+03
3.383793699768787974e+03 1.003599440920313057e+00 3.292622622780777292e-03 7.152071972309172452e+03
3.383802298801743746e+03 1.003671124133630466e+00 3.289816171856432825e-03 7.152785167663160792e+03
3.383810897834699063e+03 1.002632758411875713e+00 3.287922708333309088e-03 7.145587462406998384e+03
3.383819496867654834e+03 1.001486438114362665e+00 3.281764881717993704e-03 7.137619928005684415e+03
3.383828095900610151e+03 1.001618906796329256e+00 3.278594646285130573e-03 7.138765927672544422e+03
3.383836694933565468e+03 1.001439802859690698e+00 3.281549275023525145e-03 7.137690836605842378e+03
3.383845293966521240e+03 1.000292377530687116e+00 3.283525364556994213e-03 7.129713196681366753e+03
3.383853892999476557e+03 9.985025386582857543e-01 3.280742449124113454e-03 7.117155235041553169e+03
3.383862492032432328e+03 9.978674240530602813e-01 3.280009576260511928e-03 7.112826411587975599e+03
3.383871091065387645e+03 9.998857176179033468e-01 3.286661024877153038e-03 7.127410163977261618e+03
3.383879690098343417e+03 1.001444167516919448e+00 3.291638843219086945e-03 7.138715277284200056e+03
3.383888289131298734e+03 1.000380732477091472e+00 3.289211523846429126e-03 7.131328906074952101e+03
3.383896888164254051e+03 9.986479909200179916e-01 3.284614080942447559e-03 7.119168875650589143e+03
3.383905487197209823e+03 9.982184212038641702e-01 3.282689418411803561e-03 7.116296394972783673e+03
3.383914086230165140e+03 9.991995863448885906e-01 3.284787593073823075e-03 7.123478838702136272e+03
3.383922685263120911e+03 9.992552697937868711e-01 3.286396411786985175e-03 7.124061033102424517e+03
3.383931284296076228e+03 9.982686706924200903e-01 3.286234428551008772e-03 7.117209517146532562e+03
3.383939883329031545e+03 9.985285607127251106e-01 3.289877092790576517e-03 7.119241850735344997e+03
3.383948482361987317e+03 9.998037881633478063e-01 3.297421034024168932e-03 7.128510404546334030e+03
3.383957081394942634e+03 1.000726004027232108e+00 3.302087188384551873e-03 7.135259054032981112e+03
3.383965680427898405e+03 1.000695170456386673e+00 3.302747563964556019e-03 7.135208976625328432e+03
3.383974279460853722e+03 1.000688200027168184e+00 3.303191998256250692e-03 7.135325274399951013e+03
3.383982878493809494e+03 1.000772592473956335e+00 3.301874724584611710e-03 7.136089063029201498e+03
3.383991477526764811e+03 1.000153711751490482e+00 3.298988598103514726e-03 7.131833836042134863e+03
3.384000076559720128e+03 1.000164589957884820e+00 3.302101132304922654e-03 7.132064766995406899e+03
3.384008675592675900e+03 1.000536282650003495e+00 3.308026239072613638e-03 7.134864083342951744e+03
