3.066004959144914210e+03 9.987504639905510073e-01 2.159670213723536084e-02 1.582128763685359218e+03
3.066013312694768956e+03 9.935978833685904510e-01 2.147085375159856618e-02 1.573599236002751695e+03
3.066021666244624157e+03 9.970077038666569358e-01 2.157073789930325294e-02 1.578657641586541331e+03
3.066030019794478903e+03 1.000074975089023432e+00 2.165231208099542906e-02 1.583199943393059129e+03
3.066038373344334104e+03 9.923484700406355330e-01 2.145212352563080627e-02 1.570686300974031610e+03
3.066046726894189305e+03 9.888374659683439871e-01 2.127682348791581565e-02 1.564879765807486820e+03
3.066055080444044052e+03 1.000830949716340568e+00 2.130292721969124711e-02 1.583641399096995428e+03
3.066063433993899253e+03 1.006225500328209010e+00 2.131202159280268585e-02 1.591993259420875120e+03
3.066071787543753999e+03 9.944397836021571235e-01 2.131965834400835480e-02 1.573201518599387100e+03
3.066080141093609200e+03 9.872070282378138106e-01 2.134693203215775464e-02 1.561651950122131666e+03
3.066088494643464401e+03 9.926783247046903069e-01 2.137058525513311005e-02 1.570234717119525385e+03
3.066096848193319147e+03 9.969417559027018427e-01 2.140033584076673351e-02 1.576940943368611215e+03
3.066105201743174348e+03 1.002760281659568653e+00 2.158159291129545937e-02 1.586140478851819807e+03
3.066113555293029549e+03 1.008745058343341494e+00 2.174617974126245162e-02 1.595635893607590333e+03
3.066121908842884295e+03 1.000135731808346140e+00 2.160148391461922876e-02 1.582077800013090837e+03
3.066130262392739496e+03 9.897750500421452768e-01 2.145109991766369975e-02 1.565778295023574628e+03
3.066138615942594242e+03 9.974890256477270123e-01 2.166791278648782029e-02 1.578101080366571750e+03
3.066146969492449443e+03 1.008403818737199753e+00 2.190941693405189933e-02 1.595518486381188268e+03
3.066155323042304644e+03 1.002396154466596245e+00 2.166648206735231896e-02 1.586188711640144220e+03
3.066163676592159391e+03 9.938189717328411721e-01 2.139952220219620144e-02 1.572816217071678693e+03
3.066172030142014592e+03 9.861190221431452851e-01 2.120967747308606308e-02 1.560853291877905576e+03
3.066180383691869338e+03 9.788705922608017529e-01 2.103438102921370220e-02 1.549624930953412104e+03
3.066188737241724539e+03 9.815031686093860230e-01 2.112387326121346540e-02 1.554060023015608976e+03
3.066197090791579740e+03 9.840588330736919076e-01 2.120075202712799756e-02 1.558395953205752448e+03
3.066205444341434486e+03 9.832843494457595979e-01 2.109945227262042741e-02 1.557478739702357416e+03
3.066213797891289687e+03 9.826433020933063034e-01 2.100049421736568250e-02 1.556791423454961205e+03
3.066222151441144888e+03 9.766968302383771672e-01 2.092065297418320771e-02 1.547714363687562809e+03
3.066230504990999634e+03 9.709113104692377316e-01 2.084726357173593073e-02 1.538904823224935171e+03
3.066238858540854835e+03 9.699789669397780312e-01 2.076143357724383187e-02 1.537800642529553443e+03
3.066247212090709581e+03 9.682196461744938532e-01 2.066730507588269983e-02 1.535398737128505218e+03
3.066255565640564782e+03 9.675186122319855420e-01 2.079766301442135742e-02 1.534687385963762154e+03
3.066263919190419983e+03 9.670516308635177527e-01 2.093939827017741659e-02 1.534359037272314708e+03
3.066272272740274730e+03 9.649625657171897464e-01 2.080218930141820508e-02 1.531467071334248658e+03
3.066280626290129931e+03 9.639666954962826662e-01 2.065495996223381744e-02 1.530318781198335273e+03
3.066288979839984677e+03 9.612409160487745963e-01 2.051940860604972369e-02 1.526431500400662117e+03
3.066297333389839878e+03 9.577431392764438334e-01 2.037989791190089953e-02 1.521323304502398742e+03
3.066305686939695079e+03 9.703561494216795813e-01 2.067255431237532970e-02 1.541817344844545232e+03
3.066314040489549825e+03 9.826232458373789225e-01 2.099890339392033317e-02 1.561779391447254966e+03
3.066322394039405026e+03 9.542002018204657210e-01 2.059369466849974781e-02 1.517065509918376847e+03
3.066330747589260227e+03 9.249812086453879090e-01 2.013010815518584407e-02 1.471061741120041916e+03
3.066339101139114973e+03 9.336777482487775837e-01 2.018906312676289200e-02 1.485350126077028108e+03
3.066347454688970174e+03 9.422847348086403896e-01 2.026915748943005843e-02 1.499505960284912817e+03
3.066355808238824920e+03 9.385749264017019255e-01 2.016421945590927273e-02 1.494064239658761380e+03
3.066364161788680121e+03 9.351914565548987701e-01 2.005215744129223293e-02 1.489137850298499188e+03
3.066372515338535322e+03 9.281902458592986571e-01 1.999686908126152921e-02 1.478444017797274682e+03
3.066380868888390069e+03 9.214021334550457354e-01 1.996463275779521152e-02 1.468080164021351266e+03
3.066389222438245270e+03 9.346797448242861739e-01 2.018832898837210829e-02 1.489686630202508468e+03
3.066397575988100471e+03 9.498518753870727194e-01 2.044418307695449605e-02 1.514321404772168080e+03
3.066405929537955217e+03 9.562244703984900118e-01 2.062891547377157173e-02 1.524931629602001067e+03
3.066414283087810418e+03 9.619079487013253438e-01 2.080277781401904807e-02 1.534441474620727149e+03
3.066422636637665164e+03 9.686710001025823358e-01 2.087278944448925019e-02 1.545671009702369474e+03
3.066430990187520365e+03 9.767763032773330023e-01 2.093647630951190816e-02 1.559039714298065519e+03
3.066439343737375566e+03 9.732481786770982302e-01 2.095666402213991475e-02 1.553831832083713607e+03
3.066447697287230312e+03 9.660095689910607186e-01 2.094665977271652560e-02 1.542683893946120406e+03
3.066456050837085513e+03 9.813504981738644384e-01 2.113554797925229489e-02 1.567585428672021180e+03
3.066464404386940259e+03 9.998119418924685808e-01 2.136490328040949530e-02 1.597471414657637752e+03
3.066472757936795460e+03 9.924262078775160090e-01 2.129059947103465258e-02 1.586048844317577050e+03
3.066481111486650661e+03 9.832167829889222332e-01 2.116994313489817606e-02 1.571689409114068212e+03
3.066489465036505408e+03 9.870219771488342175e-01 2.116823836946879825e-02 1.578114936702552995e+03
3.066497818586360609e+03 9.913899658271817517e-01 2.118377013802286157e-02 1.585424792411106409e+03
3.066506172136215810e+03 9.972231456109612591e-01 2.123200866642178941e-02 1.595061566853230715e+03
3.066514525686070556e+03 1.005528622515451609e+00 2.130114271419928165e-02 1.608636613560462820e+03
3.066522879235925757e+03 1.009458481957462794e+00 2.141659727937292659e-02 1.615194790327691862e+03
3.066531232785780503e+03 1.011875138744839031e+00 2.155220769313698562e-02 1.619313652828483328e+03
3.066539586335635704e+03 1.008620091780002115e+00 2.141389859858729150e-02 1.614336653342729278e+03
3.066547939885490905e+03 1.002552688616529242e+00 2.117067005037611208e-02 1.604837731569636389e+03
3.066556293435345651e+03 9.960567612618995703e-01 2.111531440192595740e-02 1.594632383012381069e+03
3.066564646985200852e+03 9.897650462126083015e-01 2.113008918586238225e-02 1.584734353518110538e+03
3.066573000535055598e+03 9.924837025852527583e-01 2.125106652458726847e-02 1.589245772812895893e+03
3.066581354084910799e+03 1.000143178471515126e+00 2.144006328100362888e-02 1.601654306388282748e+03
3.066589707634766000e+03 1.000894779281805036e+00 2.138629808284106537e-02 1.602985970076426383e+03
3.066598061184620747e+03 9.973579964546641641e-01 2.120862975764972042e-02 1.597434189164542886e+03
3.066606414734475948e+03 1.006043207875418899e+00 2.126194934910356424e-02 1.611443961723077564e+03
3.066614768284331149e+03 1.019028481250543683e+00 2.141316882146334852e-02 1.632329360593653519e+03
3.066623121834185895e+03 1.011938692268134599e+00 2.130070510102107309e-02 1.621044525889821898e+03
3.066631475384041096e+03 9.964798206691881655e-01 2.109334891063996062e-02 1.596338738487398587e+03
3.066639828933895842e+03 9.967307477954145956e-01 2.109029590032842488e-02 1.596786624362694056e+03
3.066648182483751043e+03 1.004423817502678729e+00 2.115475714762727472e-02 1.609145648378354053e+03
3.066656536033606244e+03 9.980990330177924585e-01 2.111979673995244278e-02 1.599036216073644482e+03
3.072569138929305609e+03 9.974929238916946383e-01 1.907692907505810151e-02 1.774097168289430556e+03
3.072576928684146878e+03 9.876477862165152777e-01 1.892465070343933575e-02 1.756564068348376622e+03
3.072584718438988148e+03 9.832468422634728089e-01 1.884219593713063606e-02 1.748711224123409011e+03
3.072592508193828962e+03 9.911543526080691668e-01 1.895929814957351273e-02 1.762746430867337040e+03
3.072600297948670232e+03 9.973666272697756519e-01 1.902890469547402139e-02 1.773763999592077198e+03
3.072608087703511501e+03 1.004731534028480144e+00 1.904832452564979642e-02 1.786828983873437664e+03
3.072615877458352315e+03 1.014142745723733974e+00 1.911794214270121778e-02 1.803530767138132660e+03
3.072623667213193585e+03 1.016896924616719433e+00 1.922916503622959863e-02 1.808391819164334265e+03
3.072631456968034854e+03 1.008126908460365456e+00 1.922995072994456572e-02 1.792757803132268691e+03
3.072639246722875669e+03 9.969263823653821133e-01 1.909582402313485597e-02 1.772801300651218526e+03
3.072647036477716938e+03 9.994132501774320998e-01 1.907208463918373675e-02 1.777184175287353355e+03
3.072654826232558207e+03 1.003981814899207681e+00 1.907335392523673914e-02 1.785267948608995994e+03
3.072662615987399022e+03 9.999787075082020582e-01 1.899968887241206689e-02 1.778109357169095347e+03
3.072670405742240291e+03 9.987705823056661769e-01 1.903920411530534568e-02 1.775920813905538353e+03
3.072678195497081560e+03 1.000476459308344834e+00 1.913671002564679841e-02 1.778913855980004882e+03
3.072685985251922375e+03 1.007925695790514498e+00 1.925800822993140732e-02 1.792119057860414159e+03
3.072693775006763644e+03 1.009991743037826017e+00 1.930655517339434010e-02 1.795753130914134090e+03
3.072701564761604914e+03 1.000342755405742468e+00 1.916256900997025114e-02 1.778559257164571136e+03
3.072709354516445728e+03 9.993745004652195840e-01 1.908302948160719645e-02 1.776800891810886469e+03
3.072717144271286998e+03 9.963853624394731767e-01 1.895430903003916118e-02 1.771451160198122352e+03
3.072724934026128267e+03 9.826653883902389808e-01 1.872036065634638188e-02 1.747025575954970463e+03
3.072732723780969081e+03 9.758664615403211950e-01 1.861632409074645556e-02 1.734907124818203556e+03
3.072740513535810351e+03 9.798779206603451808e-01 1.865074119126051630e-02 1.742009749020713116e+03
3.072748303290651620e+03 9.845894782436837023e-01 1.875848580804151053e-02 1.750359146805141336e+03
3.072756093045492435e+03 9.858913275431715473e-01 1.881009502842519165e-02 1.752649412909577904e+03
3.072763882800333704e+03 9.873956074370004998e-01 1.877945485590620800e-02 1.755302386740211659e+03
3.072771672555174973e+03 9.859163903403407314e-01 1.872534110463677445e-02 1.752654720777389912e+03
3.072779462310015788e+03 9.772473484817014722e-01 1.856983966377266648e-02 1.737229321262282838e+03
3.072787252064857057e+03 9.653785733045290307e-01 1.837980784510959489e-02 1.716119705208553341e+03
3.072795041819698326e+03 9.483498623792143700e-01 1.813527371397301649e-02 1.685841516502614923e+03
3.072802831574539141e+03 9.356152883662289810e-01 1.789455987504008291e-02 1.663200974000888436e+03
3.072810621329380410e+03 9.229704256576242161e-01 1.769683586700240840e-02 1.640724086938674645e+03
3.072818411084221680e+03 9.086387840597374144e-01 1.754609129700018116e-02 1.615252914874989983e+03
3.072826200839062494e+03 9.128892362363747459e-01 1.766046525419850965e-02 1.622818883126041101e+03
3.072833990593903764e+03 9.197918366333358575e-01 1.775420065593003721e-02 1.635104406318361271e+03
3.072841780348745033e+03 9.131965774290826676e-01 1.761980416432964991e-02 1.623399901705389539e+03
3.072849570103585847e+03 9.064476309685592925e-01 1.750194795476565229e-02 1.611427057817460081e+03
3.072857359858427117e+03 9.035522804602996727e-01 1.742213578548040126e-02 1.606310007634234353e+03
3.072865149613268386e+03 9.028690865556602274e-01 1.737658593901748871e-02 1.605131141048165546e+03
3.072872939368109201e+03 9.048952680864502662e-01 1.743009612033205591e-02 1.608774917980128293e+03
3.072880729122950470e+03 9.018807837357140089e-01 1.741522652115694639e-02 1.603463100618069120e+03
3.072888518877791739e+03 8.970248117968362411e-01 1.732517941589141117e-02 1.594883097842439838e+03
3.072896308632632554e+03 8.941436982413345502e-01 1.726512085828315821e-02 1.589820304750266587e+03
3.072904098387473823e+03 8.956635699999934142e-01 1.729805328410247492e-02 1.592589201032198162e+03
3.072911888142315092e+03 8.944869503876318184e-01 1.730315450153867979e-02 1.590570343641694080e+03
3.072919677897155907e+03 8.928810314036256246e-01 1.734071265420764410e-02 1.587794973528021046e+03
3.072927467651997176e+03 8.977905846615226171e-01 1.743270614671153101e-02 1.596613608263677179e+03
3.072935257406838446e+03 8.959772945477757489e-01 1.738443951527168102e-02 1.593484335306738785e+03
3.072943047161679260e+03 8.899284514737761942e-01 1.731482780329776650e-02 1.582829083184081810e+03
3.072950836916520529e+03 8.773874509669505883e-01 1.711748294497264511e-02 1.560632567006363615e+03
3.072958626671361799e+03 8.636271288146482039e-01 1.686721881241787235e-02 1.536271883955466819e+03
3.072966416426202613e+03 8.579071278726622118e-01 1.669966035386627815e-02 1.526219310722102591e+03
3.072974206181043883e+03 8.499723286128357813e-01 1.655250688808132184e-02 1.512232892951217991e+03
3.072981995935884697e+03 8.466710319836361354e-01 1.667330224886622025e-02 1.506496900824567319e+03
3.072989785690725967e+03 8.493369445111413896e-01 1.683889417014910669e-02 1.511387023747823378e+03
3.072997575445567236e+03 8.502345323608427874e-01 1.683299150906756095e-02 1.513139922778475693e+03
3.073005365200408050e+03 8.498031300047708125e-01 1.683771352661686538e-02 1.512536824149021641e+03
3.073013154955249320e+03 8.593193325697775498e-01 1.698955651217005924e-02 1.529650304920810640e+03
3.073020944710090589e+03 8.814006335939962300e-01 1.723606428878039776e-02 1.569146897962624507e+03
3.073028734464931404e+03 9.043737616523107592e-01 1.752152985186403514e-02 1.610251273804582070e+03
3.073036524219772673e+03 9.135662927497261165e-01 1.767039023297068898e-02 1.626837079378957469e+03
3.073044313974613942e+03 9.151903057201926650e-01 1.774939140015457939e-02 1.629958727477713182e+03
3.073052103729454757e+03 9.326963216075502272e-01 1.799690215781634198e-02 1.661382477078301690e+03
3.073059893484296026e+03 9.497953355542371190e-01 1.822313287532787915e-02 1.692102169397519901e+03
3.073067683239137295e+03 9.481681681727844868e-01 1.830271932606455931e-02 1.689476642513343450e+03
3.073075472993978110e+03 9.467223211916041548e-01 1.833629526723232900e-02 1.687185563030458979e+03
3.073083262748819379e+03 9.544835953839945208e-01 1.838787186680444427e-02 1.701317294665354893e+03
3.073091052503660649e+03 9.681144937317183174e-01 1.851804904534120472e-02 1.725931063023816250e+03
3.073098842258501463e+03 9.812201988252435836e-01 1.865053053828708701e-02 1.749630727962691708e+03
3.073106632013342733e+03 9.838969204610211738e-01 1.864924464389982814e-02 1.754753397424348350e+03
3.073114421768184002e+03 9.793585938648032840e-01 1.860908675299157919e-02 1.747021459356750938e+03
3.073122211523024816e+03 9.780722333336737684e-01 1.861784361262585480e-02 1.745102485892720779e+03
3.073130001277866086e+03 9.817238750593103580e-01 1.866083942331413573e-02 1.752009356545463334e+03
3.073137791032707355e+03 9.908534238282653561e-01 1.874321438427387770e-02 1.768712138701703225e+03
3.073145580787548170e+03 1.005745883763166315e+00 1.886123538346626619e-02 1.795727140871402298e+03
3.073153370542389439e+03 1.008519885159665286e+00 1.881811646573363153e-02 1.801127666484026349e+03
3.073161160297230708e+03 9.945362897968761384e-01 1.862929982634868933e-02 1.776609740391446849e+03
3.073168950052071523e+03 9.842646094204624552e-01 1.854702653872345244e-02 1.758724766197991130e+03
3.073176739806912792e+03 9.791128805327399265e-01 1.851792412736264284e-02 1.749993444267643326e+03
3.073184529561754061e+03 9.769498117302036766e-01 1.849685980159586352e-02 1.746611889544543374e+03
3.073192319316594876e+03 9.809513208669244921e-01 1.852578631807417706e-02 1.754263300838259056e+03
3.073200109071436145e+03 9.846283467478843532e-01 1.859392274756244828e-02 1.761348491906126583e+03
3.073207898826277415e+03 9.925920839844327714e-01 1.872484100200165133e-02 1.776117456288945959e+03
3.073215688581118229e+03 1.004051558031543001e+00 1.886430511862677989e-02 1.797160650107440233e+03
3.073223478335959499e+03 1.008388898829120084e+00 1.893998804673828473e-02 1.805472414156659397e+03
3.073231268090800768e+03 1.010285627649159190e+00 1.903378175333192424e-02 1.809425078009962590e+03
3.073239057845641582e+03 1.005324085848644078e+00 1.906491842712611240e-02 1.801099363308925604e+03
3.073246847600482852e+03 1.000410997809177971e+00 1.900425742280860419e-02 1.792860643396244996e+03
3.073254637355324121e+03 1.009916535568597729e+00 1.904139143690646019e-02 1.810469441219101100e+03
3.073262427110164936e+03 1.011415079148420881e+00 1.904715838358555374e-02 1.813734604918729474e+03
3.073270216865006205e+03 9.999398402648418394e-01 1.894528626110408495e-02 1.793732008241778658e+03
3.073278006619847474e+03 9.938958207245573995e-01 1.888588857367709886e-02 1.783464647242955834e+03
3.073285796374688289e+03 9.950439906723687056e-01 1.887705089415149182e-02 1.786102065564342411e+03
3.073293586129529558e+03 1.000490677145732032e+00 1.896596826953109508e-02 1.796460189338612736e+03
3.073301375884370827e+03 1.005099735376378201e+00 1.909156039498267204e-02 1.805320407526164672e+03
3.073309165639211642e+03 1.004389745108879017e+00 1.901428031230943672e-02 1.804628530435189987e+03
3.073316955394052911e+03 1.003747224126955606e+00 1.886421641253422515e-02 1.804055819710434662e+03
3.073324745148894181e+03 1.001272701886348093e+00 1.878264507238295439e-02 1.800186564599573330e+03
3.073332534903734995e+03 9.942206586582755801e-01 1.868229377806432737e-02 1.788079092173080880e+03
3.073340324658576264e+03 9.947793678650478366e-01 1.869502384537232581e-02 1.789652052812550664e+03
3.073348114413417534e+03 1.005965642631677426e+00 1.886458412479897345e-02 1.810346795072395480e+03
3.073355904168258348e+03 1.010785669579547630e+00 1.895300071440341599e-02 1.819588650945306199e+03
3.073363693923099618e+03 1.001536160527759289e+00 1.885771573227454367e-02 1.803494510628645457e+03
3.073371483677940887e+03 9.955107862951809716e-01 1.879667368744632194e-02 1.793191023107764067e+03
3.073379273432781702e+03 9.978058794336145398e-01 1.884544652724908648e-02 1.797865520699182980e+03
3.073387063187622971e+03 1.001593583834503809e+00 1.887157331685624176e-02 1.805224489204925476e+03
3.073394852942464240e+03 1.008583597696355527e+00 1.889546717186418173e-02 1.818351820064032381e+03
3.073402642697305055e+03 1.013195177076865239e+00 1.892347355340250059e-02 1.827187309772615436e+03
3.073410432452146324e+03 1.009358818559452420e+00 1.888110609344242213e-02 1.820777617788304724e+03
3.073418222206987593e+03 1.001120937304516900e+00 1.881918554484054290e-02 1.806410623265371214e+03
3.073426011961828408e+03 9.939933191952360358e-01 1.877924940754243863e-02 1.794027385073673940e+03
3.073433801716669677e+03 9.972039781315448215e-01 1.886027539688687332e-02 1.800288668558972859e+03
3.073441591471510947e+03 1.007166221942167761e+00 1.902433512041911898e-02 1.818731261497369132e+03
3.073449381226351761e+03 1.005127890612741881e+00 1.900926381770060361e-02 1.815492443784674151e+03
3.073457170981193030e+03 9.944963594649839367e-01 1.888538959057213182e-02 1.796711657557689023e+03
3.073464960736034300e+03 9.911952064734945722e-01 1.889283758178301326e-02 1.791152603910547896e+03
3.073472750490875114e+03 9.957453383212705456e-01 1.900228862373379637e-02 1.799765172356821950e+03
3.228797243128714399e+03 1.003588701801197081e+00 1.248964868599962766e-02 4.052985717411230326e+03
3.228806625461671501e+03 1.002647662418857610e+00 1.248035132233639953e-02 4.048783650589072749e+03
3.228816007794628149e+03 1.002704823055953653e+00 1.245253707475229947e-02 4.048609671348564007e+03
3.228825390127585251e+03 1.003261092832154810e+00 1.243940830300797190e-02 4.050448062949098130e+03
3.228834772460542354e+03 1.003836643684525631e+00 1.246108673428326409e-02 4.052361671030434081e+03
3.228844154793499456e+03 1.003193471795348346e+00 1.247063292988560834e-02 4.049353774807851551e+03
3.228853537126456104e+03 9.997680667101839225e-01 1.244343721238141097e-02 4.035115930008116266e+03
3.228862919459413206e+03 9.941112221869639054e-01 1.239093890033053473e-02 4.011874847237819267e+03
3.228872301792370308e+03 9.951189805077524930e-01 1.237981315649957018e-02 4.015531307228431615e+03
3.228881684125326956e+03 1.002959492453245893e+00 1.243328239701521273e-02 4.046755981783677271e+03
3.228891066458284058e+03 1.004225988507937872e+00 1.243934134751647873e-02 4.051452577409759215e+03
3.228900448791241161e+03 1.000281798422865798e+00 1.239055091848667925e-02 4.035129340077728557e+03
3.228909831124198263e+03 9.998993508049297541e-01 1.235826388699355800e-02 4.033177456964063822e+03
3.228919213457154910e+03 1.000226562504361816e+00 1.233605345867020732e-02 4.034090063564873617e+03
3.228928595790112013e+03 9.950746844765412380e-01 1.224980004899530427e-02 4.012908945813562241e+03
3.228937978123069115e+03 9.875646271463714987e-01 1.214862931234580133e-02 3.982225837153868724e+03
3.228947360456026217e+03 9.827480158550906397e-01 1.209416699028650379e-02 3.962411974752836613e+03
3.228956742788982865e+03 9.829487008413656524e-01 1.207214343364716551e-02 3.962833324512707804e+03
3.228966125121939967e+03 9.870797619578869364e-01 1.209836849009427416e-02 3.979102828419404432e+03
3.228975507454897070e+03 9.882651745443292723e-01 1.211766934195328792e-02 3.983500509168340159e+03
3.228984889787854172e+03 9.831908816621405256e-01 1.205652859123551232e-02 3.962673200702264694e+03
3.228994272120810820e+03 9.785751993223010814e-01 1.197860124151324014e-02 3.943703538365747136e+03
3.229003654453767922e+03 9.744387820266461331e-01 1.187471906316873126e-02 3.926674608919322964e+03
3.229013036786725024e+03 9.684388066409068685e-01 1.176800008785386376e-02 3.902146279073115693e+03
3.229022419119681672e+03 9.643721161895811855e-01 1.171565602277254564e-02 3.885418230620932263e+03
3.229031801452638774e+03 9.615131767945127583e-01 1.166949625996028909e-02 3.873565868002239313e+03
3.229041183785595877e+03 9.538251000530055812e-01 1.158625493864736192e-02 3.842270063580684564e+03
3.229050566118552979e+03 9.455661895295609520e-01 1.150655576506881377e-02 3.808688191822501722e+03
3.229059948451509626e+03 9.452225201692816547e-01 1.148725186722774835e-02 3.806999750650773876e+03
3.229069330784466729e+03 9.493436122370194630e-01 1.149608226842540985e-02 3.823301376863333189e+03
3.229078713117423831e+03 9.524256572722220593e-01 1.154118159447225199e-02 3.835425564624723847e+03
3.229088095450380933e+03 9.507376644606410077e-01 1.156287847692681094e-02 3.828350149958702787e+03
3.229097477783337581e+03 9.424945174163217310e-01 1.146632861584243566e-02 3.794892045321105343e+03
3.229106860116294683e+03 9.354923034611455357e-01 1.136718134385242100e-02 3.766445272972658131e+03
3.229116242449251786e+03 9.350291608077490046e-01 1.136041318997878767e-02 3.764338822676117616e+03
3.229125624782208888e+03 9.366650766104432924e-01 1.136957580954315455e-02 3.770694063380372882e+03
3.229135007115165536e+03 9.402545713084663470e-01 1.141165538468024050e-02 3.784924320150251788e+03
3.229144389448122638e+03 9.421706578092513551e-01 1.144959125831312291e-02 3.792429431063347693e+03
3.229153771781079740e+03 9.413941496259579100e-01 1.145887537819521157e-02 3.789108791691371152e+03
3.229163154114036388e+03 9.388229255538410589e-01 1.145187574326253163e-02 3.778578263209372381e+03
3.229172536446993490e+03 9.294226892534876994e-01 1.135056357813135457e-02 3.740578052809516976e+03
3.229181918779950593e+03 9.177043601874182999e-01 1.122325757221437868e-02 3.693265857261310884e+03
3.229191301112907695e+03 9.103945477261607966e-01 1.113527785525707074e-02 3.663712690284243763e+03
3.229200683445864343e+03 9.119696509971805254e-01 1.111610375420734112e-02 3.669930508894200557e+03
3.229210065778821445e+03 9.181436338398366592e-01 1.118524033681382937e-02 3.694668995509259730e+03
3.229219448111778547e+03 9.214848432652452681e-01 1.122442225806734306e-02 3.708022567199031528e+03
3.229228830444735650e+03 9.248924733441417079e-01 1.121268527910931206e-02 3.721658679558250242e+03
3.229238212777692297e+03 9.266876342165342173e-01 1.119247820969827313e-02 3.728822373741036245e+03
3.229247595110649399e+03 9.343850944921757717e-01 1.129810887402014560e-02 3.759752197669112775e+03
3.229256977443606502e+03 9.490732517928992529e-01 1.147878118905531521e-02 3.818827619849353141e+03
3.229266359776563149e+03 9.611316847233558613e-01 1.159178468530157845e-02 3.867339298860279087e+03
3.229275742109520252e+03 9.673890918993733878e-01 1.164898576212087568e-02 3.892527930562576330e+03
3.229285124442477354e+03 9.694250076971122621e-01 1.166828325060176481e-02 3.900749833762573871e+03
3.229294506775434456e+03 9.712531802412741611e-01 1.168860229137935920e-02 3.908155819038674053e+03
3.229303889108391104e+03 9.742854305687518313e-01 1.172093386535833295e-02 3.920427442907699515e+03
3.229313271441348206e+03 9.816959802664090295e-01 1.177565053731200080e-02 3.950338656753188843e+03
3.229322653774305309e+03 9.881482498693811012e-01 1.180766691229502389e-02 3.976416644823178103e+03
3.229332036107262411e+03 9.874068044431415503e-01 1.179031130137347255e-02 3.973569025535019136e+03
3.229341418440219059e+03 9.894211814802346128e-01 1.181511575421203934e-02 3.981834223476726947e+03
3.229350800773176161e+03 9.977618729615319593e-01 1.189562042726944983e-02 4.015583934170127577e+03
3.229360183106133263e+03 1.002413052228717349e+00 1.193841754526797985e-02 4.034511005643093995e+03
3.229369565439090366e+03 1.000775914707379366e+00 1.192638420638356123e-02 4.028153667425508502e+03
3.229378947772047013e+03 9.988268475539603397e-01 1.192019998211651076e-02 4.020564311728188841e+03
3.229388330105004115e+03 9.965171083612260894e-01 1.191064118314094991e-02 4.011545227954733036e+03
3.229397712437961218e+03 9.976218364623137269e-01 1.193356252275190078e-02 4.016292615930243301e+03
3.229407094770917865e+03 1.000378919463999372e+00 1.196919581093277771e-02 4.027713476616288062e+03
3.229416477103874968e+03 9.994489048542940512e-01 1.193498078046320576e-02 4.024308553379880777e+03
3.229425859436832070e+03 1.001443692909973482e+00 1.190617477827716174e-02 4.032697847504122365e+03
3.229435241769789172e+03 1.003636435662652371e+00 1.190264148521796156e-02 4.041901310077255403e+03
3.229444624102745820e+03 1.000870025917318884e+00 1.187192512774513757e-02 4.031146715343424603e+03
3.229454006435702922e+03 9.990524531260106533e-01 1.184985046121339765e-02 4.024224283251232009e+03
3.229463388768660025e+03 9.997215893263564634e-01 1.185988996095167260e-02 4.027328769786709017e+03
3.229472771101617127e+03 1.000514846018493165e+00 1.185914410208194734e-02 4.030943131467455714e+03
3.241493912942168208e+03 1.004593165205647676e+00 7.780572595188695560e-03 3.684289662104591571e+03
3.241502251105184769e+03 1.004227132961455826e+00 7.773657446562268723e-03 3.679713215001535900e+03
3.241510589268201784e+03 1.003534066245410417e+00 7.772608232522040111e-03 3.673984705024651703e+03
3.241518927431218799e+03 1.000518983408436258e+00 7.758378106584275929e-03 3.659812873091495021e+03
3.241527265594235814e+03 9.966414577075949355e-01 7.738922348339043883e-03 3.642556776395679663e+03
3.241535603757252375e+03 9.957208669342696439e-01 7.725733867434564535e-03 3.636174579168086893e+03
3.241543941920269390e+03 9.972513747880725754e-01 7.720874763349780054e-03 3.638796714181783500e+03
3.241552280083286405e+03 9.989453665516357939e-01 7.734674272557495213e-03 3.642064302872958706e+03
3.241560618246303420e+03 9.999520197212976580e-01 7.759870539140484302e-03 3.642879798545174708e+03
3.241568956409319981e+03 9.994295600576693639e-01 7.764870937030407365e-03 3.638188170460056426e+03
3.241577294572336996e+03 9.991788357150611644e-01 7.761947301217212575e-03 3.634555945418858300e+03
3.241585632735354011e+03 9.999704146451078302e-01 7.772315172891956087e-03 3.634784958816009748e+03
3.241593970898371026e+03 1.000903582491896149e+00 7.785354501754231452e-03 3.635598594584713283e+03
3.241602309061388041e+03 1.002142903133536045e+00 7.796532047178499070e-03 3.637596486520923463e+03
3.241610647224404602e+03 1.001632055618899342e+00 7.800247104626457408e-03 3.633320716820457164e+03
3.241618985387421617e+03 9.998306218274379820e-01 7.794150907435772047e-03 3.624453031842521341e+03
3.241627323550438632e+03 9.995137118240550178e-01 7.796027383860234909e-03 3.621057584158885220e+03
3.241635661713455647e+03 9.983071955164878331e-01 7.790649664877060711e-03 3.614527788526610493e+03
3.241643999876472208e+03 9.947198255817690793e-01 7.756905338566370822e-03 3.599472066309838738e+03
3.241652338039489223e+03 9.916487230249712015e-01 7.724868259149500656e-03 3.586381195088455570e+03
3.241660676202506238e+03 9.892731254279771846e-01 7.701995069546213081e-03 3.575898361785724319e+03
3.241669014365523253e+03 9.860504925479235405e-01 7.675407735671498088e-03 3.562445194883850490e+03
3.241677352528539814e+03 9.829444967447276138e-01 7.650172162099065296e-03 3.549504630882874153e+03
3.241685690691556829e+03 9.824618425169446834e-01 7.641659292247636112e-03 3.546122233019564192e+03
3.241694028854573844e+03 9.835800510381444983e-01 7.647610780750645557e-03 3.548594981222301612e+03
3.241702367017590859e+03 9.833619128491929429e-01 7.641765631278248441e-03 3.546322140826155191e+03
3.241710705180607874e+03 9.803116168911455430e-01 7.607938457603530442e-03 3.533916648901793451e+03
3.241719043343624435e+03 9.750563606994948618e-01 7.568154594648937410e-03 3.513649274765518840e+03
3.241727381506641450e+03 9.712982270462621193e-01 7.548895369843731072e-03 3.498862802694233324e+03
3.241735719669658465e+03 9.708351375036913256e-01 7.544618031568835551e-03 3.496024204895230014e+03
3.241744057832675480e+03 9.689124684623657835e-01 7.530876515264070710e-03 3.488004383466570289e+03
3.241752395995692041e+03 9.637153259065486255e-01 7.491101813001297370e-03 3.468275497427675418e+03
3.241760734158709056e+03 9.590951920271201248e-01 7.452863475898097514e-03 3.450703130822488674e+03
3.241769072321726071e+03 9.533291557623169155e-01 7.421265376384870993e-03 3.429086520522057526e+03
3.241777410484743086e+03 9.445578199868118752e-01 7.365225394673251963e-03 3.396740155815073194e+03
3.241785748647759647e+03 9.325567358887602021e-01 7.281770514808320882e-03 3.352862010780757373e+03
3.241794086810776662e+03 9.180973760424026020e-01 7.184515857015721235e-03 3.300229443129724586e+03
3.241802424973793677e+03 9.072818996322938867e-01 7.113194114065191087e-03 3.260775066536472877e+03
3.241810763136810692e+03 8.962590972075253903e-01 7.028915156652988487e-03 3.220649878468854695e+03
3.241819101299827707e+03 8.821524887031750861e-01 6.916688513740914222e-03 3.169516246406615210e+03
3.241827439462844268e+03 8.670930905889993046e-01 6.794851515478058865e-03 3.115030932614006815e+03
3.241835777625861283e+03 8.505244093745997214e-01 6.672088276008216780e-03 3.055192494831745535e+03
3.241844115788878298e+03 8.356465993196848796e-01 6.562649332653139669e-03 3.001493062201540852e+03
3.241852453951895313e+03 8.277431717449795778e-01 6.497708280695129075e-03 2.972903661615803685e+03
3.241860792114911874e+03 8.268874765777156632e-01 6.520487357024792700e-03 2.969680423288479233e+03
3.241869130277928889e+03 8.254414575059106918e-01 6.529141333425324267e-03 2.964388276288332236e+03
3.241877468440945904e+03 8.214386469313834649e-01 6.491223318149800733e-03 2.949964455447918226e+03
3.241885806603962919e+03 8.180826446875927305e-01 6.474226015866372912e-03 2.937912819257689080e+03
3.241894144766979480e+03 8.146221752819158279e-01 6.464771331106225136e-03 2.925534036413920148e+03
3.241902482929996495e+03 8.083958854342171430e-01 6.426089088115992214e-03 2.903268817584378667e+03
3.241910821093013510e+03 7.986170676550837788e-01 6.343598381682911611e-03 2.868288908078410714e+03
3.241919159256030525e+03 7.894419951250429834e-01 6.266591260595952111e-03 2.835518604291053634e+03
3.241927497419047540e+03 7.853542524027147254e-01 6.240041399608205891e-03 2.821061540067509668e+03
3.241935835582064101e+03 7.813379153980914982e-01 6.212470512348491208e-03 2.806901391292185508e+03
3.241944173745081116e+03 7.756643663021726143e-01 6.163728823584077067e-03 2.786826291109478916e+03
3.241952511908098131e+03 7.730579505179420163e-01 6.135501327666658365e-03 2.777808569543361500e+03
3.241960850071115146e+03 7.692685191432093728e-01 6.106088619311189972e-03 2.764577207400761381e+03
3.241969188234131707e+03 7.607081958774447594e-01 6.051825676189034713e-03 2.734233189669817875e+03
3.241977526397148722e+03 7.480794429301323989e-01 5.964913959785773934e-03 2.689291966238236455e+03
3.241985864560165737e+03 7.360814830747828275e-01 5.867037244243924858e-03 2.646640085186777469e+03
3.241994202723182752e+03 7.291959838743878874e-01 5.813954270112007931e-03 2.622393715758979852e+03
3.242002540886199313e+03 7.283258846514493179e-01 5.812219215216705114e-03 2.619809880869732751e+03
3.242010879049216328e+03 7.370865357626669168e-01 5.870711063480255586e-03 2.651908743712054275e+03
3.242019217212233343e+03 7.494382922406775949e-01 5.935237822560233793e-03 2.696979217465657712e+03
3.242027555375250358e+03 7.689099183991450204e-01 6.054901572163242686e-03 2.767733416941819996e+03
3.242035893538266919e+03 7.912396440498409289e-01 6.205174122852172812e-03 2.848847824060350376e+03
3.242044231701283934e+03 8.135166636222980197e-01 6.381269739840437355e-03 2.929849562432958919e+03
3.242052569864300949e+03 8.350659643362229323e-01 6.545804953449041626e-03 3.008308967059873339e+03
3.242060908027317964e+03 8.509508216624962484e-01 6.656948004736465765e-03 3.066436167879358436e+03
3.242069246190334979e+03 8.639971863096138627e-01 6.756861723654551503e-03 3.114400957612848288e+03
3.242077584353351540e+03 8.806207122487279548e-01 6.865884527724866460e-03 3.175328288570255609e+03
3.242085922516368555e+03 8.973342145131893988e-01 6.967084434668672707e-03 3.236653502398015462e+03
3.242094260679385570e+03 9.090629228529431005e-01 7.051754164581470335e-03 3.280067408382065878e+03
3.242102598842402585e+03 9.202861079730199068e-01 7.138430547670613149e-03 3.321720017085758627e+03
3.242110937005419146e+03 9.320749684831134418e-01 7.223437097624447675e-03 3.365477718551325779e+03
3.242119275168436161e+03 9.411295203863644376e-01 7.299316479414963595e-03 3.399423447323771597e+03
3.242127613331453176e+03 9.450426122428450260e-01 7.329004317043355185e-03 3.414848383818510229e+03
3.242135951494470191e+03 9.514335749890041605e-01 7.361731904887679374e-03 3.439273686703242220e+03
3.242144289657486752e+03 9.619818223345947272e-01 7.420255108387096774e-03 3.478782814272530231e+03
3.242152627820503767e+03 9.687695316539639556e-01 7.463832535645210584e-03 3.504749309060702217e+03
3.242160965983520782e+03 9.692671463444546553e-01 7.471772248230830644e-03 3.508001422102977358e+03
3.242169304146537797e+03 9.713403923155415898e-01 7.483364905036244893e-03 3.516990019643369578e+03
3.242177642309554813e+03 9.755058651910629708e-01 7.507737002803516538e-03 3.533592967483325083e+03
3.242185980472571373e+03 9.779971781556853205e-01 inf 3.544170559205173959e+03
3.242194318635588388e+03 9.811030738874279011e-01 inf 3.557012096108397145e+03
3.242202656798605403e+03 9.829090995212426130e-01 inf 3.565175946550641584e+03
3.242210994961622418e+03 9.813911026461650255e-01 inf 3.561309691799191569e+03
3.242219333124638979e+03 9.795641431442145830e-01 inf 3.556342000301277949e+03
3.242227671287655994e+03 9.796390808623038904e-01 inf 3.558300739039071686e+03
3.242236009450673009e+03 9.827032076099885272e-01 inf 3.571146125731599568e+03
3.242244347613690024e+03 9.834748737071680180e-01 inf 3.575690326245000051e+03
3.242252685776706585e+03 9.833693787114954343e-01 inf 3.577068635957360129e+03
3.242261023939723600e+03 9.863544940775715864e-01 inf 3.589715715012223882e+03
3.242269362102740615e+03 9.842125137094634990e-01 inf 3.583725326256959306e+03
3.242277700265757630e+03 9.789103775581017297e-01 inf 3.566233987168322528e+03
3.242286038428774646e+03 9.780904829851214677e-01 inf 3.565079044685674489e+03
3.242294376591791206e+03 9.804830980950909325e-01 inf 3.575654309623667814e+03
3.242302714754808221e+03 9.849003207023003803e-01 inf 3.593642959387304472e+03
3.242311052917825236e+03 9.928250631523629632e-01 inf 3.624469588562801619e+03
3.242319391080842252e+03 9.982931459986019718e-01 inf 3.646369211375092164e+03
3.242327729243858812e+03 9.977177367348000203e-01 inf 3.646218540370437950e+03
3.242336067406875827e+03 9.972624618921255291e-01 inf 3.646517763493626717e+03
3.242344405569892842e+03 9.992952603882353513e-01 inf 3.655928429709868396e+03
3.242352743732909857e+03 1.000010870230021442e+00 inf 3.660533954069749598e+03
3.242361081895926418e+03 9.979064892964361055e-01 7.660830279092163859e-03 3.654820234015021924e+03
3.242369420058943433e+03 9.983863773821394227e-01 7.676360441708040931e-03 3.658571936927253773e+03
3.242377758221960448e+03 1.000760711711076389e+00 7.695296620575469392e-03 3.669273051805388604e+03
3.242386096384977463e+03 1.000179260037461049e+00 7.690217945793290100e-03 3.669139674426604870e+03
3.242394434547994479e+03 9.993308786251288156e-01 7.687113653808790720e-03 3.668021206946657003e+03
3.242402772711011039e+03 9.991318526561023816e-01 7.692076899164493678e-03 3.669278816455353081e+03
3.242411110874028054e+03 1.000351791136022905e+00 7.708536197899097490e-03 3.675741998663533195e+03
3.242419449037045069e+03 1.001750383202188788e+00 7.727328875972972431e-03 3.682856977541251581e+03
3.242427787200062085e+03 9.997743980134277120e-01 7.717520969124498816e-03 3.677552346289645357e+03
3.242436125363078645e+03 9.977164614052527192e-01 7.705118927043429385e-03 3.671924012700307230e+03
3.242444463526095660e+03 9.967440851784623579e-01 7.701805839587063003e-03 3.670268402195367344e+03
3.242452801689112675e+03 9.954734315717550519e-01 7.689193955620937833e-03 3.667491288945823271e+03
3.242461139852129691e+03 9.984047391236313684e-01 7.699418747569882274e-03 3.680176911752888373e+03
3.242469478015146251e+03 1.004452442919836042e+00 7.734816086246164117e-03 3.704343132955104011e+03
3.242477816178163266e+03 1.006023148391480548e+00 7.750629665875782663e-03 3.711986839490397870e+03
3.242486154341180281e+03 1.005240561496957064e+00 7.756032301524456822e-03 3.710920735466039332e+03
3.242494492504197297e+03 1.004484832101490532e+00 7.749379326960688374e-03 3.709920557497810933e+03
3.242502830667214312e+03 1.002687015595863596e+00 7.732481108851607665e-03 3.705034372026185338e+03
3.242511168830230872e+03 1.001538166016440634e+00 7.722258708569589361e-03 3.702506134931470115e+03
3.242519506993247887e+03 9.997013052758065843e-01 7.708344692048950050e-03 3.697392217966811586e+03
3.242527845156264902e+03 9.988248108363125821e-01 7.705561369581414612e-03 3.695786314973443041e+03
3.242536183319281918e+03 1.001056536893550231e+00 7.720137679877706396e-03 3.705641754303891048e+03
3.242544521482298478e+03 9.997775637608284915e-01 7.699643436216424032e-03 3.702459119278913931e+03
3.242552859645315493e+03 9.975385830913180429e-01 7.679537185935808585e-03 3.695669742484321432e+03
3.242561197808332508e+03 1.001078243261958045e+00 7.719937798902633784e-03 3.710242425963814640e+03
3.242569535971349524e+03 1.003868351406710602e+00 7.747743663272341208e-03 3.721995349917480780e+03
3.242577874134366084e+03 1.001196418755808892e+00 7.725102091233788937e-03 3.713443987526613455e+03
3.242586212297383099e+03 9.970996572825135962e-01 7.697170940550822696e-03 3.699543611924788820e+03
3.383177273876422078e+03 9.923582848842633641e-01 5.234142939954194128e-03 3.256342635920420435e+03
3.383185879756978466e+03 9.943559411869048459e-01 5.247312788969667012e-03 3.262684644085776199e+03
3.383194485637535308e+03 9.945404179714816273e-01 5.254363426634061154e-03 3.263073572867521762e+03
3.383203091518091696e+03 9.954554335848551094e-01 5.257930013263464181e-03 3.265855548329200246e+03
3.383211697398648084e+03 9.981281350951894948e-01 5.270018166049177458e-03 3.274399272902395751e+03
3.383220303279204472e+03 9.984763761975741225e-01 5.280561437291565394e-03 3.275312417846341759e+03
3.383228909159761315e+03 9.970868203968190624e-01 5.279595579259966157e-03 3.270520480950005549e+03
3.383237515040317703e+03 9.957299648115197632e-01 5.269051962560934894e-03 3.265831246553307210e+03
3.383246120920874091e+03 9.937326727404952598e-01 5.260236350574296754e-03 3.259036700508995636e+03
3.383254726801430479e+03 9.923319861571293643e-01 5.262863467400904008e-03 3.254193631072793778e+03
3.383263332681986867e+03 9.920700384835170471e-01 5.266394839053035147e-03 3.253078915952707575e+03
3.383271938562543710e+03 9.912308227449927456e-01 5.260828992833675027e-03 3.250064808005728992e+03
3.383280544443100098e+03 9.903767246111221390e-01 5.258048415286852191e-03 3.246995192626666267e+03
3.383289150323656486e+03 9.916455431557338329e-01 5.265330696466933962e-03 3.250877977842620567e+03
3.383297756204212874e+03 9.937575707960281113e-01 5.273946974256630074e-03 3.257516101762950711e+03
3.383306362084769717e+03 9.950806528419300356e-01 5.281809705436041336e-03 3.261558701276712782e+03
3.383314967965326105e+03 9.970299607906880635e-01 5.294421587623165081e-03 3.267644095892305813e+03
3.383323573845882493e+03 9.994317801659435840e-01 5.307509600542233315e-03 3.275201987234501757e+03
3.383332179726438881e+03 9.997057307810296445e-01 5.308417033601702320e-03 3.275776420242410040e+03
3.383340785606995269e+03 9.981001410701531018e-01 5.295941618296987584e-03 3.270183362867875985e+03
3.383349391487552111e+03 9.955515961612533271e-01 5.275941433563008549e-03 3.261493426974685917e+03
3.383357997368108499e+03 9.918855540174202901e-01 5.253918102341351322e-03 3.249136271246621618e+03
3.383366603248664887e+03 9.890158464040840203e-01 5.242495375907135075e-03 3.239382021291401088e+03
3.383375209129221275e+03 9.874656639621895993e-01 5.238447205004681875e-03 3.233943711508818524e+03
3.383383815009778118e+03 9.861117966306797156e-01 5.227222296527312372e-03 3.229142217851142050e+03
3.383392420890334506e+03 9.844267562842696773e-01 5.207716639039103139e-03 3.223250600346801548e+03
3.383401026770890894e+03 9.823244028525386362e-01 5.190684365911006452e-03 3.215987633343566813e+03
3.383409632651447282e+03 9.785131908303172921e-01 5.164109739383986389e-03 3.203126386841144722e+03
3.383418238532004125e+03 9.742914902111411424e-01 5.135045222144996382e-03 3.188918959936083411e+03
3.383426844412560513e+03 9.725946706489366766e-01 5.125858207880995034e-03 3.182972753462681794e+03
3.383435450293116901e+03 9.715623216881429380e-01 5.123695343859338731e-03 3.179197374662601760e+03
3.383444056173673289e+03 9.692923506904901343e-01 5.115654479736581918e-03 3.171369050984534624e+03
3.383452662054229677e+03 9.656680108024338072e-01 5.094931756231354907e-03 3.159107785486079592e+03
3.383461267934786520e+03 9.610774423596923910e-01 5.065767681093549281e-03 3.143685291570149275e+03
3.383469873815342908e+03 9.585768302221402415e-01 5.052433541184315514e-03 3.135098691446596604e+03
3.383478479695899296e+03 9.568684623111584076e-01 5.049521886332199866e-03 3.129102000470328676e+03
3.383487085576455684e+03 9.530473422878947831e-01 5.033921992654213397e-03 3.116196061306087358e+03
3.383495691457012526e+03 9.504338317283050896e-01 5.022914081280442297e-03 3.107239201751444853e+03
3.383504297337568914e+03 9.501761878241749004e-01 5.022945329176326835e-03 3.105983712585721150e+03
3.383512903218125302e+03 9.487805560424014129e-01 5.009686952669580549e-03 3.101007520400400153e+03
3.383521509098681690e+03 9.436707415067527860e-01 4.983522687840927223e-03 3.083893536920173119e+03
3.383530114979238078e+03 9.320716813565811387e-01 4.935382401899282394e-03 3.045579388971238586e+03
3.383538720859794921e+03 9.168308031440614014e-01 4.864495897364551520e-03 2.995376815347313823e+03
3.383547326740351309e+03 8.984401288961758603e-01 4.763766882986707196e-03 2.934898241313301696e+03
3.383555932620907697e+03 8.808706639854163578e-01 4.672342506826162103e-03 2.877118333244698078e+03
3.383564538501464085e+03 8.636712404814289590e-01 4.601628609345099520e-03 2.820562905275769026e+03
3.383573144382020928e+03 8.448432245394095208e-01 4.522597213217049647e-03 2.758705525678129561e+03
3.383581750262577316e+03 8.225522769656959943e-01 4.411064599119931748e-03 2.685559628414760937e+03
3.383590356143133704e+03 8.000742159576290646e-01 4.297709439381920855e-03 2.611823776437205197e+03
3.383598962023690092e+03 7.799994086720449804e-01 4.198376952833444281e-03 2.545953461077113843e+03
3.383607567904246935e+03 7.602045300123674298e-01 4.102825500826411641e-03 2.481016009118011425e+03
3.383616173784803323e+03 7.461657931653892240e-01 4.038328943756047153e-03 2.434881114765429629e+03
3.383624779665359711e+03 7.371939124488141593e-01 3.994329195350666654e-03 2.405292598226688824e+03
3.383633385545916099e+03 7.336560096066058190e-01 3.980287854597508966e-03 2.393441902659593325e+03
3.383641991426472487e+03 7.316961122611073121e-01 3.969832326046672695e-03 2.386744510458428522e+03
3.383650597307029329e+03 7.276863319689933496e-01 3.948127959028126938e-03 2.373366266596102832e+03
3.383659203187585717e+03 7.221502469267091495e-01 3.922109832545255838e-03 2.355017364708814057e+03
3.383667809068142105e+03 7.137608674671518383e-01 3.883727992654986000e-03 2.327372912885651203e+03
3.383676414948698493e+03 7.028800284694511902e-01 3.834337084884520581e-03 2.291616170671883992e+03
3.383685020829255336e+03 6.906737338656229186e-01 3.775820836505987786e-03 2.251551262742299969e+03
3.383693626709811724e+03 6.814469330354919752e-01 3.728536203589712539e-03 2.221211979955301103e+03
3.383702232590368112e+03 6.801915154628448423e-01 3.720778792661179855e-03 2.216864435413593583e+03
3.383710838470924500e+03 6.794459657616864767e-01 3.720477455743745072e-03 2.214184233973866867e+03
3.383719444351480888e+03 6.737745296957069474e-01 3.694211568964544945e-03 2.195458933787634123e+03
3.383728050232037731e+03 6.660044481012241668e-01 3.655147643487328610e-03 2.169905409766782213e+03
3.383736656112594119e+03 6.570512147441550654e-01 3.610358851677673842e-03 2.140508399033836668e+03
3.383745261993150507e+03 6.462859161327129121e-01 3.557238908106323105e-03 2.105220517231899066e+03
3.383753867873706895e+03 6.332205445022496271e-01 3.484664333838571534e-03 2.062454069197643548e+03
3.383762473754263738e+03 6.225492557553760076e-01 3.421505442724738413e-03 2.027498972935652318e+03
3.383771079634820126e+03 6.135958145058180158e-01 3.383938979556760322e-03 1.998150744443290932e+03
3.383779685515376514e+03 6.068737731674070934e-01 3.355320626246887424e-03 1.976079974379404121e+03
3.383788291395932902e+03 6.125296025193879279e-01 3.387354533309235288e-03 1.994320342114245022e+03
3.383796897276489744e+03 6.284425381776346242e-01 3.466436639945216867e-03 2.045957240126184843e+03
3.383805503157046132e+03 6.554912491565717536e-01 3.599172793531993028e-03 2.133843296861221461e+03
3.383814109037602520e+03 6.877084394762016384e-01 3.750652241780245283e-03 2.238546805565992599e+03
3.383822714918158908e+03 7.192558513604375703e-01 3.905042896197027241e-03 2.341062646971387039e+03
3.383831320798715296e+03 7.494560535229469744e-01 4.058307420670831216e-03 2.439187955701630472e+03
3.383839926679272139e+03 7.780926753297071619e-01 4.206259527785729570e-03 2.532220922635847273e+03
3.383848532559828527e+03 8.042178653115920062e-01 4.339232537052894502e-03 2.617079476216060812e+03
3.383857138440384915e+03 8.265474754472084129e-01 4.446224512225042252e-03 2.689587871043132509e+03
3.383865744320941303e+03 8.458885914927751770e-01 4.544512889706442751e-03 2.752375609628904385e+03
3.383874350201498146e+03 8.630683231824178847e-01 4.633472651136366638e-03 2.808136539371607796e+03
3.383882956082054534e+03 8.795620555724855683e-01 4.714655875263793622e-03 2.861672970702292332e+03
3.383891561962610922e+03 8.957284464789466716e-01 4.792642059664780664e-03 2.914153125225086114e+03
3.383900167843167310e+03 9.119813903512496989e-01 4.875182262157404765e-03 2.966924720754975169e+03
3.383908773723723698e+03 9.294629996502475899e-01 4.964795684124523670e-03 3.023704323084274165e+03
3.383917379604280541e+03 9.461219377189834523e-01 5.050444448596889957e-03 3.077819572109615365e+03
3.383925985484836929e+03 9.548877518407197229e-01 5.092291194492747086e-03 3.106271506765067898e+03
3.383934591365393317e+03 9.583681993340652516e-01 5.111724127579769447e-03 3.117545477190719794e+03
3.383943197245949705e+03 9.619325274908291368e-01 inf 3.129108656002468706e+03
3.383951803126506547e+03 9.652440975643152843e-01 inf 3.139866526046655054e+03
3.383960409007062935e+03 9.691749450283160261e-01 inf 3.152656310559783378e+03
3.383969014887619323e+03 9.737262837305927787e-01 inf 3.167482546689430819e+03
3.383977620768175711e+03 9.772532583475976864e-01 inf 3.178995200179298081e+03
3.383986226648732554e+03 9.805299313535661421e-01 inf 3.189712781502261350e+03
3.383994832529288942e+03 9.857106362088218221e-01 inf 3.206644133138716825e+03
3.384003438409845330e+03 9.910690595654364499e-01 inf 3.224174297966713766e+03
3.384012044290401718e+03 9.940938658769815639e-01 inf 3.234133778759279267e+03
3.384020650170958106e+03 9.955652376591163089e-01 inf 3.239060614205064667e+03
3.384029256051514949e+03 9.965991845016273221e-01 5.296492354556162942e-03 3.242585723690521263e+03
3.384037861932071337e+03 9.977570275618733442e-01 5.307381726650586828e-03 3.246535784465702363e+03
3.384046467812627725e+03 9.994708345040532738e-01 5.318616627293019580e-03 3.252317280485343872e+03
3.384055073693184113e+03 1.000305864685388624e+00 5.328328995566208696e-03 3.255261379944914552e+03
3.384063679573740956e+03 9.996924859317459777e-01 5.327078684436425786e-03 3.253511961726829213e+03
3.384072285454297344e+03 9.990640788105100700e-01 5.325355857014380835e-03 3.251731355013325810e+03
3.384080891334853732e+03 9.993840523151297228e-01 5.331562193177702760e-03 3.253053568165143588e+03
3.384089497215410120e+03 9.997001483182429427e-01 5.337015369630876763e-03 3.254377576413141469e+03
3.384098103095966508e+03 9.992456625795239633e-01 5.330405108252436394e-03 3.253205359206822322e+03
3.384106708976523350e+03 1.000099706098700469e+00 5.325330350797343945e-03 3.256303833382522953e+03
3.384115314857079738e+03 1.001309451649073479e+00 5.332277312182739579e-03 3.260569671532187385e+03
3.384123920737636126e+03 9.997982030068309767e-01 5.331470167519778043e-03 3.255981657845291465e+03
3.384132526618192514e+03 9.983035552777732580e-01 5.324172971303103331e-03 3.251451433419020759e+03
3.384141132498749357e+03 9.989176271101156690e-01 5.323183834680242019e-03 3.253791793079290983e+03
3.384149738379305745e+03 9.988256266743754663e-01 5.322097968758775048e-03 3.253833360857029675e+03
3.384158344259862133e+03 9.987308241929451214e-01 5.325123176608858797e-03 3.253864769442623128e+03
3.384166950140418521e+03 1.000016344930569678e+00 5.332242062306678104e-03 3.258390806500183317e+03
3.384175556020975364e+03 9.994863845761291499e-01 5.330642178047208940e-03 3.256996879873437592e+03
3.384184161901531752e+03 9.986667379339154715e-01 5.333862755170226677e-03 3.254651848006599721e+03
3.384192767782088140e+03 9.984657852982868897e-01 5.343141807714065807e-03 3.254314244268416587e+03
3.384201373662644528e+03 9.961066925693240481e-01 5.335307514030111949e-03 3.246931334810222324e+03
3.384209979543200916e+03 9.960980316535414936e-01 5.328415568635004942e-03 3.247196888877126639e+03
3.384218585423757759e+03 9.975863483676240540e-01 5.329952013620347685e-03 3.252328658793472641e+03
3.384227191304314147e+03 9.966781152740299410e-01 5.326160607596388055e-03 3.249631240088055620e+03
3.384235797184870535e+03 9.964525389098367603e-01 5.327409095593093301e-03 3.249141281583625641e+03
3.384244403065426923e+03 9.972952685438862819e-01 5.337992428475190829e-03 3.252114981850796084e+03
3.384253008945983765e+03 9.979656012255362363e-01 5.348081692576543179e-03 3.254505010835435314e+03
3.384261614826540153e+03 9.970569851321910981e-01 5.346567542479601157e-03 3.251722104440071234e+03
3.384270220707096541e+03 9.944376774130175844e-01 5.328202137625494099e-03 3.243333904257789072e+03
3.384278826587652929e+03 9.937372052737054595e-01 5.314144794217607291e-03 3.241176009750250159e+03
3.384287432468209317e+03 9.960806398213877255e-01 5.327131390762445545e-03 3.248916966237606630e+03
