9.999998088023596132e-01
9.999998057549440711e-01
9.999998017207488710e-01
9.999997969403606746e-01
9.999997916618128535e-01
9.999997860429988839e-01
9.999997801493731853e-01
9.999997739933912388e-01
9.999997675665583952e-01
9.999997608537729565e-01
9.999997538375489103e-01
9.999997464988115148e-01
9.999997388168990753e-01
9.999997307694168391e-01
9.999997223320578055e-01
9.999997134783958908e-01
9.999997041796546693e-01
9.999996944044433622e-01
9.999996841184568552e-01
9.999996732841340830e-01
9.999996618602661203e-01
9.999996498015472080e-01
9.999996370580566118e-01
9.999996235746597684e-01
9.999996092903139511e-01
9.999995941372572528e-01
9.999995780400604550e-01
9.999995609145109210e-01
9.999995426662928732e-01
9.999995231894185377e-01
9.999995023643517555e-01
9.999994800557479024e-01
9.999994561097138579e-01
9.999994303504535775e-01
9.999994025761125283e-01
9.999993725535273326e-01
9.999993400113256214e-01
9.999993046301149935e-01
9.999992660264171995e-01
9.999992237209199830e-01
9.999991770643895661e-01
9.999991250480839700e-01
9.999990658067900995e-01
9.999989953377748098e-01
9.999989043196553240e-01
9.999987705812197758e-01
9.999985422022352743e-01
9.999981017208103840e-01
9.999971948470305350e-01
9.999952975203123540e-01
9.999913850189012798e-01
9.999835613614092011e-01
9.999685160030727937e-01
9.999408108227711978e-01
9.998920752651190291e-01
9.998103018619028948e-01
9.996795652044661029e-01
9.994805793429436536e-01
9.991924793486572920e-01
9.987959828712227317e-01
9.982776320989832364e-01
9.976342200567382967e-01
9.968759820169614816e-01
9.960269777068293529e-01
9.951215516569378305e-01
9.941968804922205472e-01
9.932831281388263545e-01
9.923940834032671798e-01
9.915217146578201302e-01
9.906374147478043124e-01
9.897008505376069243e-01
9.886748195238792558e-01
9.875422379886104052e-01
9.863202185171058289e-01
9.850666347092429387e-01
9.838765176388628575e-01
9.828684323745864315e-01
9.821637187184153461e-01
9.818633116908257463e-01
9.820273210771504058e-01
9.826616571436088687e-01
9.837141439188881176e-01
9.850803636508100869e-01
9.866175205971361439e-01
9.881633300005724374e-01
9.895565122183183071e-01
9.906558276607182467e-01
9.913554492505329829e-01
9.915954694301110095e-01
9.913671583558019140e-01
9.907130680827747060e-01
9.897222550018394127e-01
9.885209622306434518e-01
9.872592906185329031e-01
9.860948190399055902e-01
9.851747629388665217e-01
9.846188709719880805e-01
9.845055680533225662e-01
9.848636324786903540e-01
9.856708837172762916e-01
9.868600998280543379e-01
9.883309886021716117e-01
9.899658775967989932e-01
9.916461776716702925e-01
9.932667613405383733e-01
9.947461213524320112e-01
9.960312959396674382e-01
9.970977332875103905e-01
9.979452101339008063e-01
9.985914262725297252e-01
9.990649339941656271e-01
9.993987320173605138e-01
9.996253343362742072e-01
9.997735946547029462e-01
9.998671543026824704e-01
9.999241412318815581e-01
9.999576719374706490e-01
9.999767508025765306e-01
9.999872652880956725e-01
9.999928922415048937e-01
9.999958298002235013e-01
9.999973381962810048e-01
9.999981114242334490e-01
9.999985171532710382e-01
9.999987431187038478e-01
9.999988819419172170e-01
9.999989779526048395e-01
9.999990518793251404e-01
9.999991133155333722e-01
9.999991667592456057e-01
9.999992144282030537e-01
9.999992575268503714e-01
9.999992968001769622e-01
9.999993327714129521e-01
9.999993658441893585e-01
9.999993963480493520e-01
9.999994245605174914e-01
9.999994507192981885e-01
9.999994750300515989e-01
9.999994976719450701e-01
9.999995188019099590e-01
9.999995385580355833e-01
9.999995570623341212e-01
9.999995744230212313e-01
9.999995907364140901e-01
9.999996060885207871e-01
9.999996205563804752e-01
9.999996342091981294e-01
9.999996471093102191e-01
9.999996593130124900e-01
9.999996708712675098e-01
9.999996818303172885e-01
9.999996922322129667e-01
9.999997021152738919e-01
9.999997115144882986e-01
9.999997204618636948e-01
9.999997289867337269e-01
9.999997371160281867e-01
9.999997448745110429e-01
9.999997522849908282e-01
9.999997593685068242e-01
9.999997661444954833e-01
9.999997726309372004e-01
9.999997788444877633e-01
9.999997848005967027e-01
9.999997905136122078e-01
9.999997959968764949e-01
9.999998012628097399e-01
9.999998063229877943e-01
9.999998111882110186e-01
9.999998158685670102e-01
9.999998203734872249e-01
9.999998247117982686e-01
9.999998288917688605e-01
9.999998329211523540e-01
9.999998368072247068e-01
9.999998405568212290e-01
9.999998441763671142e-01
9.999998476719083040e-01
9.999998510491379111e-01
9.999998543134207551e-01
9.999998574698168996e-01
9.999998605231017468e-01
9.999998634777853557e-01
9.999998663381300945e-01
9.999998691081586344e-01
9.999998717916034341e-01
9.999998743914997323e-01
9.999998769082218963e-01
9.999998793329070157e-01
9.999998816327755335e-01
9.999998837329697743e-01
9.999998855172202994e-01
9.999998868718595890e-01
9.999995231855988154e-01
9.999995162777892688e-01
9.999995072373336624e-01
9.999994965264098479e-01
9.999994846579258745e-01
9.999994719971301294e-01
9.999994587247778011e-01
9.999994448966721405e-01
9.999994305098369729e-01
9.999994155399618556e-01
9.999993999555799595e-01
9.999993837218601467e-01
9.999993668012219228e-01
9.999993491532290779e-01
9.999993307343368887e-01
9.999993114975966879e-01
9.999992913923196891e-01
9.999992703637050617e-01
9.999992483524202669e-01
9.999992252941281023e-01
9.999992011189555718e-01
9.999991757508930323e-01
9.999991491071121841e-01
9.999991210971920230e-01
9.999990916222358805e-01
9.999990605738624527e-01
9.999990278330473936e-01
9.999989932687907146e-01
9.999989567365761278e-01
9.999989180765844754e-01
9.999988771116115061e-01
9.999988336446319348e-01
9.999987874559345125e-01
9.999987382997355123e-01
9.999986859001528394e-01
9.999986299463869965e-01
9.999985700869129523e-01
9.999985059224085759e-01
9.999984369970127407e-01
9.999983627872337522e-01
9.999982826871147701e-01
9.999981959864088221e-01
9.999981018333833349e-01
9.999979991601537499e-01
9.999978865127898686e-01
9.999977616400028690e-01
9.999976204854990058e-01
9.999974547627756838e-01
9.999972463088822039e-01
9.999969544726718951e-01
9.999964892180932541e-01
9.999956565438076206e-01
9.999940534189982744e-01
9.999908765711078562e-01
9.999845948022869635e-01
9.999724230882547360e-01
9.999495383471337373e-01
9.999080061485112747e-01
9.998354612733747482e-01
9.997137134605680320e-01
9.995176249576385175e-01
9.992147887127480477e-01
9.987666467593976360e-01
9.981316218694917808e-01
9.972704958472614623e-01
9.961536275279059272e-01
9.947687637517081960e-01
9.931274111599955878e-01
9.912673651434402711e-01
9.892493718919384005e-01
9.871471722119355974e-01
9.850321482996434730e-01
9.829559172529761524e-01
9.809357237127080964e-01
9.789476743312651719e-01
9.769313874442689949e-01
9.748067251887844176e-01
9.724997172161649051e-01
9.699716917365216462e-01
9.672440605798695579e-01
9.644117618590308805e-01
9.616409461173898165e-01
9.591503249129698094e-01
9.571795312453188487e-01
9.559507661474933027e-01
9.556312411455573086e-01
9.563033656325743426e-01
9.579476632832348848e-01
9.604406942897154575e-01
9.635674975651467022e-01
9.670457939897794120e-01
9.705577400635707619e-01
9.737845034434375879e-01
9.764392624204913940e-01
9.782951659482010953e-01
9.792059920366698034e-01
9.791183776182796894e-01
9.780753399566790574e-01
9.762113240379939327e-01
9.737393182195437369e-01
9.709308920054885439e-01
9.680904954326818856e-01
9.655260490620083402e-01
9.635186086995424226e-01
9.622944573865375162e-01
9.620030972028528193e-01
9.627041191296088485e-01
9.643648154247049797e-01
9.668688305814792106e-01
9.700344202908650626e-01
9.736393607054476540e-01
9.774485566447662643e-01
9.812401617313015745e-01
9.848265948604075781e-01
9.880680662647458590e-01
9.908778006129870253e-01
9.932196802896694487e-01
9.951001890262899385e-01
9.965571135563485727e-01
9.976474381926285773e-01
9.984363794151662752e-01
9.989887757302902127e-01
9.993632968749435186e-01
9.996093316636269765e-01
9.997660352787491878e-01
9.998628652606487144e-01
9.999209594698713621e-01
9.999548373270124024e-01
9.999740712624529682e-01
9.999847310935390254e-01
9.999905247414162535e-01
9.999936374437519149e-01
9.999953132572521053e-01
9.999962372388291332e-01
9.999967748408640222e-01
9.999971153299649362e-01
9.999973541813890199e-01
9.999975385701047603e-01
9.999976915534264377e-01
9.999978244708429553e-01
9.999979430892591559e-01
9.999980505544109333e-01
9.999981487701802285e-01
9.999982390302026847e-01
9.999983223047599346e-01
9.999983993728300824e-01
9.999984708857773130e-01
9.999985374009020545e-01
9.999985994013685930e-01
9.999986573095627218e-01
9.999987114969266511e-01
9.999987622916446384e-01
9.999988099848580170e-01
9.999988548357898743e-01
9.999988970760180784e-01
9.999989369130715122e-01
9.999989745334705304e-01
9.999990101053147784e-01
9.999990437804961996e-01
9.999990756965968508e-01
9.999991059785268144e-01
9.999991347399410646e-01
9.999991620844694840e-01
9.999991881067895605e-01
9.999992128935645264e-01
9.999992365242641457e-01
9.999992590718895791e-01
9.999992806036093196e-01
9.999993011813251842e-01
9.999993208621706930e-01
9.999993396989561578e-01
9.999993577405638101e-01
9.999993750323019626e-01
9.999993916162200902e-01
9.999994075313923814e-01
9.999994228141724228e-01
9.999994374984216838e-01
9.999994516157160174e-01
9.999994651955316227e-01
9.999994782654142433e-01
9.999994908511311564e-01
9.999995029768105059e-01
9.999995146650659805e-01
9.999995259371122769e-01
9.999995368128700157e-01
9.999995473110594446e-01
9.999995574492890338e-01
9.999995672441344130e-01
9.999995767112110912e-01
9.999995858652426239e-01
9.999995947201207880e-01
9.999996032889630904e-01
9.999996115841640609e-01
9.999996196174436580e-01
9.999996273998916774e-01
9.999996349420079422e-01
9.999996422537403840e-01
9.999996493445204582e-01
9.999996562232944530e-01
9.999996628985534652e-01
9.999996693783533841e-01
9.999996756702795864e-01
9.999996817810876681e-01
9.999996877148942254e-01
9.999996934665941195e-01
9.999996990045594281e-01
9.999997042400301517e-01
9.999997089993131194e-01
9.999997130399927991e-01
9.999997161414153624e-01
9.999997182573172605e-01
9.999997134918723329e-01
9.999997071230543044e-01
9.999996995878730477e-01
9.999996913038430302e-01
9.999996825077446250e-01
9.999996732804260491e-01
9.999996636268084771e-01
9.999996535264645825e-01
9.999996429516855301e-01
9.999996318715751453e-01
9.999996202525049949e-01
9.999996080579143243e-01
9.999995952479967531e-01
9.999995817793394526e-01
9.999995676045116966e-01
9.999995526715967920e-01
9.999995369236560627e-01
9.999995202981155629e-01
9.999995027260591973e-01
9.999994841314138183e-01
9.999994644300052027e-01
9.999994435284580430e-01
9.999994213229138618e-01
9.999993976975238841e-01
9.999993725226739016e-01
9.999993456528801783e-01
9.999993169242820112e-01
9.999992861516356912e-01
9.999992531246868488e-01
9.999992176037635350e-01
9.999991793143745422e-01
9.999991379405309688e-01
9.999990931163785790e-01
9.999990444155022473e-01
9.999989913366795768e-01
9.999989332831888955e-01
9.999988695275249251e-01
9.999987991369576612e-01
9.999987207859523108e-01
9.999986322407425909e-01
9.999985289258881416e-01
9.999984000500948822e-01
9.999982186263240980e-01
9.999979172052324561e-01
9.999973325027021742e-01
9.999960873795603611e-01
9.999933570235460811e-01
9.999874409904830896e-01
9.999750457680318672e-01
9.999501978724800733e-01
9.999027903041123322e-01
9.998169482902354854e-01
9.996696847500909922e-01
9.994306320825592227e-01
9.990638191746880059e-01
9.985322769039878255e-01
9.978055080076131400e-01
9.968685673437773787e-01
9.957300463159177717e-01
9.944253655624518684e-01
9.930122483202118433e-01
9.915574639885825770e-01
9.901174555905422059e-01
9.887189612858253707e-01
9.873474591562845237e-01
9.859499059391410025e-01
9.844537602593818049e-01
9.827981492728050661e-01
9.809677150347074770e-01
9.790175086892560774e-01
9.770793840530207497e-01
9.753459781830239317e-01
9.740353980773471809e-01
9.733455677572585563e-01
9.734099288876139067e-01
9.742652796964869077e-01
9.758387418257199464e-01
9.779556947736901540e-01
9.803656486804470660e-01
9.827796709585463475e-01
9.849117130013032018e-01
9.865168749036359319e-01
9.874216204101046168e-01
9.875432780974294777e-01
9.868980335567161255e-01
9.855976754902522341e-01
9.838357941771824766e-01
9.818644804461960085e-01
9.799633412649830788e-01
9.784039576436059926e-01
9.774143894597308035e-01
9.771492880857809427e-01
9.776709567042344284e-01
9.789450254632092729e-01
9.808515551805946364e-01
9.832090947858986851e-01
9.858064526483913959e-01
9.884355271315867775e-01
9.909188718639199145e-01
9.931275667551959785e-01
9.949877502079778058e-01
9.964769381331598508e-01
9.976132269728748003e-01
9.984412504226197749e-01
9.990183916911357098e-01
9.994036444748777281e-01
9.996501835477780151e-01
9.998015765710466241e-01
9.998908664092041043e-01
9.999414976126217436e-01
9.999691377304953388e-01
9.999836945706742641e-01
9.999911171029971513e-01
9.999948056697331999e-01
9.999966144269122337e-01
9.999975097574366201e-01
9.999979740593469835e-01
9.999982385498331627e-01
9.999984100567483880e-01
9.999985364849599545e-01
9.999986389568239487e-01
9.999987268563756970e-01
9.999988045631169609e-01
9.999988743459300444e-01
9.999989375652413859e-01
9.999989951618117878e-01
9.999990478559841467e-01
9.999990962326521515e-01
9.999991407815139732e-01
9.999991819193350118e-01
9.999992200043272828e-01
9.999992553465368861e-01
9.999992882158378338e-01
9.999993188482954043e-01
9.999993474513224623e-01
9.999993742079037462e-01
9.999993992800870757e-01
9.999994228118879169e-01
9.999994449317202161e-01
9.999994657544438725e-01
9.999994853830952435e-01
9.999995039103602990e-01
9.999995214198316162e-01
9.999995379870869616e-01
9.999995536806175478e-01
9.999995685626313913e-01
9.999995826897487561e-01
9.999995961136081135e-01
9.999996088813957185e-01
9.999996210363082394e-01
9.999996326179596551e-01
9.999996436627401897e-01
9.999996542041320602e-01
9.999996642729895857e-01
9.999996738977885435e-01
9.999996831048459933e-01
9.999996919185184518e-01
9.999997003613771973e-01
9.999997084543660320e-01
9.999997162169426135e-01
9.999997236672053536e-01
9.999997308220077707e-01
9.999997376970617413e-01
9.999997443070299807e-01
9.999997506656110868e-01
9.999997567856149239e-01
9.999997626790332328e-01
9.999997683571009155e-01
9.999997738303549877e-01
9.999997791086853161e-01
9.999997842013834681e-01
9.999997891171861220e-01
9.999997938643140349e-01
9.999997984505091253e-01
9.999998028830652252e-01
9.999998071688197543e-01
9.999998113138554023e-01
9.999998153215239327e-01
9.999998191839887252e-01
9.999998228586430837e-01
9.999998262306984964e-01
9.999998291010234741e-01
9.999998312600791861e-01
9.999973735601326297e-01
9.999973041988765576e-01
9.999972117485722567e-01
9.999970998694009960e-01
9.999969726710000728e-01
9.999968327644196409e-01
9.999966809034469550e-01
9.999965165378477128e-01
9.999963383909430403e-01
9.999961447220528932e-01
9.999959332941049661e-01
9.999957010466512530e-01
9.999954432210883537e-01
9.999951511757941836e-01
9.999948070618492890e-01
9.999943712901777637e-01
9.999937542652668210e-01
9.999927556053871402e-01
9.999909399850351877e-01
9.999873969675001639e-01
9.999803026198308409e-01
9.999661677180813335e-01
9.999386336467991354e-01
9.998866869184293016e-01
9.997922419716189779e-01
9.996272274732737051e-01
9.993506236540552479e-01
9.989063077311357564e-01
9.982229606654953180e-01
9.972174700601240671e-01
9.958029784076118940e-01
9.939017740426129288e-01
9.914616096010517854e-01
9.884721011056915030e-01
9.849763006495254603e-01
9.810722047669302448e-01
9.769005205405650871e-01
9.726185213616489467e-01
9.683645066578379090e-01
9.642217343249430694e-01
9.601929770718531376e-01
9.561957575809756360e-01
9.520835815082997478e-01
9.476911751341821066e-01
9.428940272499954922e-01
9.376670465221628170e-01
9.321259515322960487e-01
9.265387660407492509e-01
9.213023720226305446e-01
9.168879851486142485e-01
9.137668369475275831e-01
9.123312571435248097e-01
9.128261957424275153e-01
9.153028245764066595e-01
9.196007425060497287e-01
9.253599691554246220e-01
9.320593551590490300e-01
9.390747405873136611e-01
9.457482966471604247e-01
9.514599662416786119e-01
9.556926363662879842e-01
9.580843345168559289e-01
9.584629002276003895e-01
9.568607733969276552e-01
9.535094467496439963e-01
9.488146925526846909e-01
9.433150420542542047e-01
9.376273446631948616e-01
9.323845798152556874e-01
9.281722349944347972e-01
9.254701653528147887e-01
9.246066174920710701e-01
9.257299054187102527e-01
9.288011490411641757e-01
9.336087692331405119e-01
9.398024379401556105e-01
9.469413564059847577e-01
9.545495930263444562e-01
9.621702508615388449e-01
9.694107762666135386e-01
9.759737434152089275e-01
9.816705140682916442e-01
9.864185144959722873e-01
9.902256570035157246e-01
9.931670461547350559e-01
9.953593442136097202e-01
9.969372440453507789e-01
9.980349029927537696e-01
9.987734785813195959e-01
9.992545026080779103e-01
9.995579482865513121e-01
9.997434965295206588e-01
9.998535692513100814e-01
9.999169967558174665e-01
9.999525647326769073e-01
9.999720346188574194e-01
9.999824940669170825e-01
9.999880602081030467e-01
9.999910415458559410e-01
9.999926892856914051e-01
9.999936600880400261e-01
9.999942884820962608e-01
9.999947405493414543e-01
9.999950971931881316e-01
9.999953975543562912e-01
9.999956608348569143e-01
9.999958968987876506e-01
9.999961112637338889e-01
9.999963073904526434e-01
9.999964877152085485e-01
9.999966541144960086e-01
9.999968081195873548e-01
9.999969510221915492e-01
9.999970839323375493e-01
9.999972078143473109e-01
9.999973235113455150e-01
9.999974317599040763e-01
9.999975331829191738e-01
9.999976282178959508e-01
9.999977168973031016e-01
9.999977984351899885e-01
9.999978708353801649e-01
9.999979311140330118e-01
9.999979765956057420e-01
9.999973144605147635e-01
9.999972513508776917e-01
9.999971677092538425e-01
9.999970670264421990e-01
9.999969532538155459e-01
9.999968290495779843e-01
9.999966954316633627e-01
9.999965522719674871e-01
9.999963988478377530e-01
9.999962341427560686e-01
9.999960569427290835e-01
9.999958658365104558e-01
9.999956591744021406e-01
9.999954349885675775e-01
9.999951908318656102e-01
9.999949234081848548e-01
9.999946276628867148e-01
9.999942945087167967e-01
9.999939052310045096e-01
9.999934181658094445e-01
9.999927382599052006e-01
9.999916506477442013e-01
9.999896826967512586e-01
9.999858320878262097e-01
9.999780597095607737e-01
9.999623982047858295e-01
9.999314820063749387e-01
9.998722895070485395e-01
9.997629469987818762e-01
9.995686334081581581e-01
9.992369922023920381e-01
9.986940027596775682e-01
9.978418928555510270e-01
9.965611597850392300e-01
9.947187656825359214e-01
9.921837222609694029e-01
9.888493970950645862e-01
9.846591740591754682e-01
9.796293319015492163e-01
9.738613387224897000e-01
9.675363887661346807e-01
9.608885566322958871e-01
9.541589727488120065e-01
9.475403203963517207e-01
9.411263538346643642e-01
9.348827410201102639e-01
9.286520140115611666e-01
9.221970548952256319e-01
9.152764219920128674e-01
9.077343215004912702e-01
8.995818141466170870e-01
8.910464382343044054e-01
8.825750196730879349e-01
8.747865826476666218e-01
8.683848371294071722e-01
8.640486839683658715e-01
8.623223411281681905e-01
8.635243123726826786e-01
8.676885604561065390e-01
8.745444174832044393e-01
8.835357246477046900e-01
8.938750530535297667e-01
9.046254433323820399e-01
9.147996065171069002e-01
9.234649357314523854e-01
9.298422527971078599e-01
9.333872014556982011e-01
9.338455448125508873e-01
9.312769319198360707e-01
9.260454128617299219e-01
9.187786177860385317e-01
9.103007484267475746e-01
9.015471339671778939e-01
8.934698525621034282e-01
8.869445975833635254e-01
8.826884728042400097e-01
8.811968529037844666e-01
8.827051596864721184e-01
8.871787312025141148e-01
8.943311201973627167e-01
9.036682131359260461e-01
9.145525747471021649e-01
9.262796784588664956e-01
9.381557664163578947e-01
9.495667082035366136e-01
9.600288636918987706e-01
9.692164772827317476e-01
9.769647327575043949e-01
9.832520565392208756e-01
9.881684112900575023e-01
9.918775140053476269e-01
9.945801744524080945e-01
9.964838766698443928e-01
9.977811579608715231e-01
9.986370264326334123e-01
9.991840533268350200e-01
9.995229984273756862e-01
9.997267435263572644e-01
9.998456694356657737e-01
9.999131616505581022e-01
9.999504774754730541e-01
9.999706459151789240e-01
9.999813656937313056e-01
9.999870281600511390e-01
9.999900542842850015e-01
9.999917358221686037e-01
9.999927409917309662e-01
9.999934057702937196e-01
9.999938950470115273e-01
9.999942884029727752e-01
9.999946241186612461e-01
9.999949209726537447e-01
9.999951886900750875e-01
9.999954328041993357e-01
9.999956568640337995e-01
9.999958634219149323e-01
9.999960544762904746e-01
9.999962316765272918e-01
9.999963964247966519e-01
9.999965499328965501e-01
9.999966932583835844e-01
9.999968273302686228e-01
9.999969529687218195e-01
9.999970709008585423e-01
9.999971817736958979e-01
9.999972861649282230e-01
9.999973845918979087e-01
9.999974775185618281e-01
9.999975653576459456e-01
9.999976484551209577e-01
9.999977270182629496e-01
9.999978009170702453e-01
9.999978693279281128e-01
9.999979304118147283e-01
9.999979815209167899e-01
9.999980202940237373e-01
