3.065530236218562550e+03 9.797741938624472402e-01 4.282414721553121778e-02 2.810585564735221737e+02
3.065538590433321588e+03 1.005137615875975277e+00 4.305378189326690419e-02 2.883660341618752341e+02
3.065546944648080625e+03 1.030495459881032083e+00 4.328340130480489573e-02 2.956735118502282376e+02
3.065555298862839663e+03 1.026786653546943429e+00 4.317387128877012842e-02 2.946417633622000949e+02
3.065563653077598701e+03 1.015531260291725468e+00 4.297529807426693493e-02 2.914440104306839885e+02
3.065572007292357284e+03 1.009419727973785763e+00 4.295252371004095598e-02 2.897219294672581782e+02
3.065580361507116322e+03 9.961354560151270965e-01 4.292075747484062898e-02 2.859405290509012048e+02
3.065588715721875360e+03 9.542726314911762486e-01 4.249696804365023228e-02 2.739539196031788038e+02
3.065597069936634398e+03 9.222676239064332426e-01 4.206817903554960908e-02 2.647949754332668135e+02
3.065605424151393436e+03 9.388094327398023298e-01 4.213529182414958024e-02 2.695739629199518959e+02
3.065613778366152474e+03 9.683827060227291339e-01 4.238080963769137732e-02 2.780963186778328122e+02
3.065622132580911511e+03 1.002603105078307300e+00 4.264058061285523615e-02 2.879552303794986301e+02
3.065630486795670549e+03 1.018744106701617191e+00 4.276116704297069221e-02 2.926231906890769210e+02
3.065638841010429132e+03 1.014435175638268793e+00 4.281901145488567484e-02 2.914175030369319757e+02
3.065647195225188170e+03 1.020739363286123247e+00 4.295905232308933064e-02 2.932607163779666166e+02
3.065655549439947208e+03 1.014871804263618005e+00 4.289118000452991908e-02 2.916069732824142875e+02
3.065663903654706246e+03 1.002582684913130739e+00 4.274176647388838041e-02 2.881075259938314730e+02
3.065672257869465284e+03 1.012604941434522399e+00 4.268702931170272052e-02 2.910195235617071603e+02
3.065680612084224322e+03 1.020942358757771062e+00 4.258415473484979119e-02 2.934478828217096407e+02
3.065688966298983360e+03 1.007529984500392439e+00 4.238721452207595136e-02 2.896245730157785374e+02
3.065697320513742397e+03 1.003928313173205078e+00 4.237339343294743710e-02 2.886209111065126649e+02
3.065705674728500981e+03 1.032999840759106336e+00 4.280757486428737879e-02 2.970113215243044351e+02
3.065714028943260018e+03 1.051184259658814124e+00 4.312356834616950380e-02 3.022729276034106647e+02
3.065722383158019056e+03 1.043729853390067852e+00 4.317315606588454507e-02 3.001623086833599245e+02
3.065730737372778094e+03 1.041989859325396006e+00 4.326226039758143682e-02 2.996947858000424958e+02
3.065739091587537132e+03 1.041266993790151973e+00 4.311399761469976444e-02 2.995197294378870652e+02
3.065747445802296170e+03 1.036342015474053024e+00 4.288458692590244731e-02 2.981357600524057716e+02
3.065755800017055208e+03 1.022535043118887987e+00 4.282104919932916420e-02 2.941960199978826722e+02
3.065764154231814246e+03 1.014186815648497220e+00 4.285919967674885894e-02 2.918261295714537482e+02
3.065772508446572829e+03 1.001309241374031656e+00 4.256661259270901054e-02 2.881522772767743845e+02
3.065780862661331867e+03 9.738754839691272647e-01 4.209463711127361257e-02 2.802882401160209724e+02
3.065789216876090904e+03 1.008775055596166981e+00 4.255111895400775363e-02 2.903644106921079810e+02
3.065797571090849942e+03 1.078847273190864042e+00 4.342525121373570079e-02 3.105679387477014188e+02
3.065805925305608980e+03 1.069311830690082621e+00 4.341640839574797961e-02 3.078567068081708840e+02
3.065814279520368018e+03 1.023890096375645209e+00 4.298823326662103844e-02 2.948120160830518444e+02
3.065822633735127056e+03 1.030358200541000135e+00 4.283284939766505289e-02 2.967069068412394017e+02
3.065830987949886094e+03 1.051823497875816305e+00 4.274262953490084310e-02 3.029213428460130331e+02
3.065839342164644677e+03 1.044260898599746579e+00 4.253867985167544136e-02 3.007762888138782955e+02
3.065847696379403715e+03 1.026791584812140279e+00 4.236213980604536938e-02 2.957770346895263174e+02
3.065856050594162753e+03 9.970366842177192934e-01 4.214398835985222469e-02 2.872373110487350232e+02
3.065864404808921790e+03 9.545387327834149449e-01 4.174292272632036671e-02 2.750241493272913544e+02
3.065872759023680828e+03 9.839979598595339771e-01 4.199890830581013562e-02 2.835430631627389175e+02
3.065881113238439866e+03 1.042456475799425908e+00 4.259162111156149233e-02 3.004210153294908991e+02
3.065889467453198904e+03 1.046103672871642853e+00 4.273931436325333066e-02 3.015050904538904888e+02
3.065897821667957942e+03 1.042452221273572288e+00 4.277568332633802789e-02 3.004855692283155690e+02
3.065906175882716525e+03 1.033482948341433394e+00 4.247138397024551731e-02 2.979327943594689714e+02
3.065914530097475563e+03 1.018867951227338420e+00 4.206688509915785384e-02 2.937517242227187353e+02
3.065922884312234601e+03 1.022954751107973292e+00 4.195281148878855781e-02 2.949622719774643542e+02
3.065931238526993639e+03 1.030269179012354597e+00 4.191135039000083717e-02 2.971038447523722539e+02
3.065939592741752676e+03 1.038481070543985751e+00 4.203417588499619439e-02 2.995047134396166371e+02
3.065947946956511714e+03 1.036315330208744001e+00 4.206279808974013740e-02 2.989127961760416383e+02
3.065956301171270752e+03 1.014229998234117414e+00 4.175931448886446851e-02 2.925745451623603230e+02
3.065964655386029790e+03 9.937188036175723660e-01 4.150368832794570223e-02 2.866890410127200539e+02
3.065973009600788373e+03 9.844424431763370009e-01 4.134550092983012987e-02 2.840438598918638036e+02
3.065981363815547411e+03 9.787200638466517777e-01 4.114227839721582014e-02 2.824236454033954828e+02
3.065989718030306449e+03 9.686704742530610757e-01 4.110365437758731894e-02 2.795542550083205242e+02
3.065998072245065487e+03 9.726305742135065158e-01 4.129287215211166484e-02 2.807278104059071211e+02
3.066006426459824524e+03 9.785712481484870606e-01 4.128233634486396658e-02 2.824733260480284116e+02
3.066014780674583562e+03 9.783581688506050034e-01 4.118474872309675627e-02 2.824426865967319031e+02
3.066023134889342600e+03 9.759542874966492532e-01 4.125611931012886091e-02 2.817795008878227918e+02
3.066031489104101638e+03 9.780654252353828682e-01 4.139138454864296768e-02 2.824198914104958362e+02
3.066039843318860221e+03 9.675349862602361517e-01 4.123175007432404449e-02 2.794097157868453110e+02
3.066048197533619259e+03 9.206813332927351601e-01 4.062271278750217984e-02 2.659081256232346391e+02
3.066056551748378297e+03 9.169636000414467247e-01 4.050073620903250904e-02 2.648633130045114967e+02
3.066064905963137335e+03 9.582610782423163220e-01 4.089051857363272535e-02 2.768222502081927132e+02
3.066073260177896373e+03 9.913502229285684475e-01 4.121505782618090780e-02 2.864123127684417227e+02
3.066081614392655410e+03 1.024268264665343597e+00 4.153944685408688525e-02 2.959550243142834347e+02
3.066089968607414448e+03 1.030950043629496271e+00 4.159524087216969618e-02 2.979182038804063382e+02
3.066098322822173486e+03 1.000246217257546588e+00 4.130849455885359650e-02 2.890771414476361088e+02
3.066106677036932524e+03 9.847784739457869918e-01 4.111381133332255022e-02 2.846379414387341740e+02
3.066115031251691107e+03 9.953065874970713489e-01 4.112679583727444493e-02 2.877123639379844917e+02
3.066123385466450145e+03 1.007139552959487538e+00 4.117169105473129920e-02 2.911646842899805279e+02
3.066131739681209183e+03 1.014501019089428580e+00 4.118835050474348863e-02 2.933248969414642033e+02
3.066140093895968221e+03 9.851069082526611176e-01 4.090254323209249754e-02 2.848571941483967294e+02
3.066148448110727259e+03 9.414444604440302955e-01 4.050832669689335280e-02 2.722613007486883134e+02
3.066156802325486296e+03 9.502140608249666220e-01 4.060722294876335792e-02 2.748274076725389818e+02
3.066165156540245334e+03 9.962115439174192844e-01 4.101165144889964975e-02 2.881625453109226100e+02
3.066173510755004372e+03 9.969034927057915940e-01 4.096837369334926232e-02 2.883941502082831789e+02
3.066181864969762955e+03 9.505310541026623650e-01 4.051507287170253574e-02 2.750090601192847544e+02
3.066190219184521993e+03 9.477267063083735232e-01 4.042958016809714006e-02 2.742276033881503849e+02
3.066198573399281031e+03 9.948982039918394804e-01 4.077282934907391215e-02 2.879082092738671008e+02
3.066206927614040069e+03 1.003266559444271122e+00 4.079438935111056458e-02 2.903615360538178720e+02
3.066215281828799107e+03 9.671599817777505326e-01 4.045328998704041806e-02 2.799422241605004729e+02
3.066223636043558145e+03 9.500912784673223310e-01 4.034040980691602080e-02 2.750317033408815632e+02
3.066231990258317182e+03 9.325169970955395904e-01 4.020532801762630865e-02 2.699737351601194177e+02
3.066240344473076220e+03 9.118106090162338973e-01 3.993767643667382738e-02 2.640077805050208326e+02
3.066248698687834803e+03 9.091167977847021131e-01 3.977208619686834618e-02 2.632564912713623357e+02
3.066257052902593841e+03 9.092762740205594385e-01 3.968386027453574966e-02 2.633313596406546253e+02
3.066265407117352879e+03 9.350474247857974985e-01 3.990012454994870672e-02 2.708243265269848052e+02
3.066273761332111917e+03 9.692067773556380939e-01 4.022113022814610001e-02 2.807487178230264817e+02
3.066282115546870955e+03 9.709789774377888261e-01 4.025380935820379452e-02 2.812927034159386039e+02
3.066290469761629993e+03 9.716139802974284034e-01 4.031151568834911991e-02 2.815073188125091974e+02
3.066298823976389031e+03 9.809256030018329575e-01 4.048112729160018020e-02 2.842361393896007371e+02
3.066307178191148068e+03 9.862163908940602131e-01 4.057922916256945928e-02 2.858003307291229476e+02
3.066315532405906652e+03 1.010065245107083731e+00 4.084932527518185530e-02 2.927434715995500483e+02
3.066323886620665689e+03 1.015964398083829767e+00 4.089436535749307877e-02 2.944852555625342916e+02
3.066332240835424727e+03 9.826695522761831336e-01 4.044389555587400709e-02 2.848654869752775767e+02
3.066340595050183765e+03 9.512279212585027510e-01 4.001774282249472708e-02 2.757809032368080011e+02
3.066348949264942803e+03 9.294717617351156980e-01 3.979959119041809323e-02 2.695026621793027175e+02
3.066357303479701841e+03 9.348163482115615652e-01 3.995299178542929819e-02 2.710818324158348673e+02
3.066365657694460879e+03 9.849195823949372652e-01 4.053365695495382559e-02 2.856420460831583341e+02
3.066374011909219917e+03 1.015862592959328348e+00 4.081502932130148809e-02 2.946480530118462866e+02
3.066382366123978500e+03 9.935751521005925513e-01 4.050804605557882521e-02 2.882149921363494514e+02
3.066390720338737538e+03 9.809101358879671606e-01 4.028389375096685238e-02 2.845720889574238299e+02
3.066399074553496575e+03 1.013959174278994180e+00 4.055574174715206176e-02 2.941919449123491290e+02
3.066407428768255613e+03 1.030289064514429587e+00 4.072456447648056810e-02 2.989624349801201220e+02
3.066415782983014651e+03 9.941239343015690899e-01 4.039977922762287565e-02 2.884996430038418112e+02
3.066424137197773689e+03 9.630676575824930197e-01 4.012731416547203611e-02 2.795173445000780248e+02
3.066432491412532727e+03 9.948652829667329334e-01 4.042525672122120051e-02 2.887775632226098423e+02
3.066440845627291765e+03 1.048212805701954187e+00 4.093133662745913198e-02 3.042957140875741970e+02
3.066449199842050348e+03 1.048136472141693254e+00 4.102848708280214945e-02 3.043066238264161711e+02
3.066457554056809386e+03 1.030513681867550213e+00 4.097956104503282931e-02 2.992226929190716191e+02
3.066465908271568424e+03 1.043732988220463120e+00 4.112364236646927351e-02 3.030940162683970129e+02
3.066474262486327461e+03 1.040600461307690017e+00 4.102499868597839217e-02 3.022171801631048424e+02
3.066482616701086499e+03 9.976067497340892487e-01 4.050306392751918533e-02 2.897621738848595214e+02
3.066490970915845537e+03 9.721023562070494339e-01 4.025184900784649356e-02 2.823849067397534327e+02
3.066499325130604575e+03 9.898475994500668396e-01 4.057451465153923131e-02 2.875709325354546309e+02
3.066507679345363613e+03 1.017835801414664010e+00 4.092046557956969394e-02 2.957341898381221199e+02
3.066516033560122196e+03 1.020673831265255460e+00 4.073770683046610414e-02 2.965909878562601989e+02
3.066524387774881234e+03 9.969822474389054001e-01 4.038026439442578969e-02 2.897380595825821956e+02
3.066532741989640272e+03 9.931854441298716418e-01 4.057980134235487230e-02 2.886659869457506602e+02
3.066541096204399309e+03 1.003974772016128281e+00 4.080694490358316440e-02 2.918335445784181843e+02
3.066549450419158347e+03 9.964656809887998401e-01 4.057592723128655710e-02 2.896822548697373350e+02
3.066557804633917385e+03 9.992927879084080312e-01 4.051431125802008176e-02 2.905356506086713466e+02
3.066566158848676423e+03 1.025603350362441546e+00 4.065697367185398814e-02 2.982175752589419062e+02
3.066574513063435461e+03 1.029377915788186826e+00 4.059325101418038984e-02 2.993475937744285602e+02
3.066582867278194044e+03 1.018983922357764804e+00 4.060268288540454240e-02 2.963571246456551762e+02
3.066591221492953082e+03 1.024582339115158724e+00 4.075202759462919627e-02 2.980176715140573265e+02
3.066599575707712120e+03 1.022372516337647808e+00 4.070745868751988322e-02 2.974071624256574751e+02
3.066607929922471158e+03 1.018464976508113295e+00 4.066477518849841155e-02 2.963025961051906165e+02
3.066616284137230195e+03 1.035484355788638400e+00 4.083264826693634025e-02 3.012867239754709772e+02
3.066624638351989233e+03 1.047294540996573931e+00 4.100768856740094614e-02 3.047560832820809082e+02
3.066632992566748271e+03 1.046851433716081692e+00 4.109465887254944855e-02 3.046601706617116747e+02
3.066641346781507309e+03 1.037242761065807706e+00 4.094781759172139157e-02 3.018965302071998167e+02
3.066649700996266347e+03 9.981853236834651311e-01 4.039538923374862839e-02 2.905600918941696591e+02
3.066658055211024930e+03 9.769334926223739446e-01 4.014364726365762109e-02 2.844047548710500450e+02
3.066666409425783968e+03 9.886117993784606650e-01 4.037425569258176056e-02 2.878357333558699338e+02
3.066674763640543006e+03 9.976469091432539349e-01 4.048870067644110698e-02 2.904977947930510709e+02
3.066683117855302044e+03 1.010047269872961895e+00 4.043832627640062821e-02 2.941404363191245466e+02
3.066691472070061081e+03 1.014968575963531849e+00 4.041417717255213482e-02 2.956056150071154320e+02
3.066699826284820119e+03 1.011950802120850978e+00 4.054890647286800431e-02 2.947586278751304008e+02
3.066708180499579157e+03 1.011253928035980243e+00 4.067846644985560062e-02 2.945875497167891126e+02
3.066716534714338195e+03 9.922643205696617397e-01 4.047821728423581927e-02 2.890870093279904154e+02
3.066724888929096778e+03 9.818627011095243384e-01 4.031591879114068688e-02 2.860875723043465086e+02
3.066733243143855816e+03 9.990736553349226501e-01 4.048803279878031292e-02 2.911338886267352564e+02
3.066741597358614854e+03 9.952161461454062108e-01 4.049151058696577599e-02 2.900411953479212457e+02
3.066749951573373892e+03 9.566831602152050529e-01 4.004880046842711205e-02 2.788415038962779704e+02
3.066758305788132930e+03 9.318107116035995174e-01 3.967495127690132128e-02 2.716214068422843866e+02
3.066766660002891967e+03 9.410887558905361994e-01 3.957496150674166824e-02 2.743556345745392946e+02
3.066775014217651005e+03 9.547884824383406910e-01 3.962645304076935215e-02 2.783796404377614522e+02
3.066783368432410043e+03 9.595632532788000990e-01 3.981435973573466819e-02 2.798020549769896661e+02
3.066791722647168626e+03 9.493905838985611245e-01 3.981090562395233484e-02 2.768657282905596730e+02
3.066800076861927664e+03 9.544165778304675163e-01 3.990118730778179773e-02 2.783615445973352394e+02
3.066808431076686702e+03 9.969192554657865246e-01 4.033237241489392999e-02 2.907891688878239620e+02
3.066816785291445740e+03 1.031482785324872475e+00 4.059300942107314097e-02 3.009034722384691918e+02
3.066825139506204778e+03 1.035146880366580646e+00 4.054955408556982360e-02 3.020050191157423569e+02
3.066833493720963816e+03 1.017125806983453895e+00 4.026267561993293609e-02 2.967794459284670552e+02
3.066841847935722853e+03 1.001119544318819221e+00 3.999537914021090296e-02 2.921406855382361982e+02
3.066850202150481891e+03 9.891626751320120592e-01 3.982335865746380876e-02 2.886827125494132815e+02
3.066858556365240474e+03 9.742867845319143072e-01 3.966244515795382813e-02 2.843719895976494740e+02
3.066866910579999512e+03 9.642970674359910843e-01 3.954206621482959927e-02 2.814866442150924399e+02
3.066875264794758550e+03 9.636894623357318279e-01 3.952619566075614432e-02 2.813396840210019718e+02
3.066883619009517588e+03 9.724735018260602937e-01 3.977742118440189684e-02 2.839347802975738091e+02
3.066891973224276626e+03 9.748471058837163694e-01 3.993855026940467540e-02 2.846585626179782480e+02
3.066900327439035664e+03 9.983630114295507507e-01 4.014658453840118379e-02 2.915567833705635508e+02
3.066908681653794702e+03 1.037643413557080674e+00 4.052965159276328971e-02 3.030607676382628597e+02
3.066917035868553739e+03 1.023159869891730356e+00 4.035021670099082913e-02 2.988628926121030531e+02
3.066925390083312323e+03 9.854508165676457709e-01 3.991205350436024396e-02 2.878792472984710571e+02
3.066933744298071360e+03 9.924255798573233811e-01 3.997012658639548244e-02 2.899480929866170413e+02
3.066942098512830398e+03 1.015637959072510865e+00 4.028663250867848405e-02 2.967618899097218446e+02
3.066950452727589436e+03 1.025582826767612366e+00 4.052529763074780300e-02 2.997000643558888555e+02
3.066958806942348474e+03 1.028491459294706978e+00 4.064613216104303456e-02 3.005824865339635608e+02
3.066967161157107512e+03 1.010179484123348015e+00 4.055036373999511279e-02 2.952625792699449221e+02
3.066975515371866550e+03 9.891119021338448114e-01 4.036838747289486773e-02 2.891360008295214357e+02
3.066983869586625588e+03 1.001513265154573062e+00 4.026766219493035232e-02 2.927927506899745254e+02
3.066992223801384171e+03 1.025830121116492410e+00 4.030593754259335915e-02 2.999341575295595703e+02
3.067000578016143209e+03 1.023490256983456748e+00 4.021688660293087220e-02 2.992823153486760930e+02
3.067008932230902246e+03 1.006501881425365674e+00 4.000939658371249069e-02 2.943464416118760028e+02
3.067017286445661284e+03 1.004458745304598777e+00 4.004175820467192892e-02 2.937806279502993902e+02
3.067025640660420322e+03 1.010194450667232902e+00 4.013329648087834295e-02 2.954900595077472190e+02
3.067033994875179360e+03 9.971859506403567552e-01 3.988470619395287353e-02 2.917164296975550428e+02
3.067042349089938398e+03 9.754291315972927201e-01 3.957656374672208210e-02 2.853824728312523575e+02
3.067050703304697436e+03 9.590940644694140316e-01 3.947584444785492974e-02 2.806335626140443651e+02
3.067059057519456019e+03 9.557810095625765001e-01 3.948842275873747781e-02 2.796943090981528712e+02
3.067067411734215057e+03 9.912421411062246612e-01 3.989302569510671387e-02 2.901027268813015780e+02
3.067075765948974094e+03 1.031757122712983143e+00 4.036698094751581256e-02 3.019926310969189558e+02
3.067084120163733132e+03 1.048970937516327862e+00 4.047148679933461335e-02 3.070641656636552170e+02
3.067092474378492170e+03 1.033635196350275232e+00 4.021823764520600364e-02 3.026075620018592645e+02
3.067100828593251208e+03 9.866827929091214200e-01 3.967014164458253916e-02 2.888928830995353110e+02
3.067109182808010246e+03 9.739796880001865276e-01 3.948070109097152891e-02 2.852042445479277717e+02
3.067117537022769284e+03 1.016709336918539375e+00 3.991964640989562052e-02 2.977485722258988972e+02
3.067125891237527867e+03 1.052411814919269384e+00 4.031485275107191124e-02 3.082374312442169639e+02
3.067134245452286905e+03 1.023036284811146279e+00 4.000983504732582435e-02 2.996660063658891886e+02
3.067142599667045943e+03 9.851767401860019868e-01 3.958086848955116865e-02 2.886073374276729169e+02
3.067150953881804980e+03 9.770612025782686727e-01 3.952944459849467435e-02 2.862607191092217818e+02
3.067159308096564018e+03 9.694695554155086104e-01 3.948613842528776730e-02 2.840670953542376083e+02
3.072671493610334892e+03 1.009043000265908763e+00 3.244616796027954136e-02 3.587534451329061653e+02
3.072679283540299366e+03 9.969372688375793823e-01 3.237434095793725181e-02 3.544065040860060662e+02
3.072687073470263840e+03 9.826774975279589652e-01 3.217165976911768449e-02 3.492964382842673672e+02
3.072694863400228314e+03 9.777118748633920609e-01 3.200275270606293271e-02 3.474924724935623317e+02
3.072702653330192788e+03 9.852405083449099488e-01 3.198873022978752922e-02 3.501308912615165809e+02
3.072710443260157263e+03 9.993653969683824467e-01 3.213603314503957198e-02 3.551147010659474290e+02
3.072718233190121737e+03 9.959687255864906330e-01 3.218759434677635062e-02 3.538742461301808362e+02
3.072726023120086211e+03 9.874296988517970997e-01 3.216783187720371334e-02 3.508094742525224774e+02
3.072733813050050685e+03 1.000153577559380169e+00 3.232975219082541429e-02 3.553013656947426853e+02
3.072741602980014704e+03 9.985379230643018911e-01 3.234175897678712164e-02 3.547016498462314757e+02
3.072749392909979179e+03 9.828212459653988819e-01 3.219278950003538059e-02 3.490963196833139364e+02
3.072757182839943653e+03 9.864121255969466873e-01 3.222412814398876307e-02 3.503523829735555069e+02
3.072764972769908127e+03 9.774219315766007332e-01 3.214369693155910007e-02 3.471432821157563922e+02
3.072772762699872601e+03 9.718994929910409475e-01 3.207095828939660054e-02 3.451694483582636508e+02
3.072780552629837075e+03 9.865626747297969734e-01 3.214692887804073557e-02 3.503680515095184091e+02
3.072788342559801549e+03 9.968331204414456748e-01 3.223652284645306398e-02 3.540102532165400362e+02
3.072796132489766023e+03 1.002108447307155092e+00 3.227006704048978464e-02 3.558824976407119607e+02
3.072803922419730043e+03 9.865114516156406888e-01 3.202197888790275088e-02 3.503464703199821315e+02
3.072811712349694517e+03 9.341506973291449079e-01 3.145060920733911553e-02 3.317582039526004678e+02
3.072819502279658991e+03 8.965665754254500408e-01 3.103409026529216352e-02 3.184212278373100844e+02
3.072827292209623465e+03 8.959596191628302897e-01 3.093355043041613045e-02 3.182207480050717550e+02
3.072835082139587939e+03 8.933459594898315315e-01 3.088935097613596664e-02 3.173119213308157214e+02
3.072842872069552413e+03 8.978923621803829302e-01 3.103270913852635565e-02 3.189509741970614414e+02
3.072850661999516888e+03 9.019134879034457208e-01 3.114544309963467386e-02 3.204084721453912721e+02
3.072858451929481362e+03 8.819198625525197510e-01 3.097534865427004763e-02 3.133389731616018139e+02
3.072866241859445836e+03 8.821208467972312395e-01 3.092797987044483554e-02 3.134487259815660423e+02
3.072874031789409855e+03 9.030867022933308785e-01 3.104933226068259250e-02 3.209431934750300002e+02
3.072881821719374329e+03 8.942512693552170377e-01 3.105203677581892807e-02 3.178527495715261466e+02
3.072889611649338804e+03 8.709324127679791694e-01 3.105601556947085173e-02 3.096179639801890744e+02
3.072897401579303278e+03 8.715000863450685920e-01 3.121748099020987821e-02 3.098790690621088970e+02
3.072905191509267752e+03 8.971120538835439806e-01 3.152064314939491407e-02 3.190528660735848234e+02
3.072912981439232226e+03 9.231565403756262223e-01 3.176291920928196039e-02 3.283905979173753735e+02
3.072920771369196700e+03 9.696471872046013019e-01 3.220545550237324806e-02 3.450142091746321285e+02
3.072928561299161174e+03 1.000758442902419665e+00 3.253803012547077517e-02 3.561796182984259076e+02
3.072936351229125648e+03 9.856456874086937381e-01 3.234064842861104905e-02 3.509021329577192319e+02
3.072944141159089668e+03 9.673251547399470684e-01 3.210177546561129858e-02 3.444861139868609143e+02
3.072951931089054142e+03 9.549481986559261726e-01 3.195978501199096128e-02 3.401900329248331332e+02
3.072959721019018616e+03 9.666722762651853706e-01 3.207282131754536636e-02 3.444862102246382847e+02
3.072967510948983090e+03 1.006268523825802008e+00 3.250066572222658906e-02 3.587280582599781837e+02
3.072975300878947564e+03 1.032750510384483622e+00 3.275877578569152959e-02 3.683101004539452106e+02
3.072983090808912038e+03 1.016295172148062420e+00 3.254051657700313821e-02 3.625872225610968940e+02
3.072990880738876513e+03 9.944456882942799281e-01 3.231325023325849061e-02 3.549405299199809178e+02
3.072998670668840987e+03 9.754264651027590993e-01 3.209176686617726260e-02 3.483038034822919826e+02
3.073006460598805006e+03 9.615032290922442826e-01 3.192728625451105029e-02 3.434872751755358422e+02
3.073014250528769480e+03 9.821244401956680248e-01 3.226384713935809279e-02 3.510181000776829023e+02
3.073022040458733954e+03 1.002725707777230246e+00 3.257879538923783708e-02 3.585542633892014805e+02
3.073029830388698429e+03 9.988174830884740674e-01 3.247302342717230117e-02 3.573346129835887268e+02
3.073037620318662903e+03 9.828644228146511397e-01 3.222673212312888308e-02 3.518074508492239829e+02
3.073045410248627377e+03 9.669250430768465687e-01 3.211043243857315821e-02 3.462842599629900064e+02
3.228846789001160232e+03 1.000801868596230104e+00 1.327637999881437110e-02 1.246499406401603665e+03
3.228856171102514963e+03 1.004483588290585372e+00 1.335231774758282274e-02 1.250498524205949707e+03
3.228865553203869695e+03 1.007157224396335371e+00 1.337899788861522318e-02 1.253244710065060190e+03
3.228874935305223971e+03 1.010612485792385495e+00 1.338278055319044868e-02 1.256969727364682058e+03
3.228884317406578703e+03 1.007003740589248242e+00 1.332923252301929096e-02 1.251922539344910547e+03
3.228893699507933434e+03 9.967477420601569271e-01 1.322654961591873853e-02 1.238636580391064399e+03
3.228903081609287710e+03 9.942194408986231302e-01 1.317949189249443230e-02 1.234981914728558195e+03
3.228912463710642442e+03 9.987015270203125628e-01 1.317255459946512462e-02 1.240059703302126309e+03
3.228921845811997173e+03 1.001797555547558671e+00 1.319176287752494084e-02 1.243442203927294941e+03
3.228931227913351449e+03 1.001753305595048937e+00 1.322178005866598595e-02 1.242958959495898398e+03
3.228940610014706181e+03 1.002460588704316535e+00 1.321893311838303296e-02 1.243445312288615696e+03
3.228949992116060912e+03 1.004638515879450633e+00 1.320702911148842300e-02 1.245796154086623119e+03
3.228959374217415188e+03 9.996070226971193184e-01 1.314668371644701211e-02 1.239253168696240436e+03
3.228968756318769920e+03 9.875013061475106380e-01 1.302836158948833534e-02 1.223993717773511435e+03
3.228978138420124651e+03 9.863008013949364772e-01 1.299525394314678291e-02 1.222306871987027534e+03
3.228987520521478928e+03 9.983029444248354700e-01 1.307278319010127948e-02 1.237036620271303718e+03
3.228996902622833659e+03 1.000112956038706313e+00 1.305575663252863533e-02 1.239195821011166572e+03
3.229006284724188390e+03 9.932727151638232055e-01 1.294528024299854314e-02 1.230699014660101511e+03
3.229015666825542667e+03 9.924289090654062617e-01 1.288987927282915849e-02 1.229691652781224548e+03
3.229025048926897398e+03 9.918747090418520429e-01 1.284423804754916340e-02 1.229100140892998979e+03
3.229034431028252129e+03 9.858706966185584175e-01 1.277730736251096906e-02 1.221809095710551901e+03
3.229043813129606406e+03 9.763811252523636464e-01 1.271031355714463511e-02 1.210247438689772025e+03
3.229053195230961137e+03 9.691964020982921646e-01 1.263936325564479594e-02 1.201588028430387567e+03
3.229062577332315868e+03 9.673971685467189774e-01 1.259196927875831477e-02 1.199649448245421354e+03
3.229071959433670145e+03 9.635964295636576527e-01 1.256936715693521278e-02 1.195270944085788642e+03
3.229081341535024876e+03 9.544181863358115470e-01 1.253275715857467623e-02 1.184258600057039985e+03
3.229090723636379607e+03 9.534840452716564219e-01 1.253394420238336526e-02 1.183510458346409678e+03
3.229100105737733884e+03 9.646489733030590985e-01 1.262715669402910031e-02 1.197821523363365486e+03
3.229109487839088615e+03 9.688029124596162500e-01 1.266289615411245358e-02 1.203468774390433282e+03
3.229118869940443346e+03 9.611049051589428682e-01 1.259793675499372607e-02 1.194423549497941622e+03
3.229128252041797623e+03 9.599346582659618043e-01 1.259070660823295024e-02 1.193515705317901848e+03
3.229137634143152354e+03 9.751155941641401759e-01 1.268973714810079680e-02 1.212973579700240407e+03
3.229147016244507086e+03 9.866315354209159727e-01 1.280121718258686765e-02 1.227914193357730255e+03
3.229156398345861362e+03 9.863503863375802094e-01 1.289791821949781356e-02 1.228203103080216806e+03
3.229165780447216093e+03 9.833916855686758440e-01 1.290524636686842669e-02 1.225176759791018867e+03
3.229175162548570825e+03 9.823119441143353114e-01 1.282927929616870660e-02 1.224507186439787347e+03
3.229184544649925101e+03 9.854108321349918098e-01 1.282111051584077475e-02 1.229064111598905583e+03
3.229193926751279832e+03 9.881462372390432680e-01 1.287770728354254920e-02 1.233185657782667022e+03
3.229203308852634564e+03 9.880010676015814619e-01 1.287139890537578567e-02 1.233725648849466324e+03
3.229212690953989295e+03 9.881772557725354567e-01 1.277974777291705430e-02 1.234676040127095348e+03
3.229222073055343571e+03 9.905474052251542760e-01 1.275408195438234964e-02 1.238376277559949813e+03
3.229231455156698303e+03 9.944445980186948919e-01 1.280946027064538625e-02 1.243994637425338396e+03
3.229240837258053034e+03 9.976504261647448635e-01 1.283701656685634802e-02 1.248755418853665560e+03
3.229250219359407311e+03 1.000525107212115072e+00 1.285217563489570065e-02 1.253105817640167061e+03
3.229259601460762042e+03 1.000087654874376009e+00 1.283219241628187970e-02 1.253307253617145307e+03
3.229268983562116773e+03 9.932441918228485100e-01 1.273101111095181759e-02 1.245472317051855271e+03
3.229278365663471050e+03 9.918632556771340703e-01 1.269441271362133083e-02 1.244478073009802529e+03
3.229287747764825781e+03 1.001054564848480544e+00 1.277692111864942200e-02 1.256751645109904757e+03
3.229297129866180512e+03 1.005401094166638698e+00 1.279977413275541591e-02 1.262950156273903303e+03
3.229306511967534789e+03 1.002850714908751550e+00 1.273552307311325883e-02 1.260483572368381147e+03
3.241487698980456116e+03 9.996115284532890444e-01 8.161502091218502536e-03 1.289174387219235541e+03
3.241496036278718748e+03 9.983967899002472723e-01 8.168658819798294002e-03 1.286929467117050308e+03
3.241504373576981379e+03 9.977519627835587102e-01 8.170172066211055587e-03 1.285426212555071970e+03
3.241512710875244011e+03 9.976628255350272756e-01 8.171826119134186980e-03 1.284645952712006874e+03
3.241521048173506642e+03 9.975274581651309980e-01 8.181646656414694185e-03 1.283813710286101696e+03
3.241529385471769729e+03 9.978607773231695788e-01 8.188662689722077392e-03 1.283592738222578191e+03
3.241537722770032360e+03 9.985767595667022212e-01 8.198459612072297314e-03 1.283872333716999037e+03
3.241546060068294992e+03 9.975524954751391338e-01 8.206085388126997671e-03 1.281924498337956493e+03
3.241554397366557623e+03 9.925620764057579981e-01 8.169896477636494000e-03 1.274894242507127046e+03
3.241562734664820255e+03 9.903890085784387010e-01 8.146810611034885005e-03 1.271498518577440791e+03
3.241571071963082886e+03 9.908638405683414252e-01 8.163859373689328486e-03 1.271515445259304670e+03
3.241579409261345518e+03 9.884504848253670151e-01 8.162458771750006822e-03 1.267840203924592970e+03
3.241587746559608149e+03 9.943383551472990689e-01 8.195115788533690812e-03 1.274824319776932725e+03
3.241596083857870781e+03 1.002016171192712912e+00 8.240575462867633094e-03 1.284110247431011658e+03
3.241604421156133412e+03 9.972636178805238671e-01 8.191456853934178314e-03 1.277480133569165446e+03
3.241612758454396044e+03 9.891108029511010979e-01 8.116012655996195438e-03 1.266517087123283318e+03
3.241621095752658675e+03 9.776071508920450848e-01 8.062505317158652832e-03 1.251289124817909396e+03
3.241629433050921307e+03 9.658255328274398810e-01 8.016561233828583405e-03 1.235732143284591984e+03
3.241637770349183938e+03 9.628476947013122622e-01 7.995894767301631872e-03 1.231461078107931826e+03
3.241646107647447025e+03 9.636071141777665661e-01 7.983832479182169373e-03 1.231985238047767780e+03
3.241654444945709656e+03 9.635835472900968757e-01 7.986106042760883136e-03 1.231522001750664458e+03
3.241662782243972288e+03 9.629433907381313995e-01 7.997637505413992057e-03 1.230284729790329038e+03
3.241671119542234919e+03 9.606020203682379410e-01 7.978499833198825913e-03 1.226888622058084820e+03
3.241679456840497551e+03 9.573606108511888424e-01 7.956023809250221956e-03 1.222358385316623071e+03
3.241687794138760182e+03 9.561974287279298990e-01 7.955206710113453539e-03 1.220496180470383933e+03
3.241696131437022814e+03 9.546540487278175613e-01 7.941383852630197124e-03 1.218162205145464668e+03
3.241704468735285445e+03 9.532974760188395180e-01 7.930517760654735154e-03 1.216079853022269617e+03
3.241712806033548077e+03 9.546136330842904805e-01 7.942416271586288934e-03 1.217418878620120950e+03
3.241721143331810708e+03 9.573515492257378412e-01 7.964351335270429197e-03 1.220581256735583338e+03
3.241729480630073340e+03 9.615493958201011271e-01 7.994325543079997681e-03 1.225613987086853740e+03
3.241737817928335971e+03 9.623790838374796097e-01 7.994837582962341024e-03 1.226363024763027170e+03
3.241746155226598603e+03 9.582589292286899374e-01 7.960926171463652418e-03 1.220816294731715061e+03
3.241754492524861234e+03 9.531807397624457723e-01 7.920635649447524060e-03 1.214062316510928213e+03
3.241762829823124321e+03 9.470785318201490055e-01 7.870788998239197989e-03 1.206017473901181347e+03
3.241771167121386952e+03 9.417355461133097849e-01 7.825898890209367562e-03 1.198952473660042870e+03
3.241779504419649584e+03 9.340240832746243838e-01 7.769806640064657287e-03 1.188885104096988016e+03
3.241787841717912215e+03 9.243984194230495666e-01 7.712840145118037699e-03 1.176394870487119533e+03
3.241796179016174847e+03 9.156444373259762237e-01 7.679536116448013386e-03 1.165027337178999915e+03
3.241804516314437478e+03 9.033325604219486493e-01 7.620583448173545368e-03 1.149146388076287394e+03
3.241812853612700110e+03 8.853949623824823867e-01 7.514577918949759752e-03 1.126123925076376509e+03
3.241821190910962741e+03 8.703584645474221615e-01 7.418939392961902864e-03 1.106806376699754765e+03
3.241829528209225373e+03 8.584357946531974148e-01 7.336875156465644775e-03 1.091461646121025296e+03
3.241837865507488004e+03 8.475028257162290357e-01 7.262578201178738167e-03 1.077386898270915935e+03
3.241846202805750636e+03 8.370933200258970919e-01 7.189902743728015556e-03 1.063988400352100143e+03
3.241854540104013267e+03 8.264642855411830080e-01 7.115649407478953289e-03 1.050321116120440593e+03
3.241862877402275899e+03 8.200261655945587647e-01 7.064727042507207636e-03 1.041988944308665623e+03
3.241871214700538985e+03 8.186189279392801499e-01 7.050358831458686248e-03 1.040056381141198017e+03
3.241879551998801617e+03 8.237233345657033468e-01 7.094824814793335675e-03 1.046401548244988362e+03
3.241887889297064248e+03 8.281975791839802925e-01 7.135500359172659846e-03 1.051949684840844156e+03
3.241896226595326880e+03 8.364652360028269618e-01 7.183880229004627020e-03 1.062318916834775564e+03
3.241904563893589511e+03 8.478286779804721229e-01 7.252316326776143442e-03 1.076621452789614978e+03
3.241912901191852143e+03 8.606448715068256705e-01 7.330695103516468754e-03 1.092769633925460312e+03
3.241921238490114774e+03 8.714782555266478159e-01 7.402993397957805671e-03 1.106401081906822583e+03
3.241929575788377406e+03 8.824042306302046779e-01 7.488073362822166013e-03 1.120151118181775018e+03
3.241937913086640037e+03 8.936295296236335117e-01 7.561088077650214914e-03 1.134281996667343265e+03
3.241946250384902669e+03 9.004380347270515283e-01 7.586631828105917970e-03 1.142807925265736685e+03
3.241954587683165300e+03 9.072660141426600600e-01 7.624072412842402592e-03 1.151360244438933250e+03
3.241962924981427932e+03 9.145715033597587862e-01 7.690654792683085730e-03 1.160519962744769146e+03
3.241971262279690563e+03 9.202505056428941232e-01 7.732648373242294662e-03 1.167617148226785957e+03
3.241979599577953195e+03 9.270551713454028286e-01 7.744821227628636250e-03 1.176143777390814421e+03
3.241987936876216281e+03 9.332084537531752932e-01 7.761600694333780151e-03 1.183844922594833861e+03
3.241996274174478913e+03 9.342658274066085733e-01 7.767530756301467554e-03 1.185082850246986254e+03
3.242004611472741544e+03 9.383610605908851987e-01 7.793210840023835281e-03 1.190175492734404997e+03
3.242012948771004176e+03 9.515740733231329296e-01 7.875543514808109810e-03 1.206832451222769805e+03
3.242021286069266807e+03 9.632709988156372694e-01 7.951195849100990351e-03 1.221565311533983731e+03
3.242029623367529439e+03 9.653399629768818491e-01 7.978090348066900137e-03 1.224088144472519843e+03
3.242037960665792070e+03 9.668330639270161786e-01 7.997619125432561121e-03 1.225881159151705560e+03
3.242046297964054702e+03 9.717510775276902990e-01 8.023409543578963535e-03 1.232016558752605988e+03
3.242054635262317333e+03 9.762144859720448542e-01 8.045819015487348444e-03 1.237574822351753483e+03
3.242062972560579965e+03 9.801322266058175581e-01 8.067689538508849775e-03 1.242440367118788117e+03
3.242071309858842596e+03 9.834977697498176186e-01 8.088231498409117343e-03 1.246604790526827856e+03
3.242079647157105228e+03 9.836941746281279153e-01 8.094170766589772054e-03 1.246751209018832014e+03
3.242087984455367859e+03 9.852878131179142462e-01 8.102633780901686775e-03 1.248667339398646163e+03
3.242096321753630491e+03 9.899594479570603678e-01 8.108463392691354910e-03 1.254482312952374286e+03
3.242104659051893577e+03 9.938824595397767192e-01 8.120284552157398111e-03 1.259346129344956125e+03
3.242112996350156209e+03 9.980217722300767091e-01 8.172424752961388733e-03 1.264481262156896719e+03
3.242121333648418840e+03 1.000868577598666320e+00 8.204526242539162545e-03 1.267975855851244432e+03
3.242129670946681472e+03 9.949880706973430744e-01 8.159108336315522292e-03 1.260413178059220854e+03
3.242138008244944103e+03 9.897594748683216093e-01 8.125031547627045714e-03 1.253679754446096240e+03
3.242146345543206735e+03 9.879247860324779085e-01 8.111560433964291883e-03 1.251251815971819269e+03
3.242154682841469366e+03 9.857627575416442189e-01 8.091775297874550382e-03 1.248419121590240593e+03
3.242163020139731998e+03 9.842522486057033726e-01 8.078174586179182048e-03 1.246424911690532099e+03
3.242171357437994629e+03 9.837541117113539624e-01 8.067948800679023216e-03 1.245729526569948348e+03
3.242179694736257261e+03 9.896879823441345758e-01 8.090112515256495454e-03 1.253199007849391364e+03
3.242188032034519892e+03 9.954294252494052531e-01 8.121771072935723285e-03 1.260448436878261191e+03
3.383144696053244388e+03 1.000263544412137495e+00 5.535340788345460665e-03 1.277830841075445960e+03
3.383153303639674959e+03 9.962882793687256600e-01 5.523293422406283862e-03 1.272478085956533732e+03
3.383161911226105985e+03 9.969770757177751630e-01 5.526490324472713676e-03 1.273040531707988976e+03
3.383170518812537011e+03 9.992978975654123186e-01 5.532136252693701031e-03 1.275644249490070706e+03
3.383179126398968037e+03 1.001014376196261768e+00 5.553178974161293927e-03 1.277434397371217983e+03
3.383187733985398609e+03 1.001708087504355360e+00 5.578455871650174307e-03 1.277878838289294436e+03
3.383196341571829635e+03 1.000776627463625612e+00 5.573954904287287300e-03 1.276211770333939512e+03
3.383204949158260661e+03 1.000914911352429382e+00 5.564184319464324582e-03 1.275871982155435717e+03
3.383213556744691687e+03 1.002229910011595004e+00 5.572040841985230995e-03 1.276995230060796530e+03
3.383222164331122713e+03 1.003632778976482287e+00 5.585926972878064306e-03 1.278193839427145349e+03
3.383230771917553284e+03 1.004265793846419896e+00 5.594462138515826112e-03 1.278376803655522508e+03
3.383239379503984310e+03 1.004482625362463688e+00 5.600692210574918610e-03 1.277996596230427940e+03
3.383247987090415336e+03 1.001605747580129435e+00 5.592704576105755540e-03 1.273650378530145190e+03
3.383256594676846362e+03 9.959780132632810590e-01 5.572364681457804038e-03 1.265781630931347308e+03
3.383265202263276933e+03 9.954734348146389022e-01 5.574600024901544236e-03 1.264399048895993019e+03
3.383273809849707959e+03 9.984239401537490233e-01 5.593184853511260109e-03 1.267374948457497794e+03
3.383282417436138985e+03 9.985066328548024561e-01 5.594739902873128307e-03 1.266681143976520843e+03
3.383291025022570011e+03 9.978066919997767847e-01 5.586756506074956261e-03 1.264969302128543404e+03
3.383299632609001037e+03 9.966333243562225386e-01 5.572849276701086034e-03 1.262634562074998712e+03
3.383308240195431608e+03 9.941267038983898630e-01 5.556160147723736113e-03 1.258591066142489126e+03
3.383316847781862634e+03 9.914587990684569085e-01 5.544799067734302103e-03 1.254326579043596894e+03
3.383325455368293660e+03 9.885566741650624323e-01 5.533597433040526523e-03 1.249750902163895717e+03
3.383334062954724686e+03 9.848239295971362717e-01 5.510749449597877707e-03 1.244112829153056964e+03
3.383342670541155258e+03 9.812112429348709419e-01 5.480686039960071081e-03 1.238616358379862049e+03
3.383351278127586284e+03 9.754784210371421072e-01 5.449386181555705005e-03 1.230437014646296575e+03
3.383359885714017310e+03 9.673592424847967663e-01 5.418428256575290834e-03 1.219247047457027065e+03
3.383368493300448336e+03 9.625483055346838457e-01 5.395388484403821835e-03 1.212226925778840950e+03
3.383377100886879361e+03 9.604269711113399000e-01 5.373988548457215957e-03 1.208589850808879419e+03
3.383385708473309933e+03 9.575265961708887552e-01 5.359609674650518164e-03 1.203967771814589696e+03
3.383394316059740959e+03 9.542410785815796936e-01 5.355484677237030977e-03 1.198859376972593736e+03
3.383402923646171985e+03 9.516947938427522402e-01 5.347702251093028498e-03 1.194678732491735900e+03
3.383411531232603011e+03 9.512011435426560579e-01 5.342669848159316628e-03 1.193072327892438352e+03
3.383420138819033582e+03 9.524581391065669589e-01 5.346494591255157060e-03 1.193656672725701810e+03
3.383428746405464608e+03 9.535471640284718386e-01 5.348080488299899495e-03 1.194025156345053801e+03
3.383437353991895634e+03 9.533805271154227601e-01 5.341971748972964423e-03 1.192818788795129876e+03
3.383445961578326660e+03 9.530816440720806249e-01 5.333624956136862744e-03 1.191447245903874091e+03
3.383454569164757231e+03 9.542724629694570027e-01 5.341891916592951366e-03 1.191938196504704138e+03
3.383463176751188257e+03 9.562487002261207403e-01 5.365157807937679171e-03 1.193409376588056148e+03
3.383471784337619283e+03 9.576170984204116499e-01 5.380610215844435287e-03 1.194122351572765638e+03
3.383480391924050309e+03 9.580599255623176713e-01 5.384536913221631658e-03 1.193684517777324345e+03
3.383488999510481335e+03 9.564655583963795893e-01 5.376727184874038369e-03 1.190716236808455506e+03
3.383497607096911906e+03 9.525138708332063775e-01 5.358180609794321522e-03 1.184826898354578134e+03
3.383506214683342932e+03 9.505183288814520459e-01 5.351785453145406143e-03 1.181386094710426732e+03
3.383514822269773958e+03 9.528211033695912491e-01 5.365534643496534632e-03 1.183297914409825580e+03
3.383523429856204984e+03 9.522594055689139747e-01 5.363279003784808714e-03 1.181662601772069138e+03
3.383532037442635556e+03 9.446476416197971959e-01 5.329598264480056406e-03 1.171300087405106297e+03
3.383540645029066582e+03 9.351752956721001153e-01 5.287595748927685461e-03 1.158661560532636940e+03
3.383549252615497608e+03 9.242222919781856172e-01 5.241944590286542853e-03 1.144223588611879222e+03
3.383557860201928634e+03 9.113131617207439472e-01 5.186482071622211705e-03 1.127402870622984210e+03
3.383566467788359660e+03 8.950678506744236262e-01 5.112744839357258840e-03 1.106499325008410551e+03
3.383575075374790231e+03 8.751256536520807261e-01 5.024953831931514535e-03 1.081076657632724846e+03
3.383583682961221257e+03 8.472318507667636611e-01 4.910090005400581659e-03 1.045892197639033157e+03
3.383592290547652283e+03 8.214955097603334755e-01 4.802472119835800475e-03 1.013436696365317630e+03
3.383600898134083309e+03 8.009998530447504095e-01 4.708820027660474451e-03 9.875051690535178750e+02
3.383609505720513880e+03 7.814678263092620369e-01 4.622656446231000228e-03 9.628148865340596103e+02
3.383618113306944906e+03 7.632826524511440169e-01 4.551686730816418766e-03 9.398349707665560118e+02
3.383626720893375932e+03 7.489266156601769309e-01 4.493418983509949588e-03 9.216165593406102516e+02
3.383635328479806958e+03 7.427571449942557136e-01 4.460242831832394311e-03 9.135102789941824994e+02
3.383643936066237984e+03 7.418197556222637656e-01 4.457085165921806195e-03 9.118678649358110988e+02
3.383652543652668555e+03 7.544602720043849242e-01 4.518596241764952400e-03 9.269336484253774415e+02
3.383661151239099581e+03 7.683525179278631878e-01 4.582060449304398153e-03 9.435478002009353986e+02
3.383669758825530607e+03 7.847743259779595970e-01 4.649087065967406548e-03 9.632791720772145254e+02
3.383678366411961633e+03 7.987685976871298221e-01 4.704326131671042986e-03 9.800444244994653218e+02
3.383686973998392205e+03 8.101500202589926314e-01 4.748340128556319435e-03 9.936227849453177896e+02
3.383695581584823231e+03 8.240998108132544520e-01 4.809914270365120252e-03 1.010372838634230902e+03
3.383704189171254257e+03 8.416348478956606760e-01 4.896863372128560168e-03 1.031540462339659825e+03
3.383712796757685283e+03 8.558669500682820619e-01 4.961175943231251745e-03 1.048684863371592655e+03
3.383721404344116308e+03 8.647466375064608579e-01 4.991248317447311705e-03 1.059302020281066689e+03
3.383730011930546880e+03 8.765437989609812242e-01 5.041362435730194734e-03 1.073527616872755971e+03
3.383738619516977906e+03 8.930542183508023424e-01 5.122352224003082731e-03 1.093561284245961360e+03
3.383747227103408932e+03 9.074103255995256134e-01 5.190965840312413912e-03 1.110995370607249697e+03
3.383755834689839958e+03 9.189807568830837825e-01 5.238987566467488873e-03 1.125061399038574336e+03
3.383764442276270529e+03 9.293231784446873700e-01 5.280777656633880469e-03 1.137670247651250065e+03
3.383773049862701555e+03 9.319212241668511920e-01 5.296905133626686295e-03 1.140847816055707881e+03
3.383781657449132581e+03 9.366169722570877321e-01 5.323929061938611172e-03 1.146644988127191482e+03
3.383790265035563607e+03 9.486291323554707500e-01 5.383913264227119071e-03 1.161453731896009231e+03
3.383798872621994178e+03 9.595941820813792544e-01 5.435980995324664680e-03 1.175038573345520945e+03
3.383807480208425204e+03 9.671135008106378494e-01 5.464914829595683352e-03 1.184464580913273949e+03
3.383816087794856230e+03 9.742479296130274191e-01 5.497703751785413054e-03 1.193481755906835815e+03
3.383824695381287256e+03 9.773185760795890520e-01 5.526702752178579495e-03 1.197584428274782113e+03
3.383833302967718282e+03 9.800187156931136068e-01 5.546857719500552543e-03 1.201297484133217495e+03
3.383841910554148853e+03 9.891998908120661627e-01 5.575725661086981290e-03 1.213024202009461987e+03
3.383850518140579879e+03 9.980149040010686257e-01 5.608645840983662693e-03 1.224376862580197439e+03
3.383859125727010905e+03 9.993751847690426349e-01 5.629377554615136448e-03 1.226657143652708100e+03
3.383867733313441931e+03 9.993080087352940177e-01 5.637588233330993216e-03 1.227251883391446427e+03
3.383876340899872503e+03 9.971051455484449821e-01 5.614379045970900768e-03 1.225283801663945496e+03
3.383884948486303529e+03 9.965591476746706867e-01 5.603645174581298183e-03 1.225407131028953700e+03
3.383893556072734555e+03 1.001071019943783114e+00 5.631585204876585898e-03 1.231806527183420485e+03
3.383902163659165581e+03 1.004315629499046292e+00 5.650698216969753801e-03 1.236702760671061696e+03
3.383910771245596607e+03 1.003804994026092468e+00 5.646378098739163187e-03 1.237022721557120121e+03
3.383919378832027178e+03 1.004457064516786735e+00 5.648664884146326753e-03 1.238816982825276227e+03
3.383927986418458204e+03 1.004127411105067536e+00 5.655014968508799943e-03 1.239437957763732356e+03
3.383936594004889230e+03 1.002253945559749670e+00 5.654159100099138795e-03 1.238184061757714971e+03
3.383945201591320256e+03 1.003303833383315968e+00 5.655263596038110144e-03 1.240569684937737293e+03
3.383953809177750827e+03 1.005565027871704542e+00 5.660307513077266275e-03 1.244481465460004301e+03
3.383962416764181853e+03 1.004750182188921315e+00 5.657243964495380431e-03 1.244608605570992495e+03
3.383971024350612879e+03 1.002680694693598440e+00 5.650678351253601850e-03 1.243194801853267563e+03
3.383979631937043905e+03 1.002027709196254612e+00 5.646825527106479406e-03 1.243546489778673276e+03
3.383988239523474931e+03 1.001713257438971327e+00 5.641963255921573703e-03 1.244325390581131160e+03
3.383996847109905502e+03 9.984619903947398178e-01 5.623469736643765815e-03 1.241456090235914871e+03
3.384005454696336528e+03 9.959277470054788139e-01 5.610104942952296413e-03 1.239471698845321953e+03
3.384014062282767554e+03 9.984425746796884438e-01 5.623857358574234876e-03 1.243769053644125961e+03
3.384022669869198580e+03 1.000148930714120477e+00 5.634897764763485001e-03 1.247060919650722099e+03
3.384031277455629152e+03 9.984296432089319051e-01 5.627685759121231479e-03 1.246076830117801819e+03
3.384039885042060178e+03 9.961468807091601319e-01 5.616433223611224691e-03 1.244378986201061707e+03
3.384048492628491204e+03 9.922099803228195958e-01 5.602764537232827330e-03 1.240600489606973952e+03
