3.065530572491955809e+03 1.001217111545483096e+00 2.510756546436332393e-02 4.477343752900908839e+03
3.065538919101586089e+03 9.998217474280715056e-01 2.495285370638285552e-02 4.471302030866423593e+03
3.065547265711216824e+03 9.984265070151303600e-01 2.479819233096404452e-02 4.465260308831608199e+03
3.065555612320847104e+03 9.981770005629381215e-01 2.480939941786628605e-02 4.464342323793214746e+03
3.065563958930477384e+03 1.001368593442241606e+00 2.499425626965959962e-02 4.478815223901783611e+03
3.065572305540107664e+03 1.001584324933564085e+00 2.498217906710447841e-02 4.479978682340343767e+03
3.065580652149738398e+03 9.969125726615203353e-01 2.478520406583971381e-02 4.459280069556905801e+03
3.065588998759368678e+03 1.001665288219657945e+00 2.484600495002464021e-02 4.480737969505551519e+03
3.065597345368998958e+03 1.007716500809570537e+00 2.498797466217637236e-02 4.508006563302208633e+03
3.065605691978629693e+03 1.002376031394498490e+00 2.489295612509104597e-02 4.484314757803191242e+03
3.065614038588259973e+03 9.985816700520150357e-01 2.485467359015706632e-02 4.467537942095446851e+03
3.065622385197890253e+03 9.989448567112597654e-01 2.491971246694139885e-02 4.469360831106666410e+03
3.065630731807520533e+03 9.987723138405133483e-01 2.488794450810414421e-02 4.468786860263888229e+03
3.065639078417151268e+03 1.002035640120571447e+00 2.488132339526034215e-02 4.483586542331975579e+03
3.065647425026781548e+03 1.005091842107198818e+00 2.491191374400708244e-02 4.497460704086912301e+03
3.065655771636411828e+03 1.002689203902166204e+00 2.487126773910185162e-02 4.486908452255641350e+03
3.065664118246042563e+03 9.976322563988296865e-01 2.480609572334101579e-02 4.464477020345682831e+03
3.065672464855672843e+03 9.940138696178116851e-01 2.480039034944797605e-02 4.448481532632687959e+03
3.065680811465303123e+03 9.961244010426750783e-01 2.489334455879910896e-02 4.458124208014541182e+03
3.065689158074933403e+03 9.997930326728173833e-01 2.493256494796518979e-02 4.474741258762843245e+03
3.065697504684564137e+03 9.969769524941239913e-01 2.483474487454101834e-02 4.462335064143191630e+03
3.065705851294194417e+03 9.943904351640392436e-01 2.478868819661235109e-02 4.450955291001523619e+03
3.065714197903824697e+03 9.967277271013319506e-01 2.480553405974332895e-02 4.461614754165218073e+03
3.065722544513455432e+03 9.953023746301388197e-01 2.468632404485545523e-02 4.455431814778354237e+03
3.065730891123085712e+03 9.914850758253281882e-01 2.458365836147747077e-02 4.438540382671555562e+03
3.065739237732715992e+03 9.931310793810430582e-01 2.476139829449353416e-02 4.446105860669983485e+03
3.065747584342346272e+03 9.961964869291488611e-01 2.498285329919674308e-02 4.460026741425342152e+03
3.065755930951977007e+03 9.964757095764921191e-01 2.494960447139442372e-02 4.461474381411479044e+03
3.065764277561607287e+03 9.971467868014826097e-01 2.481163440866798395e-02 4.464676642076632561e+03
3.065772624171237567e+03 9.996478068697859376e-01 2.480520956400279406e-02 4.476073012405701775e+03
3.065780970780868302e+03 1.000975404801148327e+00 2.489707090604261971e-02 4.482215968089948547e+03
3.065789317390498582e+03 1.000112030165176469e+00 2.494048057914243985e-02 4.478548173119505918e+03
3.065797664000128862e+03 9.998771777556826335e-01 2.489793758516322536e-02 4.477694712187231744e+03
3.065806010609759142e+03 9.999468399856153988e-01 2.471136939477752356e-02 4.478204909589432646e+03
3.065814357219389876e+03 9.975787691757999065e-01 2.449010637720151762e-02 4.467797402919301021e+03
3.065822703829020156e+03 9.947058046132425391e-01 2.448655575338002169e-02 4.455127619272011543e+03
3.065831050438650436e+03 9.946848910260414067e-01 2.461163220633378473e-02 4.455231140412804962e+03
3.065839397048281171e+03 9.945233359627170255e-01 2.457663494369229443e-02 4.454704686904697155e+03
3.065847743657911451e+03 9.932094270354251409e-01 2.441653043304391896e-02 4.449016276032423775e+03
3.065856090267541731e+03 9.945922498244652576e-01 2.430685694174022915e-02 4.455407711102426219e+03
3.065864436877172011e+03 9.961777283608752587e-01 2.423152067948117910e-02 4.462707557879582055e+03
3.065872783486802746e+03 9.943689887520380521e-01 2.416762935406296595e-02 4.454801837789000274e+03
3.065881130096433026e+03 9.923897280725668679e-01 2.411691593529227337e-02 4.446131427422452361e+03
3.065889476706063306e+03 9.949857959446108957e-01 2.420111069665046785e-02 4.457959650642717861e+03
3.065897823315694041e+03 9.994406908840696158e-01 2.441646927581215751e-02 4.478117607710425546e+03
3.065906169925324321e+03 1.002660630235079342e+00 2.455002159210822876e-02 4.492743715033220724e+03
3.065914516534954601e+03 1.004327979865421439e+00 2.453379092089329194e-02 4.500413913199400668e+03
3.065922863144584881e+03 1.000358850935234578e+00 2.435540254167115060e-02 4.482826481058216814e+03
3.065931209754215615e+03 9.969211133547665193e-01 2.421291008099091951e-02 4.467618861243974607e+03
3.065939556363845895e+03 9.976582838054519620e-01 2.426697249043065566e-02 4.471120208360753168e+03
3.065947902973476175e+03 9.930406955720864071e-01 2.426186638322504890e-02 4.450622820020999825e+03
3.065956249583106910e+03 9.884604869553305084e-01 2.407092709978925563e-02 4.430291136734710562e+03
3.065964596192737190e+03 9.918177754033092874e-01 2.388569200486182972e-02 4.445535163069112059e+03
3.065972942802367470e+03 9.974963854478424707e-01 2.388608066214301107e-02 4.471185630676127403e+03
3.065981289411998205e+03 1.002385331091689480e+00 2.408915491630804137e-02 4.493298595321356515e+03
3.065989636021628485e+03 1.008298280759506449e+00 2.433996468706418198e-02 4.520003908051106009e+03
3.065997982631258765e+03 1.011267236070175324e+00 2.442429868131494944e-02 4.533513630881749123e+03
3.066006329240889045e+03 1.007141381070909114e+00 2.434192140394944928e-02 4.515217071422977824e+03
3.066014675850519779e+03 1.002813370584330732e+00 2.427653942900909884e-02 4.496012532393280708e+03
3.066023022460150059e+03 1.001920455793420928e+00 2.425591238315132070e-02 4.492207863194491438e+03
3.066031369069780339e+03 9.980976579960459949e-01 2.417163656028705268e-02 4.475265843562194277e+03
3.066039715679411074e+03 9.922338263693137872e-01 2.406990487902041509e-02 4.449170325205206609e+03
3.066048062289041354e+03 9.914974776343671303e-01 2.409904295567700042e-02 4.446065099900224595e+03
3.066056408898671634e+03 9.975319791986957396e-01 2.423093435172127275e-02 4.473322717955821645e+03
3.066064755508301914e+03 1.004435796702595196e+00 2.435487399670197006e-02 4.504481252903397944e+03
3.066073102117932649e+03 1.006535737443716938e+00 2.442965000702181783e-02 4.514098162157508341e+03
3.066081448727562929e+03 1.008408960671413945e+00 2.444739375279933805e-02 4.522699079359759708e+03
3.066089795337193209e+03 1.008063630630444685e+00 2.436150148081938499e-02 4.521350121287977345e+03
3.066098141946823944e+03 1.001289977253474683e+00 2.419556019746489650e-02 4.491167543706966171e+03
3.066106488556454224e+03 9.922041691605086866e-01 2.401520533139235580e-02 4.450610926095389004e+03
3.066114835166084504e+03 9.844511390580991117e-01 2.383057109205052870e-02 4.416029252256553264e+03
3.066123181775714784e+03 9.855220528304341476e-01 2.381530813930315266e-02 4.421028506954344266e+03
3.066131528385345518e+03 9.939981868933123188e-01 2.398878876654702424e-02 4.459249296521582437e+03
3.066139874994975798e+03 1.002144303131215386e+00 2.414123423700120438e-02 4.495992863797202517e+03
3.066148221604606078e+03 1.005661859093567534e+00 2.419655574057741343e-02 4.511973296762697828e+03
3.066156568214236813e+03 1.002178682239140528e+00 2.415799587356974240e-02 4.496544451960101469e+03
3.066164914823867093e+03 9.950302914476795157e-01 2.402775521890396920e-02 4.464668530487235330e+03
3.066173261433497373e+03 9.931543774884364906e-01 2.391841332629917466e-02 4.456448251937605164e+03
3.066181608043127653e+03 1.001057087086216102e+00 2.400680516002829182e-02 4.492107472324391892e+03
3.066189954652758388e+03 1.005132477139057956e+00 2.410583032979818699e-02 4.510594491586101867e+03
3.066198301262388668e+03 1.003920591985336896e+00 2.417300608325312003e-02 4.505355102259829437e+03
3.066206647872018948e+03 1.005430322563272361e+00 2.435405598534183536e-02 4.512329731351241207e+03
3.066214994481649683e+03 1.004774327562202751e+00 2.442915308106496583e-02 4.509584842805036715e+03
3.066223341091279963e+03 1.002882180576805116e+00 2.431257799877015874e-02 4.501291405034225136e+03
3.066231687700910243e+03 1.001807752580774702e+00 2.417037426940676567e-02 4.496667592400681315e+03
3.066240034310540523e+03 1.000828054963339930e+00 2.407566861048326609e-02 4.492468574913016710e+03
3.066248380920171257e+03 1.001234470128308907e+00 2.399939921767431719e-02 4.494491359803671003e+03
3.066256727529801537e+03 1.001746337437196210e+00 2.395472760885790711e-02 4.496987696127120216e+03
3.066265074139431817e+03 1.002593643362360787e+00 2.406208894448171043e-02 4.500990135534280853e+03
3.066273420749062552e+03 1.000155050917090893e+00 2.411968197901759314e-02 4.490240723550910843e+03
3.066281767358692832e+03 9.946968386281941354e-01 2.398303956903699227e-02 4.465933028067969644e+03
3.066290113968323112e+03 9.928401384805503049e-01 2.391268471533312262e-02 4.457793745869399572e+03
3.066298460577953392e+03 9.885005990115900421e-01 2.385596590678000853e-02 4.438505432987642052e+03
3.066306807187584127e+03 9.889620400037586467e-01 2.386671648195532944e-02 4.440773422565391229e+03
3.066315153797214407e+03 9.998099956444178593e-01 2.407551568428348623e-02 4.489682611304026068e+03
3.066323500406844687e+03 1.003885628956429521e+00 2.421542489623498481e-02 4.508183402458873388e+03
3.066331847016475422e+03 1.000446784779702947e+00 2.414227512604730924e-02 4.492938799730249229e+03
3.066340193626105702e+03 9.989370304427315217e-01 2.400459752969096722e-02 4.486356627883111287e+03
3.066348540235735982e+03 1.009900526027176060e+00 2.408766580824315759e-02 4.535795324119401812e+03
3.066356886845366262e+03 1.021319751697461475e+00 2.423570573744563209e-02 4.587285291245508233e+03
3.066365233454996996e+03 1.016131998629441036e+00 2.422743776999191495e-02 4.564185799501526162e+03
3.066373580064627276e+03 1.009247685288757301e+00 2.425007943512326111e-02 4.533463431861522622e+03
3.066381926674257556e+03 1.011944360996520409e+00 2.441647406431904713e-02 4.545777304261025165e+03
3.066390273283888291e+03 1.016143746787344870e+00 2.452757698098637779e-02 4.564842900452660615e+03
3.066398619893518571e+03 1.012992102140823469e+00 2.440152284406585034e-02 4.550885523124992687e+03
3.066406966503148851e+03 1.008124255712245176e+00 2.430358250079445170e-02 4.529216488130307880e+03
3.066415313112779131e+03 1.009153716834936043e+00 2.432767511802176250e-02 4.534041623203213021e+03
3.066423659722409866e+03 1.009518309093933697e+00 2.429901551898346751e-02 4.535879835511028432e+03
3.066432006332040146e+03 1.003225327539743583e+00 2.420942872019266057e-02 4.507803641124712158e+03
3.066440352941670426e+03 9.964981261048089234e-01 2.413023013882843390e-02 4.477773780501654983e+03
3.066448699551301161e+03 9.955484074614745493e-01 2.405563834309862661e-02 4.473703571697729785e+03
3.066457046160931441e+03 9.978126203083185208e-01 2.398940033527661303e-02 4.484076092256659649e+03
3.066465392770561721e+03 1.001646799023067080e+00 2.409696046238327116e-02 4.501505100769532874e+03
3.066473739380192001e+03 1.004878275859879766e+00 2.419745461848720608e-02 4.516226904952547557e+03
3.066482085989822735e+03 1.001364685733656446e+00 2.401187526284653470e-02 4.500634282178700232e+03
3.066490432599453015e+03 9.945777419711556711e-01 2.381995780597781845e-02 4.470327527178216769e+03
3.066498779209083295e+03 9.887373327475834639e-01 2.380950725054701775e-02 4.444272656681181616e+03
3.066507125818714030e+03 9.904246750799566845e-01 2.393526874379197505e-02 4.452053432167061146e+03
3.066515472428344310e+03 9.960118479458789365e-01 2.397436053431528657e-02 4.477365760192607922e+03
3.066523819037974590e+03 9.910614311769075924e-01 2.378315919227227612e-02 4.455308654416478021e+03
3.066532165647604870e+03 9.857629732087235253e-01 2.376311411607419724e-02 4.431684900470004322e+03
3.066540512257235605e+03 9.861208806406316363e-01 2.387634954123656755e-02 4.433489433372322310e+03
3.066548858866865885e+03 9.876478029991545560e-01 2.384606957755093168e-02 4.440550100583788662e+03
3.066557205476496165e+03 9.900712790580818989e-01 2.379025335831596796e-02 4.451642534057911689e+03
3.066565552086126900e+03 9.958483692030721812e-01 2.394226747515008566e-02 4.477815397589237364e+03
3.066573898695757180e+03 9.977549465266304374e-01 2.407254892079712869e-02 4.486586088729994117e+03
3.066582245305387460e+03 9.882001671190085990e-01 2.387662262502620453e-02 4.443817194275188740e+03
3.066590591915017740e+03 9.831701319048605781e-01 2.375062370980997664e-02 4.421392638436535890e+03
3.066598938524648474e+03 9.874344843440689967e-01 2.376702829390501398e-02 4.440765515797744229e+03
3.066607285134278754e+03 9.852742618913210570e-01 2.359149346587211329e-02 4.431245723115798683e+03
3.066615631743909034e+03 9.725611393285558126e-01 2.332308018670400940e-02 4.374261584300812501e+03
3.066623978353539769e+03 9.628551957147424289e-01 2.321056866312510084e-02 4.330798307403344552e+03
3.066632324963170049e+03 9.592689678027468414e-01 2.316370111135927432e-02 4.314858086221078338e+03
3.066640671572800329e+03 9.557753621020229629e-01 2.305577177927348523e-02 4.299333082613249644e+03
3.066649018182430609e+03 9.565550388857188002e-01 2.297620343478729704e-02 4.303029907962511061e+03
3.066657364792061344e+03 9.583724429170915604e-01 2.297345143175873183e-02 4.311395428460409676e+03
3.066665711401691624e+03 9.587318920652974086e-01 2.299232389442916122e-02 4.313202531631037346e+03
3.066674058011321904e+03 9.593202116432648641e-01 2.293695865066702755e-02 4.316039479182909417e+03
3.066682404620952639e+03 9.603204516197645368e-01 2.290409478521748116e-02 4.320729996368072534e+03
3.066690751230582919e+03 9.632322180143826351e-01 2.295698050650425703e-02 4.334021740650457104e+03
3.066699097840213199e+03 9.643179572376392450e-01 2.300770723674821702e-02 4.339098147062909447e+03
3.066707444449843479e+03 9.659133464005466019e-01 2.307315619334059098e-02 4.346468333906063890e+03
3.066715791059474213e+03 9.729031235866194560e-01 2.329785808214253698e-02 4.378114177307641512e+03
3.066724137669104493e+03 9.784723511807478236e-01 2.347763910111966279e-02 4.403369964102967970e+03
3.066732484278734773e+03 9.840338883849764073e-01 2.357235893374385813e-02 4.428593348823937959e+03
3.066740830888365508e+03 9.888063212710624938e-01 2.369655299397578976e-02 4.450267459233042246e+03
3.066749177497995788e+03 9.928692769246663108e-01 2.381501955324763151e-02 4.468750215155844671e+03
3.066757524107626068e+03 9.938804446236004786e-01 2.381759587939243777e-02 4.473498353987302835e+03
3.066765870717256803e+03 9.900530331685974961e-01 2.380399593411234443e-02 4.456467282972032990e+03
3.066774217326887083e+03 9.940563412637017926e-01 2.396790025326163767e-02 4.474684202550746704e+03
3.066782563936517363e+03 1.000653530263298174e+00 2.402836792024893448e-02 4.504579420846672292e+03
3.066790910546147643e+03 9.992926121762162328e-01 2.395416196838494327e-02 4.498651164190757299e+03
3.066799257155778378e+03 9.974997851655049708e-01 2.398973316232169001e-02 4.490777899310640350e+03
3.066807603765408658e+03 9.980392327586801171e-01 2.405614271725468531e-02 4.493404365406924626e+03
3.066815950375038938e+03 9.974879977812580734e-01 2.396809838941237059e-02 4.491120322982778816e+03
3.066824296984669672e+03 1.000876340247849994e+00 2.392970890882990809e-02 4.506574516394259263e+03
3.066832643594299952e+03 1.002656012639972394e+00 2.410779337072152875e-02 4.514786490314066214e+03
3.066840990203930232e+03 1.002725196483825520e+00 2.426646079087065727e-02 4.515296796867270132e+03
3.066849336813560512e+03 1.004495809763432890e+00 2.423828077114561705e-02 4.523469047719807349e+03
3.066857683423191247e+03 1.001569114748854350e+00 2.413310986828915913e-02 4.510488040703284241e+03
3.066866030032821527e+03 9.970267411374095223e-01 2.395687101712394920e-02 4.490229471011763053e+03
3.066874376642451807e+03 9.939834149525030860e-01 2.373947126985442857e-02 4.476720537324511497e+03
3.066882723252082542e+03 9.915697101191791596e-01 2.362586971461892033e-02 4.466046221882730606e+03
3.066891069861712822e+03 9.935440404734672271e-01 2.364093821553757066e-02 4.475135601723612126e+03
3.066899416471343102e+03 9.929054277853796018e-01 2.367152592546631004e-02 4.472455990085351914e+03
3.066907763080973382e+03 9.876635348644667856e-01 2.361164598492112091e-02 4.449040137939078704e+03
3.066916109690604117e+03 9.898309606443291830e-01 2.367800118319596248e-02 4.458999775680820676e+03
3.066924456300234397e+03 9.910387550150516756e-01 2.372886186756925295e-02 4.464637125984343584e+03
3.066932802909864677e+03 9.883972692711587849e-01 2.363119088492533076e-02 4.452933155886435088e+03
3.066941149519495411e+03 9.953335125414547457e-01 2.373424729155873547e-02 4.484379677944007199e+03
3.066949496129125691e+03 1.002390874949302679e+00 2.381721467071478901e-02 4.516374664799557650e+03
3.066957842738755971e+03 1.001088762082575689e+00 2.374434768520946454e-02 4.510706321295298039e+03
3.066966189348386251e+03 1.000204474919780706e+00 2.373623217832941321e-02 4.506920183649248429e+03
3.066974535958016986e+03 1.001182726726619343e+00 2.368992419020029064e-02 4.511526663030273994e+03
3.066982882567647266e+03 9.992200786449343397e-01 2.364968008825268225e-02 4.502880672819990650e+03
3.066991229177277546e+03 9.952845244813154357e-01 2.366245009355729886e-02 4.485342818621594233e+03
3.066999575786908281e+03 9.960423705218887092e-01 2.373221323808913374e-02 4.488955581552088915e+03
3.067007922396538561e+03 9.991086254964183233e-01 2.379788132326985522e-02 4.502972621025301123e+03
3.067016269006168841e+03 9.952744981000160029e-01 2.367994674285217246e-02 4.485889553675351635e+03
3.067024615615799121e+03 9.925468602607235846e-01 2.362471349275089769e-02 4.473792342262835518e+03
3.067032962225429856e+03 9.975740609003346249e-01 2.373466047959308517e-02 4.496649641178247293e+03
3.067041308835060136e+03 1.000282944996896850e+00 2.379368564786473947e-02 4.509058465386339776e+03
3.067049655444690416e+03 9.993821151306581108e-01 2.377378561408293595e-02 4.505195840754166056e+03
3.067058002054321150e+03 1.000285124101439216e+00 2.379057605827400446e-02 4.509464888216810323e+03
3.067066348663951430e+03 1.004193742310509840e+00 2.389588335364278837e-02 4.527284715498721198e+03
3.067074695273581710e+03 1.007998401870413119e+00 2.394617277990085044e-02 4.544637387027350997e+03
3.067083041883211990e+03 1.003408147794709215e+00 2.382038080383087203e-02 4.524140796808081177e+03
3.067091388492842725e+03 1.000380586410624550e+00 2.371119230215743695e-02 4.510688524941035212e+03
3.067099735102473005e+03 1.007283815327269627e+00 2.376590730647112557e-02 4.542014681483757158e+03
3.067108081712103285e+03 1.006698124197919153e+00 2.376907759061670442e-02 4.539573271480542644e+03
3.067116428321734020e+03 1.002748122684351983e+00 2.384071474785496095e-02 4.521960045493939106e+03
3.067124774931364300e+03 1.006629321406862676e+00 2.401712544632720464e-02 4.539662129601174456e+03
3.067133121540994580e+03 9.993710721172908151e-01 2.380679919581096815e-02 4.507127246509106044e+03
3.067141468150624860e+03 9.901093239430820425e-01 2.353490216544097680e-02 4.465553381216635898e+03
3.067149814760255595e+03 9.965437049933175695e-01 2.372780335747998876e-02 4.494771039922698037e+03
3.067158161369885875e+03 1.003159703574061812e+00 2.392737256907958784e-02 4.524810446257457443e+03
3.072152493642977333e+03 9.970428974714328207e-01 2.202779403100888281e-02 5.012848415029211537e+03
3.072160279981502754e+03 9.989883369834091642e-01 2.209976464571806673e-02 5.022568533847676008e+03
3.072168066320028174e+03 1.000930422073245785e+00 2.217209463128479510e-02 5.032288652666139569e+03
3.072175852658553595e+03 9.994613170587229867e-01 2.212696288891708926e-02 5.024875505397549205e+03
3.072183638997079015e+03 1.000307857232289432e+00 2.212349174666706705e-02 5.029121194371976344e+03
3.072191425335604436e+03 1.001475341475584591e+00 2.206101470195932432e-02 5.034996984649982551e+03
3.072199211674129856e+03 9.992998864413286109e-01 2.193887588457271720e-02 5.024082205755627001e+03
3.072206998012654822e+03 9.971649630621907123e-01 2.193489603854849312e-02 5.013387216680858728e+03
3.072214784351180242e+03 9.952887793917026826e-01 2.193656421397308098e-02 5.004008817051215374e+03
3.072222570689705663e+03 9.956015761951104714e-01 2.191622699500554369e-02 5.005651572960952763e+03
3.072230357028231083e+03 9.978304560589328354e-01 2.193602084078083089e-02 5.016943688100596773e+03
3.072238143366756503e+03 9.975094350987800951e-01 2.192182841727180823e-02 5.015430816455402237e+03
3.072245929705281924e+03 9.973574320928288994e-01 2.190086592960843390e-02 5.014782895851224566e+03
3.072253716043807344e+03 1.000865926069417267e+00 2.192833509628855371e-02 5.032555653280482147e+03
3.072261502382332765e+03 1.004337395733652771e+00 2.196602232285831124e-02 5.050158081201025198e+03
3.072269288720858185e+03 1.007126108247642371e+00 2.205100693403774792e-02 5.064343056806533241e+03
3.072277075059383606e+03 1.006820899451775331e+00 2.208442196744007588e-02 5.062985199582483801e+03
3.072284861397909026e+03 9.989197799943689837e-01 2.195231986316487083e-02 5.023442736947010417e+03
3.072292647736434446e+03 9.919642976291914716e-01 2.185765107306946245e-02 4.988666937181119465e+03
3.072300434074959412e+03 9.904436242476666319e-01 2.191968010006820067e-02 4.981235280685599719e+03
3.072308220413484833e+03 9.917004008888866684e-01 2.201897171974718029e-02 4.987785809792612781e+03
3.072316006752010253e+03 9.970317151694448876e-01 2.211420321723002111e-02 5.014844379759653748e+03
3.072323793090535673e+03 9.999548729260444579e-01 2.214890700167028090e-02 5.029805853828574982e+03
3.072331579429061094e+03 9.949216681427638376e-01 2.206035970123110604e-02 5.004759127546245509e+03
3.072339365767586514e+03 9.905313958734492941e-01 2.197783942481977559e-02 4.982956854126468897e+03
3.072347152106111935e+03 9.936597165377184515e-01 2.203460474592643797e-02 4.998989899814816454e+03
3.072354938444637355e+03 9.976097901716811656e-01 2.214640936168878541e-02 5.019171787392907390e+03
3.072362724783162776e+03 9.960105105659683433e-01 2.218324970371350971e-02 5.011446895762501299e+03
3.072370511121688196e+03 9.940102372804781039e-01 2.218653125428859257e-02 5.001715408010313695e+03
3.072378297460213616e+03 9.961915649014471130e-01 2.222232572321993990e-02 5.013037204875068710e+03
3.072386083798739037e+03 9.987454298372427930e-01 2.224289940930090567e-02 5.026247187177330488e+03
3.072393870137264003e+03 9.994365436843950512e-01 2.224713275896936585e-02 5.030095607216593635e+03
3.072401656475789423e+03 1.001238675582687643e+00 2.232557005010902748e-02 5.039548145003760510e+03
3.072409442814314843e+03 1.003052328323449149e+00 2.242309856730322418e-02 5.049071402563318770e+03
3.072417229152840264e+03 1.000986642476532351e+00 2.240265967724313148e-02 5.039078248268700918e+03
3.072425015491365684e+03 9.982025303995570864e-01 2.236338033494360278e-02 5.025477418367683640e+03
3.072432801829891105e+03 9.997455762325003770e-01 2.244066545497849091e-02 5.033672020053991218e+03
3.072440588168416525e+03 1.001312212010212033e+00 2.249099379039766824e-02 5.041997306426914292e+03
3.072448374506941946e+03 1.000081697674301440e+00 2.246376866765309455e-02 5.036248384329259352e+03
3.072456160845467366e+03 9.984628033123742474e-01 2.247222969741567711e-02 5.028552552813443981e+03
3.072463947183992786e+03 9.973439322335679869e-01 2.249720912263548575e-02 5.023383719732724785e+03
3.072471733522518207e+03 1.000492318666845959e+00 2.253689564858314676e-02 5.039718825831649156e+03
3.072479519861043627e+03 1.006059260360887997e+00 2.260256331750147563e-02 5.068250630382764029e+03
3.072487306199569048e+03 1.010878877875500681e+00 2.268354085782025090e-02 5.093032234424867966e+03
3.072495092538094013e+03 1.013167384567188689e+00 2.271883901785901050e-02 5.105074458066301304e+03
3.072502878876619434e+03 1.011612419943876073e+00 2.265044251168217213e-02 5.097760035061908638e+03
3.072510665215144854e+03 1.009925579394233885e+00 2.260165963648613774e-02 5.089788373104456696e+03
3.072518451553670275e+03 1.004223474681649853e+00 2.250731899670733310e-02 5.061585598324916646e+03
3.072526237892195695e+03 9.959178088149501784e-01 2.234419299156579011e-02 5.020261132542028463e+03
3.072534024230721116e+03 9.918771290130508067e-01 2.229035389346001664e-02 5.000437367123815420e+03
3.072541810569246536e+03 9.909821767015687399e-01 2.229349903500324470e-02 4.996477801806111529e+03
3.072549596907771956e+03 9.965713620237069970e-01 2.239160876908732195e-02 5.025221456661065531e+03
3.072557383246297377e+03 1.003794454139617986e+00 2.255681939028351263e-02 5.062219153854417527e+03
3.072565169584822797e+03 1.004361555952818064e+00 2.261428514391860406e-02 5.065662226582000585e+03
3.072572955923348218e+03 1.001599003037501046e+00 2.257269748895311332e-02 5.052317783461576255e+03
3.072580742261873638e+03 9.955509630921971498e-01 2.246789302437416508e-02 5.022402523525397555e+03
3.072588528600398604e+03 9.902384187078016042e-01 2.237447370473467229e-02 4.996197929944481984e+03
3.072596314938924024e+03 9.928031314627747683e-01 2.237099175691757702e-02 5.009742783468105699e+03
3.072604101277449445e+03 9.983156577113510011e-01 2.241394307609231168e-02 5.038174047421827709e+03
3.072611887615974865e+03 1.003719391989294829e+00 2.245878564207883996e-02 5.066069495671042205e+03
3.072619673954500286e+03 1.008139671016507588e+00 2.252080098660165508e-02 5.089013607511019472e+03
3.072627460293025706e+03 1.005696534500040373e+00 2.246854385280331115e-02 5.077319092489756258e+03
3.072635246631551126e+03 9.989195733960377632e-01 2.227856858743216054e-02 5.043745064554845158e+03
3.072643032970076547e+03 9.953750722925871486e-01 2.216722541079623604e-02 5.026491468161690136e+03
3.072650819308601967e+03 9.956711597057447127e-01 2.217123286869842821e-02 5.028635676590969524e+03
3.072658605647127388e+03 9.952734427777265580e-01 2.216903539419228658e-02 5.027281094737716558e+03
3.072666391985652808e+03 9.966709454253160905e-01 2.223871075067641867e-02 5.035000259170574282e+03
3.072674178324178229e+03 1.000184378124296947e+00 2.235590219494893935e-02 5.053416957725814427e+03
3.072681964662703194e+03 1.002100414413332308e+00 2.243914871533776029e-02 5.063771268332262480e+03
3.072689751001228615e+03 1.000894027964934097e+00 2.245129425184088159e-02 5.058352580520687297e+03
3.072697537339754035e+03 9.951586032469625920e-01 2.230988963546685910e-02 5.030044592595450013e+03
3.072705323678279456e+03 9.959556192752095916e-01 2.228845381686871130e-02 5.034755788719066913e+03
3.072713110016804876e+03 9.983021399797376016e-01 2.228299070707258009e-02 5.047306246192164508e+03
3.072720896355330297e+03 9.932522456850566561e-01 2.211675054137732591e-02 5.022463219585530169e+03
3.072728682693855717e+03 9.924749113049640137e-01 2.217010532414267002e-02 5.019224365869894427e+03
3.072736469032381137e+03 9.927958777230034837e-01 2.225167568459370318e-02 5.021543082031337690e+03
3.072744255370906558e+03 9.925044157631334185e-01 2.218229977293072544e-02 5.020767454137466302e+03
3.072752041709431978e+03 9.982642871482009239e-01 2.223568924192822691e-02 5.050610585859085404e+03
3.072759828047957399e+03 1.003213089359230148e+00 2.230703284730600755e-02 5.076360719929607512e+03
3.072767614386482819e+03 1.001273069035317542e+00 2.227451773545723393e-02 5.067257600715960507e+03
3.072775400725007785e+03 9.939359965623768556e-01 2.216698730375887827e-02 5.030836939663322482e+03
3.072783187063533205e+03 9.892533668217894371e-01 2.207124852411164462e-02 5.007845578463835409e+03
3.072790973402058626e+03 9.955776856681469722e-01 2.220151691846864589e-02 5.040577480368037868e+03
3.072798759740584046e+03 1.003449512700918644e+00 2.240233045602676651e-02 5.081156599905867552e+03
3.072806546079109467e+03 1.002508908194237769e+00 2.241114045059350995e-02 5.077119133767096173e+03
3.072814332417634887e+03 9.956649914584068117e-01 2.229906657164340555e-02 5.043180852284001958e+03
3.072822118756160307e+03 9.896444631224903254e-01 2.216649374525475613e-02 5.013405251477891397e+03
3.072829905094685728e+03 9.876068965470004013e-01 2.208625146143011406e-02 5.003802189332318449e+03
3.072837691433211148e+03 9.842691408882676685e-01 2.199470325291251124e-02 4.987608745776507931e+03
3.072845477771736569e+03 9.842024519870413712e-01 2.194762783849983287e-02 4.987989246355400610e+03
3.072853264110261989e+03 9.901578117087062036e-01 2.207409665851871663e-02 5.018894799718502327e+03
3.072861050448787410e+03 9.943259307982323936e-01 2.220881745864112730e-02 5.040749131882668735e+03
3.072868836787312830e+03 9.929899416810943347e-01 2.216990434615336361e-02 5.034702712534517559e+03
3.072876623125837796e+03 9.890174225168179012e-01 2.208377241207154507e-02 5.015284700785148743e+03
3.072884409464363216e+03 9.907735974368373499e-01 2.218755017624705547e-02 5.024915105061237227e+03
3.072892195802888637e+03 9.960719681742093989e-01 2.233735582446274084e-02 5.052515431646430443e+03
3.072899982141414057e+03 1.000699883474906571e+00 2.244250827020745007e-02 5.076721761516376318e+03
3.072907768479939477e+03 1.001704123276603298e+00 2.252074830582150022e-02 5.082548083851695083e+03
3.072915554818464898e+03 9.938624657956389719e-01 2.236495436331933928e-02 5.043485421404331646e+03
3.072923341156990318e+03 9.878780086156769835e-01 2.218138858619680964e-02 5.013836319531141271e+03
3.072931127495515739e+03 9.892508574967469048e-01 2.219915823934437427e-02 5.021523689091467531e+03
3.072938913834041159e+03 9.920254409556434894e-01 2.229785952826581971e-02 5.036328071366922813e+03
3.072946700172566580e+03 9.989763925367195485e-01 2.249628335516894867e-02 5.072340630691823208e+03
3.072954486511092000e+03 1.004814651092632571e+00 2.265376454077321772e-02 5.102710993338568187e+03
3.072962272849617420e+03 1.000762292181165192e+00 2.255738024988941659e-02 5.082853608533716397e+03
3.072970059188142386e+03 9.979412207184666928e-01 2.247282130443267745e-02 5.069242872150630319e+03
3.072977845526667807e+03 9.992802687790496297e-01 2.246457709252911925e-02 5.076760961670866891e+03
3.072985631865193227e+03 9.987677975174364953e-01 2.243707637588495188e-02 5.074870696289498483e+03
3.072993418203718647e+03 1.000881514271616535e+00 2.250162444926086247e-02 5.086322934002382681e+03
3.073001204542244068e+03 1.003178568660277437e+00 2.256875170029518790e-02 5.098707162831798996e+03
3.073008990880769488e+03 1.000771365044908601e+00 2.251923295223615118e-02 5.087178658134004763e+03
3.073016777219294909e+03 1.000711982569665537e+00 2.247236284364833789e-02 5.087579786472857450e+03
3.073024563557820329e+03 1.006601320976171277e+00 2.255377284251421088e-02 5.118224657602055231e+03
3.073032349896345750e+03 1.008146522935814193e+00 2.258167450590500142e-02 5.126782667723162376e+03
3.073040136234871170e+03 1.002347073656183030e+00 2.240643620298556071e-02 5.097983791177017338e+03
3.073047922573396590e+03 9.982469921396063262e-01 2.226431042890548301e-02 5.077817188581102528e+03
3.073055708911922011e+03 9.949465502215117940e-01 2.214453033870449061e-02 5.061708936431477014e+03
3.073063495250446977e+03 9.918942018339471645e-01 2.202199904395560695e-02 5.046854210941791280e+03
3.073071281588972397e+03 9.931216021057290844e-01 2.205347637459008706e-02 5.053769547515300474e+03
3.073079067927497817e+03 9.951603107262041448e-01 2.209729464006492117e-02 5.064810981349891335e+03
3.073086854266023238e+03 9.910876828151790052e-01 2.196279053911644533e-02 5.044742921924889743e+03
3.073094640604548658e+03 9.864313436090239584e-01 2.182266390309755069e-02 5.021692905588221947e+03
3.073102426943074079e+03 9.873411466017218974e-01 2.184785253094189902e-02 5.026971168276031676e+03
3.073110213281599499e+03 9.901822029554545601e-01 2.195432680360883196e-02 5.042079330796353133e+03
3.073117999620124920e+03 9.902558130313706686e-01 2.194965751265559942e-02 5.043091781181959959e+03
3.073125785958650340e+03 9.839798394865540976e-01 2.177187324438613347e-02 5.011757894061726802e+03
3.073133572297175760e+03 9.748642381961389880e-01 2.168344441578001769e-02 4.965945110519922309e+03
3.073141358635701181e+03 9.697496188124887784e-01 2.171239477052716235e-02 4.940498284283035900e+03
3.073149144974226601e+03 9.731646791279631170e-01 2.171596288651454418e-02 4.958499607598576404e+03
3.073156931312752022e+03 9.794674789052569830e-01 2.174032695114284930e-02 4.991214233627470094e+03
3.073164717651276987e+03 9.802065054877778794e-01 2.182025276222854249e-02 4.995574444538096941e+03
3.073172503989802408e+03 9.766610225316615379e-01 2.186591635697909819e-02 4.978090396029805561e+03
3.073180290328327828e+03 9.749420700842339471e-01 2.186398091311045344e-02 4.969906175807780528e+03
3.073188076666853249e+03 9.754220911991431375e-01 2.185840091185844644e-02 4.972923683498707760e+03
3.073195863005378669e+03 9.692799903182249821e-01 2.171960017067497972e-02 4.942169540071933625e+03
3.073203649343904090e+03 9.612674434425229064e-01 2.156811746086305034e-02 4.901862810146207266e+03
3.073211435682429510e+03 9.514596574371696480e-01 2.135440499583797155e-02 4.852383854194986270e+03
3.073219222020954930e+03 9.386129917301040404e-01 2.105686609808211929e-02 4.787386525495663591e+03
3.073227008359480351e+03 9.250087442475276589e-01 2.072320477684158266e-02 4.718502895858393458e+03
3.073234794698005771e+03 9.135112743718347694e-01 2.044520688541678205e-02 4.660344630635051544e+03
3.073242581036531192e+03 9.043410382611398735e-01 2.025936502328562830e-02 4.614040036880953267e+03
3.073250367375056612e+03 8.942016478550333103e-01 2.005472844052701847e-02 4.562772653762937807e+03
3.073258153713581578e+03 8.842083505536866284e-01 1.978042733651063853e-02 4.512232328073502686e+03
3.073265940052106998e+03 8.780617715132786882e-01 1.957436823357042166e-02 4.481306026847310932e+03
3.073273726390632419e+03 8.781691152678471335e-01 1.961627803959393318e-02 4.482286221809046765e+03
3.073281512729157839e+03 8.790792017731084984e-01 1.967873551499732879e-02 4.487355838175026292e+03
3.073289299067683260e+03 8.853586757011348007e-01 1.977675755502260671e-02 4.519828945753370135e+03
3.073297085406208680e+03 8.921605069804169341e-01 1.988745486673667087e-02 4.554966082271353116e+03
3.073304871744734101e+03 8.950377682647226996e-01 1.995719915254670282e-02 4.570061599164815561e+03
3.073312658083259521e+03 8.981331990619153549e-01 2.004730524496826927e-02 4.586264565020122063e+03
3.073320444421784941e+03 9.103072406058053678e-01 2.036889863135241466e-02 4.648824161264137729e+03
3.073328230760310362e+03 9.255461776951686703e-01 2.074324495402021101e-02 4.727037787284132719e+03
3.073336017098835782e+03 9.416846721721916502e-01 2.111367119479730728e-02 4.809848746488129109e+03
3.073343803437361203e+03 9.560060956302982582e-01 2.147533195650432741e-02 4.883380618291511382e+03
3.073351589775886168e+03 9.622019897946123557e-01 2.163194109120840716e-02 4.915403843089336078e+03
3.073359376114411589e+03 9.667373834475174732e-01 2.172885724934503840e-02 4.938937564973901317e+03
3.073367162452937009e+03 9.724106171064441639e-01 2.189129193516070604e-02 4.968276956012681694e+03
3.073374948791462430e+03 9.794454985364431376e-01 2.207334735823082011e-02 5.004566451267961384e+03
3.073382735129987850e+03 9.893619441707592888e-01 2.224233610459854654e-02 5.055573736030202781e+03
3.073390521468513271e+03 9.979120680496295082e-01 2.238318868493887476e-02 5.099593408410722986e+03
3.073398307807038691e+03 9.973005680460977906e-01 2.236420270095412083e-02 5.096785097039616630e+03
3.073406094145564111e+03 9.932246539352986847e-01 2.227458472697135122e-02 5.076257703132337156e+03
3.073413880484089532e+03 9.883956935565197943e-01 2.213037453196037632e-02 5.051866310271668226e+03
3.073421666822614952e+03 9.859387672904353916e-01 2.201209722390166934e-02 5.039583974319984009e+03
3.073429453161140373e+03 9.893032512591147798e-01 2.206919278907552850e-02 5.057044852411123429e+03
3.073437239499665793e+03 9.956823030749661907e-01 2.223567968963984301e-02 5.089904764695404083e+03
3.073445025838190759e+03 1.003578689787505196e+00 2.246666627891108839e-02 5.130511380196179744e+03
3.073452812176716179e+03 1.005874822492015763e+00 2.257223948304284272e-02 5.142477019846225630e+03
3.073460598515241600e+03 9.998721949975533096e-01 2.249144700229196298e-02 5.112001076607385585e+03
3.073468384853767020e+03 9.961745561743742261e-01 2.248405693847200029e-02 5.093293739240887589e+03
3.073476171192292441e+03 9.969688759256651878e-01 2.257088439417969522e-02 5.097538405492838137e+03
3.073483957530817861e+03 9.991152178886152369e-01 2.266453370306959619e-02 5.108682192053222025e+03
3.073491743869343281e+03 1.001840252193618941e+00 2.268678544931844107e-02 5.122771192656775384e+03
3.073499530207868702e+03 1.000036765498684366e+00 2.254920087611177529e-02 5.113689626633475200e+03
3.073507316546394122e+03 9.887350080395106433e-01 2.226180734612067183e-02 5.056022036028672119e+03
3.073515102884919543e+03 9.821946885707663055e-01 2.217968641225284351e-02 5.022685578328451811e+03
3.073522889223444963e+03 9.903864155707345907e-01 2.242434111376144512e-02 5.064669961511326619e+03
3.073530675561970384e+03 9.977057478768740495e-01 2.256918371206486848e-02 5.102179083559727587e+03
3.073538461900495804e+03 9.971800414739935281e-01 2.253620463256597248e-02 5.099554278947667626e+03
3.073546248239020770e+03 9.957137946577452325e-01 2.249613480341701097e-02 5.092103652895162668e+03
3.073554034577546190e+03 9.964756206533469385e-01 2.249800956376595690e-02 5.096031418256568031e+03
3.073561820916071611e+03 9.969994131304694696e-01 2.251185200546562334e-02 5.098725722700391998e+03
3.073569607254597031e+03 9.919522283566817311e-01 2.230666104954389523e-02 5.072913295470663797e+03
3.073577393593122451e+03 9.881703691727108385e-01 2.206763611870554351e-02 5.053555429017336792e+03
3.073585179931647872e+03 9.914753964358885563e-01 2.211028710776939687e-02 5.070423632890421686e+03
3.073592966270173292e+03 9.921662422669049741e-01 2.219560777374887314e-02 5.073905882088177350e+03
3.073600752608698713e+03 9.897305760027340638e-01 2.227033596183710870e-02 5.061382350894271440e+03
3.073608538947224133e+03 9.894384076630569069e-01 2.233485269249807156e-02 5.059803470590570214e+03
3.073616325285749554e+03 9.927566306657947814e-01 2.229990645114682604e-02 5.076669788939396312e+03
3.073624111624274974e+03 9.966172753435356135e-01 2.227214466353622663e-02 5.096291490436031381e+03
3.073631897962800394e+03 9.902105955940890825e-01 2.221961361619154141e-02 5.063392884868906549e+03
3.073639684301325360e+03 9.821763313349021196e-01 2.214168127221873006e-02 5.022155938368334319e+03
3.073647470639850781e+03 9.831582518962637129e-01 2.211571907838057530e-02 5.027004524869178567e+03
3.073655256978376201e+03 9.856702048628489532e-01 2.213165087767678466e-02 5.039657532835308302e+03
3.073663043316901621e+03 9.905848087761977006e-01 2.231201592800943073e-02 5.064575197456701062e+03
3.073670829655427042e+03 9.952999892301035434e-01 2.247956040913690751e-02 5.088452470999995057e+03
3.073678615993952462e+03 9.991554900476840029e-01 2.254874137670835263e-02 5.107913657066473206e+03
3.073686402332477883e+03 1.004840227696171429e+00 2.266593002740755272e-02 5.136704631974291260e+03
3.073694188671003303e+03 1.005671888073403242e+00 2.271670631787392827e-02 5.140665598177339234e+03
3.073701975009528724e+03 1.002592677121888487e+00 2.272052953553622273e-02 5.124616483576769497e+03
3.073709761348054144e+03 9.993612359489697505e-01 2.274672058115486534e-02 5.107771452813090946e+03
3.073717547686579564e+03 1.000256518378198400e+00 2.280166483559502993e-02 5.111999060302452563e+03
3.073725334025104985e+03 1.004483918686649435e+00 2.285629293443460983e-02 5.133234066112261644e+03
3.073733120363629951e+03 1.003993296905358212e+00 2.281400971838129163e-02 5.130336683583116610e+03
3.073740906702155371e+03 1.002280137647366676e+00 2.271961237451678231e-02 5.121172512814375295e+03
3.073748693040680791e+03 9.992929117533577710e-01 2.261217090223823986e-02 5.105479706453067593e+03
3.073756479379206212e+03 9.936049086022712418e-01 2.259691705787546592e-02 5.075971354423360026e+03
3.073764265717731632e+03 9.939626475292870911e-01 2.272815178018460294e-02 5.077329987492301370e+03
3.073772052056257053e+03 9.994011698667421006e-01 2.283380937938790656e-02 5.104618143159961619e+03
3.073779838394782473e+03 1.004844961809644222e+00 2.294127485832597041e-02 5.131906298827621868e+03
3.228356106717227249e+03 1.001209482857564614e+00 1.541029686354691321e-02 7.909742562699559130e+03
3.228365479272173616e+03 9.985017793990770274e-01 1.537888457891256958e-02 7.889513837128844898e+03
3.228374851827119983e+03 9.989615118915953218e-01 1.534932589164946480e-02 7.894299326855474646e+03
3.228384224382066350e+03 1.001743550570829422e+00 1.536970539315266233e-02 7.917430375352625560e+03
3.228393596937012717e+03 1.002383998066809667e+00 1.538510108532236201e-02 7.923628724127189344e+03
3.228402969491959084e+03 9.993575742646251259e-01 1.534997566629241195e-02 7.900828346137802328e+03
3.228412342046905451e+03 9.984531904693971782e-01 1.534751641524030076e-02 7.894790015419954216e+03
3.228421714601851818e+03 1.000502185619337681e+00 1.537312543994141800e-02 7.912095178748728358e+03
3.228431087156798185e+03 1.000151573840072139e+00 1.536586140147886206e-02 7.910415621810167067e+03
3.228440459711744552e+03 9.957007011245738726e-01 1.527931071419390621e-02 7.876290804701679008e+03
3.228449832266690919e+03 9.948008526299585430e-01 1.523681414809681910e-02 7.870239708839048035e+03
3.228459204821636831e+03 9.982903566739960155e-01 1.532740000513183216e-02 7.898907005596536692e+03
3.228468577376583198e+03 9.997245627417931102e-01 1.540973253597119862e-02 7.911306921786346720e+03
3.228477949931529565e+03 9.976627805802155136e-01 1.535324027134581625e-02 7.896030541981151146e+03
3.228487322486475932e+03 9.974200154162786713e-01 1.526131634480321422e-02 7.895138245659039967e+03
3.228496695041422299e+03 1.000268695660238905e+00 1.527423020296850807e-02 7.918708954092766362e+03
3.228506067596368666e+03 1.001092007953359175e+00 1.530822451774838111e-02 7.926239207817377974e+03
3.228515440151315033e+03 9.992638884115833120e-01 1.526347389454479724e-02 7.912765290804660253e+03
3.228524812706261400e+03 9.983395408639065272e-01 1.520672760855744376e-02 7.906435035323640477e+03
3.228534185261207767e+03 1.001349516115220384e+00 1.522117204867816029e-02 7.931254833745631913e+03
3.228543557816154134e+03 1.002742507187337484e+00 1.522628123492340314e-02 7.943261288937434074e+03
3.228552930371100501e+03 9.999999513987317679e-01 1.518398674398358829e-02 7.922496345721151556e+03
3.228562302926046868e+03 9.977911779419409433e-01 1.516109682930353968e-02 7.905945355431286771e+03
3.228571675480993235e+03 9.972693717877609831e-01 1.514631013162632059e-02 7.902748190830778185e+03
3.228581048035939602e+03 9.992204633507525413e-01 1.512618392794693595e-02 7.919138371901117353e+03
3.228590420590885969e+03 9.998688573177350047e-01 1.509557312709533354e-02 7.925196476805786915e+03
3.228599793145832336e+03 9.980129051021836561e-01 1.508046292173241543e-02 7.911393249341158480e+03
3.228609165700778703e+03 9.995349902929699937e-01 1.511592803612766406e-02 7.924357712613938929e+03
3.228618538255725070e+03 1.002116976733502529e+00 1.511738298413775085e-02 7.945718584746041415e+03
3.228627910810671438e+03 1.000829662607317871e+00 1.503528936387291993e-02 7.936390969870850313e+03
3.228637283365617805e+03 9.984109504902246579e-01 1.495849640722425947e-02 7.918078137963264453e+03
3.228646655920563717e+03 9.972713701634525751e-01 1.496556180485655863e-02 7.909896425418347462e+03
3.228656028475510084e+03 9.964332795243447949e-01 1.501115844462613813e-02 7.904094125423265723e+03
3.228665401030456451e+03 9.964662044653861406e-01 1.503458287204727760e-02 7.905190207509712309e+03
3.228674773585402818e+03 9.972850461471332029e-01 1.503522447026342350e-02 7.912511681422191032e+03
3.228684146140349185e+03 9.955995635940901867e-01 1.498987715170867728e-02 7.899952840005425969e+03
3.228693518695295552e+03 9.931183425316159052e-01 1.493230880477186030e-02 7.881066377703818034e+03
3.228702891250241919e+03 9.944249571671581744e-01 1.495290674713835137e-02 7.892227861093733736e+03
3.228712263805188286e+03 9.976773313943665400e-01 1.501828103966918772e-02 7.918825268876858900e+03
3.228721636360134653e+03 1.000546041950818976e+00 1.504929764634197441e-02 7.942372045256331148e+03
3.228731008915081020e+03 1.001752332539249446e+00 1.503107824590587185e-02 7.952715412910953091e+03
3.228740381470027387e+03 9.995201967274010002e-01 1.499026532568891075e-02 7.935750802420152468e+03
3.228749754024973754e+03 9.969113150502385556e-01 1.497496999129278514e-02 7.915781162412637059e+03
3.228759126579920121e+03 9.969064828207260254e-01 1.498761950128737683e-02 7.916476350622564496e+03
3.228768499134866488e+03 9.983169342122280021e-01 1.500745783787655468e-02 7.928401213559656753e+03
3.228777871689812855e+03 1.001209751262212455e+00 1.504216866405637225e-02 7.952091586919998917e+03
3.228787244244759222e+03 1.003782677031095583e+00 1.506437003196662433e-02 7.973234897342406839e+03
3.228796616799705589e+03 1.003732228497064227e+00 1.505022360275324635e-02 7.973531788742690878e+03
3.228805989354651956e+03 1.002696705018804257e+00 1.501875953720195785e-02 7.965992373789775229e+03
3.228815361909598323e+03 1.001786558657159487e+00 1.497965306728432471e-02 7.959437471670018567e+03
3.228824734464544690e+03 1.002241677002483122e+00 1.496064260917960922e-02 7.963719395765345325e+03
3.228834107019490602e+03 1.004804479195982259e+00 1.497178346569793921e-02 7.984740532748965052e+03
3.228843479574436969e+03 1.006402460639205021e+00 1.497882863327748559e-02 7.998087115470150820e+03
3.228852852129383336e+03 1.003395712545023910e+00 1.493130939295813676e-02 7.974827821073004088e+03
3.228862224684329703e+03 9.974464932115230109e-01 1.482275548132206550e-02 7.928166384497861145e+03
3.228871597239276070e+03 9.933583821490136190e-01 1.471903057812675580e-02 7.896281502827898294e+03
3.228880969794222437e+03 9.928411111618815621e-01 1.466614099565393368e-02 7.892768545698623711e+03
3.228890342349168805e+03 9.949480458340677069e-01 1.466631939797458963e-02 7.910107989130953683e+03
3.228899714904115172e+03 9.986335268489749950e-01 1.471778680288738338e-02 7.939990551170514664e+03
3.228909087459061539e+03 1.000174455385221872e+00 1.474434955234660630e-02 7.952814927525128951e+03
3.228918460014007906e+03 9.976287109905107586e-01 1.468881227124188907e-02 7.933133664592071000e+03
3.228927832568954273e+03 9.949903298446582944e-01 1.462806137741336221e-02 7.912702687263677944e+03
3.228937205123900640e+03 9.952286126777054598e-01 1.461752161758342328e-02 7.915137021769747662e+03
3.228946577678847007e+03 9.976480173980042387e-01 1.464847251744266256e-02 7.934909263250066942e+03
3.228955950233793374e+03 9.993407716481477188e-01 1.466921460218786194e-02 7.948893995754202479e+03
3.228965322788739741e+03 9.989532130724098069e-01 1.463520120762028774e-02 7.946322121663729376e+03
3.228974695343686108e+03 9.973403516527176160e-01 1.458230814274094449e-02 7.933992194244188795e+03
3.228984067898632475e+03 9.944465217152935743e-01 1.451566436511349430e-02 7.911459564558950660e+03
3.228993440453578842e+03 9.914766388277860276e-01 1.445051164056294392e-02 7.888308889524016195e+03
3.229002813008525209e+03 9.913738227615895848e-01 1.444779221631898973e-02 7.887957354563413901e+03
3.229012185563471576e+03 9.957834675029858529e-01 1.451226879186894546e-02 7.923501496651350863e+03
3.229021558118417488e+03 1.001805252585714623e+00 1.457751850886697745e-02 7.971868104334998861e+03
3.229030930673363855e+03 1.003635462211181162e+00 1.457730535724864086e-02 7.986873532361327307e+03
3.229040303228310222e+03 1.000401605853987963e+00 1.452436161054561706e-02 7.961568588133039157e+03
3.229049675783256589e+03 9.982781284897201957e-01 1.450304516397034338e-02 7.945087965312804954e+03
3.229059048338202956e+03 9.994024998905224333e-01 1.454446798859636812e-02 7.954445678585339920e+03
3.229068420893149323e+03 1.000196709680402751e+00 1.460196504169236631e-02 7.961166148872937811e+03
3.229077793448095690e+03 9.972611930402398572e-01 1.461383470677700067e-02 7.938188456855388722e+03
3.229087166003042057e+03 9.937198124730343141e-01 1.458282429606342842e-02 7.910375436008424003e+03
3.229096538557988424e+03 9.951792413316326025e-01 1.459916562838736720e-02 7.922359755856788979e+03
3.229105911112934791e+03 9.989308327379174957e-01 1.465325785435732733e-02 7.952583105498379155e+03
3.229115283667881158e+03 1.000755018231571647e+00 1.467028285107143011e-02 7.967453980400205182e+03
3.229124656222827525e+03 9.997857886006481509e-01 1.465222385801680238e-02 7.960075336390767916e+03
3.229134028777773892e+03 9.961549447642868982e-01 1.462260103881370815e-02 7.931493784720488293e+03
3.229143401332720259e+03 9.937083412996715603e-01 1.460008045496900657e-02 7.912329152521728247e+03
3.229152773887666626e+03 9.943825351760429143e-01 1.457436983127547402e-02 7.918002929304971985e+03
3.229162146442612993e+03 9.964029842753483468e-01 1.457739242066013671e-02 7.934387238542836712e+03
3.229171518997559360e+03 9.987726797801330658e-01 1.462233913474916824e-02 7.953543720701123675e+03
3.229180891552505727e+03 9.987014977506231128e-01 1.459660336091731653e-02 7.953253189731090970e+03
3.229190264107452094e+03 9.958952857631157007e-01 1.449582286575694899e-02 7.931171032994276175e+03
3.229199636662398461e+03 9.948333231290578116e-01 1.445574637333398374e-02 7.922968653017820543e+03
3.229209009217344374e+03 9.952232330643644431e-01 1.445807434427049190e-02 7.926318828522621516e+03
3.229218381772290741e+03 9.960463774483523380e-01 1.443052777442601492e-02 7.933109575586270694e+03
3.229227754327237108e+03 9.986694042128533289e-01 1.442564042754207985e-02 7.954226286144167716e+03
3.229237126882183475e+03 9.999414481293436019e-01 1.443005332284913282e-02 7.964573331730292921e+03
3.229246499437129842e+03 9.989394343855075853e-01 1.440811304092869810e-02 7.956797283205213716e+03
3.229255871992076209e+03 9.957026033019915623e-01 1.433445447645598919e-02 7.931209337420572410e+03
3.229265244547022576e+03 9.933624196772169457e-01 1.425847635282339806e-02 7.912752359555066505e+03
3.229274617101968943e+03 9.933615652642078242e-01 1.423786040174875034e-02 7.912919032002102540e+03
3.229283989656915310e+03 9.917222841099601061e-01 1.422487493798283049e-02 7.900023920044360239e+03
3.229293362211861677e+03 9.895125882038496856e-01 1.421813239241563782e-02 7.882574175300231218e+03
3.229302734766808044e+03 9.891304802366295279e-01 1.422419346698099857e-02 7.879672719587480969e+03
3.229312107321754411e+03 9.899454383483544673e-01 1.424039005730205580e-02 7.886297367453908009e+03
3.229321479876700778e+03 9.906594336236996812e-01 1.428057553131765328e-02 7.892107801735273824e+03
3.229330852431647145e+03 9.912741475644729627e-01 1.431452396430623122e-02 7.897117359040474184e+03
3.229340224986593512e+03 9.931263078967689228e-01 1.431260183619861501e-02 7.911975343985383915e+03
3.229349597541539879e+03 9.936456841997347578e-01 1.425191760673893623e-02 7.916205496151234911e+03
3.229358970096486246e+03 9.898746997352005916e-01 1.416702553324221923e-02 7.886244673999988663e+03
3.229368342651432613e+03 9.887259335868957555e-01 1.417487988545509600e-02 7.877164338637311630e+03
3.229377715206378980e+03 9.889140988470052074e-01 1.419199383683716030e-02 7.878725155094010915e+03
3.229387087761325347e+03 9.857196077018754998e-01 1.412299159221810929e-02 7.853325943365643980e+03
3.229396460316271259e+03 9.842061103703153568e-01 1.406487356105923063e-02 7.841309088035714012e+03
3.229405832871217626e+03 9.841691651811780295e-01 1.404702540929778781e-02 7.841046025027339056e+03
3.229415205426163993e+03 9.842082946045653813e-01 1.405029697480307364e-02 7.841379019253558909e+03
3.229424577981110360e+03 9.824644328229987789e-01 1.403166508745229933e-02 7.827496514125846261e+03
3.229433950536056727e+03 9.758310898473422368e-01 1.393631413035560304e-02 7.774648452844619896e+03
3.229443323091003094e+03 9.687348718841596318e-01 1.380489256752750332e-02 7.718102669933339712e+03
3.229452695645949461e+03 9.643413241442176931e-01 1.369075373810395985e-02 7.683079860189932333e+03
3.229462068200895828e+03 9.575762627388350046e-01 1.356384182968991756e-02 7.629153220672415955e+03
3.229471440755842195e+03 9.488729142419964901e-01 1.343129015170394305e-02 7.559774731571318625e+03
3.229480813310788562e+03 9.425143255299233136e-01 1.332749505519635787e-02 7.509068181227681634e+03
3.229490185865734929e+03 9.373605345901120378e-01 1.324831734878200232e-02 7.467951336386699950e+03
3.229499558420681296e+03 9.333925277807623155e-01 1.320760623719000743e-02 7.436272657437953967e+03
3.229508930975627663e+03 9.328777374046426374e-01 1.321066546530230354e-02 7.432096307300530498e+03
3.229518303530574030e+03 9.331134549893321806e-01 1.317772591163733457e-02 7.433889642317408288e+03
3.229527676085520397e+03 9.319847892951477197e-01 1.311486632996435205e-02 7.424803836494280404e+03
3.229537048640466764e+03 9.358666535040989221e-01 1.319362232942486099e-02 7.455625380650175430e+03
3.229546421195413131e+03 9.435225364679830085e-01 1.334228335622321578e-02 7.516501912682253533e+03
3.229555793750359499e+03 9.499697830873903293e-01 1.341639222474175219e-02 7.567738530116768743e+03
3.229565166305305866e+03 9.561371158073730392e-01 1.344800393184786454e-02 7.616733856709775864e+03
3.229574538860252233e+03 9.643628157902266462e-01 1.351221320732014924e-02 7.682114571305494792e+03
3.229583911415198145e+03 9.721871852382658608e-01 1.360766992477408129e-02 7.744285929297367147e+03
3.229593283970144512e+03 9.771028234834465698e-01 1.368919978757883633e-02 7.783274769990926870e+03
3.229602656525090879e+03 9.809804257510092995e-01 1.375351944277297851e-02 7.813983438327529257e+03
3.229612029080037246e+03 9.853517327142683468e-01 1.382089010979790401e-02 7.848613143870526983e+03
3.229621401634983613e+03 9.899973693263064423e-01 1.386878573222838189e-02 7.885416125869490315e+03
3.229630774189929980e+03 9.927252607631049663e-01 1.391712123935902670e-02 7.906932473478878819e+03
3.229640146744876347e+03 9.941047015017321353e-01 1.398253569440826606e-02 7.917697561342914923e+03
3.229649519299822714e+03 9.976888665432427361e-01 1.400989770808204818e-02 7.946011221698852751e+03
3.229658891854769081e+03 9.997827482793482101e-01 1.399434200516562476e-02 7.962444115587655688e+03
3.229668264409715448e+03 9.974109638702750580e-01 1.394588072450740450e-02 7.943301556301767050e+03
3.229677636964661815e+03 9.971298728870054973e-01 1.393843190488724612e-02 7.940799612426346357e+03
3.229687009519608182e+03 9.977403337650931903e-01 1.396405853205108342e-02 7.945387413662279869e+03
3.229696382074554549e+03 9.965873158179379132e-01 1.394926257123732527e-02 7.935921939453547566e+03
3.229705754629500916e+03 9.959268041594787624e-01 1.389652880434802569e-02 7.930368694813699221e+03
3.229715127184447283e+03 9.971125854239719644e-01 1.387949117155661514e-02 7.939506787621508010e+03
3.229724499739393650e+03 9.976786314821842749e-01 1.389591203469289250e-02 7.943699526134620100e+03
3.229733872294340017e+03 9.973711292676800122e-01 1.391603858388230745e-02 7.940926655495662999e+03
3.229743244849286384e+03 1.000081675099220302e+00 1.395428389063059146e-02 7.962172066672520486e+03
3.229752617404232751e+03 9.997343366354030092e-01 1.391935182027373603e-02 7.959061071534913026e+03
3.229761989959179118e+03 9.948342359322362993e-01 1.382324981180031893e-02 7.919696398044386115e+03
3.229771362514125030e+03 9.932459260837852577e-01 1.378829223511783900e-02 7.906688470695660726e+03
3.229780735069071397e+03 9.963904683679304375e-01 1.383426297978654872e-02 7.931345458318557576e+03
3.229790107624017764e+03 9.980742052385813690e-01 1.385727205863208911e-02 7.944362320412479676e+03
3.229799480178964131e+03 9.947006341741975177e-01 1.381128193656596705e-02 7.917115077514839868e+03
3.229808852733910499e+03 9.927732153630327572e-01 1.378110735926560589e-02 7.901370159391575726e+03
3.229818225288856866e+03 9.932942415595710228e-01 1.379258185456265148e-02 7.905102576412462440e+03
3.229827597843803233e+03 9.955545869317760088e-01 1.384398988476099115e-02 7.922665994671739099e+03
3.229836970398749600e+03 1.000235648252137510e+00 1.391950534050532054e-02 7.959480401469586468e+03
3.229846342953695967e+03 1.002271846790653731e+00 1.393505946424696690e-02 7.975234868363921123e+03
3.229855715508642334e+03 1.000214276241427447e+00 1.385059339700904502e-02 7.958404373978403783e+03
3.229865088063588701e+03 9.962778441902990778e-01 1.375035828379366290e-02 7.926616922894529125e+03
3.229874460618535068e+03 9.936279189145124091e-01 1.372610917635988526e-02 7.905058162324510704e+03
3.229883833173481435e+03 9.946654235023125734e-01 1.375654195325802000e-02 7.912826304686262120e+03
3.229893205728427802e+03 9.971314195872191810e-01 1.378635456572659991e-02 7.931946588328002690e+03
3.229902578283374169e+03 9.980730859209078210e-01 1.379183250751433130e-02 7.938929302655360516e+03
3.229911950838320536e+03 9.999759085399946290e-01 1.379308555187428592e-02 7.953545649415746084e+03
3.229921323393266903e+03 1.002674489842213301e+00 1.380684417658108697e-02 7.974478631741263598e+03
3.229930695948213270e+03 1.002089986013257494e+00 1.375908068707038835e-02 7.969289211499515659e+03
3.229940068503159637e+03 9.999349590114985364e-01 1.367616016871999775e-02 7.951601216871684301e+03
3.229949441058106004e+03 9.998305062446412039e-01 1.368646181604829190e-02 7.950210671869604994e+03
3.229958813613051916e+03 9.994906785280198713e-01 1.371507105893060921e-02 7.946938579641033357e+03
3.229968186167998283e+03 9.974102961231211539e-01 1.366445040250157880e-02 7.929818560559879188e+03
3.229977558722944650e+03 9.959568795636782879e-01 1.359527978432094851e-02 7.917675064399852999e+03
3.229986931277891017e+03 9.950732811622516882e-01 1.355362423011196617e-02 7.910052745408376722e+03
3.229996303832837384e+03 9.949130432389613476e-01 1.354551170263374946e-02 7.908171050829302658e+03
3.230005676387783751e+03 9.964838330716314641e-01 1.355975073948835138e-02 7.920037582990795272e+03
3.230015048942730118e+03 9.997445567931578791e-01 1.358897816217535283e-02 7.945322480205304601e+03
3.230024421497676485e+03 1.002392643909219005e+00 1.363428313998049993e-02 7.965724579249597809e+03
3.230033794052622852e+03 1.002243520913862929e+00 1.365353473146150264e-02 7.963886228214856601e+03
3.230043166607569219e+03 9.995376805329670988e-01 1.361993623114055377e-02 7.941723711949010976e+03
3.230052539162515586e+03 9.968326694333473625e-01 1.358637563388279818e-02 7.919561195683165352e+03
3.241881911121511166e+03 9.966802362260163139e-01 9.583626539664540089e-03 7.529344047681082884e+03
3.241890243562971136e+03 9.956935830702950962e-01 9.578116284528705518e-03 7.521203162930276449e+03
3.241898576004431106e+03 9.958477333538413578e-01 9.584900523737480832e-03 7.521671537975253159e+03
3.241906908445891077e+03 9.954744154456275362e-01 9.584971243978626654e-03 7.518147002002794579e+03
3.241915240887351047e+03 9.953866861473305017e-01 9.572604712223360332e-03 7.516770129053682467e+03
3.241923573328811472e+03 9.958751389852853464e-01 9.568515170891273014e-03 7.519734100422170741e+03
3.241931905770271442e+03 9.964680550591885622e-01 9.584545863005888844e-03 7.523475654882453455e+03
3.241940238211731412e+03 9.975608201732714120e-01 9.589283560943047749e-03 7.530979021421977450e+03
3.241948570653191382e+03 9.977664582730366716e-01 9.568187203148257464e-03 7.531772822973938673e+03
3.241956903094651352e+03 9.997286620819588743e-01 9.589961203046021981e-03 7.545812856943807674e+03
3.241965235536111322e+03 1.001338645039049569e+00 9.616230518449406586e-03 7.557179364636092942e+03
3.241973567977571292e+03 9.993605659285880183e-01 9.586404554805260519e-03 7.541454107187698355e+03
3.241981900419031717e+03 9.977727046096185326e-01 9.553951763871550845e-03 7.528663285364797957e+03
3.241990232860491687e+03 9.959306324355347018e-01 9.531285803476360549e-03 7.513943583761905757e+03
3.241998565301951658e+03 9.956462297923059923e-01 9.536183590181393499e-03 7.510963740321734804e+03
3.242006897743411628e+03 9.980345483099816173e-01 9.564226814613750044e-03 7.528130192960945351e+03
3.242015230184871598e+03 9.991609847211972983e-01 9.573874866251375765e-03 7.535760432450375447e+03
3.242023562626331568e+03 9.997176873382340734e-01 9.583676194873316442e-03 7.539076999342972158e+03
3.242031895067791538e+03 9.986782396133164763e-01 9.573696875347289040e-03 7.530342403192073107e+03
3.242040227509251963e+03 9.969704875332455751e-01 9.538115039860585107e-03 7.516557273230337159e+03
3.242048559950711933e+03 9.969732328762419549e-01 9.522115167825048396e-03 7.515656929896057591e+03
3.242056892392171903e+03 9.941237562458159482e-01 9.498020654600317775e-03 7.493245851693547593e+03
3.242065224833631873e+03 9.902365006417012117e-01 9.454667908653993993e-03 7.463007746827099254e+03
3.242073557275091844e+03 9.897294497968956994e-01 9.444171186406851229e-03 7.458238881354413934e+03
3.242081889716551814e+03 9.893920275307090950e-01 9.459202849372252975e-03 7.454739825938163449e+03
3.242090222158011784e+03 9.879742797119830389e-01 9.447176403559276112e-03 7.443094211224308310e+03
3.242098554599472209e+03 9.867508148384530609e-01 9.420057545295323562e-03 7.432907368667198170e+03
3.242106887040932179e+03 9.858003939370408863e-01 9.416354198219749685e-03 7.424772839088484943e+03
3.242115219482392149e+03 9.856939036122946973e-01 9.428776568714028819e-03 7.422989900476046387e+03
3.242123551923852119e+03 9.860434456626967492e-01 9.430312224465581261e-03 7.424636148770812724e+03
3.242131884365312089e+03 9.856637410463273685e-01 9.414160859891083227e-03 7.420787456081860000e+03
3.242140216806772059e+03 9.823172230254481052e-01 9.359557885100171226e-03 7.394603139674462000e+03
3.242148549248232030e+03 9.769708405756405423e-01 9.293523294051621308e-03 7.353371005068841441e+03
3.242156881689692455e+03 9.712730220847590745e-01 9.249178344120510126e-03 7.309503576493551918e+03
3.242165214131152425e+03 9.665721686143186053e-01 9.215506894952841047e-03 7.273149094029389744e+03
3.242173546572612395e+03 9.611285071238701017e-01 9.156758490567103517e-03 7.231215916811433999e+03
3.242181879014072365e+03 9.567275760253058925e-01 9.101434026413269401e-03 7.197139145472792734e+03
3.242190211455532335e+03 9.571716906226792609e-01 9.105466562406655529e-03 7.199516163404052350e+03
3.242198543896992305e+03 9.580054744750787776e-01 9.125032834148030098e-03 7.204825859099732043e+03
3.242206876338452275e+03 9.565113969570147034e-01 9.123999517916706742e-03 7.192633037778536163e+03
3.242215208779912700e+03 9.528029138385304408e-01 9.097070844734217107e-03 7.163798549341532635e+03
3.242223541221372670e+03 9.446678907567699346e-01 9.020004362654062899e-03 7.101699701706647829e+03
3.242231873662832641e+03 9.334326899358235119e-01 8.913083258338554138e-03 7.016320168057654882e+03
3.242240206104292611e+03 9.124497217087856882e-01 8.708679907037789047e-03 6.857708317488351895e+03
3.242248538545752581e+03 8.892899351341602143e-01 8.476306578893267815e-03 6.682786713724472975e+03
3.242256870987212551e+03 8.647881458482745698e-01 8.242447696383629549e-03 6.497834475673627821e+03
3.242265203428672521e+03 8.424940054238182485e-01 8.041893419683476818e-03 6.329523482595963287e+03
3.242273535870132946e+03 8.256971008165288062e-01 7.902461592600617396e-03 6.202558577641791999e+03
3.242281868311592916e+03 8.110766174759020952e-01 7.778801075971611932e-03 6.091981918418261557e+03
3.242290200753052886e+03 8.073401356620554248e-01 7.741077118221319740e-03 6.063182210348271838e+03
3.242298533194512856e+03 8.083347123706283721e-01 7.750619370881138559e-03 6.069926780870159746e+03
3.242306865635972827e+03 8.110794192777835976e-01 7.798717809026118816e-03 6.089821988414099906e+03
3.242315198077432797e+03 8.119618265087809039e-01 7.825332986739331684e-03 6.095743999065579374e+03
3.242323530518892767e+03 8.149005866263642206e-01 7.851282165120774051e-03 6.117114085253016128e+03
3.242331862960353192e+03 8.209242385271859899e-01 7.908859623431770472e-03 6.161647832896102045e+03
3.242340195401813162e+03 8.312388109014262616e-01 8.008949033341771634e-03 6.238389756701008992e+03
3.242348527843273132e+03 8.438811062681481623e-01 8.119219324682559052e-03 6.332598598897394368e+03
3.242356860284733102e+03 8.624203896736907238e-01 8.288584645550774177e-03 6.471051789423127957e+03
3.242365192726193072e+03 8.821256223090306881e-01 8.482257158180886783e-03 6.618242404583303141e+03
3.242373525167653042e+03 9.049571001792260372e-01 8.724445614750794484e-03 6.788875751785788452e+03
3.242381857609113013e+03 9.268423078287476580e-01 8.951400695025802517e-03 6.952398679520692895e+03
3.242390190050573437e+03 9.425776613332779164e-01 9.096628353712945050e-03 7.069786157613836622e+03
3.242398522492033408e+03 9.570860728442172061e-01 9.232094308853421721e-03 7.177973755644441553e+03
3.242406854933493378e+03 9.701381031008193823e-01 9.339462257505154116e-03 7.275245233460627787e+03
3.242415187374953348e+03 9.814770687567504481e-01 9.423289568563308904e-03 7.359680480255779912e+03
3.242423519816413318e+03 9.892636890998576238e-01 9.497758469146064253e-03 7.417493490371145526e+03
3.242431852257873288e+03 9.953671129251002725e-01 9.557646652526742212e-03 7.462705819079083085e+03
3.242440184699333258e+03 9.963795443393165252e-01 9.548834471218290917e-03 7.469773710106412182e+03
3.242448517140793228e+03 9.961926612955031013e-01 9.538519672174746930e-03 7.467879807421157238e+03
3.242456849582253653e+03 9.960121366558204459e-01 9.560030693631095880e-03 7.466064434429027642e+03
3.242465182023713623e+03 9.960572248852723742e-01 9.583221009898369724e-03 7.465971881705374471e+03
3.242473514465173594e+03 9.969360181260523701e-01 9.601001989026950248e-03 7.472160477057946991e+03
3.242481846906633564e+03 9.991687761753871300e-01 9.625675716590141595e-03 7.488529420052696878e+03
3.242490179348093534e+03 1.000233456730403869e+00 9.631771180903964460e-03 7.496177079522268286e+03
3.242498511789553504e+03 9.999364756247089980e-01 9.629893846376413880e-03 7.493654875437813644e+03
3.242506844231013474e+03 1.000215518955648974e+00 9.640268591871364867e-03 7.495485647437441003e+03
3.242515176672473899e+03 9.992711017189487288e-01 9.640557124217559101e-03 7.488185163426041981e+03
3.242523509113933869e+03 9.977329696255599067e-01 9.638593847975777257e-03 7.476474003442614048e+03
3.242531841555393839e+03 9.985590582495169620e-01 9.654042130823525455e-03 7.482517955256891582e+03
3.242540173996853810e+03 9.989818866245775419e-01 9.660671549499783364e-03 7.485579657771805614e+03
3.242548506438313780e+03 9.983383855564602616e-01 9.661867284273505108e-03 7.480691710267386043e+03
3.242556838879773750e+03 9.995189840620193333e-01 9.655492438531086338e-03 7.489513460504043906e+03
3.242565171321233720e+03 9.995476203212680932e-01 9.628348044430206157e-03 7.489745780802722948e+03
3.242573503762694145e+03 9.978005017160884726e-01 9.616148430183603726e-03 7.476715303823529212e+03
3.242581836204154115e+03 9.980194355020078900e-01 9.630257536577419356e-03 7.478460855875900961e+03
3.242590168645614085e+03 1.000248611038889512e+00 9.659387313261854138e-03 7.495315110271012600e+03
3.242598501087074055e+03 1.002343811311386279e+00 9.682594459193219136e-03 7.511212163076080287e+03
3.242606833528534025e+03 1.001402006067669159e+00 9.669381962866738928e-03 7.504398126567895815e+03
3.242615165969993996e+03 9.997312336466053218e-01 9.655003872212424357e-03 7.492168403620831668e+03
3.383721751559009135e+03 1.000379169968166115e+00 6.362532650936720061e-03 5.344667776668980878e+03
3.383730351403000896e+03 9.995279649107310371e-01 6.356291975063421522e-03 5.339824887526508974e+03
3.383738951246992656e+03 9.994863714686296197e-01 6.356856644128612566e-03 5.339307487978492645e+03
3.383747551090984416e+03 9.995071243782431836e-01 6.364694145901413080e-03 5.339123151995965600e+03
3.383756150934976176e+03 9.995506320271922984e-01 6.371945895649800372e-03 5.339060347299191562e+03
3.383764750778967937e+03 1.000360486011491412e+00 6.382888853452390113e-03 5.343090699344787936e+03
3.383773350622959697e+03 1.000094471503892857e+00 6.383702796024307881e-03 5.341374499331252082e+03
3.383781950466951457e+03 9.979284343558637582e-01 6.368928468321483419e-03 5.329511243806888160e+03
3.383790550310943217e+03 9.966420039128138786e-01 6.366316431507083005e-03 5.322346613172288926e+03
3.383799150154934978e+03 9.952542302620678294e-01 6.366624565749354030e-03 5.314641571320396906e+03
3.383807749998926738e+03 9.940340765948963986e-01 6.362316301201043946e-03 5.307832387720412044e+03
3.383816349842918498e+03 9.949104789126238524e-01 6.373061005957912292e-03 5.312218261654941671e+03
3.383824949686910259e+03 9.957870251844223031e-01 6.388379928355858786e-03 5.316604386492859703e+03
3.383833549530902019e+03 9.966017422241059132e-01 6.394253640208896229e-03 5.320659899503618362e+03
3.383842149374893779e+03 9.968337700393017364e-01 6.388361886193695202e-03 5.321604240659897187e+03
3.383850749218885539e+03 9.941937186586765618e-01 6.371335693527411387e-03 5.307216677598780734e+03
3.383859349062877300e+03 9.915850782174773226e-01 6.363640704497831001e-03 5.292998342959428555e+03
3.383867948906869060e+03 9.910247793223957435e-01 6.366042726430480581e-03 5.289714820371142196e+03
3.383876548750860820e+03 9.908070384673342001e-01 6.366564644723987643e-03 5.288259972611593184e+03
3.383885148594852581e+03 9.895653989543105045e-01 6.364226498803115736e-03 5.281340675145022033e+03
3.383893748438844341e+03 9.875889613342073714e-01 6.358476790852194555e-03 5.270500688241829266e+03
3.383902348282836101e+03 9.846642631820695657e-01 6.337573518818020654e-03 5.254601533584293065e+03
3.383910948126827861e+03 9.816172057687655439e-01 6.310577511469270089e-03 5.238051179825420149e+03
3.383919547970819622e+03 9.771032773537687843e-01 6.279190320110740464e-03 5.213675623645782252e+03
3.383928147814811382e+03 9.714734866500984722e-01 6.245965993156535334e-03 5.183348990592852715e+03
3.383936747658803142e+03 9.626632285081562213e-01 6.190064886101503266e-03 5.136057067410454692e+03
3.383945347502794903e+03 9.540861125177522162e-01 6.134122406579195323e-03 5.090014153116379930e+03
3.383953947346786663e+03 9.463690931770204484e-01 6.089628897995325377e-03 5.048564635050256584e+03
3.383962547190778423e+03 9.386306674459511390e-01 6.046841809935139637e-03 5.007005485688145200e+03
3.383971147034770183e+03 9.359971379449821827e-01 6.034588588635921708e-03 4.992680816961901655e+03
3.383979746878761944e+03 9.360092242813715657e-01 6.037820198296999646e-03 4.992468841085959866e+03
3.383988346722753704e+03 9.373854511193473460e-01 6.049697744860259990e-03 4.999532482778397934e+03
3.383996946566745464e+03 9.366235008635485082e-01 6.045555917244776860e-03 4.995192004762062425e+03
3.384005546410737225e+03 9.268176391206222053e-01 5.981164939858038369e-03 4.942621740741898975e+03
3.384014146254728985e+03 9.123410998332427413e-01 5.893070831812018823e-03 4.865150412516759388e+03
3.384022746098720745e+03 8.853509787523027308e-01 5.721569482355939179e-03 4.720961401361167191e+03
3.384031345942712505e+03 8.548667597703142329e-01 5.525329156222122742e-03 4.558157769431623819e+03
3.384039945786704266e+03 8.172001919142936055e-01 5.293379593524698973e-03 4.357077912329312312e+03
3.384048545630696026e+03 7.795871439175992013e-01 5.064422456933067619e-03 4.156305641256354647e+03
3.384057145474687786e+03 7.490393867687482610e-01 4.872187206474346347e-03 3.993221526345623715e+03
3.384065745318679546e+03 7.236918488699195517e-01 4.707401139137108899e-03 3.857876931201683874e+03
3.384074345162671307e+03 7.111440021957847746e-01 4.630976659126324023e-03 3.790776483456765163e+03
3.384082945006663067e+03 7.034874459294924165e-01 4.587597149846764887e-03 3.749755187300659600e+03
3.384091544850654827e+03 7.084976347312684775e-01 4.617687418152095075e-03 3.776251432700038549e+03
3.384100144694646588e+03 7.147163151536851666e-01 4.655496944457457840e-03 3.809185552184280823e+03
3.384108744538638348e+03 7.209040531894398418e-01 4.699441893285201399e-03 3.841951095505730336e+03
3.384117344382630108e+03 7.272880273060515766e-01 4.742413669732850785e-03 3.875758736890545151e+03
3.384125944226621868e+03 7.371008713505702303e-01 4.802629674512263851e-03 3.927834235018643540e+03
3.384134544070613629e+03 7.500191357779566470e-01 4.885130628625713664e-03 3.996451062064793405e+03
3.384143143914605389e+03 7.723088766365228119e-01 5.035707047732277709e-03 4.114993079121526534e+03
3.384151743758597149e+03 7.980060828861044175e-01 5.207681682697994953e-03 4.251676478767619301e+03
3.384160343602588910e+03 8.309350945838631652e-01 5.414414163545006736e-03 4.426872717293549613e+03
3.384168943446580670e+03 8.644737010424409229e-01 5.619119991025460156e-03 4.605296989471641609e+03
3.384177543290572430e+03 8.966178384467202722e-01 5.813182101486322889e-03 4.776273129802153562e+03
3.384186143134564190e+03 9.257356931917807286e-01 5.992021795298355102e-03 4.931110203079720122e+03
3.384194742978555951e+03 9.467330772820348184e-01 6.135300270523778507e-03 5.042677217682311493e+03
3.384203342822547711e+03 9.660200232025391021e-01 6.272886759445331362e-03 5.145121859989433688e+03
3.384211942666539926e+03 9.792009890773474279e-01 6.362160147170702225e-03 5.215035836225766616e+03
3.384220542510531686e+03 9.899895542725484221e-01 6.428520394817728925e-03 5.272201268037516456e+03
3.384229142354523447e+03 9.937915681511571009e-01 6.450238952264143906e-03 5.292155427605381192e+03
3.384237742198515207e+03 9.954941677538993172e-01 6.465393478815419440e-03 5.300928125510944483e+03
3.384246342042506967e+03 9.962533136923968913e-01 6.475259857691816577e-03 5.304676279814642839e+03
3.384254941886498727e+03 9.977452642007261785e-01 6.487843625294324214e-03 5.312325679522073187e+03
3.384263541730490488e+03 9.993471720386074564e-01 6.507327539224789202e-03 5.320559614653619064e+03
3.384272141574482248e+03 1.000431758061708587e+00 6.524925449409619757e-03 5.326038516743428772e+03
3.384280741418474008e+03 1.000308736770168849e+00 6.525416667593162204e-03 5.325088147536451288e+03
3.384289341262465769e+03 1.000132203627278615e+00 6.522420744232904598e-03 5.323852999424928385e+03
3.384297941106457529e+03 9.999985436146757722e-01 6.527253227967742127e-03 5.322846162999053377e+03
3.384306540950449289e+03 1.000148175124607963e+00 6.535587268262644557e-03 5.323347241245927762e+03
3.384315140794441049e+03 1.000780250201444455e+00 6.548007757601381588e-03 5.326415922761731053e+03
3.384323740638432810e+03 1.001045223267130302e+00 6.557342704226592697e-03 5.327530525805087564e+03
3.384332340482424570e+03 1.000279046165081676e+00 6.551244812345913097e-03 5.323157528803056266e+03
3.384340940326416330e+03 9.996638899414674873e-01 6.546105229740989233e-03 5.319588623431646738e+03
3.384349540170408090e+03 1.001002349354224608e+00 6.556316436884914063e-03 5.326415430125493003e+03
3.384358140014399851e+03 1.002437184744701337e+00 6.565941485513512692e-03 5.333754242207080097e+03
3.384366739858391611e+03 1.000987992098862689e+00 6.554231841865492021e-03 5.325747761080509008e+03
3.384375339702383371e+03 9.992411665896505646e-01 6.542083322831545103e-03 5.316158670862963845e+03
3.384383939546375132e+03 9.990772730054308104e-01 6.540135357260614193e-03 5.314991652766015250e+03
3.384392539390366892e+03 9.991605885923711128e-01 6.536367277988389644e-03 5.315139786652829571e+03
3.384401139234358652e+03 9.992315552063743000e-01 6.537085840135985725e-03 5.315222183313508140e+03
