9.999993556873656431e-01
9.999993297859040009e-01
9.999992942493332038e-01
9.999992499493184361e-01
9.999991950984810085e-01
9.999991085739207142e-01
9.999988616278219222e-01
9.999978234728439386e-01
9.999934689144889255e-01
9.999776362579687605e-01
9.999294469497852500e-01
9.998081562249679921e-01
9.995581756080069713e-01
9.991422506002507475e-01
9.985980721644711622e-01
9.980708655539726193e-01
9.977618045916571976e-01
9.977989765074440909e-01
9.981309145034049646e-01
9.985381535428686783e-01
9.987407833976759131e-01
9.984918954697143967e-01
9.975907649087973894e-01
9.958523667282144221e-01
9.931034520579168356e-01
9.891966562998979473e-01
9.838258967174594583e-01
9.755508810016630949e-01
9.593044372783663398e-01
9.234021055455151616e-01
8.517310572468377305e-01
7.382922266571704251e-01
6.080079547868484369e-01
5.173726471140127625e-01
5.178288448437727842e-01
6.112720323697984348e-01
7.477746413569850148e-01
8.684084711248902799e-01
9.446835582193808811e-01
9.810818007939350327e-01
9.945792869410065018e-01
9.985994933178738986e-01
9.996266297445297599e-01
9.998836480010873107e-01
9.999574671626609845e-01
9.999824474702838639e-01
9.999915388085314216e-01
9.999949429769627862e-01
9.999963193791018279e-01
9.999969850504093483e-01
9.999973912647041052e-01
9.999976869416175029e-01
9.999979223908155301e-01
9.999981171697123195e-01
9.999982810511163223e-01
9.999984202135061562e-01
9.999985391155283843e-01
9.999986411610757298e-01
9.999987290113393490e-01
9.999988047724897022e-01
9.999988701242183975e-01
9.999989264124831134e-01
9.999989747178449351e-01
9.999990159062883688e-01
9.999990506670961565e-01
9.999990795408931765e-01
9.999991029399319942e-01
9.999991211615981701e-01
9.999991343911978081e-01
9.999991426457418564e-01
9.999991452437132500e-01
9.999991369128140573e-01
9.999990844017899727e-01
9.999988127053649478e-01
9.999975645248064815e-01
9.999926797187375094e-01
9.999766975909252231e-01
9.999333787541655472e-01
9.998368994362065720e-01
9.996623572354668141e-01
9.994110057408314152e-01
9.991348814870095740e-01
9.989293824415148570e-01
9.988800864157378889e-01
9.989983623585825256e-01
9.992023361034538809e-01
9.993574776612054178e-01
9.993320009169963658e-01
9.990188311167885749e-01
9.983240621279956262e-01
9.971565959965650316e-01
9.954336447313617553e-01
9.930258705083734316e-01
9.893480787301158763e-01
9.820016292760911369e-01
9.642932756777211623e-01
9.242236480314194313e-01
8.512611510149853400e-01
7.527900387986512509e-01
6.648418725696507714e-01
6.345254776670761210e-01
6.811817524763503773e-01
7.780255626928157531e-01
8.767618366420524278e-01
9.453893989636141804e-01
9.805776591479491433e-01
9.943559065302955968e-01
9.985915447387441191e-01
9.996615739903409459e-01
9.999075329080187036e-01
9.999690012840114495e-01
9.999878662262189355e-01
9.999945200196733719e-01
9.999969778810269272e-01
9.999979349582471810e-01
9.999983645828922629e-01
9.999986067666297718e-01
9.999987748684606714e-01
9.999989064449384957e-01
9.999990151170251584e-01
9.999991070339883104e-01
9.999991857943200113e-01
9.999992539036463013e-01
9.999993132526874273e-01
9.999993653176135755e-01
9.999994112712383698e-01
9.999994520566062306e-01
9.999994884395482231e-01
9.999995210471499529e-01
9.999995503944520969e-01
9.999995768941630780e-01
9.999996008291868188e-01
9.999996222605384011e-01
9.999996409002940290e-01
9.999996561207591395e-01
9.999996673011589676e-01
9.993850427367664269e-01
9.993718168060810036e-01
9.993543711032381038e-01
9.993334755088021382e-01
9.993100029740491497e-01
9.992845626258461955e-01
9.992574246263667970e-01
9.992286232373659427e-01
9.991980751698982255e-01
9.991656468244582978e-01
9.991311788873655786e-01
9.990944913347499234e-01
9.990553819753240639e-01
9.990136229230273113e-01
9.989689557718918200e-01
9.989210848293748057e-01
9.988696650980590785e-01
9.988142687822829657e-01
9.987542527276871418e-01
9.986881919894105009e-01
9.986116172908299227e-01
9.985089813975116524e-01
9.983288514483363851e-01
9.979184537473499983e-01
9.968795747650067707e-01
9.943149316690952366e-01
9.885061662611529520e-01
9.767306174886009051e-01
9.556099800808259825e-01
9.223568252749467788e-01
8.768032495597797293e-01
8.232770548616978878e-01
7.708871180375328480e-01
7.312967994990242637e-01
7.145319154862708189e-01
7.247770252065315333e-01
7.583636655605204835e-01
8.050063766899254736e-01
8.515324102316704780e-01
8.860377189381204444e-01
9.004423709305677814e-01
8.907439596386959035e-01
8.558336805788879786e-01
7.963730319873278951e-01
7.146384915316086328e-01
6.151223763290902813e-01
5.049484998616166065e-01
3.932569821426992185e-01
2.894489761639689740e-01
2.009982194145059908e-01
1.318665023106375400e-01
8.220168500462174399e-02
4.925416635470103444e-02
2.887421355330474157e-02
1.688318679743111561e-02
9.930609226252901794e-03
5.805457749989995433e-03
3.377398511236956620e-03
2.493015831317431028e-03
4.307446856611458347e-03
1.239802369560493236e-02
3.408260626158030049e-02
7.988786093486194284e-02
1.590688408362296025e-01
2.725345208471054992e-01
4.089896468103595417e-01
5.490193077341836148e-01
6.744178811260015394e-01
7.751251380918928735e-01
8.497146812762781387e-01
9.018240233060481614e-01
9.366254752611647971e-01
9.589907809127174998e-01
9.728971165531627996e-01
9.813392384975826443e-01
9.864180516088393302e-01
9.895095592717595423e-01
9.914601215686458247e-01
9.927632707953452096e-01
9.936950516868049421e-01
9.944057031698440019e-01
9.949762970808052609e-01
9.954512903242735966e-01
9.958561823352605202e-01
9.962066675576435326e-01
9.965132306952322327e-01
9.967834221875588874e-01
9.970229980498316324e-01
9.972365165813876775e-01
9.974276754830504466e-01
9.975995209971036948e-01
9.977545895534902787e-01
9.978950102805907996e-01
9.980225824704967996e-01
9.981388356220387559e-01
9.982450762128840527e-01
9.983424214000291563e-01
9.984318098232460859e-01
9.985139564280967051e-01
9.985891923452171470e-01
9.986571700832077569e-01
9.987166117600416726e-01
9.987655292822610331e-01
9.988022077425040557e-01
9.996824105112700476e-01
9.996757381917529273e-01
9.996669864134385408e-01
9.996565066012119694e-01
9.996447126954814966e-01
9.996319094514268810e-01
9.996182448827601874e-01
9.996037489368767570e-01
9.995883880300191482e-01
9.995720999276764829e-01
9.995548082173100202e-01
9.995364260254990807e-01
9.995168557427316358e-01
9.994959874102842257e-01
9.994736963298356258e-01
9.994498393708699524e-01
9.994242469992435929e-01
9.993966970626910751e-01
9.993668094944647695e-01
9.993336250122737408e-01
9.992940600477066004e-01
9.992378678514566293e-01
9.991332582774516968e-01
9.988915391949153566e-01
9.982938712591065133e-01
9.968686195702061159e-01
9.937412978570964173e-01
9.875506451697917409e-01
9.766037658231113694e-01
9.594394911828731942e-01
9.357800491821610667e-01
9.074963188182594287e-01
8.789280251076792005e-01
8.560176930041144550e-01
8.443333646104316248e-01
8.468221335930739002e-01
8.624670954351569829e-01
8.865861548614124565e-01
9.125645943332258980e-01
9.340152124063405559e-01
9.462564577407817090e-01
9.465956064157525773e-01
9.337001138011600254e-01
9.067789371276484545e-01
8.651919767658611260e-01
8.086795580460015564e-01
7.379905079901106779e-01
6.554833221588683978e-01
5.653053866436603681e-01
4.729593199094410672e-01
3.843450915352359387e-01
3.045929386133802153e-01
2.370621452392976392e-01
1.827753744075972797e-01
1.404322942625296222e-01
1.071067784600258643e-01
7.959982951215475999e-02
5.594925922568483312e-02
3.617943448118576821e-02
2.191840370074693567e-02
1.587563892635940679e-02
2.255483035527806879e-02
4.970979373608377938e-02
1.075800702079165450e-01
2.034669543426119998e-01
3.340987256644885051e-01
4.828751939345673483e-01
6.264237074557992280e-01
7.459520995064474747e-01
8.341956836780256568e-01
8.940366580172399713e-01
9.327277923772894219e-01
9.572429019804882255e-01
9.726231295107032881e-01
9.821630667924164948e-01
9.880003657353306767e-01
9.915381995639298562e-01
9.936874442138330377e-01
9.950201903337860809e-01
9.958813708901921302e-01
9.964710748543640362e-01
9.969018195894379097e-01
9.972356616051480938e-01
9.975067281832572519e-01
9.977341513421059682e-01
9.979291484983671134e-01
9.980987526373266139e-01
9.982477245927747767e-01
9.983795221318501056e-01
9.984967964214159775e-01
9.986016566881305012e-01
9.986958213814914886e-01
9.987807123094087913e-01
9.988575183916610367e-01
9.989272417836225770e-01
9.989907327726725850e-01
9.990487169332942230e-01
9.991018166346323781e-01
9.991505682718054837e-01
9.991954361357041625e-01
9.992368232861036370e-01
9.992750782946773214e-01
9.993104923270251794e-01
9.993432722027809634e-01
9.993734689754294465e-01
9.994008643259968405e-01
9.994248922417303671e-01
9.994447478566570453e-01
9.994597630926993492e-01
