3.065534197329467588e+03 1.002662044933628094e+00 9.867412818664690610e-03 1.405252130126953125e+04
3.065542580948553677e+03 1.000368425604278411e+00 9.837893726909628309e-03 1.402402300317267327e+04
3.065550964567640222e+03 9.980414204138345902e-01 9.808050171512656956e-03 1.399552470507426915e+04
3.065559348186726311e+03 9.981443062363840601e-01 9.822293283641017961e-03 1.400153814526520182e+04
3.065567731805812400e+03 9.982416334932153745e-01 9.836666199113292680e-03 1.400788282243020694e+04
3.065576115424898944e+03 1.000332715156266428e+00 9.856890129884356838e-03 1.404258661581391061e+04
3.065584499043985033e+03 1.002500609602291259e+00 9.877174420597463825e-03 1.407872454966317491e+04
3.065592882663071123e+03 9.987582649529590517e-01 9.832905073446366467e-03 1.403214587046523229e+04
3.065601266282157667e+03 9.946410582138309753e-01 9.784562311061228979e-03 1.398050750412794878e+04
3.065609649901243756e+03 9.934312165401930628e-01 9.766810671134744035e-03 1.396991687539155282e+04
3.065618033520329845e+03 9.925207020340052200e-01 9.752220312436095037e-03 1.396369900614344078e+04
3.065626417139416390e+03 9.982152383791753625e-01 9.778904750968374013e-03 1.405057874767471549e+04
3.065634800758502479e+03 1.004927930891498233e+00 9.811938855047460870e-03 1.415197606534431179e+04
3.065643184377588568e+03 1.004129833078952316e+00 9.823675195945572730e-03 1.414770636697901500e+04
3.065651567996675112e+03 1.002065551923013498e+00 9.831802568056147856e-03 1.412560186537798108e+04
3.065659951615761202e+03 9.983324365183855464e-01 9.774483358746461834e-03 1.407991882436622654e+04
3.065668335234847291e+03 9.942322693095001496e-01 9.702600004492346192e-03 1.402895304077912260e+04
3.065676718853933835e+03 9.964978819487126938e-01 9.741221310768663835e-03 1.406770791876651674e+04
3.065685102473019924e+03 1.000285212749387087e+00 9.806201548718852107e-03 1.412785759475941632e+04
3.065693486092106014e+03 9.993205566530756201e-01 9.802853242349989296e-03 1.412074287648121935e+04
3.065701869711192558e+03 9.969405887656311860e-01 9.779097540047739651e-03 1.409340263278441125e+04
3.065710253330278647e+03 9.958807811285870226e-01 9.751170145230199371e-03 1.408446040689233268e+04
3.065718636949364736e+03 9.952539083927766095e-01 9.722078932352683223e-03 1.408134982614901128e+04
3.065727020568451280e+03 9.970418393054891748e-01 9.742136699959942636e-03 1.411209200747055729e+04
3.065735404187537370e+03 9.996514923200415792e-01 9.778738994384117075e-03 1.415412979746349265e+04
3.065743787806623459e+03 9.987100429321081885e-01 9.786878036742070047e-03 1.414549875823233560e+04
3.065752171425709548e+03 9.963475573996802837e-01 9.783656186650250761e-03 1.411629056238575504e+04
3.065760555044796092e+03 1.001043885137226308e+00 9.815810488329681713e-03 1.418662698897434529e+04
3.065768938663882182e+03 1.008759773092696710e+00 9.863200932623935463e-03 1.429928593568008546e+04
3.065777322282968271e+03 1.005837798049211917e+00 9.851568503756638617e-03 1.426061326384256972e+04
3.065785705902054815e+03 9.975351098495578439e-01 9.810174550336211996e-03 1.414503492421595001e+04
3.065794089521140904e+03 9.917876183773586263e-01 9.737358613446270988e-03 1.406506700468645431e+04
3.065802473140226994e+03 9.874088878275855130e-01 9.648034293545689269e-03 1.400397729446509584e+04
3.065810856759313538e+03 9.893604651056521204e-01 9.653552367794950018e-03 1.403223201713146045e+04
3.065819240378399627e+03 9.952813937357704033e-01 9.718511372645368546e-03 1.411643937604301573e+04
3.065827623997485716e+03 9.964734207029428692e-01 9.737439627618114241e-03 1.413331233815181804e+04
3.065836007616572260e+03 9.945836492925649308e-01 9.726370203817658738e-03 1.410629710294274264e+04
3.065844391235658350e+03 9.948404318352829234e-01 9.742375409969642602e-03 1.410963471097128422e+04
3.065852774854744439e+03 9.965490313627710650e-01 9.776703923882787417e-03 1.413355598934197769e+04
3.065861158473830983e+03 9.977329892307802428e-01 9.768923451589377541e-03 1.415011506787252256e+04
3.065869542092917072e+03 9.984928811430358042e-01 9.727616405886428327e-03 1.416082505505805420e+04
3.065877925712003162e+03 9.997322928847839352e-01 9.760067202412554474e-03 1.417858752715675655e+04
3.065886309331089706e+03 1.001358341186627143e+00 9.853319737187220262e-03 1.420217267068547881e+04
3.065894692950175795e+03 1.000649530939445864e+00 9.866907254625615145e-03 1.419306795391466767e+04
3.065903076569261884e+03 9.979278816790198015e-01 9.812063776178150606e-03 1.415591979097198055e+04
3.065911460188348428e+03 9.982609802778695807e-01 9.769745455236624257e-03 1.416269655541812244e+04
3.065919843807434518e+03 1.001646046314931260e+00 9.739912527576216963e-03 1.421346457906146316e+04
3.065928227426520607e+03 1.001650350853407589e+00 9.726637065994718154e-03 1.421703910506243301e+04
3.065936611045607151e+03 9.981369242687009313e-01 9.730544574009012890e-03 1.417151670109562110e+04
3.065944994664693240e+03 9.967465606934156064e-01 9.725304625730287617e-03 1.415694363023841652e+04
3.065953378283779330e+03 9.976578370868226520e-01 9.710284152887832185e-03 1.417581721700987509e+04
3.065961761902865874e+03 9.981796923599913773e-01 9.701561573467042121e-03 1.418985464594427685e+04
3.065970145521951963e+03 9.982282700090050476e-01 9.700950227592300759e-03 1.419778619857754529e+04
3.065978529141038052e+03 9.981324938064283225e-01 9.700170066252400414e-03 1.420421218838147797e+04
3.065986912760124596e+03 9.978645322384299687e-01 9.699333365951029115e-03 1.420866245529607841e+04
3.065995296379210686e+03 9.971196426929022083e-01 9.679674776409012693e-03 1.420672014232175388e+04
3.066003679998296775e+03 9.957403575720126243e-01 9.634527222480428546e-03 1.419605673570142244e+04
3.066012063617383319e+03 9.962987154950001534e-01 9.625148353356071870e-03 1.421327653145198565e+04
3.066020447236469408e+03 9.999714393549128388e-01 9.673104392720991221e-03 1.427516199883547961e+04
3.066028830855555498e+03 1.002030424313442802e+00 9.696726493053154858e-03 1.431419116195125571e+04
3.066037214474642042e+03 1.001415938805284123e+00 9.679969717600234516e-03 1.431509888039059479e+04
3.066045598093728131e+03 1.000885633143156150e+00 9.668742280000299991e-03 1.431718398417429853e+04
3.066053981712814220e+03 1.000504906539275041e+00 9.667130481450937618e-03 1.432131455791182270e+04
3.066062365331900764e+03 9.995339653241777089e-01 9.663204034031343606e-03 1.431682806103576331e+04
3.066070748950986854e+03 9.974916018103096027e-01 9.655053286803340004e-03 1.429674093886433184e+04
3.066079132570072943e+03 9.957807573502774900e-01 9.646682205094299356e-03 1.428107536306894872e+04
3.066087516189159487e+03 9.946790742595826851e-01 9.637756219845451666e-03 1.427375581729611440e+04
3.066095899808245576e+03 9.963432096337675459e-01 9.652225393360639588e-03 1.430569696647877572e+04
3.066104283427331666e+03 1.004186988701727179e+00 9.718922652108453672e-03 1.442597949300999244e+04
3.066112667046418210e+03 1.008066812418191294e+00 9.748196673591313574e-03 1.448895018214820630e+04
3.066121050665504299e+03 1.002592706065593475e+00 9.689140066759910699e-03 1.441702342407612559e+04
3.066129434284590388e+03 9.987272049417038611e-01 9.648958556912674844e-03 1.436773620042188668e+04
3.066137817903676932e+03 9.987703422007673248e-01 9.654739954271462921e-03 1.437423714469329207e+04
3.066146201522763022e+03 9.991400362443827454e-01 9.658095187189972078e-03 1.438503389274411529e+04
3.066154585141849111e+03 1.000307066737848638e+00 9.654758284237943342e-03 1.440692310277021534e+04
3.066162968760935200e+03 1.000306225936508309e+00 9.640754162143428535e-03 1.441161377307466682e+04
3.066171352380021744e+03 9.970990280176589282e-01 9.597422164646847789e-03 1.436972305990433051e+04
3.066179735999107834e+03 9.951784020492601135e-01 9.567199012336938951e-03 1.434599195299964413e+04
3.066188119618193923e+03 9.974749552469811542e-01 9.579962763998240566e-03 1.438270588432301156e+04
3.066196503237280467e+03 9.995204066893274009e-01 9.592506327912543249e-03 1.441547628231056296e+04
3.066204886856366556e+03 1.000626935674348905e+00 9.603719413178979022e-03 1.443438790067454829e+04
3.066213270475452646e+03 1.001097752325701196e+00 9.610514930573863315e-03 1.444381739606055817e+04
3.066221654094539190e+03 9.991472950323326829e-01 9.600329148513700797e-03 1.441800443863982764e+04
3.066230037713625279e+03 9.977910402440752780e-01 9.581179175832123598e-03 1.440046556311650420e+04
3.066238421332711368e+03 9.987121120099164973e-01 9.526142790199473159e-03 1.441551127985753737e+04
3.066246804951797913e+03 9.983915000293355213e-01 9.478735586228569446e-03 1.441236518524868188e+04
3.066255188570884002e+03 9.928199173762030094e-01 9.462606916703926452e-03 1.433315200143264337e+04
3.066263572189970091e+03 9.888507841741954740e-01 9.447048727965635245e-03 1.427681611891765351e+04
3.066271955809056635e+03 9.919489306979399901e-01 9.433451383057787562e-03 1.432228046450297188e+04
3.066280339428142725e+03 9.942207335105229804e-01 9.422960393377310950e-03 1.435559353801484940e+04
3.066288723047228814e+03 9.925118405751354178e-01 9.426652523776665044e-03 1.433121705098643542e+04
3.066297106666315358e+03 9.912029167875127111e-01 9.432256281845701265e-03 1.431241404305816468e+04
3.066305490285401447e+03 9.918678999312786626e-01 9.447024152293669041e-03 1.432192328630230622e+04
3.066313873904487536e+03 9.928115547015409215e-01 9.456607253362600551e-03 1.433527749579662122e+04
3.066322257523574081e+03 9.952189131054169913e-01 9.437384779346073838e-03 1.436959744141988813e+04
3.066330641142660170e+03 9.963922619078922072e-01 9.414807443270094972e-03 1.438594162500673519e+04
3.066339024761746259e+03 9.902615207964112765e-01 9.372018083163289812e-03 1.429668753016717892e+04
3.066347408380832803e+03 9.855112523258802160e-01 9.337637280304844634e-03 1.422723911130695888e+04
3.066355791999918893e+03 9.894881989566687297e-01 9.356248215299961188e-03 1.428365895069740509e+04
3.066364175619004982e+03 9.932636354800233880e-01 9.376852464974215137e-03 1.433705089650308219e+04
3.066372559238091526e+03 9.955973648749785188e-01 9.410776256611005919e-03 1.436952580655870406e+04
3.066380942857177615e+03 9.974919200979766032e-01 9.436137145473783017e-03 1.439556785268011117e+04
3.066389326476263705e+03 9.960261015229352477e-01 9.396404769466428636e-03 1.437303555076948396e+04
3.066397710095350249e+03 9.948535460399292596e-01 9.363014349676890974e-03 1.435467250018569212e+04
3.066406093714436338e+03 9.960852975722241931e-01 9.382049077865500450e-03 1.437094585634177383e+04
3.066414477333522427e+03 9.968487941369140737e-01 9.393701786678062063e-03 1.438041666905098646e+04
3.066422860952608971e+03 9.932707296298243227e-01 9.337073807316992324e-03 1.432722861467989060e+04
3.066431244571695061e+03 9.900407581594218298e-01 9.286330029571160383e-03 1.427905124847576189e+04
3.066439628190781150e+03 9.903926284472037711e-01 9.296234457124775974e-03 1.428252843381211460e+04
3.066448011809867694e+03 9.907347929206872239e-01 9.306758032185277058e-03 1.428586590285602506e+04
3.066456395428953783e+03 9.909630603713588393e-01 9.324487251545280492e-03 1.428757272515097975e+04
3.066464779048039873e+03 9.913880250216012824e-01 9.341338377306739049e-03 1.429213830872128710e+04
3.066473162667126417e+03 9.944694542976898477e-01 9.346553076126210002e-03 1.433502993747525943e+04
3.066481546286212506e+03 9.974803383315327121e-01 9.351803011780634306e-03 1.437694191010776194e+04
3.066489929905298595e+03 9.994210902977300748e-01 9.358027750183451482e-03 1.440348043785173104e+04
3.066498313524385139e+03 1.001201483254829494e+00 9.362666475160662943e-03 1.442777205252132262e+04
3.066506697143471229e+03 1.000038547975520942e+00 9.338194864499072337e-03 1.440972886485503841e+04
3.066515080762557318e+03 9.989636585135842628e-01 9.316169902192404997e-03 1.439304920748949189e+04
3.066523464381643862e+03 1.000101203441249753e+00 9.352960862615224483e-03 1.440834961874826149e+04
3.066531848000729951e+03 1.001258838571695620e+00 9.389095361260712397e-03 1.442405186996568227e+04
3.066540231619816041e+03 1.003268734051556699e+00 9.407029041879292480e-03 1.445215513414828820e+04
3.066548615238902130e+03 1.005145915240457599e+00 9.423876726718793950e-03 1.447848148221048177e+04
3.066556998857988674e+03 1.001498065020422601e+00 9.396004551935916577e-03 1.442537355235605719e+04
3.066565382477074763e+03 9.979146170451547171e-01 9.367747510582164275e-03 1.437335709792386842e+04
3.066573766096160853e+03 1.000367691640269507e+00 9.317143904445924357e-03 1.440845901691291692e+04
3.066582149715247397e+03 1.002789602628986643e+00 9.266548227521506295e-03 1.444329424932377697e+04
3.066590533334333486e+03 9.987584221553651442e-01 9.260047755485825358e-03 1.438537869660619617e+04
3.066598916953419575e+03 9.947136246757731781e-01 9.253419980669311956e-03 1.432746314388861538e+04
3.066607300572506119e+03 9.964666273760347526e-01 9.303457644479859456e-03 1.435324764945161951e+04
3.066615684191592209e+03 9.981432430321310889e-01 9.351955561624582247e-03 1.437811872692783618e+04
3.066624067810678298e+03 9.920309959030894076e-01 9.263800886170002816e-03 1.429096609344504395e+04
3.066632451429764842e+03 9.859573310740624708e-01 9.176153825079691462e-03 1.420452738291451169e+04
3.066640835048850931e+03 9.941007481536252577e-01 9.262350200413259696e-03 1.432307767996419534e+04
3.066649218667937021e+03 1.002231803328443860e+00 9.348429511351940072e-03 1.444162797701388081e+04
3.066657602287023565e+03 1.003323487457921770e+00 9.326237239238935328e-03 1.445890873624893720e+04
3.066665985906109654e+03 1.004362250151880298e+00 9.303300208046701852e-03 1.447557452940941403e+04
3.066674369525195743e+03 1.001305209535793050e+00 9.281575903078837647e-03 1.443334233089410191e+04
3.066682753144282287e+03 9.981754477010459370e-01 9.259794113319333095e-03 1.439018025911645964e+04
3.066691136763368377e+03 1.002700532802972333e+00 9.309294244524847495e-03 1.445750019319761304e+04
3.066699520382454466e+03 1.007413048289615753e+00 9.360537814829209685e-03 1.452765869916808333e+04
3.066707904001541010e+03 1.007326958042291221e+00 9.318001511755399577e-03 1.452873773210097352e+04
3.066716287620627099e+03 1.007062361656895666e+00 9.272060156137186884e-03 1.452734424247613060e+04
3.066724671239713189e+03 1.006838236398311492e+00 9.303016947423588257e-03 1.452662927877208676e+04
3.066733054858799733e+03 1.006608742299532899e+00 9.335072568400146209e-03 1.452592460521294015e+04
3.066741438477885822e+03 1.002660826017263362e+00 9.272623127245277486e-03 1.447163179849749758e+04
3.066749822096971911e+03 9.986162023711904201e-01 9.207783255525580496e-03 1.441599618009344158e+04
3.066758205716058455e+03 1.001145493336841774e+00 9.261151543282185317e-03 1.445532483418887023e+04
3.066766589335144545e+03 1.003900694893428369e+00 9.318614242965293087e-03 1.449799103300772549e+04
3.066774972954230634e+03 1.000717408463853708e+00 9.273805201621358046e-03 1.445494806209683156e+04
3.066783356573317178e+03 9.972626586839906659e-01 9.224341541913462506e-03 1.440801106359261939e+04
3.066791740192403267e+03 9.947440968310106157e-01 9.212041064460250311e-03 1.437462149568482164e+04
3.066800123811489357e+03 9.922472236865151896e-01 9.200632422592596588e-03 1.434156281261718686e+04
3.066808507430575901e+03 9.976737176232924886e-01 9.239719739488991279e-03 1.442306022370903702e+04
3.066816891049661990e+03 1.003369903571966315e+00 9.280520358230874220e-03 1.450850969486816393e+04
3.066825274668748079e+03 1.002297823283113676e+00 9.317212010710736181e-03 1.449611787462507709e+04
3.066833658287834623e+03 1.000923020451526924e+00 9.353701813613014490e-03 1.447934533125894632e+04
3.066842041906920713e+03 9.988793081480952241e-01 9.341367275015610705e-03 1.445288389811183151e+04
3.066850425526006802e+03 9.968211487928803072e-01 9.327882685121923617e-03 1.442619195530509387e+04
3.066858809145093346e+03 9.969920432077113981e-01 9.327053079007732728e-03 1.443173782603255313e+04
3.066867192764179435e+03 9.972398018532396824e-01 9.326666186485411264e-03 1.443837505487763337e+04
3.066875576383265525e+03 1.000012915887191323e+00 9.327780721512801687e-03 1.448155491553709544e+04
3.066883960002352069e+03 1.002898694891217302e+00 9.328983668883961133e-03 1.452634686646295631e+04
3.066892343621438158e+03 1.002531668884881100e+00 9.311607970610119578e-03 1.452398801944784827e+04
3.066900727240524247e+03 1.002092916727422178e+00 9.293840836672786002e-03 1.452053721324075013e+04
3.066909110859610792e+03 1.000281475406868070e+00 9.273879559174840609e-03 1.449713202089171318e+04
3.066917494478696881e+03 9.984294544956379136e-01 9.253892804792253346e-03 1.447306417119248727e+04
3.066925878097782970e+03 1.000723057583620790e+00 9.253567292130915681e-03 1.450902060278129284e+04
3.066934261716869514e+03 1.003201089114742484e+00 9.254143706459719981e-03 1.454758555297139173e+04
3.066942645335955604e+03 1.000144174827612087e+00 9.262248836855144912e-03 1.450580077798632738e+04
3.066951028955041693e+03 9.969698738918550962e-01 9.270578246807754594e-03 1.446220593358944643e+04
3.066959412574127782e+03 9.981208617659161897e-01 9.258288650914329315e-03 1.448125076315179103e+04
3.066967796193214326e+03 9.994193380134344107e-01 9.245397153753982453e-03 1.450233543251954688e+04
3.066976179812300416e+03 9.970253781202771393e-01 9.270641983331610186e-03 1.446972516132943565e+04
3.066984563431386505e+03 9.944819905008134286e-01 9.297584845335257753e-03 1.443481669598763256e+04
3.066992947050473049e+03 9.986094613509681750e-01 9.291294945431394919e-03 1.449661188793703514e+04
3.067001330669559138e+03 1.002890929935710274e+00 9.284362876450801688e-03 1.456052456937765601e+04
3.067009714288645227e+03 9.992602415575810859e-01 9.274207163611046176e-03 1.450942494350598099e+04
3.067018097907731772e+03 9.953876470062252846e-01 9.264041942824203027e-03 1.445465394998946613e+04
3.067026481526817861e+03 9.969959565618663477e-01 9.254470100396460994e-03 1.447931742358697920e+04
3.067034865145903950e+03 9.986776694977081981e-01 9.245008292099125141e-03 1.450489017450894244e+04
3.067043248764990494e+03 9.993665271229698055e-01 9.231916578393175102e-03 1.451587721531208808e+04
3.067051632384076584e+03 1.000045995807973265e+00 9.218858297431069271e-03 1.452655406533018868e+04
3.067060016003162673e+03 9.964753120119764773e-01 9.199240684154529057e-03 1.447530990719340480e+04
3.067068399622249217e+03 9.927845276229758653e-01 9.179535382153132875e-03 1.442212891079467772e+04
3.067076783241335306e+03 9.977971986732987464e-01 9.215932436369582426e-03 1.449518761360521239e+04
3.067085166860421396e+03 1.002917818172348152e+00 9.253063725418050889e-03 1.456961346385662910e+04
3.067093550479507940e+03 1.000636374217186431e+00 9.258683698996987219e-03 1.453629802371774349e+04
3.067101934098594029e+03 9.982167075423068470e-01 9.263788936323482520e-03 1.450075906087515978e+04
3.067110317717680118e+03 1.001564029444578896e+00 9.294801752127929487e-03 1.454877081135235494e+04
3.067118701336766662e+03 1.004931062722178581e+00 9.325980811627571782e-03 1.459683302278089650e+04
3.067127084955852752e+03 9.995545871550637340e-01 9.262082080723070196e-03 1.451765819794491654e+04
3.067135468574938841e+03 9.941566917750577215e-01 9.197735542755351365e-03 1.443794086100352797e+04
3.067143852194025385e+03 9.942065304966940520e-01 9.173092101659381312e-03 1.443709701741580284e+04
3.067152235813111474e+03 9.942740711833877310e-01 9.148606089553977180e-03 1.443625317382812500e+04
3.072153578849020505e+03 1.006035443354445835e+00 8.341387706675014099e-03 1.743030871582031250e+04
3.072161402435526270e+03 1.004709260607862475e+00 8.372147213531555207e-03 1.741455394947126115e+04
3.072169226022032490e+03 1.003395409359439716e+00 8.402975279541230469e-03 1.739879918312129303e+04
3.072177049608538255e+03 9.988858735764748475e-01 8.326585871965315119e-03 1.732740014803734448e+04
3.072184873195044474e+03 9.942964844934194524e-01 8.247197096269394748e-03 1.725436753543368104e+04
3.072192696781550239e+03 9.930624963200477273e-01 8.256770464455607736e-03 1.723934082401876731e+04
3.072200520368056004e+03 9.920418106645144674e-01 8.271793456504999975e-03 1.722782294145977721e+04
3.072208343954562224e+03 9.947457887095956242e-01 8.271754619581328169e-03 1.728082140158732363e+04
3.072216167541067989e+03 9.978052568795825472e-01 8.270383121087210646e-03 1.733985641696377206e+04
3.072223991127574209e+03 9.987774251392195213e-01 8.299370913915330925e-03 1.736247117084772617e+04
3.072231814714079974e+03 9.994889053437230331e-01 8.332317571246606117e-03 1.738039604106697880e+04
3.072239638300586194e+03 1.000594245353854994e+00 8.317704467603813726e-03 1.740501524841162245e+04
3.072247461887091958e+03 1.001772175779873209e+00 8.295260067798290032e-03 1.743074784689963053e+04
3.072255285473597723e+03 9.982097893748965722e-01 8.251474324396126242e-03 1.737382910226230160e+04
3.072263109060103943e+03 9.936782304719379288e-01 8.203364126120608196e-03 1.729984704664875972e+04
3.072270932646609708e+03 9.935978254105860552e-01 8.233882444681654006e-03 1.730318595230895517e+04
3.072278756233115928e+03 9.946331361719639164e-01 8.284037817801062284e-03 1.732581182162339246e+04
3.072286579819621693e+03 9.955814551915967980e-01 8.280164324034940820e-03 1.734678722276114786e+04
3.072294403406127458e+03 9.965093927018373599e-01 8.260380049746088651e-03 1.736727473158482098e+04
3.072302226992633678e+03 9.963603952406150377e-01 8.253138990104769146e-03 1.736885879512315660e+04
3.072310050579139443e+03 9.958448144753927478e-01 8.250269735027073240e-03 1.736391513217652027e+04
3.072317874165645662e+03 9.971629547544363925e-01 8.259249966158911313e-03 1.739081670503826172e+04
3.072325697752151427e+03 9.992162526916308352e-01 8.272988564552798824e-03 1.743042444050363338e+04
3.072333521338657192e+03 9.992771025321069978e-01 8.290224077980008419e-03 1.743515857097856133e+04
3.072341344925163412e+03 9.984314003397853909e-01 8.309084191175578407e-03 1.742395069882460666e+04
3.072349168511669177e+03 9.974414972057226159e-01 8.301629917993940885e-03 1.741010139138116574e+04
3.072356992098175397e+03 9.963902671710311854e-01 8.282333895894522860e-03 1.739505960242228321e+04
3.072364815684681162e+03 9.984058838461080665e-01 8.286326848782429866e-03 1.743345028029522655e+04
3.072372639271187381e+03 1.001999985910490887e+00 8.302310420645034675e-03 1.749931222870397323e+04
3.072380462857693146e+03 1.001075249747308105e+00 8.306243028144890544e-03 1.748615800020453025e+04
3.072388286444198911e+03 9.975222521070421511e-01 8.303178850803505373e-03 1.742697946262547339e+04
3.072396110030705131e+03 9.982365893294883330e-01 8.331500460567043201e-03 1.744224531888114507e+04
3.072403933617210896e+03 1.001756026727264937e+00 8.380452788864168473e-03 1.750644072475942812e+04
3.072411757203717116e+03 1.003147505721771360e+00 8.385836901238882812e-03 1.753336890280871012e+04
3.072419580790222881e+03 1.002967208932194598e+00 8.359027203664876407e-03 1.753273869186380762e+04
3.072427404376728646e+03 1.005050228004986446e+00 8.362557039588930721e-03 1.757159161542341099e+04
3.072435227963234865e+03 1.008788922193947668e+00 8.388276782710138088e-03 1.763932194009835803e+04
3.072443051549740630e+03 1.007037056279583398e+00 8.372163955885246131e-03 1.761097100920388402e+04
3.072450875136246850e+03 1.000778115769272558e+00 8.321712265470718531e-03 1.750370645529519606e+04
3.072458698722752615e+03 9.990405290709947206e-01 8.323856933806004013e-03 1.747543054757309801e+04
3.072466522309258380e+03 1.001466261651009937e+00 8.374432357061294824e-03 1.751991211054661835e+04
3.072474345895764600e+03 1.001992867059415815e+00 8.385672411709288454e-03 1.753110948163722787e+04
3.072482169482270365e+03 1.000559039326965216e+00 8.356311151792269673e-03 1.750794180848007818e+04
3.072489993068776585e+03 9.996885340213591542e-01 8.353600124159263687e-03 1.749456711822939542e+04
3.072497816655282350e+03 9.994691249698619551e-01 8.381721763571067449e-03 1.749252818428837418e+04
3.072505640241788569e+03 9.997465472172132328e-01 8.401783979211216793e-03 1.749913165317442690e+04
3.072513463828294334e+03 1.000592103038449698e+00 8.412615624098051040e-03 1.751563153144489479e+04
3.072521287414800099e+03 1.000335751706382670e+00 8.408273099538336737e-03 1.751279660476084246e+04
3.072529111001306319e+03 9.986630145425071658e-01 8.384430799130046866e-03 1.748511866358838961e+04
3.072536934587812084e+03 9.974390635600299815e-01 8.369708447923007721e-03 1.746525369383142242e+04
3.072544758174318304e+03 9.968617494838619697e-01 8.368141856383628022e-03 1.745667190943211972e+04
3.072552581760824069e+03 9.979772300384274208e-01 8.382647681551594690e-03 1.747770110546879005e+04
3.072560405347329834e+03 1.001508839509586801e+00 8.420095111385479669e-03 1.754102096572197479e+04
3.072568228933836053e+03 1.004588690081898328e+00 8.445878926403617426e-03 1.759641108896349033e+04
3.072576052520341818e+03 1.006941092534649584e+00 8.452895251892656239e-03 1.763904320134457157e+04
3.072583876106848038e+03 1.006770161099180161e+00 8.447057200864738907e-03 1.763745549452546402e+04
3.072591699693353803e+03 1.002010215804086668e+00 8.417837322364833674e-03 1.755544950541330400e+04
3.072599523279859568e+03 9.987371981516228736e-01 8.389051198107611712e-03 1.749946992708246762e+04
3.072607346866365788e+03 9.981349399391084010e-01 8.361033996381866257e-03 1.749027048475961783e+04
3.072615170452871553e+03 9.983096444799730573e-01 8.346536800977862047e-03 1.749467787572868110e+04
3.072622994039377772e+03 1.000068354919495972e+00 8.359605796909747380e-03 1.752684246543283007e+04
3.072630817625883537e+03 1.001571933971481920e+00 8.363860664069515394e-03 1.755453937247657450e+04
3.072638641212389757e+03 1.002481632938746925e+00 8.347595145002797284e-03 1.757183315166290049e+04
3.072646464798895522e+03 1.003123612677312426e+00 8.332477651099035390e-03 1.758444219584320672e+04
3.072654288385401287e+03 1.003150617582303505e+00 8.319997916714293867e-03 1.758628096501500841e+04
3.072662111971907507e+03 1.001797873806642647e+00 8.301238030650926955e-03 1.756394189789353186e+04
3.072669935558413272e+03 9.968018026741284343e-01 8.265895400694641196e-03 1.747773337525964598e+04
3.072677759144919492e+03 9.946091095647680014e-01 8.254596906845370827e-03 1.744068760235978698e+04
3.072685582731425256e+03 1.001004414970158019e+00 8.316958202268576184e-03 1.755426241405623296e+04
3.072693406317931021e+03 1.004869198938475483e+00 8.361129352532288214e-03 1.762350065611195896e+04
3.072701229904437241e+03 1.001098216533243379e+00 8.350420782339364190e-03 1.755885097386920461e+04
3.072709053490943006e+03 9.988444665577838055e-01 8.349390304034903093e-03 1.752083599423750638e+04
3.072716877077449226e+03 1.001964332589129647e+00 8.382651413343204794e-03 1.757711689053920418e+04
3.072724700663954991e+03 1.003895645825714000e+00 8.405109128638451471e-03 1.761259400828443540e+04
3.072732524250460756e+03 1.001691406450950561e+00 8.389974907739529073e-03 1.757555748664901694e+04
3.072740347836966976e+03 1.000048868257258805e+00 8.378363115423326929e-03 1.754841539069029750e+04
3.072748171423472741e+03 1.000740097122583272e+00 8.381402273883996681e-03 1.756227208623030310e+04
3.072755995009978960e+03 1.001499125945966240e+00 8.386511568272199402e-03 1.757737291986350101e+04
3.072763818596484725e+03 1.002543586924703467e+00 8.400128386563319310e-03 1.759754173116290622e+04
3.072771642182990945e+03 1.002710328483853219e+00 8.409417800130243939e-03 1.760236467579693635e+04
3.072779465769496710e+03 9.985627824424838650e-01 8.397488053168431291e-03 1.753150490512285978e+04
3.072787289356002475e+03 9.954836703964365929e-01 8.390893876063870715e-03 1.747945101258871728e+04
3.072795112942508695e+03 9.989767382509466831e-01 8.417192130006989972e-03 1.754285879618188847e+04
3.072802936529014460e+03 1.001297199042727515e+00 8.432841453666573006e-03 1.758574797009929898e+04
3.072810760115520679e+03 9.965986604525201020e-01 8.384730446183093905e-03 1.750541817110823104e+04
3.072818583702026444e+03 9.929631684668545066e-01 8.344118575168165894e-03 1.744380254145037543e+04
3.072826407288532209e+03 9.975845709177967313e-01 8.361759945709451580e-03 1.752730122871870844e+04
3.072834230875038429e+03 1.001587808377306654e+00 8.382071143043035369e-03 1.760001846140699854e+04
3.072842054461544194e+03 1.000953048871104478e+00 8.422760299568940456e-03 1.759130335386956722e+04
3.072849878048050414e+03 1.000239998087481208e+00 8.457553135667194091e-03 1.758126762893873092e+04
3.072857701634556179e+03 9.987491462443274237e-01 8.431918222913677152e-03 1.755761303714600581e+04
3.072865525221061944e+03 9.975683024139467836e-01 8.410363641078817329e-03 1.753945901901401521e+04
3.072873348807568163e+03 9.995059100405054853e-01 8.429699347805357998e-03 1.757619351216376526e+04
3.072881172394073928e+03 1.001345252150068532e+00 8.447891612181651633e-03 1.761126702207823473e+04
3.072888995980580148e+03 1.001766000302921178e+00 8.449418294371230723e-03 1.762145353262530261e+04
3.072896819567085913e+03 1.002236750486941164e+00 8.451731614316447191e-03 1.763257818412739653e+04
3.072904643153592133e+03 1.003467921000655183e+00 8.465676244518341442e-03 1.765714165115421565e+04
3.072912466740097898e+03 1.004505773926316348e+00 8.477313943033772808e-03 1.767836540375457116e+04
3.072920290326603663e+03 1.002937252946381586e+00 8.457705825297423541e-03 1.765377267847157418e+04
3.072928113913109883e+03 1.001509284032982450e+00 8.440460049042230670e-03 1.763169928741627882e+04
3.072935937499615648e+03 1.003565173059939308e+00 8.481218965549385674e-03 1.767101558225804547e+04
3.072943761086121867e+03 1.005421407284745827e+00 8.519945851165999784e-03 1.770688214214598338e+04
3.072951584672627632e+03 1.002818821343597344e+00 8.513331375964558814e-03 1.766427334836203590e+04
3.072959408259133397e+03 1.000257233051999428e+00 8.506631820958851856e-03 1.762242261707257057e+04
3.072967231845639617e+03 1.000816607013788273e+00 8.495399279294674894e-03 1.763560222470633744e+04
3.072975055432145382e+03 1.001333617309791979e+00 8.484479932253192677e-03 1.764809061472898247e+04
3.072982879018651602e+03 9.994775730427305493e-01 8.493712286842480808e-03 1.761880155877196376e+04
3.072990702605157367e+03 9.977786442195906158e-01 8.503246374435573587e-03 1.759232061622328183e+04
3.072998526191663132e+03 1.004315138730530688e+00 8.529810461592414114e-03 1.771110979251184108e+04
3.073006349778169351e+03 1.010846160330942656e+00 8.556339722766414038e-03 1.782989896880730521e+04
3.073014173364675116e+03 1.004698079138927058e+00 8.508965930802296629e-03 1.772509774142736569e+04
3.073021996951181336e+03 9.984274908703673068e-01 8.460875506686905620e-03 1.761813915149018794e+04
3.073029820537687101e+03 9.979163268598328917e-01 8.423820417115668660e-03 1.761283429129395518e+04
3.073037644124192866e+03 9.974424832791544127e-01 8.386834404044736166e-03 1.760823249402557121e+04
3.073045467710699086e+03 9.993801991750648206e-01 8.432606725939576289e-03 1.764625609415272265e+04
3.073053291297204851e+03 1.001402941428553461e+00 8.481372314270589630e-03 1.768584350529797302e+04
3.073061114883711070e+03 9.997888851624959772e-01 8.467752748882471925e-03 1.766124960660144643e+04
3.073068938470216835e+03 9.980501202771625557e-01 8.452009923516764708e-03 1.763448594766305177e+04
3.073076762056723055e+03 9.968470072797659398e-01 8.434596783991114149e-03 1.761722088629264908e+04
3.073084585643228820e+03 9.956585000999987889e-01 8.417118633047875748e-03 1.760024973165195843e+04
3.073092409229734585e+03 9.937528756330012980e-01 8.377258360777965068e-03 1.757063440448861365e+04
3.073100232816240805e+03 9.918011767531346168e-01 8.336005084625527570e-03 1.754023295271938696e+04
3.073108056402746570e+03 9.937813848031140651e-01 8.359654327678524288e-03 1.757941227903258186e+04
3.073115879989252790e+03 9.959907958495345381e-01 8.387109717970343131e-03 1.762270724839569812e+04
3.073123703575758555e+03 9.998148315478472270e-01 8.424822897951440848e-03 1.769463970246259851e+04
3.073131527162264319e+03 1.003725410143543550e+00 8.463074995537408704e-03 1.776817993835507514e+04
3.073139350748770539e+03 1.001109123677540680e+00 8.431842256339246860e-03 1.772622824297217812e+04
3.073147174335276304e+03 9.981451457279342243e-01 8.396914590980934442e-03 1.767813780363915430e+04
3.073154997921782524e+03 9.980159433424480309e-01 8.388976258006615450e-03 1.768028199841086825e+04
3.073162821508288289e+03 9.981276229542872525e-01 8.383336771125377007e-03 1.768673457862983196e+04
3.073170645094794054e+03 9.973567347931908689e-01 8.365052203022567065e-03 1.767758584985367270e+04
3.073178468681300274e+03 9.965112800057979170e-01 8.345715038367314612e-03 1.766714836115129583e+04
3.073186292267806039e+03 9.968235425187191856e-01 8.347983288079650205e-03 1.767727339132190900e+04
3.073194115854312258e+03 9.972255411309889350e-01 8.351948897632443733e-03 1.768903241920504297e+04
3.073201939440818023e+03 9.955807424488598567e-01 8.333966913492120432e-03 1.766451794968270769e+04
3.073209763027324243e+03 9.937786180562124816e-01 8.314302811440729690e-03 1.763723428837797837e+04
3.073217586613830008e+03 9.903750802144197785e-01 8.280095084019306606e-03 1.758154253293062357e+04
3.073225410200335773e+03 9.867946033796611838e-01 8.244283371377815473e-03 1.752271368733245254e+04
3.073233233786841993e+03 9.838340959689209075e-01 8.225659225311659703e-03 1.747489909110834560e+04
3.073241057373347758e+03 9.809395742185650358e-01 8.208868673487437068e-03 1.742826439794504040e+04
3.073248880959853977e+03 9.833707213717052253e-01 8.252552968142461837e-03 1.747628395215740602e+04
3.073256704546359742e+03 9.863514394753220005e-01 8.302475121404246164e-03 1.753413244584954737e+04
3.073264528132865507e+03 9.894774130995025452e-01 8.353418544358786821e-03 1.759462848966054662e+04
3.073272351719371727e+03 9.926146467783472094e-01 8.404424004088124553e-03 1.765539081131785861e+04
3.073280175305877492e+03 9.944403204758338610e-01 8.422876132912997596e-03 1.769288412767801492e+04
3.073287998892383712e+03 9.961357847645383456e-01 8.438138459152181095e-03 1.772811269078041005e+04
3.073295822478889477e+03 9.957652743949663154e-01 8.457326472044557342e-03 1.772661376237645527e+04
3.073303646065395242e+03 9.951192481110616717e-01 8.477011956350970212e-03 1.772023812882670245e+04
3.073311469651901461e+03 9.974534613647729753e-01 8.491118428489525735e-03 1.776697363847919405e+04
3.073319293238407226e+03 1.000170039467350058e+00 8.504483281539496758e-03 1.782057866699133592e+04
3.073327116824913446e+03 1.001681665756816164e+00 8.511718988794060234e-03 1.785276860433382535e+04
3.073334940411419211e+03 1.003039360091013465e+00 8.518166643133134180e-03 1.788226185315881958e+04
3.073342763997925431e+03 1.001658528634411516e+00 8.525265187658170873e-03 1.786296360761420146e+04
3.073350587584431196e+03 9.999416621439011221e-01 8.532426803904678142e-03 1.783768705459821649e+04
3.073358411170936961e+03 9.986355328918150587e-01 8.510237131688436554e-03 1.781975169613559774e+04
3.073366234757443181e+03 9.973775228933957626e-01 8.484552649612644298e-03 1.780269104885484194e+04
3.073374058343948946e+03 9.962350783008233623e-01 8.475027413984892802e-03 1.778770959335786756e+04
3.073381881930455165e+03 9.951051900705093489e-01 8.467364603846290472e-03 1.777296889732172713e+04
3.073389705516960930e+03 9.971478173676453505e-01 8.490461987083681647e-03 1.781492409011687050e+04
3.073397529103466695e+03 9.995443818324745155e-01 8.516990931164732451e-03 1.786325521592311270e+04
3.073405352689972915e+03 1.001656886648630840e+00 8.527268260676408584e-03 1.790656246756251858e+04
3.073413176276478680e+03 1.003735886238697805e+00 8.535756228100514417e-03 1.794932140302227708e+04
3.073420999862984900e+03 1.005233526440718395e+00 8.564445099251381810e-03 1.798173111843089282e+04
3.073428823449490665e+03 1.006644661741508129e+00 8.596041709257293967e-03 1.801263632946842699e+04
3.073436647035996430e+03 1.000808217664146182e+00 8.526832525460372944e-03 1.791385638707141334e+04
3.073444470622502649e+03 9.939465655387506038e-01 8.443363920732433608e-03 1.779667950559560995e+04
3.073452294209008414e+03 9.980330632007361480e-01 8.494450903961973595e-03 1.787553931265819483e+04
3.073460117795514634e+03 1.003629522028870680e+00 8.564099693728269638e-03 1.798152369297561745e+04
3.073467941382020399e+03 1.003610306742894975e+00 8.539263199056066830e-03 1.798695117266452144e+04
3.073475764968526619e+03 1.002833168281177301e+00 8.501697655981599669e-03 1.797881429158419996e+04
3.073483588555032384e+03 1.001943110371395607e+00 8.518868502169188797e-03 1.796866680898150298e+04
3.073491412141538149e+03 1.001037614747212423e+00 8.543207870212230978e-03 1.795825505065919424e+04
3.073499235728044368e+03 1.001355354453394852e+00 8.517432256895459894e-03 1.796980683793998833e+04
3.073507059314550133e+03 1.001828275809284241e+00 8.485253206896352374e-03 1.798417019582096691e+04
3.073514882901056353e+03 9.998982518298221711e-01 8.462241335608165077e-03 1.795541055676086762e+04
3.073522706487562118e+03 9.976691912553941055e-01 8.440375091468634711e-03 1.792127774159200271e+04
3.073530530074067883e+03 1.001567594440554654e+00 8.474952831661764635e-03 1.799724414810219969e+04
3.073538353660574103e+03 1.006204725639381348e+00 8.516336987910211320e-03 1.808655591482176533e+04
3.073546177247079868e+03 1.002751823593878155e+00 8.477006258982611869e-03 1.803047615410040817e+04
3.073554000833586088e+03 9.983475842187691240e-01 8.428188284890003601e-03 1.795726295682930140e+04
3.073561824420091853e+03 9.996250838420265294e-01 8.411554986592521127e-03 1.798624743850298910e+04
3.073569648006597617e+03 1.001550792210597285e+00 8.398605150536118252e-03 1.802693303568940246e+04
3.073577471593103837e+03 9.991729923518734013e-01 8.394089324270642000e-03 1.799017515175156586e+04
3.073585295179609602e+03 9.963178173378597346e-01 8.390505499605679235e-03 1.794480815343567519e+04
3.073593118766115822e+03 9.988759808236408189e-01 8.440495850183008311e-03 1.799695699163437166e+04
3.073600942352621587e+03 1.002015048662265650e+00 8.496221559962255365e-03 1.805962366695283345e+04
3.073608765939127807e+03 1.002495217142940209e+00 8.478110446501312125e-03 1.807440674717010552e+04
3.073616589525633572e+03 1.002696543954577413e+00 8.452290457014741479e-03 1.808418270231540009e+04
3.073624413112139337e+03 1.001831489971579670e+00 8.457059342376255229e-03 1.807473743885666772e+04
3.073632236698645556e+03 1.000858299840693855e+00 8.464914406149720225e-03 1.806334508270504375e+04
3.073640060285151321e+03 9.977156841494181361e-01 8.448415614895172024e-03 1.801278857664631869e+04
3.073647883871657541e+03 9.944407026222391588e-01 8.430420862509399940e-03 1.795981690661647735e+04
3.073655707458163306e+03 9.936805975560238924e-01 8.391067455151985863e-03 1.795225324114201794e+04
3.073663531044669071e+03 9.930676292324932541e-01 8.350482332811151251e-03 1.794735261229030220e+04
3.073671354631175291e+03 9.942535077728363868e-01 8.371128174289298521e-03 1.797497835829148244e+04
3.073679178217681056e+03 9.955379540025166563e-01 8.395158657574395764e-03 1.800441397351117848e+04
3.073687001804187275e+03 9.960574080799862173e-01 8.383151180484535447e-03 1.802003794294149338e+04
3.073694825390693040e+03 9.965356742145010660e-01 8.369250799584917327e-03 1.803493464086174572e+04
3.073702648977198805e+03 9.981172431776558218e-01 8.395753096644144667e-03 1.806982263223633709e+04
3.073710472563705025e+03 9.997519666864614907e-01 8.424238547518786077e-03 1.810570392142236233e+04
3.073718296150210790e+03 1.002375989976123538e+00 8.460489083138971259e-03 1.815953879883684203e+04
3.073726119736717010e+03 1.005043935290127255e+00 8.497073674818549083e-03 1.821421270765235022e+04
3.073733943323222775e+03 1.001475620584654669e+00 8.475205608608446170e-03 1.815587194546823957e+04
3.073741766909728995e+03 9.976363647544600477e-01 8.450790718128453963e-03 1.809258150707356253e+04
3.073749590496234759e+03 9.983465851315842521e-01 8.450806779188609411e-03 1.811178667698334175e+04
3.073757414082740524e+03 9.992416702062387746e-01 8.451816783605280506e-03 1.813436398630282565e+04
3.073765237669246744e+03 9.994338235280100236e-01 8.460874103769101123e-03 1.814419905985130390e+04
3.073773061255752509e+03 9.996216468657792564e-01 8.469965170004069288e-03 1.815396526678869850e+04
3.073780884842258729e+03 1.001060293955063241e+00 8.469883447417740976e-03 1.818646472600593188e+04
3.073788708428764494e+03 1.002500947900354822e+00 8.469774083862884745e-03 1.821902545166015625e+04
3.228347885314883115e+03 9.997156682715792053e-01 6.142117102608851860e-03 4.159363122558593750e+04
3.228357296883745676e+03 1.000172599799954876e+00 6.145714901949904559e-03 4.161271751420848159e+04
3.228366708452608691e+03 1.000623141497969604e+00 6.149273430083112592e-03 4.163180380283194245e+04
3.228376120021471252e+03 1.000436642055869685e+00 6.147642465317976028e-03 4.162464475041117112e+04
3.228385531590333812e+03 1.000228891267020304e+00 6.145850241014738126e-03 4.161685392991032859e+04
3.228394943159196373e+03 9.975603024331803903e-01 6.123468651750035852e-03 4.150691725205045805e+04
3.228404354728059388e+03 9.947650262521738895e-01 6.100039247679369010e-03 4.139194164483669738e+04
3.228413766296921949e+03 9.969280907530978508e-01 6.119132800981919029e-03 4.148351296277334768e+04
3.228423177865784510e+03 9.994621199809946566e-01 6.141419924663531031e-03 4.159075445605794084e+04
3.228432589434647070e+03 1.000473184019609274e+00 6.140655154924723295e-03 4.163484713787797227e+04
3.228442001003510086e+03 1.001321536971338411e+00 6.137470313156346245e-03 4.167238616990902665e+04
3.228451412572372647e+03 9.992688455886572507e-01 6.107440607331509307e-03 4.158939553281815461e+04
3.228460824141235207e+03 9.968259243265670255e-01 6.073814137472517173e-03 4.149035254414635710e+04
3.228470235710097768e+03 9.982575996031692878e-01 6.082576272220685358e-03 4.155277085030505259e+04
3.228479647278960783e+03 1.000321416465731694e+00 6.098273041479885040e-03 4.164169973783115711e+04
3.228489058847823344e+03 1.001962864432877964e+00 6.105920768268495620e-03 4.171323869422915595e+04
3.228498470416685905e+03 1.003517593225525584e+00 6.111962276075381603e-03 4.178135276798374252e+04
3.228507881985548465e+03 1.002907333064456230e+00 6.101288369544834687e-03 4.175949943831242854e+04
3.228517293554411481e+03 1.001792925529196632e+00 6.086727697595146688e-03 4.171680988033958420e+04
3.228526705123274041e+03 1.002070229073714902e+00 6.076105144523254523e-03 4.173222638027596258e+04
3.228536116692136602e+03 1.002718234384847529e+00 6.066524857964252816e-03 4.176323359853283182e+04
3.228545528260999163e+03 1.003074591991634845e+00 6.074624899684445689e-03 4.178224013362638652e+04
3.228554939829862178e+03 1.003339093647753311e+00 6.088141728862672512e-03 4.179755899392416177e+04
3.228564351398724739e+03 1.002129672973088192e+00 6.078122480752666881e-03 4.175160171909665223e+04
3.228573762967587299e+03 1.000404718569366969e+00 6.059888145859018693e-03 4.168427538419452321e+04
3.228583174536449860e+03 1.000770856221833371e+00 6.044862744079661405e-03 4.170418932353017590e+04
3.228592586105312876e+03 1.001956708125170570e+00 6.031090529584439905e-03 4.175837933788056398e+04
3.228601997674175436e+03 1.001800519355259489e+00 6.023342387440090533e-03 4.175674538565915282e+04
3.228611409243037997e+03 1.001052776236886377e+00 6.018237816709941929e-03 4.173054658375410509e+04
3.228620820811900558e+03 1.002189381670156365e+00 6.023326551928970263e-03 4.178299203579530149e+04
3.228630232380763573e+03 1.004248821979978112e+00 6.033406892056849234e-03 4.187401198198339262e+04
3.228639643949626134e+03 1.002987267069454846e+00 6.011909158631827468e-03 4.182663813441491948e+04
3.228649055518488694e+03 1.000114671974473124e+00 5.975096713752639510e-03 4.171212945159927767e+04
3.228658467087351255e+03 9.995430444159324468e-01 5.964306895142570258e-03 4.169363369382987730e+04
3.228667878656214270e+03 1.000210261705976045e+00 5.967531166739116315e-03 4.172687141111736855e+04
3.228677290225076831e+03 1.000826762740465892e+00 5.969356111733782264e-03 4.175805121142675489e+04
3.228686701793939392e+03 1.001412617051496534e+00 5.970344388157081822e-03 4.178800332533846813e+04
3.228696113362801952e+03 1.000458613629055193e+00 5.963308068424626705e-03 4.175373449593211990e+04
3.228705524931664968e+03 9.984904581466738094e-01 5.950986816258269432e-03 4.167715557760941010e+04
3.228714936500527529e+03 9.986544411466904414e-01 5.949540108457554259e-03 4.168958724750361580e+04
3.228724348069390089e+03 1.000365983072474929e+00 5.955986578693501024e-03 4.176665179131952027e+04
3.228733759638252650e+03 1.000596310752302376e+00 5.950693806872002327e-03 4.178189636161425005e+04
3.228743171207115665e+03 9.996435300445895011e-01 5.936024600203666964e-03 4.174773915316504281e+04
3.228752582775978226e+03 9.995403295117282205e-01 5.939178137919012834e-03 4.174905553158628027e+04
3.228761994344840787e+03 1.000183403406247562e+00 5.957984676548179828e-03 4.178153785345426149e+04
3.228771405913703347e+03 9.996430392443611535e-01 5.956313139648579565e-03 4.176456978094481747e+04
3.228780817482566363e+03 9.980737068131519951e-01 5.936833928526276567e-03 4.170457946770399576e+04
3.228790229051428923e+03 9.988865773321454755e-01 5.938972051799884522e-03 4.174409827967292222e+04
3.228799640620291484e+03 1.001976067059036080e+00 5.961768862806641339e-03 4.187874636468987592e+04
3.228809052189154045e+03 1.002150426141523942e+00 5.959463629197437988e-03 4.189153093743645150e+04
3.228818463758017060e+03 9.992644849047803701e-01 5.930805953476434890e-03 4.177632838325048215e+04
3.228827875326879621e+03 9.976492011594704223e-01 5.903834636253048676e-03 4.171417072759266739e+04
3.228837286895742182e+03 9.974996544305069213e-01 5.878807299224408922e-03 4.171323006195273047e+04
3.228846698464604742e+03 9.987911486921491333e-01 5.874247552444672449e-03 4.177249046842048847e+04
3.228856110033467758e+03 1.001910377267061891e+00 5.895648297375086222e-03 4.190814260933079640e+04
3.228865521602330318e+03 1.001677113224658022e+00 5.894819990032054528e-03 4.190350148542618990e+04
3.228874933171192879e+03 9.972327434018913861e-01 5.866069802769260585e-03 4.172258632082539407e+04
3.228884344740055440e+03 9.954956496894096230e-01 5.854021037195069992e-03 4.165481626851028705e+04
3.228893756308918455e+03 9.975001475591851463e-01 5.865054541750291950e-03 4.174350952209874958e+04
3.228903167877781016e+03 9.992912986276695220e-01 5.873179708698905190e-03 4.182318774258332269e+04
3.228912579446643576e+03 1.000756436238466218e+00 5.876867585660576487e-03 4.188912488692838815e+04
3.228921991015506592e+03 1.001427104797790069e+00 5.877701544868138388e-03 4.192169896412512026e+04
3.228931402584369152e+03 1.000759074443043239e+00 5.873722285905593095e-03 4.189810760096448212e+04
3.228940814153231713e+03 1.000023571602605577e+00 5.868447061881244646e-03 4.187155396819479938e+04
3.228950225722094274e+03 9.991736492869577324e-01 5.861001248736946202e-03 4.184006510596578300e+04
3.228959637290957289e+03 9.990088807482894184e-01 5.858668762414019106e-03 4.183711849110549520e+04
3.228969048859819850e+03 1.000104584273789454e+00 5.865747427552287126e-03 4.188681155300770479e+04
3.228978460428682411e+03 1.000642988002528266e+00 5.867159701930306677e-03 4.191301232763063308e+04
3.228987871997544971e+03 1.000036633812166897e+00 5.856948022646820025e-03 4.189109958422043564e+04
3.228997283566407987e+03 9.995328753971897129e-01 5.846876288405526874e-03 4.187331039492242417e+04
3.229006695135270547e+03 9.992327791831608907e-01 5.837062641179488476e-03 4.186387381675319921e+04
3.229016106704133108e+03 9.992777425519370205e-01 5.827745783092274680e-03 4.186870982958024251e+04
3.229025518272995669e+03 1.000096088799146798e+00 5.819517022874628152e-03 4.190576245187082532e+04
3.229034929841858684e+03 1.000463928880220621e+00 5.812152806339107580e-03 4.192374489462846395e+04
3.229044341410721245e+03 9.996864880894407168e-01 5.806930866143727131e-03 4.189353126686057658e+04
3.229053752979583805e+03 9.992117268300233501e-01 5.797653587188528537e-03 4.187578974242067488e+04
3.229063164548446366e+03 9.994853066290957377e-01 5.778206525745966000e-03 4.188919409205593547e+04
3.229072576117309382e+03 9.994121197009402380e-01 5.758417971172880012e-03 4.188784329724677082e+04
3.229081987686171942e+03 9.983550098834426123e-01 5.737611711977332225e-03 4.184502337446819729e+04
3.229091399255034503e+03 9.981002009453785462e-01 5.729851389987015986e-03 4.183559414314982860e+04
3.229100810823897064e+03 1.000388643130084576e+00 5.763572617169264271e-03 4.193252638254756312e+04
3.229110222392760079e+03 1.001548033165784890e+00 5.784125883243162840e-03 4.198188767488794110e+04
3.229119633961622640e+03 9.991464543383490327e-01 5.763222954914199066e-03 4.188172816985449754e+04
3.229129045530485200e+03 9.979244106506791612e-01 5.750007403110778820e-03 4.183074909221686539e+04
3.229138457099347761e+03 1.000920912938559670e+00 5.764296984259070430e-03 4.195633422005779721e+04
3.229147868668210776e+03 1.002936331299148165e+00 5.772442167633357740e-03 4.204051916062155215e+04
3.229157280237073337e+03 1.001462778437447687e+00 5.758744693760406430e-03 4.197817383518104180e+04
3.229166691805935898e+03 1.000188815385399721e+00 5.746019107163224254e-03 4.192390874361720489e+04
3.229176103374798458e+03 9.997086411099769254e-01 5.737140860648470841e-03 4.190262371807408636e+04
3.229185514943661474e+03 9.994115367159535079e-01 5.729093830002498361e-03 4.188871262502385071e+04
3.229194926512524034e+03 9.998289078755558945e-01 5.724266192887250866e-03 4.190444049661048484e+04
3.229204338081386595e+03 1.000045611973381154e+00 5.719755535963361344e-03 4.191144345159696968e+04
3.229213749650249156e+03 9.992933543420610132e-01 5.716576273043406584e-03 4.187751900415140699e+04
3.229223161219112171e+03 9.988918735672329685e-01 5.714788858019822018e-03 4.185797122230031528e+04
3.229232572787974732e+03 1.000081042459365133e+00 5.719264024763390068e-03 4.190474347305081028e+04
3.229241984356837293e+03 1.001123994598817513e+00 5.724010170278130000e-03 4.194504230466354056e+04
3.229251395925699853e+03 1.001330770259417191e+00 5.730028616685940886e-03 4.194995631136172597e+04
3.229260807494562869e+03 1.001558365028832887e+00 5.734068792753497547e-03 4.195538779758265446e+04
3.229270219063425429e+03 1.001860884946464081e+00 5.727277829735417762e-03 4.196359601470780035e+04
3.229279630632287990e+03 1.002020354169880889e+00 5.722519108091101737e-03 4.196544410451527074e+04
3.229289042201150551e+03 1.001203654370089291e+00 5.730678425703607248e-03 4.192604008097459155e+04
3.229298453770013566e+03 1.000344261293286907e+00 5.734237196024933800e-03 4.188447825158954220e+04
3.229307865338876127e+03 9.991664110248479336e-01 5.708280460948337263e-03 4.182921014863460005e+04
3.229317276907738687e+03 9.981551809242077411e-01 5.684901374055576460e-03 4.178055265319914179e+04
3.229326688476601248e+03 9.983982960646110572e-01 5.681553046696252544e-03 4.178403895618653041e+04
3.229336100045464264e+03 9.987575998096546170e-01 5.678713730690976638e-03 4.179203143074494437e+04
3.229345511614326824e+03 9.999544468925651852e-01 5.679478934440344504e-03 4.183471917893126374e+04
3.229354923183189385e+03 1.000979107379969868e+00 5.679127208923855606e-03 4.186985943531409430e+04
3.229364334752051946e+03 1.000218551471149020e+00 5.667274331469600822e-03 4.183000980052995874e+04
3.229373746320914961e+03 9.995477046854718273e-01 5.656506291848386984e-03 4.179362228241806588e+04
3.229383157889777522e+03 9.996828316879617926e-01 5.655896452043097065e-03 4.179065079730125581e+04
3.229392569458640082e+03 9.997835485383016474e-01 5.653792805960849641e-03 4.178596343191478809e+04
3.229401981027502643e+03 9.993481482760205870e-01 5.631497512782725201e-03 4.175860967257018638e+04
3.229411392596365658e+03 9.989099475987575083e-01 5.610323990112207893e-03 4.173089755160849018e+04
3.229420804165228219e+03 9.983679476823607013e-01 5.603158474785552463e-03 4.169862196353555191e+04
3.229430215734090780e+03 9.976164591846302665e-01 5.593358972095088984e-03 4.165738591095144511e+04
3.229439627302953340e+03 9.942318503721264689e-01 5.550876778592443717e-03 4.150603001638498245e+04
3.229449038871816356e+03 9.909781297080456630e-01 5.510483595145399156e-03 4.136000900336265477e+04
3.229458450440678916e+03 9.900703661824363788e-01 5.508286622096239364e-03 4.131175966999007505e+04
3.229467862009541477e+03 9.892633729463164993e-01 5.506882290620082956e-03 4.126756268302624085e+04
3.229477273578404038e+03 9.901560660561611327e-01 5.518961885987310606e-03 4.129411023039876454e+04
3.229486685147267053e+03 9.910782457548905633e-01 5.530932376197396708e-03 4.132172282263086527e+04
3.229496096716129614e+03 9.928115789939605529e-01 5.538666277607981123e-03 4.138299381848677149e+04
3.229505508284992175e+03 9.945613782807147807e-01 5.547174848342785979e-03 4.144479264772217721e+04
3.229514919853855190e+03 9.966847011265509426e-01 5.577742571786106426e-03 4.152200603965653863e+04
3.229524331422717751e+03 9.987590603414802093e-01 5.607475457656843632e-03 4.159703748099877703e+04
3.229533742991580311e+03 9.994146471648287511e-01 5.613780956990847316e-03 4.161286591627564485e+04
3.229543154560442872e+03 1.000054095900859252e+00 5.620032586921460717e-03 4.162793856049866008e+04
3.229552566129305887e+03 9.992048904311180424e-01 5.620823622844239344e-03 4.158099135059542459e+04
3.229561977698168448e+03 9.983626941670206145e-01 5.621357109254379418e-03 4.153431236168293253e+04
3.229571389267031009e+03 9.979597983530786864e-01 5.603929036355356774e-03 4.150589364524454868e+04
3.229580800835893569e+03 9.975914735234363562e-01 5.586927691500463873e-03 4.147890445475860179e+04
3.229590212404756585e+03 9.992220747091814514e-01 5.595162593721742655e-03 4.153500948901613447e+04
3.229599623973619146e+03 1.000834209705214528e+00 5.602987238763517015e-03 4.159031743967119110e+04
3.229609035542481706e+03 1.001474336762103290e+00 5.589837740959330628e-03 4.160522801259240805e+04
3.229618447111344267e+03 1.002113997095192666e+00 5.576676251834666864e-03 4.162013858551362500e+04
3.229627858680207282e+03 1.000032119003225528e+00 5.569969352201865030e-03 4.152208124803678220e+04
3.229637270249069843e+03 9.979362749125133547e-01 5.563277661976791244e-03 4.142355239797903778e+04
3.229646681817932404e+03 9.993621736148373680e-01 5.573487997181970910e-03 4.147128897592758585e+04
3.229656093386794964e+03 1.000791620937782511e+00 5.583688483389003150e-03 4.151922603331664141e+04
3.229665504955657980e+03 1.000487310829311749e+00 5.547736887326202258e-03 4.149532178897525591e+04
3.229674916524520540e+03 1.000178379230349357e+00 5.511882554022475532e-03 4.147134447849614662e+04
3.229684328093383101e+03 9.993090448934461856e-01 5.517625538253144273e-03 4.142426830460745259e+04
3.229693739662245662e+03 9.984359351481820744e-01 5.523353257891251700e-03 4.137719213071875856e+04
3.229703151231108677e+03 9.994973320760326407e-01 5.524538868448700818e-03 4.141043406145674089e+04
3.229712562799971238e+03 1.000595620727359414e+00 5.525609276665232293e-03 4.144534463460362895e+04
3.229721974368833799e+03 9.987929822648418110e-01 5.500075355963075958e-03 4.136028029098369007e+04
3.229731385937696359e+03 9.969320166766415525e-01 5.474018548932618744e-03 4.127302726309321588e+04
3.229740797506559375e+03 9.977403375170906807e-01 5.480131962929811473e-03 4.129649510950611148e+04
3.229750209075421935e+03 9.985859333729969478e-01 5.486726391749943178e-03 4.132170379948237678e+04
3.229759620644284496e+03 1.000398812746357446e+00 5.489543142002485665e-03 4.138714072683634004e+04
3.229769032213147057e+03 1.002219552201986774e+00 5.492279656943552593e-03 4.145310927916963556e+04
3.229778443782010072e+03 1.002200574987415216e+00 5.499975809625084686e-03 4.144322210018926125e+04
3.229787855350872633e+03 1.002155460195002679e+00 5.507693365314965048e-03 4.143252174952654605e+04
3.229797266919735193e+03 1.002285911010747377e+00 5.500494748732086617e-03 4.142935918798384955e+04
3.229806678488597754e+03 1.002415766709440215e+00 5.492728605211027668e-03 4.142646283712687728e+04
3.229816090057460769e+03 9.998600617643083055e-01 5.471664711226095594e-03 4.131290650743674632e+04
3.229825501626323330e+03 9.972080696603840000e-01 5.450117102242089777e-03 4.119573030573280266e+04
3.229834913195185891e+03 9.991886052703750076e-01 5.464667145249806415e-03 4.127026465548645501e+04
3.229844324764048451e+03 1.001301324787678526e+00 5.480265671044785500e-03 4.135057324892812176e+04
3.229853736332911467e+03 1.000422897514015252e+00 5.474738139500349467e-03 4.130770537480896746e+04
3.229863147901774028e+03 9.994530669612765594e-01 5.468579114346004341e-03 4.126144515909065376e+04
3.229872559470636588e+03 1.000143889975977141e+00 5.464561796291624376e-03 4.128412784652307892e+04
3.229881971039499149e+03 1.000867034086803775e+00 5.460545814609031948e-03 4.130853233409243694e+04
3.229891382608362164e+03 1.000179178657907508e+00 5.465616749185770243e-03 4.127510933205634501e+04
3.229900794177224725e+03 9.994495277392394517e-01 5.470838050527937306e-03 4.124038978753589618e+04
3.229910205746087286e+03 9.994972672065204344e-01 5.458967487648437589e-03 4.123818497316997673e+04
3.229919617314949846e+03 9.995498504800138795e-01 5.446696783237071557e-03 4.123662655601333245e+04
3.229929028883812862e+03 1.000553690065683732e+00 5.445990438135423287e-03 4.127476879137436481e+04
3.229938440452675422e+03 1.001562905254343105e+00 5.445423312484866558e-03 4.131359991236453061e+04
3.229947852021537983e+03 1.001782928083934321e+00 5.443491328668325149e-03 4.132036084032533836e+04
3.229957263590400544e+03 1.001979322153246699e+00 5.441474025257574641e-03 4.132664596323965088e+04
3.229966675159263559e+03 1.001969436339433583e+00 5.448096341818088086e-03 4.132493542497984890e+04
3.229976086728126120e+03 1.001944414517398352e+00 5.454757084957673023e-03 4.132312627511233586e+04
3.229985498296988681e+03 1.000973169166077259e+00 5.428054699342267121e-03 4.128283087909419555e+04
3.229994909865851241e+03 9.999793830386523030e-01 5.400952256157373621e-03 4.124215669240552234e+04
3.230004321434714257e+03 1.000376233498330381e+00 5.401179674676480358e-03 4.125939986426472024e+04
3.230013733003576817e+03 1.000769426222213321e+00 5.401533400608137837e-03 4.127706951393285999e+04
3.230023144572439378e+03 1.000068370832394304e+00 5.393569152569856022e-03 4.125019523316420964e+04
3.230032556141301939e+03 9.993184656366148610e-01 5.385265092194984476e-03 4.122190466356901015e+04
3.230041967710164954e+03 9.996640013673983027e-01 5.381680201735356515e-03 4.123941468896669539e+04
3.230051379279027515e+03 1.000026689601944074e+00 5.378154171674672315e-03 4.125826245117187500e+04
3.241805805037695336e+03 1.001185608928738313e+00 3.626695746595480843e-03 4.243046723385155201e+04
3.241814176697241237e+03 1.001429493649736990e+00 3.625874346553711793e-03 4.242879939267800364e+04
3.241822548356787593e+03 1.000551633727804868e+00 3.624562901761653640e-03 4.237953087286311347e+04
3.241830920016333494e+03 1.000001907206001128e+00 3.628894075846289015e-03 4.234411570781195041e+04
3.241839291675879849e+03 1.001179443621471821e+00 3.662985610567195873e-03 4.238178935820533661e+04
3.241847663335425750e+03 1.002073893837583496e+00 3.686470101627568625e-03 4.240743091685843683e+04
3.241856034994972106e+03 1.001318181948066766e+00 3.648256943243664060e-03 4.236323276393806736e+04
3.241864406654518007e+03 1.000696024369603476e+00 3.615573790719975571e-03 4.232471761532862729e+04
3.241872778314064362e+03 1.000936917629754230e+00 3.618588741895147586e-03 4.232274550605197146e+04
3.241881149973610718e+03 1.001180242043401503e+00 3.621419468727648996e-03 4.232092530616388103e+04
3.241889521633156619e+03 1.001447760893949823e+00 3.622943172393155303e-03 4.232019623657529155e+04
3.241897893292702975e+03 1.001695752155135288e+00 3.623096298147873706e-03 4.231872993648189731e+04
3.241906264952248875e+03 1.001799715213815611e+00 3.612186600296822970e-03 4.231128844044640573e+04
3.241914636611795231e+03 1.001820384964373645e+00 3.602807007617005088e-03 4.230046091419913864e+04
3.241923008271341132e+03 1.001094549087382823e+00 3.607745607605914676e-03 4.225827429939696594e+04
3.241931379930887488e+03 1.000459637773619459e+00 3.612583784086403384e-03 4.222011377072236792e+04
3.241939751590433389e+03 1.000846095837420791e+00 3.616457427093754898e-03 4.222525049938797019e+04
3.241948123249979744e+03 1.001142883773559644e+00 3.620138087407648569e-03 4.222680800052797713e+04
3.241956494909526100e+03 1.000351661378455770e+00 3.621543866388951972e-03 4.218271108873777121e+04
3.241964866569072001e+03 9.996274690577209299e-01 3.623238259731047413e-03 4.214170711697971274e+04
3.241973238228618357e+03 1.000039886366836495e+00 3.629732066652185171e-03 4.214888443978501164e+04
3.241981609888164257e+03 1.000304469449617928e+00 3.635389959457362239e-03 4.215008362223901349e+04
3.241989981547710613e+03 9.977451890395649947e-01 3.624807605469201974e-03 4.203257148350279749e+04
3.241998353207256514e+03 9.952283614531421962e-01 3.614442749933460212e-03 4.191714884202955000e+04
3.242006724866802870e+03 9.940500445540212393e-01 3.610671927900737342e-03 4.185838500821129128e+04
3.242015096526349225e+03 9.929091515661983003e-01 3.607088952795206062e-03 4.180146326571740065e+04
3.242023468185895126e+03 9.936055038908898629e-01 3.612357519707759534e-03 4.182213538211297418e+04
3.242031839845441482e+03 9.943007848151105277e-01 3.617572226128678604e-03 4.184298914873900503e+04
3.242040211504987383e+03 9.953857198691875574e-01 3.619530431291733373e-03 4.188046152114344295e+04
3.242048583164533738e+03 9.964236905539480826e-01 3.621374281746352931e-03 4.191617339443607489e+04
3.242056954824079639e+03 9.959818480950701769e-01 3.619851578473024575e-03 4.188985943559969019e+04
3.242065326483625995e+03 9.955176040481747979e-01 3.618324069274557464e-03 4.186283667973369302e+04
3.242073698143171896e+03 9.939572884305334366e-01 3.617768026678784988e-03 4.178996071800862410e+04
3.242082069802718252e+03 9.923890146822259561e-01 3.617174617320154974e-03 4.171699229766218195e+04
3.242090441462264607e+03 9.900441518141175345e-01 3.610196837301963852e-03 4.161162175471242517e+04
3.242098813121810508e+03 9.876934802134973435e-01 3.603198381794341099e-03 4.150625121176839457e+04
3.242107184781356864e+03 9.881324302983085506e-01 3.595009616739560168e-03 4.151833162631718005e+04
3.242115556440902765e+03 9.885935231473887974e-01 3.586789310692623921e-03 4.153154235027780669e+04
3.242123928100449120e+03 9.913788863555780262e-01 3.599179135761615585e-03 4.164258027769527689e+04
3.242132299759995021e+03 9.942124510044226815e-01 3.612017351375318517e-03 4.175580953446299100e+04
3.242140671419541377e+03 9.950676772738124010e-01 3.611870831663970861e-03 4.178612679490671144e+04
3.242149043079087278e+03 9.958483930415149565e-01 3.611246890675170584e-03 4.181350036190177343e+04
3.242157414738633634e+03 9.953489612202978121e-01 3.597794169764326373e-03 4.178731295703184878e+04
3.242165786398179989e+03 9.948222038776887155e-01 3.584093745857448721e-03 4.176017159914271906e+04
3.242174158057725890e+03 9.953529881292404458e-01 3.581975630482149391e-03 4.177760796468063927e+04
3.242182529717272246e+03 9.959122781223084253e-01 3.580198783586295390e-03 4.179641715935867251e+04
3.242190901376818147e+03 9.962369127405854563e-01 3.587853977662005828e-03 4.180555273623915127e+04
3.242199273036364502e+03 9.965472657760486852e-01 3.595912588718822977e-03 4.181426153586484725e+04
3.242207644695910403e+03 9.970654627160043804e-01 3.607493644093001835e-03 4.183185997641947324e+04
3.242216016355456759e+03 9.975919754863744604e-01 3.619266700968621145e-03 4.184997212985921942e+04
3.242224388015002660e+03 9.933073118916720956e-01 3.589584566528530515e-03 4.166643089969657012e+04
3.242232759674549015e+03 9.886727256470737579e-01 3.556906451025407864e-03 4.146840678698870033e+04
3.242241131334095371e+03 9.832481403432720146e-01 3.545566808196041336e-03 4.123744139312446350e+04
3.242249502993641272e+03 9.777774616550116704e-01 3.535341459961201076e-03 4.100473419695855409e+04
3.242257874653187628e+03 9.754066605893650932e-01 3.525275969410781706e-03 4.090220149702901108e+04
3.242266246312733529e+03 9.732393255309382818e-01 3.515207994156017719e-03 4.080836158482977044e+04
3.242274617972279884e+03 9.745135850786070808e-01 3.522999278536542971e-03 4.085897533624673815e+04
3.242282989631825785e+03 9.760639394291253934e-01 3.532228257988467065e-03 4.092129734369151265e+04
3.242291361291372141e+03 9.797421476785547201e-01 3.548996459302430299e-03 4.107295268862893863e+04
3.242299732950918042e+03 9.835492503881220205e-01 3.566221531329150009e-03 4.123012726845811994e+04
3.242308104610464397e+03 9.897646469281147219e-01 3.580558834978140627e-03 4.148836503294143040e+04
3.242316476270010753e+03 9.961606806865840325e-01 3.594667956748427620e-03 4.175427574088174879e+04
3.242324847929556654e+03 9.990625765678060599e-01 3.610310984164041316e-03 4.187383617918835080e+04
3.242333219589103010e+03 1.001645958981675077e+00 3.626084379384186731e-03 4.198016015966942359e+04
3.242341591248648911e+03 1.000241670120201931e+00 3.612884597096122780e-03 4.191947527999752492e+04
3.242349962908195266e+03 9.985521287609492314e-01 3.597621582583419506e-03 4.184695933391111612e+04
3.242358334567741167e+03 9.997717353757324954e-01 3.611302700119043731e-03 4.189647466105036438e+04
3.242366706227287523e+03 1.001236949748640637e+00 3.627442975584695313e-03 4.195639005964536773e+04
3.242375077886833424e+03 1.000878822950918901e+00 3.620488984523853766e-03 4.194000616586502292e+04
3.242383449546379779e+03 1.000336066962129955e+00 3.611216785002663993e-03 4.191599234284662816e+04
3.242391821205926135e+03 1.000214939918947499e+00 3.612584758093932528e-03 4.190974857854737638e+04
3.242400192865472036e+03 1.000125397170005703e+00 3.614796847051174409e-03 4.190492740192423662e+04
3.242408564525018392e+03 9.994698811162368024e-01 3.602784923909182601e-03 4.187648858703289443e+04
3.242416936184564292e+03 9.987587534495195873e-01 3.589418396613239682e-03 4.184581343449139968e+04
3.242425307844110648e+03 1.000121991449901326e+00 3.596215042100747196e-03 4.190213840533589973e+04
3.242433679503656549e+03 1.001711074241181221e+00 3.605217887043113845e-03 4.196800949012513593e+04
3.242442051163202905e+03 1.000627060454499784e+00 3.605034240094108673e-03 4.192197022324911086e+04
3.242450422822748806e+03 9.993022295399021093e-01 3.604022790680293936e-03 4.186592285455889214e+04
3.242458794482295161e+03 1.000514152583459992e+00 3.608540583803422196e-03 4.191622973383296630e+04
3.242467166141841517e+03 1.001989183045517207e+00 3.613629669132838694e-03 4.197763154172848590e+04
3.242475537801387418e+03 1.001601873905207274e+00 3.611472481972927834e-03 4.196108164885752194e+04
3.242483909460933774e+03 1.001056253311417787e+00 3.608699720126071989e-03 4.193796664282994607e+04
3.242492281120479674e+03 1.001094044205433464e+00 3.607707679656574438e-03 4.193935671099494357e+04
3.242500652780026030e+03 1.001188282650785411e+00 3.606887211423692383e-03 4.194317199991633970e+04
3.242509024439571931e+03 1.000553684267946331e+00 3.612672922832287081e-03 4.191651112234499305e+04
3.383571587371664918e+03 9.981969860862662802e-01 2.485094216170475375e-03 3.080251029008635669e+04
3.383580228460004037e+03 9.977226325947454733e-01 2.476699817553642581e-03 3.078417049806416253e+04
3.383588869548342700e+03 9.974681482296512414e-01 2.472027974764346402e-03 3.077245768295548260e+04
3.383597510636681363e+03 9.981777116001615546e-01 2.483936123028859192e-03 3.079032164399537942e+04
3.383606151725020027e+03 9.988387765787930528e-01 2.493837331540769715e-03 3.080651797543283101e+04
3.383614792813359145e+03 9.991957972635984175e-01 2.492164148782134020e-03 3.081316333732932617e+04
3.383623433901697808e+03 9.994286135670987781e-01 2.490340812159449243e-03 3.081580350813436235e+04
3.383632074990036472e+03 9.988854473210133644e-01 2.487546463686477870e-03 3.079434347737863209e+04
3.383640716078375590e+03 9.984889701067422019e-01 2.485503104109910814e-03 3.077723166441162175e+04
3.383649357166714253e+03 9.989918261751451478e-01 2.488144954643160822e-03 3.078765856410361448e+04
3.383657998255052917e+03 9.994935860325360188e-01 2.491387730804529594e-03 3.079786173856446476e+04
3.383666639343391580e+03 9.999531168242781209e-01 2.498555598446793383e-03 3.080657059733078131e+04
3.383675280431730698e+03 1.000380422731085739e+00 2.504762374919675388e-03 3.081409061646313057e+04
3.383683921520069362e+03 1.000449830024463749e+00 2.501745807774019212e-03 3.081039286674305549e+04
3.383692562608408025e+03 1.000472421674389656e+00 2.498924563972746132e-03 3.080507359098079178e+04
3.383701203696746688e+03 9.999657199699830690e-01 2.497962687375607661e-03 3.078329471525989356e+04
3.383709844785085807e+03 9.994511477489873563e-01 2.496910504449455052e-03 3.076112849855049717e+04
3.383718485873424470e+03 9.988027368478762380e-01 2.494747544658816596e-03 3.073471292336572878e+04
3.383727126961763133e+03 9.981113541732739014e-01 2.492511627234913086e-03 3.070686019383480016e+04
3.383735768050102251e+03 9.968662570474745577e-01 2.489305060463041942e-03 3.066187567201979255e+04
3.383744409138440915e+03 9.955251309770153378e-01 2.485435138584578957e-03 3.061385918153809325e+04
3.383753050226779578e+03 9.929006357529762683e-01 2.472838702125463011e-03 3.052632254773772365e+04
3.383761691315118242e+03 9.903904276232907700e-01 2.460749459828425259e-03 3.044226725676507704e+04
3.383770332403457360e+03 9.895074482600979549e-01 2.455945700963821452e-03 3.040819879393175142e+04
3.383778973491796023e+03 9.886223571334081806e-01 2.451321632487837507e-03 3.037403763480696944e+04
3.383787614580134687e+03 9.876895626675337159e-01 2.449548987959904167e-03 3.033839719733661695e+04
3.383796255668473350e+03 9.867910620743626238e-01 2.447898388860214863e-03 3.030381032358991797e+04
3.383804896756812468e+03 9.872544387280659528e-01 2.451084722181523425e-03 3.031104992974786364e+04
3.383813537845151131e+03 9.877079129237817945e-01 2.454135923115528112e-03 3.031799359351395469e+04
3.383822178933489795e+03 9.876469974165715815e-01 2.449971091171032535e-03 3.030917339254433682e+04
3.383830820021828913e+03 9.875772280751474730e-01 2.445872368322180457e-03 3.030012433552773291e+04
3.383839461110167576e+03 9.869057631692408350e-01 2.447509511590025607e-03 3.027267525237857990e+04
3.383848102198506240e+03 9.862206708858327620e-01 2.449058688010070841e-03 3.024488676554685298e+04
3.383856743286844903e+03 9.837414982237785432e-01 2.437152563384445154e-03 3.016218276265841268e+04
3.383865384375184021e+03 9.812580955254692761e-01 2.425233426083191462e-03 3.007947875976562500e+04
3.383874025463522685e+03 9.799599011971917850e-01 2.429269595578621103e-03 3.003324088516815391e+04
3.383882666551861348e+03 9.786571393214038572e-01 2.433297525832050275e-03 2.998700301057068282e+04
3.383891307640200012e+03 9.803775190039151211e-01 2.434535976393953360e-03 3.003353110662329345e+04
3.383899948728539130e+03 9.821124122342509422e-01 2.435745563066776375e-03 3.008063253995333071e+04
3.383908589816877793e+03 9.858512750008799896e-01 2.447058280897953554e-03 3.018924360913491910e+04
3.383917230905216456e+03 9.896107393444781852e-01 2.458486738409251891e-03 3.029861972353887904e+04
3.383925871993555575e+03 9.914424897347114962e-01 2.461406099822154199e-03 3.034913625999611395e+04
3.383934513081894238e+03 9.932320357456787541e-01 2.464150171055852229e-03 3.039854779811423577e+04
3.383943154170232901e+03 9.937909119561988414e-01 2.463267290059248642e-03 3.041050228300611707e+04
3.383951795258571565e+03 9.943114577726177572e-01 2.462274140590623751e-03 3.042151326529746802e+04
3.383960436346910683e+03 9.939040850335386645e-01 2.463879619502982316e-03 3.040438219287915854e+04
3.383969077435249346e+03 9.934588564584400094e-01 2.465547305167028157e-03 3.038635942037482164e+04
3.383977718523588010e+03 9.936694315079894757e-01 2.463689109160775714e-03 3.038867253633246219e+04
3.383986359611927128e+03 9.938960285538369632e-01 2.461672822078902600e-03 3.039176381128784851e+04
3.383995000700265791e+03 9.924046896024943942e-01 2.461057290152327947e-03 3.034263150934543228e+04
3.384003641788604455e+03 9.908258987460789591e-01 2.460479973259135401e-03 3.029115283360199464e+04
3.384012282876943118e+03 9.854275903784135426e-01 2.445999254922629363e-03 3.012325636597622724e+04
3.384020923965282236e+03 9.798202924252376045e-01 2.430770978748141627e-03 2.994934347498575517e+04
3.384029565053620900e+03 9.707079672870810860e-01 2.409324292965236720e-03 2.966868343901549088e+04
3.384038206141959563e+03 9.613781486461588921e-01 2.387483147556147128e-03 2.938177682108935551e+04
3.384046847230298226e+03 9.571999231605489156e-01 2.377341995611363147e-03 2.925271060784731526e+04
3.384055488318637344e+03 9.533467745407957494e-01 2.367936581399701992e-03 2.913397426401980556e+04
3.384064129406976008e+03 9.561731545059357629e-01 2.376922134983672306e-03 2.921976141615182496e+04
3.384072770495314671e+03 9.594711282041364919e-01 2.387209517025552959e-03 2.932036911146886632e+04
3.384081411583653789e+03 9.655675346970481465e-01 2.400135921257425236e-03 2.950692090830685265e+04
3.384090052671992453e+03 9.718730674935817104e-01 2.413238701767903612e-03 2.970031175830815118e+04
3.384098693760331116e+03 9.814412794271993867e-01 2.433756820527302814e-03 2.999388413314136778e+04
3.384107334848669780e+03 9.912774611713043305e-01 2.454881128595779328e-03 3.029615049878165519e+04
3.384115975937008898e+03 9.949802696271845548e-01 2.463571729008043939e-03 3.041148391871755302e+04
3.384124617025347561e+03 9.980904051163771440e-01 2.471053860895226165e-03 3.050922956149072343e+04
3.384133258113686225e+03 9.983910837436353880e-01 2.471144007140944725e-03 3.052163239575675107e+04
3.384141899202024888e+03 9.984835430205681872e-01 2.470689029888254937e-03 3.052821131133572999e+04
3.384150540290364006e+03 9.994709506794907661e-01 2.477614105307290177e-03 3.056271158253836256e+04
3.384159181378702669e+03 1.000508216442856924e+00 2.485049997239903961e-03 3.059931425436021527e+04
3.384167822467041333e+03 9.991896797862904744e-01 2.480325559668873983e-03 3.056444757816304627e+04
3.384176463555380451e+03 9.976608125228138002e-01 2.474559355689732315e-03 3.052368848231602897e+04
3.384185104643719114e+03 9.971118437575716698e-01 2.475007717176878203e-03 3.051337971043363359e+04
3.384193745732057778e+03 9.966391199225190789e-01 2.475983627667200943e-03 3.050580209210402973e+04
3.384202386820396441e+03 9.974705203664748776e-01 2.480020016437969790e-03 3.053847152151245609e+04
3.384211027908735559e+03 9.984209124787589706e-01 2.484333748616710316e-03 3.057504632482591842e+04
3.384219668997074223e+03 9.991898255012664487e-01 2.488245896355869343e-03 3.060624813575655935e+04
3.384228310085412886e+03 9.999369733268750338e-01 2.492108196179084953e-03 3.063688858927461479e+04
3.384236951173752004e+03 1.000480882295436524e+00 2.494844493110948743e-03 3.066132773574121893e+04
3.384245592262090668e+03 1.001003890759491588e+00 2.497458741933183436e-03 3.068507220026915456e+04
3.384254233350429331e+03 1.000193163720543676e+00 2.493142366431526889e-03 3.066778925991988945e+04
3.384262874438767994e+03 9.992758026237615887e-01 2.488253715132707992e-03 3.064700531435652010e+04
3.384271515527107113e+03 1.000301693210297937e+00 2.498552435127545344e-03 3.068552354335146083e+04
3.384280156615445776e+03 1.001518342341131795e+00 2.510280919426499061e-03 3.072953418850999878e+04
3.384288797703784439e+03 1.000602689217054975e+00 2.503158069007248385e-03 3.070766860952498246e+04
3.384297438792123103e+03 9.994900751408308803e-01 2.494193270526723002e-03 3.067921540812866078e+04
3.384306079880462221e+03 9.995921849717791519e-01 2.498858603803781348e-03 3.068743373970420362e+04
