9.999999864194665244e-01
9.999999862741748569e-01
9.999999860830321996e-01
9.999999858585472134e-01
9.999999856134373921e-01
9.999999853558680929e-01
9.999999850894322195e-01
9.999999848151486237e-01
9.999999845330550530e-01
9.999999842429140307e-01
9.999999839444216887e-01
9.999999836372509554e-01
9.999999833210575506e-01
9.999999829954795416e-01
9.999999826601362329e-01
9.999999823146275002e-01
9.999999819585317917e-01
9.999999815914054624e-01
9.999999812127808863e-01
9.999999808221651243e-01
9.999999804190375929e-01
9.999999800028496200e-01
9.999999795730207808e-01
9.999999791289377882e-01
9.999999786699518278e-01
9.999999781953761158e-01
9.999999777044831228e-01
9.999999771965016881e-01
9.999999766706134663e-01
9.999999761259494857e-01
9.999999755615867070e-01
9.999999749765431378e-01
9.999999743697738364e-01
9.999999737401652489e-01
9.999999730865302139e-01
9.999999724076016339e-01
9.999999717020257028e-01
9.999999709683546900e-01
9.999999702050388350e-01
9.999999694104175774e-01
9.999999685827090090e-01
9.999999677199995496e-01
9.999999668202314007e-01
9.999999658811893344e-01
9.999999649004849278e-01
9.999999638755407982e-01
9.999999628035705079e-01
9.999999616815582471e-01
9.999999605062349639e-01
9.999999592740516086e-01
9.999999579811486017e-01
9.999999566233227499e-01
9.999999551959872779e-01
9.999999536941284184e-01
9.999999521122557855e-01
9.999999504443440879e-01
9.999999486837674034e-01
9.999999468232241284e-01
9.999999448546481595e-01
9.999999427691084186e-01
9.999999405566903921e-01
9.999999382063576858e-01
9.999999357057902660e-01
9.999999330411941667e-01
9.999999301970738941e-01
9.999999271559650849e-01
9.999999238981110983e-01
9.999999204010766585e-01
9.999999166392774530e-01
9.999999125834087010e-01
9.999999081997432704e-01
9.999999034492625949e-01
9.999998982865735409e-01
9.999998926585453862e-01
9.999998865025774286e-01
9.999998797443725440e-01
9.999998722950425023e-01
9.999998640472875788e-01
9.999998548702582202e-01
9.999998446024584986e-01
9.999998330415151848e-01
9.999998199283800515e-01
9.999998049203110417e-01
9.999997875385699952e-01
9.999997670543432360e-01
9.999997422126321034e-01
9.999997104757025745e-01
9.999996655269147716e-01
9.999995873551627001e-01
9.999994002777162772e-01
9.999988078311650153e-01
9.999967401117033639e-01
9.999898695171809404e-01
9.999696264261079826e-01
9.999183940003720794e-01
9.998088993219776954e-01
9.996139252484399496e-01
9.993293124992590482e-01
9.989976912026772293e-01
9.987061876318091835e-01
9.985432876755631071e-01
9.985395765100228971e-01
9.986428214694997862e-01
9.987517078867123033e-01
9.987785827854349652e-01
9.986907687337422956e-01
9.985095706786195624e-01
9.982842449349682568e-01
9.980669908681012448e-01
9.979000445370724837e-01
9.978118649637883752e-01
9.978166388921458907e-01
9.979146413008390670e-01
9.980936620617095745e-01
9.983320455520332537e-01
9.986030832547325709e-01
9.988797397549395995e-01
9.991383883080173778e-01
9.993603100855241728e-01
9.995300126734156798e-01
9.996300263240234241e-01
9.996332212530958383e-01
9.994963709246738048e-01
9.991620099153746271e-01
9.985765009801170766e-01
9.977260448567635276e-01
9.966779673119684491e-01
9.955999925117381411e-01
9.947307473741158201e-01
9.942995623560199059e-01
9.944306804961505764e-01
9.950865590758264378e-01
9.960857812049228599e-01
9.971843045984385423e-01
9.981708913669660177e-01
9.989267769434286848e-01
9.994309775256345896e-01
9.997271038761270656e-01
9.998813301808888721e-01
9.999529235396619198e-01
9.999826839180228077e-01
9.999938300894225529e-01
9.999976376073451689e-01
9.999988611959682583e-01
9.999992621325712872e-01
9.999994193817354216e-01
9.999995042283306157e-01
9.999995637112524260e-01
9.999996108345713397e-01
9.999996499054233379e-01
9.999996829465174208e-01
9.999997112308262048e-01
9.999997356749459332e-01
9.999997569731311486e-01
9.999997756639196211e-01
9.999997921718337679e-01
9.999998068359533532e-01
9.999998199302360113e-01
9.999998316782954255e-01
9.999998422643343599e-01
9.999998518413575344e-01
9.999998605374210703e-01
9.999998684604465282e-01
9.999998757019694651e-01
9.999998823400855219e-01
9.999998884417897749e-01
9.999998940648469059e-01
9.999998992592998848e-01
9.999999040686948781e-01
9.999999085310822267e-01
9.999999126798406746e-01
9.999999165443583804e-01
9.999999201506000190e-01
9.999999235215814020e-01
9.999999266777670481e-01
9.999999296374070257e-01
9.999999324168222792e-01
9.999999350306467694e-01
9.999999374920361950e-01
9.999999398128445183e-01
9.999999420037781750e-01
9.999999440745283019e-01
9.999999460338857560e-01
9.999999478898401462e-01
9.999999496496669860e-01
9.999999513200004131e-01
9.999999529068666071e-01
9.999999544155337983e-01
9.999999558495709095e-01
9.999999572075506382e-01
9.999999584755866477e-01
9.999999596180597639e-01
9.999999605781063616e-01
9.999999613006294030e-01
9.999999655712513702e-01
9.999999652331268418e-01
9.999999647929939117e-01
9.999999642755577067e-01
9.999999637077822134e-01
9.999999631089132590e-01
9.999999624887865313e-01
9.999999618509700650e-01
9.999999611961545298e-01
9.999999605240481593e-01
9.999999598340891804e-01
9.999999591256399922e-01
9.999999583980256901e-01
9.999999576505391730e-01
9.999999568824398111e-01
9.999999560929517806e-01
9.999999552812612880e-01
9.999999544465157930e-01
9.999999535878197898e-01
9.999999527042343628e-01
9.999999517947719685e-01
9.999999508583965468e-01
9.999999498940173037e-01
9.999999489004873787e-01
9.999999478765992933e-01
9.999999468210819531e-01
9.999999457325950969e-01
9.999999446097257438e-01
9.999999434509831975e-01
9.999999422547929395e-01
9.999999410194921889e-01
9.999999397433227966e-01
9.999999384244242506e-01
9.999999370608274596e-01
9.999999356504459813e-01
9.999999341910674744e-01
9.999999326803441502e-01
9.999999311157834470e-01
9.999999294947358175e-01
9.999999278143829606e-01
9.999999260717243876e-01
9.999999242635628782e-01
9.999999223864881603e-01
9.999999204368599237e-01
9.999999184107872807e-01
9.999999163041086714e-01
9.999999141123675495e-01
9.999999118307861812e-01
9.999999094542371125e-01
9.999999069772113058e-01
9.999999043937821686e-01
9.999999016975661403e-01
9.999998988816786172e-01
9.999998959386842134e-01
9.999998928605422499e-01
9.999998896385439151e-01
9.999998862632432095e-01
9.999998827243777866e-01
9.999998790107805791e-01
9.999998751102785466e-01
9.999998710095785448e-01
9.999998666941370962e-01
9.999998621480112870e-01
9.999998573536880153e-01
9.999998522918878141e-01
9.999998469413380331e-01
9.999998412785116031e-01
9.999998352773207255e-01
9.999998289087626002e-01
9.999998221405019816e-01
9.999998149363809041e-01
9.999998072558391460e-01
9.999997990532245584e-01
9.999997902769701685e-01
9.999997808686044154e-01
9.999997707615559950e-01
9.999997598796988019e-01
9.999997481355691331e-01
9.999997354281653372e-01
9.999997216402088940e-01
9.999997066347057206e-01
9.999996902505835505e-01
9.999996722970982965e-01
9.999996525465625341e-01
9.999996307247325245e-01
9.999996064977829668e-01
9.999995794539877636e-01
9.999995490763966544e-01
9.999995146984506089e-01
9.999994754238590300e-01
9.999994299657746222e-01
9.999993762928427454e-01
9.999993107734325148e-01
9.999992258044515525e-01
9.999991019615237509e-01
9.999988784199376202e-01
9.999983402944394584e-01
9.999967266274476518e-01
9.999915603242561790e-01
9.999757893743026482e-01
9.999324025753870693e-01
9.998276471961362599e-01
9.996088642760200260e-01
9.992179249951596010e-01
9.986274186456594038e-01
9.978867677733607167e-01
9.971402820099619646e-01
9.965805351224130693e-01
9.963469473389818809e-01
9.964370685779972980e-01
9.967021356102168106e-01
9.969326919400334219e-01
9.969680194685665020e-01
9.967559322706982528e-01
9.963431127748707539e-01
9.958279716225230116e-01
9.953162272446494097e-01
9.948965884878073762e-01
9.946326125734987755e-01
9.945613152573326010e-01
9.946934636154070031e-01
9.950151729983885973e-01
9.954918651006436914e-01
9.960748302638848806e-01
9.967093679200872414e-01
9.973426822595745644e-01
9.979295227975063520e-01
9.984337833373922999e-01
9.988247528411194898e-01
9.990676531401108118e-01
9.991101821862109489e-01
9.988706485870642027e-01
9.982381267369979660e-01
9.970971539135971007e-01
9.953829493789726479e-01
9.931549088574659345e-01
9.906529774447114800e-01
9.882912062998789882e-01
9.865627455128317402e-01
9.858789454613527958e-01
9.864134822925323398e-01
9.880325942530986394e-01
9.903501293407528383e-01
9.928770478879628270e-01
9.951869476718739893e-01
9.970225387223969893e-01
9.983132232683136209e-01
9.991243326539194225e-01
9.995828059050287928e-01
9.998169498491599194e-01
9.999253987418501577e-01
9.999711441091622133e-01
9.999888335253390714e-01
9.999951934101394269e-01
9.999973943423647871e-01
9.999981898749906728e-01
9.999985353495477458e-01
9.999987341828089349e-01
9.999988771536384435e-01
9.999989917185116983e-01
9.999990875648900879e-01
9.999991693019636418e-01
9.999992398133078497e-01
9.999993011780762275e-01
9.999993549834282902e-01
9.999994024724706554e-01
9.999994446344556698e-01
9.999994822664992622e-01
9.999995160178356546e-01
9.999995464223248032e-01
9.999995739227431901e-01
9.999995988891996479e-01
9.999996216332702748e-01
9.999996424189747657e-01
9.999996614713853038e-01
9.999996789834448840e-01
9.999996951214089602e-01
9.999997100292311591e-01
9.999997238321147730e-01
9.999997366394165477e-01
9.999997485470294434e-01
9.999997596393546129e-01
9.999997699909389803e-01
9.999997796678450346e-01
9.999997887287992437e-01
9.999997972261626122e-01
9.999998052067520238e-01
9.999998127125396818e-01
9.999998197812506318e-01
9.999998264468746845e-01
9.999998327401073972e-01
9.999998386887307689e-01
9.999998443179434204e-01
9.999998496506463663e-01
9.999998547076935917e-01
9.999998595081101005e-01
9.999998640692837615e-01
9.999998684071328414e-01
9.999998725362547747e-01
9.999998764700565035e-01
9.999998802208668325e-01
9.999998838000108137e-01
9.999998872177195963e-01
9.999998904823343970e-01
9.999998935971776692e-01
9.999998965521454952e-01
9.999998993086770538e-01
9.999999017860679018e-01
9.999999038697483522e-01
9.999999054567315637e-01
9.999999791514031511e-01
9.999999789096302161e-01
9.999999785886032333e-01
9.999999782122730441e-01
9.999999778032967468e-01
9.999999773747241250e-01
9.999999769314484865e-01
9.999999764744662567e-01
9.999999760035374052e-01
9.999999755181300243e-01
9.999999750176419289e-01
9.999999745014329644e-01
9.999999739688285594e-01
9.999999734191163947e-01
9.999999728515447384e-01
9.999999722653200029e-01
9.999999716596023047e-01
9.999999710335039094e-01
9.999999703860847911e-01
9.999999697163495238e-01
9.999999690232427296e-01
9.999999683056446376e-01
9.999999675623668649e-01
9.999999667921463109e-01
9.999999659936399388e-01
9.999999651654185584e-01
9.999999643059594989e-01
9.999999634136396143e-01
9.999999624867266235e-01
9.999999615233702288e-01
9.999999605215919019e-01
9.999999594792745583e-01
9.999999583941493464e-01
9.999999572637829903e-01
9.999999560855632463e-01
9.999999548566808061e-01
9.999999535741131984e-01
9.999999522346025849e-01
9.999999508346341104e-01
9.999999493704097020e-01
9.999999478378203133e-01
9.999999462324133948e-01
9.999999445493576999e-01
9.999999427834018739e-01
9.999999409288298224e-01
9.999999389794074212e-01
9.999999369283254502e-01
9.999999347681308715e-01
9.999999324906514442e-01
9.999999300869075736e-01
9.999999275470112803e-01
9.999999248600506263e-01
9.999999220139541567e-01
9.999999189953359124e-01
9.999999157893124657e-01
9.999999123792902012e-01
9.999999087467141834e-01
9.999999048707723937e-01
9.999999007280450103e-01
9.999998962920840784e-01
9.999998915329116889e-01
9.999998864164127976e-01
9.999998809035991476e-01
9.999998749497078787e-01
9.999998685030939694e-01
9.999998615038541150e-01
9.999998538821041061e-01
9.999998455558037902e-01
9.999998364279834018e-01
9.999998263831619827e-01
9.999998152826734543e-01
9.999998029584724613e-01
9.999997892047938208e-01
9.999997737666608266e-01
9.999997563235129006e-01
9.999997364645469844e-01
9.999997136480489601e-01
9.999996871251564112e-01
9.999996557752817150e-01
9.999996177031800215e-01
9.999995691154947020e-01
9.999995005196197218e-01
9.999993806947589103e-01
9.999990824149533886e-01
9.999980623930286860e-01
9.999942100592583705e-01
9.999806271332354335e-01
9.999392086991076845e-01
9.998335320486897437e-01
9.996120758320194977e-01
9.992372428907575488e-01
9.987367992654470061e-01
9.982332779066032113e-01
9.978953272616057912e-01
9.978220400882114038e-01
9.979600843478982908e-01
9.981396762640956100e-01
9.981953931330556085e-01
9.980598576968472413e-01
9.977691931214395238e-01
9.974120281552179001e-01
9.970801912057271066e-01
9.968449406607375884e-01
9.967508578564472366e-01
9.968153783646418464e-01
9.970300987250999558e-01
9.973648853808732007e-01
9.977754158838285647e-01
9.982127003379948071e-01
9.986317791986603076e-01
9.989965877988618015e-01
9.992785198946044778e-01
9.994474274751965481e-01
9.994566418334274172e-01
9.992295724765107856e-01
9.986633963251938528e-01
9.976675507986203506e-01
9.962391021860921292e-01
9.945415572281951500e-01
9.929225248039159624e-01
9.918197082574073953e-01
9.915772741278598978e-01
9.922760838351065704e-01
9.936920237182533810e-01
9.954122339843871625e-01
9.970284005397485050e-01
9.982855166978281680e-01
9.991184773779281381e-01
9.995956154181580011e-01
9.998340053003234029e-01
9.999385423647793036e-01
9.999790078091905787e-01
9.999929484054715934e-01
9.999973007374529654e-01
9.999985951533952866e-01
9.999990126325040141e-01
9.999991923868325472e-01
9.999993025710264272e-01
9.999993852868009903e-01
9.999994522301576261e-01
9.999995079596420977e-01
9.999995550633484775e-01
9.999995953256426429e-01
9.999996300656761594e-01
9.999996602878322705e-01
9.999996867712338533e-01
9.999997101293742752e-01
9.999997308516102024e-01
9.999997493327645870e-01
9.999997658946576662e-01
9.999997808020308909e-01
9.999997942744958124e-01
9.999998064956203692e-01
9.999998176199192956e-01
9.999998277782922163e-01
9.999998370822922311e-01
9.999998456275123182e-01
9.999998534962881713e-01
9.999998607598783451e-01
9.999998674802301757e-01
9.999998737114231817e-01
9.999998795008545605e-01
9.999998848902197368e-01
9.999998899163268229e-01
9.999998946117767407e-01
9.999998990055356529e-01
9.999999031234158009e-01
9.999999069884840663e-01
9.999999106214096933e-01
9.999999140407607179e-01
9.999999172632576538e-01
9.999999203039930951e-01
9.999999231766197871e-01
9.999999258935132751e-01
9.999999284658938059e-01
9.999999309037874706e-01
9.999999332151191522e-01
9.999999354014790232e-01
9.999999374461003843e-01
9.999999392946983257e-01
9.999999408495114928e-01
9.999999420082177348e-01
9.999992687659862156e-01
9.999992386995602001e-01
9.999991976703072050e-01
9.999991464571744704e-01
9.999990858782203951e-01
9.999990159203863138e-01
9.999989354270300002e-01
9.999988419836082221e-01
9.999987314091288715e-01
9.999985960539490293e-01
9.999984196933829894e-01
9.999981601520493424e-01
9.999976824650487206e-01
9.999965001959578714e-01
9.999928666048154557e-01
9.999810558101810409e-01
9.999447662361996558e-01
9.998449670045127524e-01
9.996055187372006046e-01
9.991114156365262788e-01
9.982444114797837109e-01
9.969676519230735723e-01
9.954215447425507346e-01
9.939413149869755770e-01
9.929273592915203173e-01
9.926178078282683614e-01
9.929277523320785281e-01
9.934912770012654937e-01
9.938755279404483112e-01
9.938003379218711686e-01
9.932240364653673881e-01
9.922894777822865997e-01
9.912166470608601010e-01
9.902192410826431423e-01
9.894659073434619589e-01
9.890697656507667634e-01
9.890874376809750679e-01
9.895206292116043301e-01
9.903213706431306385e-01
9.914028826037573072e-01
9.926554620238944304e-01
9.939642574591961433e-01
9.952246012851134749e-01
9.963505793551953316e-01
9.972732653000486724e-01
9.979264996732124526e-01
9.982212875277789443e-01
9.980165957390885190e-01
9.971047519880311683e-01
9.952385347050780595e-01
9.922223354046137977e-01
9.880598224620900094e-01
9.831000282409853019e-01
9.780845291111196493e-01
9.740147206000051572e-01
9.718462570276764634e-01
9.721334060123243415e-01
9.748043892534599131e-01
9.791926574417710860e-01
9.843067420957489766e-01
9.891912220536187572e-01
9.932016753289963917e-01
9.960946677877335897e-01
9.979499374983304971e-01
9.990153494866447215e-01
9.995659602397732879e-01
9.998230775541199211e-01
9.999320189791600644e-01
9.999741641208076404e-01
9.999892451933599657e-01
9.999943987241610710e-01
9.999962156463724217e-01
9.999969766654426273e-01
9.999974009898691119e-01
9.999977010519988108e-01
9.999979397767013722e-01
9.999981387425620483e-01
9.999983079541595599e-01
9.999984535595101143e-01
9.999985798573428619e-01
9.999986897850765555e-01
9.999987848697495796e-01
9.999988650811928448e-01
9.999989291924389345e-01
9.999989760754933732e-01
9.999991263004626152e-01
9.999990911332694576e-01
9.999990432797445372e-01
9.999989836458312853e-01
9.999989132147913962e-01
9.999988320528117036e-01
9.999987389361966184e-01
9.999986312124209409e-01
9.999985042216917863e-01
9.999983493731023909e-01
9.999981485336183473e-01
9.999978557740754059e-01
9.999973291639100426e-01
9.999960662974765047e-01
9.999922498307665109e-01
9.999797596699167013e-01
9.999404417619626173e-01
9.998284339340652860e-01
9.995478506278878683e-01
9.989391846262468677e-01
9.978082102220997562e-01
9.960284317203287330e-01
9.936940174726873742e-01
9.912129945678838094e-01
9.892057009054797678e-01
9.881970031898237306e-01
9.882917921669728267e-01
9.890894787910786690e-01
9.899150585582086048e-01
9.901858869367615723e-01
9.896548971615439783e-01
9.884207345085502805e-01
9.867853114715368079e-01
9.850980536795510556e-01
9.836623260981542938e-01
9.827011539148992059e-01
9.823507944375037271e-01
9.826615474503301861e-01
9.836021727804689085e-01
9.850712041126983287e-01
9.869167820154242099e-01
9.889624709009707804e-01
9.910335216000781822e-01
9.929770141006100115e-01
9.946697584843299245e-01
9.960092054881516388e-01
9.968854116370836627e-01
9.971383843529592061e-01
9.965172016082348705e-01
9.946733224383955685e-01
9.912292970460717667e-01
9.859465003207688039e-01
9.789597074469992277e-01
9.709710077949847973e-01
9.632561147151033065e-01
9.573903074617955422e-01
9.547492871913594303e-01
9.559975523162267397e-01
9.608245264859401891e-01
9.680721796625486597e-01
9.761847504723912827e-01
9.837450739557057622e-01
9.898491963380586789e-01
9.942002154282107984e-01
9.969670413059962266e-01
9.985469110258800018e-01
9.993606271381473283e-01
9.997400393903507210e-01
9.999007824125241140e-01
9.999629865784397387e-01
9.999852078819557732e-01
9.999927288972541017e-01
9.999953039034586988e-01
9.999963222706910182e-01
9.999968560543515128e-01
9.999972207570735350e-01
9.999975076902323234e-01
9.999977463785283405e-01
9.999979494996903417e-01
9.999981244768039179e-01
9.999982764061796647e-01
9.999984087378039899e-01
9.999985232362069709e-01
9.999986198313977059e-01
9.999986970764734862e-01
9.999987536776755448e-01
