3.065539751021742632e+03 9.984294951593857270e-01 7.261932892970158343e-03 2.161535465522490995e+04
3.065548113764783920e+03 1.003027535518317137e+00 7.287602540136325219e-03 2.171572294149054142e+04
3.065556476507824755e+03 1.005998300438511794e+00 7.301124709091021993e-03 2.178086664311776985e+04
3.065564839250866044e+03 9.992686407307188601e-01 7.238185573916499672e-03 2.163598338903313561e+04
3.065573201993906878e+03 9.940178391965721616e-01 7.188544976104307462e-03 2.152311026567384397e+04
3.065581564736948167e+03 9.949010826109151440e-01 7.203901709421490704e-03 2.154305182173801222e+04
3.065589927479989456e+03 9.950339218226094129e-01 7.220338040754212261e-03 2.154674536404146420e+04
3.065598290223030290e+03 9.968658446684673935e-01 7.248344699821268090e-03 2.158723295632488953e+04
3.065606652966071579e+03 1.000486328321243290e+00 7.277378437092857713e-03 2.166645649531567688e+04
3.065615015709112413e+03 1.001287066700516926e+00 7.263242079055961045e-03 2.168461947392662478e+04
3.065623378452153702e+03 1.000497977567537111e+00 7.243892064144838785e-03 2.166835197180903197e+04
3.065631741195194536e+03 1.002361606784203163e+00 7.246109676614759590e-03 2.170953677745595269e+04
3.065640103938235825e+03 1.002303456502325441e+00 7.233438469366351362e-03 2.170910041936951529e+04
3.065648466681277114e+03 9.973067192824157656e-01 7.205428869000032356e-03 2.160169402175522191e+04
3.065656829424317948e+03 9.955895273108250620e-01 7.197208865829563505e-03 2.156531716103385406e+04
3.065665192167359237e+03 9.973119250576757411e-01 7.200699432672157292e-03 2.160344474758053548e+04
3.065673554910400071e+03 9.987070463883315208e-01 7.202743175182785111e-03 2.163448553951684153e+04
3.065681917653441360e+03 1.003119288703443912e+00 7.202754022001909423e-03 2.173088946605620004e+04
3.065690280396482649e+03 1.005547688720965116e+00 7.195805261285806789e-03 2.178432240881412508e+04
3.065698643139523483e+03 1.001418757066719678e+00 7.185375717200245295e-03 2.169569502654593452e+04
3.065707005882564772e+03 9.976222197788024992e-01 7.175645997607245537e-03 2.161426244583948210e+04
3.065715368625605606e+03 9.986348334915633451e-01 7.176466702265799601e-03 2.163702158130620228e+04
3.065723731368646895e+03 1.001430753574435784e+00 7.185136852885615384e-03 2.169842203028297445e+04
3.065732094111688184e+03 1.002703983688227662e+00 7.207638683450656031e-03 2.172683305575830673e+04
3.065740456854729018e+03 1.003115004019841328e+00 7.229396210046820127e-03 2.173656289369591104e+04
3.065748819597770307e+03 1.002148665620513412e+00 7.209289325029150965e-03 2.171644620156929159e+04
3.065757182340811141e+03 1.000444234088218698e+00 7.177224143884685693e-03 2.168033292301748588e+04
3.065765545083852430e+03 1.000715016687180103e+00 7.162106597492275822e-03 2.168702275200253644e+04
3.065773907826893719e+03 1.001118112202292298e+00 7.150137913125409472e-03 2.169658055733838410e+04
3.065782270569934553e+03 1.002030500233330068e+00 7.155546294367741596e-03 2.171717700780144514e+04
3.065790633312975842e+03 1.003787767553807386e+00 7.174595502628742204e-03 2.175608686272181876e+04
3.065798996056016676e+03 9.985827174324756195e-01 7.164399548286473629e-03 2.164409268200730003e+04
3.065807358799057965e+03 9.925662186353942928e-01 7.145553136550080939e-03 2.151450128874297297e+04
3.065815721542098800e+03 9.969831249063870748e-01 7.174741580106544503e-03 2.161105924326151217e+04
3.065824084285140088e+03 1.001656149891761105e+00 7.204297710102537666e-03 2.171317640798923094e+04
3.065832447028181377e+03 9.995257694147319238e-01 7.170504691338563073e-03 2.166781636555402292e+04
3.065840809771222212e+03 9.981617890581936381e-01 7.135264925310073024e-03 2.163906754956441728e+04
3.065849172514263500e+03 9.992993235311601330e-01 7.137116913726992279e-03 2.166454868241842996e+04
3.065857535257304335e+03 9.998619616558230838e-01 7.141663152469585052e-03 2.167756760856162146e+04
3.065865898000345624e+03 1.001012966288055805e+00 7.158575228014361219e-03 2.170334405751361555e+04
3.065874260743386913e+03 1.001661567055228463e+00 7.176838414483634535e-03 2.171822917439662342e+04
3.065882623486427747e+03 9.983164867730889291e-01 7.154310736863296605e-03 2.164652027476033254e+04
3.065890986229469036e+03 9.945812801167559503e-01 7.117392856628086337e-03 2.156634644134285554e+04
3.065899348972509870e+03 9.973929502618908982e-01 7.123474683866926928e-03 2.162813331213414858e+04
3.065907711715551159e+03 1.002467638495954549e+00 7.155921118677344844e-03 2.173899945126259991e+04
3.065916074458592448e+03 1.003755437045849019e+00 7.168880156511248276e-03 2.176775026627418993e+04
3.065924437201633282e+03 1.002480355265867429e+00 7.163415627845192736e-03 2.174092167773584879e+04
3.065932799944674571e+03 1.000579648881940731e+00 7.143124836300591973e-03 2.170052247921793241e+04
3.065941162687715405e+03 9.998765941762246534e-01 7.121624906820655902e-03 2.168609575352399042e+04
3.065949525430756694e+03 1.000142836706326310e+00 7.124626848456665391e-03 2.169269153613734670e+04
3.065957888173797983e+03 1.000485253516924411e+00 7.138276258904632798e-03 2.170094000775324093e+04
3.065966250916838817e+03 1.002709313588749485e+00 7.141911589456515635e-03 2.175000420951263004e+04
3.065974613659880106e+03 1.005003687427863834e+00 7.133684873922079180e-03 2.180059731428227678e+04
3.065982976402920940e+03 1.003052640700006659e+00 7.127000042617658189e-03 2.175909879588670447e+04
3.065991339145962229e+03 1.000488652029651648e+00 7.122278220589591848e-03 2.170430009485909613e+04
3.065999701889003063e+03 1.000358528015449222e+00 7.111782289559762972e-03 2.170229870973917423e+04
3.066008064632044352e+03 9.992674536485596226e-01 7.094788867661998115e-03 2.167944896454368063e+04
3.066016427375085641e+03 9.994776309835353700e-01 7.084096926669502213e-03 2.168482959641309571e+04
3.066024790118126475e+03 1.002203563552378274e+00 7.091384589660442925e-03 2.174479487501301264e+04
3.066033152861167764e+03 1.000551434881242763e+00 7.089481364924585249e-03 2.170977030989881314e+04
3.066041515604208598e+03 9.972395224328165497e-01 7.084294495277205193e-03 2.163872800297735739e+04
3.066049878347249887e+03 9.965627592728930617e-01 7.079149170933408779e-03 2.162486154096886821e+04
3.066058241090291176e+03 9.949905186640802812e-01 7.046704029835290477e-03 2.159156186596879343e+04
3.066066603833332010e+03 9.935003517368901083e-01 7.017112427936318154e-03 2.156004069711059492e+04
3.066074966576373299e+03 9.946601310797392737e-01 7.016316342104575443e-03 2.158602597983970554e+04
3.066083329319414133e+03 9.977763479685322068e-01 7.026780714116959842e-03 2.165447320814912746e+04
3.066091692062455422e+03 1.000391898257285472e+00 7.039700836138341154e-03 2.171205931002920988e+04
3.066100054805496711e+03 9.980982983683054366e-01 7.027020331021639928e-03 2.166309967166504066e+04
3.066108417548537545e+03 9.930718118767997149e-01 6.993181442657691975e-03 2.155481842668008539e+04
3.066116780291578834e+03 9.933296149780848072e-01 6.992242447783313976e-03 2.156122980759789789e+04
3.066125143034619668e+03 9.970064770558546563e-01 7.005598181384901924e-03 2.164185857292437140e+04
3.066133505777660957e+03 9.970514813708554192e-01 6.985885991106254196e-03 2.164365424473439271e+04
3.066141868520702246e+03 9.934060226037488839e-01 6.953964743434410366e-03 2.156533564321939048e+04
3.066150231263743080e+03 9.931786788661064458e-01 6.947451826970424751e-03 2.156121594613813068e+04
3.066158594006784369e+03 9.979171298712253835e-01 6.965667421580039147e-03 2.166490389161479106e+04
3.066166956749825204e+03 9.959802364923696638e-01 6.962434699019600867e-03 2.162367158833599751e+04
3.066175319492866493e+03 9.882373822235269722e-01 6.941951638289043172e-03 2.145637844176410363e+04
3.066183682235907327e+03 9.832371646769680895e-01 6.935688805583523249e-03 2.134862231644331041e+04
3.066192044978948616e+03 9.785789052060593907e-01 6.916755136591195077e-03 2.124828305407241714e+04
3.066200407721989905e+03 9.780777338481239092e-01 6.893851069982096826e-03 2.123820410521542726e+04
3.066208770465030739e+03 9.809423741857757895e-01 6.875009715293675487e-03 2.130121310388012353e+04
3.066217133208072028e+03 9.814379516396192216e-01 6.869580591600018236e-03 2.131278054198360405e+04
3.066225495951112862e+03 9.805235676323996730e-01 6.879941864496717796e-03 2.129372909411601358e+04
3.066233858694154151e+03 9.820672674124129031e-01 6.888288774413187446e-03 2.132805961350301368e+04
3.066242221437195440e+03 9.884366274864733182e-01 6.915747845801895402e-03 2.146719797594839474e+04
3.066250584180236274e+03 9.943985728435522642e-01 6.958416534728846525e-03 2.159749809538052432e+04
3.066258946923277563e+03 9.981437013123357627e-01 6.998970254048568831e-03 2.167965879354588105e+04
3.066267309666318397e+03 1.001232334366721766e+00 7.013587758239147631e-03 2.174756603787096537e+04
3.066275672409359686e+03 1.002815184374511226e+00 6.995174842272320302e-03 2.178277030786132673e+04
3.066284035152400975e+03 1.001416133513415074e+00 6.971703368551881823e-03 2.175320301140496304e+04
3.066292397895441809e+03 9.988975748957404921e-01 6.967872675654373550e-03 2.169931405649820226e+04
3.066300760638483098e+03 9.990803325058895679e-01 6.978356796973369906e-03 2.170410458449418002e+04
3.066309123381523932e+03 1.000750726123977641e+00 6.983833779560616635e-03 2.174121416316331306e+04
3.066317486124565221e+03 1.002180808275723090e+00 6.989618531503019941e-03 2.177310554421056440e+04
3.066325848867606510e+03 1.003392335851356121e+00 7.007152132368486830e-03 2.180025083771072605e+04
3.066334211610647344e+03 1.002670846297399887e+00 7.008627596340888909e-03 2.178539874592825072e+04
3.066342574353688633e+03 9.990144574982040560e-01 6.965326548445691622e-03 2.170677542228831589e+04
3.066350937096729467e+03 9.959328386071488737e-01 6.925311775333113651e-03 2.164063527492174035e+04
3.066359299839770756e+03 9.962811507524135246e-01 6.933855961925629481e-03 2.164902189106580408e+04
3.066367662582811590e+03 9.990563703305292975e-01 6.960891579796020523e-03 2.171014736268365232e+04
3.066376025325852879e+03 1.000464719696248839e+00 6.973268653538990634e-03 2.174157328746148778e+04
3.066384388068894168e+03 9.998129935159887349e-01 6.967574502289905665e-03 2.172823135490519053e+04
3.066392750811935002e+03 9.979755871246511756e-01 6.936488336722680323e-03 2.168911982565516882e+04
3.066401113554976291e+03 9.972245883314387882e-01 6.921037867741599604e-03 2.167361719386257391e+04
3.066409476298017125e+03 1.000079497314634080e+00 6.952928160174347456e-03 2.173648686517519309e+04
3.066417839041058414e+03 1.000149788364071757e+00 6.964116504875747342e-03 2.173883593891218334e+04
3.066426201784099703e+03 9.937184497515133552e-01 6.906221433892946460e-03 2.159986309604818598e+04
3.066434564527140537e+03 9.901240613026375259e-01 6.862714973042262009e-03 2.152254710763168623e+04
3.066442927270181826e+03 9.937079753675107652e-01 6.886817943801364257e-03 2.160126747013998829e+04
3.066451290013222660e+03 9.970241519099231065e-01 6.908247321004924203e-03 2.167417340896145470e+04
3.066459652756263949e+03 9.983893662344009989e-01 6.909102046249148907e-03 2.170467148788751365e+04
3.066468015499305238e+03 9.999855136127590027e-01 6.920786306100987391e-03 2.174019241077469633e+04
3.066476378242346073e+03 1.001611657822254031e+00 6.943097418515527426e-03 2.177636812610885318e+04
3.066484740985387361e+03 1.001772785062560400e+00 6.957014633197192675e-03 2.178069389388604395e+04
3.066493103728428196e+03 9.973114563386009657e-01 6.940707910678242838e-03 2.168451400065205962e+04
3.066501466471469485e+03 9.945073646551784163e-01 6.920792898703093977e-03 2.162436139790716334e+04
3.066509829214510773e+03 9.993530691169930646e-01 6.935865795898904333e-03 2.173054604885276422e+04
3.066518191957551608e+03 1.003056370608459869e+00 6.952078036912913254e-03 2.181189660933589039e+04
3.066526554700592897e+03 1.000554107268909254e+00 6.929144254309768484e-03 2.175830545251801959e+04
3.066534917443633731e+03 9.979609460053121550e-01 6.909041659083545867e-03 2.170273342188126117e+04
3.066543280186675020e+03 9.986014806875264105e-01 6.919049811721751479e-03 2.171748322212289713e+04
3.066551642929715854e+03 9.990522743709658871e-01 6.925932840420291614e-03 2.172810745065180527e+04
3.066560005672757143e+03 9.968152593109409487e-01 6.915721216890344768e-03 2.168027381453938506e+04
3.066568368415798432e+03 9.959563006990637124e-01 6.909425210205409791e-03 2.166240973051559195e+04
3.066576731158839266e+03 9.979724133454427326e-01 6.910201085984571390e-03 2.170708043638148956e+04
3.066585093901880555e+03 9.988101295586795381e-01 6.905659357810589941e-03 2.172612196950752696e+04
3.066593456644921389e+03 1.000813366161033890e+00 6.938114023226265963e-03 2.177051823980872723e+04
3.066601819387962678e+03 1.003753110801827830e+00 6.982314860025695506e-03 2.183529026492986668e+04
3.066610182131003967e+03 1.002791292303553350e+00 6.974578359321131384e-03 2.181519068929662171e+04
3.066618544874044801e+03 1.000096842351215098e+00 6.951175985673591767e-03 2.175739563631626152e+04
3.066626907617086090e+03 9.990190632046850316e-01 6.942615623472934809e-03 2.173476862589240409e+04
3.066635270360126924e+03 9.999362383272828447e-01 6.941948219603191403e-03 2.175554392809537239e+04
3.066643633103168213e+03 1.001818627001218598e+00 6.939736721857085559e-03 2.179732161409363471e+04
3.066651995846209502e+03 1.002091127716711938e+00 6.932651455234756753e-03 2.180407352611286842e+04
3.066660358589250336e+03 1.000170296689991911e+00 6.924862329217159988e-03 2.176310031446084758e+04
3.066668721332291625e+03 9.983790888244897799e-01 6.919196420942637371e-03 2.172494457604847776e+04
3.066677084075332459e+03 9.965723376972285275e-01 6.908470492365465128e-03 2.168644765828946038e+04
3.066685446818373748e+03 9.948564840233560247e-01 6.895810221473708777e-03 2.164992587065620319e+04
3.066693809561415037e+03 9.947168537101946928e-01 6.883559426871445341e-03 2.164770410879765041e+04
3.066702172304455871e+03 9.950423013074989331e-01 6.879789665363594819e-03 2.165560384105187040e+04
3.066710535047497160e+03 9.972003578412688141e-01 6.902354537604890594e-03 2.170338959864760545e+04
3.066718897790537994e+03 9.995574224437304700e-01 6.926074201039141010e-03 2.175551033969341006e+04
3.066727260533579283e+03 9.967860560449036678e-01 6.912507754958552297e-03 2.169600970587838674e+04
3.066735623276620117e+03 9.942799982209175047e-01 6.892402179555228055e-03 2.164227943525348746e+04
3.066743986019661406e+03 9.968601312596683250e-01 6.910058055496637840e-03 2.169925925091353929e+04
3.066752348762702695e+03 9.992884207915403438e-01 6.933778373564432676e-03 2.175293790971424460e+04
3.066760711505743529e+03 1.000459545528274097e+00 6.926747052164877044e-03 2.177925302315991212e+04
3.066769074248784818e+03 1.001040143015428319e+00 6.915729363335602724e-03 2.179271424033134826e+04
3.066777436991825653e+03 9.987987442523912351e-01 6.911107538706805394e-03 2.174473903704383702e+04
3.066785799734866941e+03 9.976824832641923990e-01 6.905254974764556825e-03 2.172125632883127037e+04
3.066794162477908230e+03 1.001364627632638449e+00 6.916946209413615126e-03 2.180224523024271548e+04
3.066802525220949065e+03 1.003898585959017042e+00 6.931145247442718760e-03 2.185824031682328859e+04
3.066810887963990353e+03 1.001289969387237688e+00 6.905873607919487192e-03 2.180226423311725011e+04
3.066819250707031188e+03 9.986360371699618543e-01 6.875405199134650841e-03 2.174529711699949985e+04
3.066827613450072477e+03 1.000345903973247630e+00 6.886233266028600475e-03 2.178335093796777073e+04
3.066835976193113765e+03 1.002165879831037110e+00 6.904637205986266166e-03 2.182380537241021011e+04
3.066844338936154600e+03 1.000325840431985247e+00 6.893040596849550269e-03 2.178455695651157293e+04
3.066852701679195889e+03 9.997634524669190004e-01 6.878147775006050041e-03 2.177313057200820549e+04
3.066861064422236723e+03 1.002677575253004827e+00 6.893913742999324169e-03 2.183741855083880364e+04
3.066869427165278012e+03 1.002693600179409339e+00 6.901526642086558243e-03 2.183859096304140985e+04
3.066877789908319301e+03 9.980722108344123322e-01 6.858320267902026299e-03 2.173875706039851138e+04
3.066886152651360135e+03 9.968357480439612450e-01 6.834956706837158787e-03 2.171264457198961827e+04
3.066894515394401424e+03 9.979479035323782776e-01 6.872509468959848121e-03 2.173768856775309905e+04
3.066902878137442258e+03 9.976743342054730235e-01 6.895969725304540443e-03 2.173254885638852647e+04
3.066911240880483547e+03 9.986640103514672351e-01 6.884751649830983013e-03 2.175492727364521488e+04
3.066919603623524381e+03 9.999001456345998351e-01 6.881509483524097560e-03 2.178267639208336186e+04
3.066927966366565670e+03 9.987940521508580360e-01 6.881565804831825395e-03 2.175940051096613388e+04
3.066936329109606959e+03 9.978298338851540050e-01 6.877112120748512213e-03 2.173921377681832382e+04
3.066944691852647793e+03 1.002899503857698660e+00 6.895626641310689635e-03 2.185048768446394024e+04
3.066953054595689082e+03 1.006953717804560222e+00 6.907870360874461373e-03 2.193964502398317200e+04
3.066961417338729916e+03 1.002492099295362538e+00 6.895739180632165163e-03 2.184325790922428132e+04
3.066969780081771205e+03 9.990638134502751733e-01 6.898921389555878574e-03 2.176937955701165993e+04
3.066978142824812494e+03 9.997864889206394823e-01 6.904850730115204109e-03 2.178594751207314766e+04
3.066986505567853328e+03 1.001246283941195081e+00 6.905471814358079066e-03 2.181857953666602407e+04
3.066994868310894617e+03 1.002501641759525830e+00 6.906599209350158981e-03 2.184675881372949152e+04
3.067003231053935451e+03 1.001256234373764764e+00 6.900142812920439898e-03 2.182044081737596207e+04
3.067011593796976740e+03 1.000892416037763466e+00 6.902441378115073585e-03 2.181333402578930327e+04
3.067019956540018029e+03 1.002076943272365295e+00 6.909481218392342708e-03 2.183997237317913823e+04
3.067028319283058863e+03 1.000738202946177768e+00 6.899569196151355069e-03 2.181161671927063435e+04
3.067036682026100152e+03 9.991579013650082608e-01 6.884948285565915642e-03 2.177799371336648255e+04
3.067045044769140986e+03 9.988384588376745254e-01 6.878968214873821055e-03 2.177185127061448293e+04
3.067053407512182275e+03 9.983093919905277058e-01 6.880408075244135759e-03 2.176113891422653978e+04
3.067061770255223564e+03 9.974044152914735006e-01 6.880151235296363271e-03 2.174223130073093489e+04
3.067070132998264398e+03 9.960491121687169436e-01 6.871530171112002865e-03 2.171350525007964461e+04
3.067078495741305687e+03 9.923442415078811418e-01 6.841723949111042438e-03 2.163355533365156953e+04
3.067086858484346521e+03 9.920795505891678578e-01 6.831709553889220125e-03 2.162859963886652258e+04
3.067095221227387810e+03 1.001169397290655683e+00 6.876636692283420900e-03 2.182759204342297380e+04
3.067103583970428645e+03 1.005693179859946440e+00 6.898327137635605275e-03 2.192704585549073090e+04
3.067111946713469933e+03 9.997277286019023990e-01 6.866651596412181452e-03 2.179780257946709389e+04
3.067120309456511222e+03 9.960102508038168878e-01 6.845984614892746366e-03 2.171756557875849830e+04
3.067128672199552057e+03 9.985483517594181402e-01 6.861522471698870175e-03 2.177372775373726108e+04
3.067137034942593345e+03 1.001955319249925092e+00 6.882726162545582498e-03 2.184884077702097056e+04
3.067145397685634180e+03 1.001660524874016023e+00 6.875081935632665862e-03 2.184323498642941559e+04
3.067153760428675469e+03 1.000983052027853981e+00 6.866400058718361704e-03 2.182928331888063258e+04
3.072158141736089874e+03 1.000086564157558922e+00 6.197726535477057416e-03 2.412715933965206932e+04
3.072165942534107216e+03 9.981827420009208307e-01 6.200817426640114691e-03 2.408521221997945759e+04
3.072173743332124104e+03 9.963058386758063545e-01 6.204010467519192017e-03 2.404388094033671950e+04
3.072181544130141447e+03 9.962576505274749472e-01 6.214022345448548708e-03 2.404665585771985207e+04
3.072189344928158334e+03 9.964480062656285719e-01 6.224997969537275459e-03 2.405517046347569340e+04
3.072197145726175677e+03 9.969737625727357333e-01 6.225612493657633160e-03 2.407176615074784058e+04
3.072204946524192565e+03 9.974715730256258350e-01 6.225749946130684255e-03 2.408767247471325027e+04
3.072212747322209907e+03 9.970280317917273871e-01 6.223482596619451558e-03 2.408082794711831957e+04
3.072220548120227249e+03 9.965683060928587356e-01 6.219312757241111239e-03 2.407357041365099212e+04
3.072228348918244137e+03 9.990104520144837963e-01 6.231333228376402349e-03 2.413640084831231798e+04
3.072236149716261480e+03 1.002017855212391506e+00 6.249768096997365165e-03 2.421289029511061017e+04
3.072243950514278367e+03 1.001777684538198265e+00 6.249412319398938050e-03 2.421089681575880604e+04
3.072251751312295710e+03 1.000477746018873404e+00 6.239497332611639718e-03 2.418326640078402852e+04
3.072259552110313052e+03 1.004761047763882420e+00 6.291844258674265597e-03 2.429058502946412409e+04
3.072267352908329940e+03 1.010079048475315266e+00 6.357701644151237015e-03 2.442293530650009416e+04
3.072275153706347282e+03 1.007209776038544558e+00 6.328333208150320986e-03 2.435731398079753853e+04
3.072282954504364170e+03 1.002337155283903769e+00 6.277517824593696096e-03 2.424319818226813368e+04
3.072290755302381513e+03 9.998749891059020012e-01 6.261399214261981379e-03 2.418733737432603812e+04
3.072298556100398400e+03 9.987213684554212545e-01 6.260832012883769601e-03 2.416309876266429637e+04
3.072306356898415743e+03 9.990807073946946781e-01 6.273871747968565865e-03 2.417544317681766188e+04
3.072314157696433085e+03 9.992982846196378777e-01 6.281051202412680536e-03 2.418434073628691112e+04
3.072321958494449973e+03 1.000788857984350910e+00 6.280042544615021920e-03 2.422403401149125057e+04
3.072329759292467315e+03 1.003273500851797673e+00 6.280584735452674101e-03 2.428778432460407930e+04
3.072337560090484203e+03 1.002293491359922406e+00 6.265450427365169828e-03 2.426764717125523384e+04
3.072345360888501546e+03 9.997037169999705153e-01 6.246493765451698217e-03 2.420850276112972642e+04
3.072353161686518433e+03 9.994001610342633235e-01 6.247803854972499606e-03 2.420469171747681685e+04
3.072360962484535776e+03 9.997706275465273462e-01 6.252817034469739486e-03 2.421718654327323384e+04
3.072368763282553118e+03 1.000821824226716172e+00 6.258141115928821281e-03 2.424615684412025803e+04
3.072376564080570006e+03 1.002599063075638508e+00 6.267379155079748528e-03 2.429270761578895690e+04
3.072384364878587348e+03 1.000789102011220733e+00 6.253964690585840994e-03 2.425232269243724659e+04
3.072392165676604236e+03 9.961858833297840832e-01 6.226405742968462755e-03 2.414420736325060716e+04
3.072399966474621579e+03 9.930461456532919673e-01 6.206908000054417104e-03 2.407151666700174246e+04
3.072407767272638921e+03 9.921515445652825393e-01 6.192658993606656344e-03 2.405321589741701246e+04
3.072415568070655809e+03 9.939130707304191237e-01 6.203341922305074564e-03 2.409929332276424975e+04
3.072423368868673151e+03 9.960574162500120954e-01 6.226549519501613228e-03 2.415464757831865063e+04
3.072431169666690039e+03 9.967954678034767202e-01 6.238762028387155600e-03 2.417588995941930625e+04
3.072438970464707381e+03 9.976456306520457007e-01 6.248297894900982190e-03 2.419983814696903937e+04
3.072446771262724269e+03 9.980041985884328115e-01 6.250717129239065015e-03 2.421184714247254669e+04
3.072454572060741611e+03 9.973968047181117624e-01 6.243813603573005779e-03 2.420040220074848912e+04
3.072462372858758954e+03 9.980724347238144611e-01 6.247617429832256174e-03 2.422006958328299515e+04
3.072470173656775842e+03 1.000769377396190762e+00 6.266332982892857707e-03 2.428878022737303036e+04
3.072477974454793184e+03 1.001402640768658259e+00 6.274390135301784015e-03 2.430739731966686304e+04
3.072485775252810072e+03 9.982701583280200186e-01 6.265628114179375673e-03 2.423458040066963440e+04
3.072493576050827414e+03 9.952397697821970812e-01 6.263171655287173151e-03 2.416420351838353599e+04
3.072501376848844302e+03 9.938229897776881261e-01 6.272745588636156888e-03 2.413297188626358911e+04
3.072509177646861644e+03 9.939435357331893872e-01 6.281692577989880961e-03 2.413904840298117779e+04
3.072516978444878987e+03 9.963957491355869278e-01 6.288781750573212322e-03 2.420174166263378356e+04
3.072524779242895875e+03 9.982166342236739043e-01 6.292742483521593898e-03 2.424909523081858060e+04
3.072532580040913217e+03 9.970867119081042729e-01 6.286788385502193287e-03 2.422475010143913096e+04
3.072540380838930105e+03 9.953700021342302140e-01 6.280900345419033505e-03 2.418612121606003711e+04
3.072548181636947447e+03 9.957493518081947936e-01 6.284878722420435791e-03 2.419840096240524144e+04
3.072555982434964790e+03 9.978392426036701846e-01 6.291933017789312112e-03 2.425223872764616681e+04
3.072563783232981677e+03 1.000056013023600920e+00 6.303436833496875620e-03 2.430915476320834205e+04
3.072571584030999020e+03 1.001254263982280790e+00 6.317994552484190729e-03 2.434130451900603657e+04
3.072579384829015908e+03 1.000693411712869629e+00 6.325411819341869926e-03 2.433067228771555892e+04
3.072587185627033250e+03 9.994458234741546709e-01 6.329416171375292464e-03 2.430331880074627770e+04
3.072594986425050138e+03 9.980710181652311386e-01 6.338935421814013808e-03 2.427284534892894953e+04
3.072602787223067480e+03 1.000811281558892096e+00 6.389273979352103755e-03 2.434243473176810221e+04
3.072610588021084823e+03 1.009778493682733425e+00 6.504936736472925404e-03 2.456349595348585353e+04
3.072618388819101710e+03 1.013058209744173821e+00 6.538991290459776097e-03 2.464622217998153064e+04
3.072626189617119053e+03 1.006271157386151804e+00 6.421267217694176521e-03 2.448400969461378554e+04
3.072633990415135941e+03 1.000921900920826335e+00 6.338536459458955774e-03 2.435672708772953411e+04
3.072641791213153283e+03 1.000278412653749616e+00 6.343086851310373274e-03 2.434392015121856457e+04
3.072649592011170171e+03 9.992350418681958946e-01 6.342683740803009215e-03 2.432135775093055418e+04
3.072657392809187513e+03 9.980591781910941318e-01 6.325377122292368155e-03 2.429554555707579857e+04
3.072665193607204856e+03 9.970637146267008477e-01 6.313894259186558951e-03 2.427410008054409263e+04
3.072672994405221743e+03 9.931256118738523986e-01 6.305878579937307382e-03 2.418098199807210040e+04
3.072680795203239086e+03 9.905915974202536001e-01 6.300859630118338384e-03 2.412201470218131726e+04
3.072688596001255974e+03 9.907645060695597916e-01 6.299883242534672079e-03 2.412893900618980842e+04
3.072696396799273316e+03 9.888261209073645475e-01 6.291319868456011176e-03 2.408442186133873838e+04
3.072704197597290658e+03 9.851355969433571724e-01 6.274000650478494916e-03 2.399719490326416417e+04
3.072711998395307546e+03 9.827238656388902482e-01 6.263577716282131037e-03 2.394108358078754463e+04
3.072719799193324889e+03 9.828236271184375150e-01 6.266111992894343556e-03 2.394613260291038750e+04
3.072727599991341776e+03 9.820492250655917799e-01 6.263374950037813547e-03 2.392986282284155095e+04
3.072735400789359119e+03 9.781040131581939523e-01 6.243816747052525866e-03 2.383629830126580782e+04
3.072743201587376007e+03 9.747721831263171932e-01 6.224987299354380228e-03 2.375764451918756458e+04
3.072751002385393349e+03 9.750219204867665024e-01 6.220961196336759029e-03 2.376625628020853401e+04
3.072758803183410691e+03 9.757947139522638036e-01 6.224785184959700374e-03 2.378760201572960068e+04
3.072766603981427579e+03 9.787580912272495492e-01 6.256429286799264008e-03 2.386234041397810870e+04
3.072774404779444922e+03 9.814835696195133297e-01 6.280503154851082258e-03 2.393127498020807616e+04
3.072782205577461809e+03 9.789171540327885612e-01 6.259819015111510801e-03 2.387116071019443916e+04
3.072790006375479152e+03 9.753277393767862957e-01 6.235880952074653559e-03 2.378606663839838802e+04
3.072797807173496039e+03 9.723084690201275748e-01 6.203848142796480891e-03 2.371484246271635493e+04
3.072805607971513382e+03 9.699487300646063570e-01 6.175032654170797830e-03 2.365967298338067121e+04
3.072813408769530724e+03 9.675995079554274847e-01 6.162087578438154266e-03 2.360473039374905784e+04
3.072821209567547612e+03 9.638318720372368587e-01 6.144541998376048392e-03 2.351515247129575437e+04
3.072829010365564955e+03 9.571958177656261224e-01 6.110837794548605768e-03 2.335554905506256182e+04
3.072836811163581842e+03 9.526256204237475433e-01 6.082920842162699293e-03 2.324630777111302086e+04
3.072844611961599185e+03 9.549674737536983926e-01 6.088724772917756059e-03 2.330571365317072559e+04
3.072852412759616527e+03 9.568520568903478019e-01 6.098706850072059364e-03 2.335395211817848394e+04
3.072860213557633415e+03 9.635998625048888266e-01 6.138233622304511625e-03 2.352088984914481989e+04
3.072868014355650757e+03 9.718310323201686529e-01 6.179793973164719213e-03 2.372405233510089238e+04
3.072875815153667645e+03 9.782544313036088957e-01 6.224005089370926794e-03 2.388309963620160852e+04
3.072883615951684988e+03 9.829234065545864318e-01 6.265033184925483493e-03 2.399932150494797315e+04
3.072891416749701875e+03 9.862084722782743507e-01 6.282874810692518248e-03 2.408175312915557151e+04
3.072899217547719218e+03 9.911514915806213244e-01 6.301240829492245343e-03 2.420466956749427482e+04
3.072907018345736560e+03 9.948049861719638898e-01 6.311351489432720681e-03 2.429609547647520594e+04
3.072914819143753448e+03 9.974586542737163830e-01 6.318588754566067597e-03 2.436309800600925155e+04
3.072922619941770790e+03 9.993887669521729356e-01 6.314918283376419646e-03 2.441241898563203358e+04
3.072930420739787678e+03 1.000193502569977078e+00 6.311414836501253248e-03 2.443423727165206219e+04
3.072938221537805020e+03 9.996577489110284320e-01 6.310603577625736003e-03 2.442328997875930509e+04
3.072946022335821908e+03 9.992180668875975114e-01 6.307804676183088009e-03 2.441466913011097131e+04
3.072953823133839251e+03 9.973167276235899159e-01 6.308476847101938435e-03 2.437031088786348118e+04
3.072961623931856593e+03 9.956171027566889098e-01 6.313354095041197322e-03 2.433085554847655294e+04
3.072969424729873481e+03 9.969581643423490736e-01 6.327072462081240016e-03 2.436568903598500037e+04
3.072977225527890823e+03 9.998612218849561861e-01 6.340011276759560145e-03 2.443868785898232454e+04
3.072985026325907711e+03 1.000189284020957414e+00 6.334044574827938333e-03 2.444873638321846738e+04
3.072992827123925053e+03 9.975303085662816649e-01 6.323178288602096693e-03 2.438574607867556915e+04
3.073000627921942396e+03 9.958166970874416934e-01 6.324864675369337198e-03 2.434583887074727681e+04
3.073008428719959284e+03 9.963567855194077616e-01 6.330809809244613770e-03 2.436100943227247262e+04
3.073016229517976626e+03 9.965686220107058402e-01 6.323274358288757425e-03 2.436813708351320020e+04
3.073024030315993514e+03 9.965519099000084147e-01 6.315767853466614998e-03 2.436965803067220622e+04
3.073031831114010856e+03 9.976383312671188719e-01 6.337833197612039761e-03 2.439813842440440203e+04
3.073039631912027744e+03 9.984537003738807037e-01 6.362193641976475814e-03 2.441997499815501578e+04
3.073047432710045086e+03 1.000319401619136350e+00 6.368790993467386523e-03 2.446748679419507971e+04
3.073055233508062429e+03 1.002320851844640481e+00 6.370306347980385885e-03 2.451830752393422154e+04
3.073063034306079317e+03 9.995718086682963133e-01 6.360940321562976590e-03 2.445290383489158921e+04
3.073070835104096659e+03 9.969232791999972365e-01 6.353737774085652275e-03 2.438993049086039900e+04
3.073078635902113547e+03 1.000281547438945040e+00 6.369827275221670755e-03 2.447389729207780329e+04
3.073086436700130889e+03 1.003395619006177908e+00 6.385971071382145689e-03 2.455188228406846974e+04
3.073094237498147777e+03 1.000631358020246831e+00 6.369182309720288621e-03 2.448601350171197191e+04
3.073102038296165119e+03 9.962285981412408731e-01 6.349286642863855891e-03 2.438001845498028342e+04
3.073109839094182462e+03 9.950070860513376969e-01 6.349502956778585103e-03 2.435184748420030883e+04
3.073117639892199350e+03 9.966439564583248201e-01 6.357621212401825227e-03 2.439361480475893404e+04
3.073125440690216692e+03 9.968408619452607811e-01 6.361516100422266208e-03 2.440012242331287052e+04
3.073133241488233580e+03 9.951744030212941183e-01 6.355851155407757878e-03 2.436099856379840639e+04
3.073141042286250922e+03 9.957254319749759830e-01 6.360445983619275601e-03 2.437613640865049092e+04
3.073148843084268265e+03 9.965426946528701535e-01 6.374158259457451611e-03 2.439777552371957063e+04
3.073156643882285152e+03 9.951426335904813847e-01 6.369007025841599140e-03 2.436510965680286608e+04
3.073164444680302495e+03 9.939942346232828463e-01 6.359504070945042574e-03 2.433858281050638834e+04
3.073172245478319383e+03 9.947420878810350198e-01 6.351588748056908977e-03 2.435846769652504736e+04
3.073180046276336725e+03 9.954078309832281590e-01 6.343279956602702711e-03 2.437632558448267446e+04
3.073187847074353613e+03 9.941003302566542299e-01 6.344008184858117468e-03 2.434584157116908318e+04
3.073195647872370955e+03 9.933765635723426080e-01 6.346517597225888839e-03 2.432963171200505894e+04
3.073203448670388298e+03 9.965092343523527241e-01 6.358071493736629567e-03 2.440785821817736723e+04
3.073211249468405185e+03 1.001966461419483423e+00 6.377596876850834262e-03 2.454301515249932709e+04
3.073219050266422528e+03 1.003593855816248936e+00 6.371984801440041743e-03 2.458435272768077994e+04
3.073226851064439415e+03 1.000358896159137645e+00 6.347047694300347008e-03 2.450655949992334718e+04
3.073234651862456758e+03 9.971249977567392397e-01 6.316558743200592109e-03 2.442876426882571832e+04
3.073242452660473646e+03 9.964250704092025845e-01 6.295224230770156762e-03 2.441302506293061379e+04
3.073250253458490988e+03 9.981919151290503667e-01 6.309895382336706826e-03 2.445770615667920720e+04
3.073258054256508331e+03 9.987642781401103731e-01 6.325499397972336561e-03 2.447310466602373708e+04
3.073265855054525218e+03 9.973870733898951846e-01 6.299948854174033247e-03 2.444071243893815699e+04
3.073273655852542561e+03 9.966728583105839423e-01 6.272772599150258296e-03 2.442454515533396989e+04
3.073281456650559448e+03 9.942510126883351562e-01 6.271788396117927884e-03 2.436650777905295399e+04
3.073289257448576791e+03 9.918231643333216274e-01 6.272297182133229967e-03 2.430829837163846969e+04
3.073297058246594133e+03 9.925535702776439040e-01 6.274619603704670832e-03 2.432747293745076240e+04
3.073304859044611021e+03 9.934729373443242917e-01 6.279985800404460673e-03 2.435126250565633745e+04
3.073312659842628364e+03 9.970746708339573994e-01 6.300009665632783779e-03 2.444078732495222357e+04
3.073320460640645251e+03 1.002521288745835237e+00 6.321828472091513274e-03 2.457552741576308472e+04
3.073328261438662594e+03 1.004223299380205159e+00 6.327590469854931995e-03 2.461846326866692834e+04
3.073336062236679481e+03 1.004430883354558990e+00 6.331978087321736906e-03 2.462474691179519868e+04
3.073343863034696824e+03 1.004419381485728735e+00 6.331855630649555963e-03 2.462564090101337570e+04
3.073351663832714166e+03 1.003486767574755412e+00 6.328391900281719017e-03 2.460393187896993913e+04
3.073359464630731054e+03 1.003460363271730271e+00 6.332198718757646103e-03 2.460442186485278944e+04
3.073367265428748397e+03 1.003677322281231854e+00 6.336121282584089055e-03 2.461086049305084089e+04
3.073375066226765284e+03 1.002893363726890197e+00 6.335269752987742614e-03 2.459273657577101767e+04
3.073382867024782627e+03 1.001519610586126596e+00 6.335078397021836477e-03 2.456012877824590032e+04
3.073390667822799514e+03 9.990787118754256291e-01 6.323593159444022838e-03 2.450132875255038380e+04
3.073398468620816857e+03 9.976804710120159569e-01 6.307918672987323887e-03 2.446807609539464465e+04
3.073406269418834199e+03 9.992361571738326287e-01 6.307341390628216568e-03 2.450724989558981542e+04
3.073414070216851087e+03 9.993103383616558366e-01 6.305077134047550047e-03 2.451007133627342773e+04
3.073421871014868429e+03 9.984148155149664694e-01 6.313883979881634335e-03 2.448908939495915183e+04
3.073429671812885317e+03 1.001152094306976048e+00 6.341439279053917924e-03 2.455719582688334413e+04
3.073437472610902660e+03 1.004691126619269737e+00 6.363450704459682958e-03 2.464495572140177683e+04
3.073445273408920002e+03 1.004030798606723396e+00 6.368555425344654165e-03 2.462968977886189896e+04
3.073453074206936890e+03 9.994166280106772104e-01 6.336539444700197213e-03 2.451740931674644526e+04
3.073460875004954232e+03 9.972949558069779119e-01 6.306967723083353738e-03 2.446624938313877283e+04
3.073468675802971120e+03 9.978060684433659455e-01 6.305531544072243491e-03 2.447965847263402975e+04
3.073476476600988462e+03 9.980248554984882947e-01 6.307179567393601284e-03 2.448587780071614179e+04
3.073484277399005350e+03 1.000638204672609888e+00 6.318441167522773592e-03 2.455082985696187461e+04
3.073492078197022693e+03 1.003298789263769919e+00 6.329533195179736990e-03 2.461692651294599273e+04
3.073499878995040035e+03 1.005327693415911883e+00 6.351101357787628139e-03 2.466750932299483247e+04
3.073507679793056923e+03 1.007627027638582140e+00 6.375562479995967868e-03 2.472471225635752489e+04
3.073515480591074265e+03 1.006569436423171426e+00 6.366824954074271070e-03 2.469952659260842847e+04
3.073523281389091153e+03 1.005175601119495665e+00 6.352641251321964125e-03 2.466606943269009207e+04
3.073531082187108495e+03 1.006045869418570771e+00 6.353391199994741154e-03 2.468815208718756548e+04
3.073538882985125383e+03 1.006161298489868461e+00 6.355007068329251302e-03 2.469169307454394948e+04
3.073546683783142726e+03 1.005840969208511515e+00 6.369364502167071569e-03 2.468452141425551599e+04
3.073554484581160068e+03 1.005252308778056713e+00 6.387343724558154981e-03 2.467074520057826157e+04
3.073562285379176956e+03 1.004097982618847196e+00 6.375039004536763206e-03 2.464306659827960902e+04
3.073570086177194298e+03 1.003855860648109610e+00 6.356961954472637594e-03 2.463775611288228902e+04
3.073577886975211186e+03 1.003196163618335746e+00 6.356312661755886446e-03 2.462217773486812075e+04
3.073585687773228528e+03 1.002003553318502549e+00 6.364505355150883864e-03 2.459349983773664280e+04
3.073593488571245871e+03 1.002829184865026368e+00 6.362544799645544584e-03 2.461433938219917763e+04
3.073601289369262759e+03 1.004689083612601896e+00 6.352331071821100406e-03 2.466054769107448374e+04
3.073609090167280101e+03 1.004732781489043436e+00 6.354041010158692840e-03 2.466215882608911124e+04
3.073616890965296989e+03 1.002880528000818838e+00 6.352448298409598369e-03 2.461721226835001289e+04
3.073624691763314331e+03 1.000872053039329357e+00 6.345250466641262285e-03 2.456841033570876243e+04
3.073632492561331219e+03 1.000305926613257235e+00 6.347560527165059356e-03 2.455499377874072525e+04
3.073640293359348561e+03 1.002342848579242940e+00 6.374077951909126738e-03 2.460545750284126188e+04
3.073648094157365904e+03 1.003669190770076103e+00 6.398195949094367951e-03 2.463846076645037465e+04
3.073655894955382792e+03 1.004110409384844749e+00 6.401902021307727397e-03 2.464971770867411760e+04
3.073663695753400134e+03 1.006065323630338737e+00 6.402879119039682834e-03 2.469811631306596246e+04
3.073671496551417022e+03 1.006162007240281264e+00 6.393033988692699114e-03 2.470087885612404716e+04
3.073679297349434364e+03 1.004168792168507629e+00 6.384916440463683784e-03 2.465231573291171298e+04
3.073687098147451252e+03 1.001772562469070094e+00 6.388117754036387597e-03 2.459383829347336359e+04
3.073694898945468594e+03 9.999489179804775807e-01 6.390556784459864616e-03 2.454939786177325004e+04
3.073702699743485937e+03 1.002359986425291005e+00 6.401943268992499499e-03 2.460890387354925042e+04
3.073710500541502824e+03 1.005856232297489106e+00 6.414037172101125055e-03 2.469503510072925565e+04
3.073718301339520167e+03 1.003052829746724939e+00 6.388459135753217673e-03 2.462648351513920352e+04
3.073726102137537055e+03 9.986492053962536808e-01 6.361113616266822132e-03 2.451862340890462292e+04
3.073733902935554397e+03 9.997597887320767152e-01 6.374127908556943486e-03 2.454612745136663580e+04
3.073741703733571740e+03 1.001235232274148235e+00 6.384423967209057818e-03 2.458257147130019439e+04
3.073749504531588627e+03 9.970921865360762304e-01 6.344364202131952575e-03 2.448104977396184404e+04
3.073757305329605970e+03 9.946617857908049976e-01 6.309434996534627436e-03 2.442155781160949482e+04
3.073765106127622857e+03 9.990515662341939995e-01 6.342348367231402662e-03 2.452950090314531553e+04
3.073772906925640200e+03 1.003001423704964701e+00 6.375527244348600138e-03 2.462662528940731499e+04
3.073780707723657088e+03 1.002949367176345641e+00 6.375479208872119989e-03 2.462547279115038327e+04
3.073788508521674430e+03 1.002898073775417842e+00 6.375476493622988551e-03 2.462432029289338607e+04
3.228353041498609855e+03 1.000259447599349150e+00 4.428218118254621631e-03 3.897676485389414302e+04
3.228362433469216739e+03 1.000774483281831051e+00 4.426801361516827064e-03 3.899428228045546712e+04
3.228371825439823624e+03 9.990937538324968781e-01 4.415040126480591909e-03 3.892626410012033739e+04
3.228381217410430509e+03 9.974466386784239802e-01 4.407559451006706069e-03 3.885958627921391599e+04
3.228390609381037393e+03 9.978476730501293357e-01 4.407665459113224715e-03 3.887273269995332521e+04
3.228400001351644278e+03 9.994377113506216492e-01 4.411172473657254574e-03 3.893222573522374296e+04
3.228409393322251162e+03 1.001045488559461294e+00 4.416400421824575283e-03 3.899243888807046460e+04
3.228418785292858047e+03 1.001806644207515751e+00 4.416370505529995660e-03 3.901971081154114654e+04
3.228428177263464931e+03 1.001079979859483826e+00 4.410434587683748422e-03 3.898907973044584651e+04
3.228437569234071816e+03 9.998866670736934470e-01 4.401826271024999494e-03 3.894033004496408830e+04
3.228446961204678701e+03 1.000556430851592182e+00 4.395305870934807305e-03 3.896419498539463530e+04
3.228456353175285585e+03 1.001152449211331730e+00 4.387580315671074649e-03 3.898524658417404862e+04
3.228465745145892470e+03 9.994671697071675354e-01 4.376790017927427098e-03 3.891753200489353912e+04
3.228475137116499354e+03 9.976630784945623720e-01 4.366957625229158681e-03 3.884526918382351141e+04
3.228484529087106239e+03 9.979520880214339806e-01 4.364123051396663969e-03 3.885458259868472669e+04
3.228493921057713123e+03 9.991778342974942939e-01 4.364849781285243605e-03 3.890044488831266062e+04
3.228503313028320008e+03 9.998777776780483073e-01 4.360073323444394432e-03 3.892591832617645559e+04
3.228512704998926893e+03 1.000354314740711015e+00 4.352378987223070282e-03 3.894278275194994058e+04
3.228522096969533777e+03 1.000325538451025897e+00 4.344300113496082916e-03 3.894007038412384281e+04
3.228531488940140662e+03 1.000232581044617319e+00 4.344421075904739311e-03 3.893495996147216647e+04
3.228540880910747546e+03 1.000246545602585302e+00 4.348769266987863834e-03 3.893411671196571115e+04
3.228550272881354431e+03 1.000810894734798895e+00 4.349321501272073939e-03 3.895480606320082734e+04
3.228559664851961315e+03 1.001535083162448991e+00 4.348865971667361524e-03 3.898183013049205329e+04
3.228569056822568655e+03 1.000339607573995870e+00 4.344633058336979867e-03 3.893425705088297400e+04
3.228578448793175539e+03 9.984525209002944601e-01 4.339203487224854890e-03 3.885989321681449655e+04
3.228587840763782424e+03 9.975174124895945793e-01 4.334352924452796949e-03 3.882271207188511471e+04
3.228597232734389308e+03 9.978578944163726261e-01 4.328543171370057702e-03 3.883531040651366493e+04
3.228606624704996193e+03 9.998416650291501728e-01 4.327620019729655314e-03 3.891200085825918359e+04
3.228616016675603078e+03 1.001573814663935913e+00 4.330361030143499261e-03 3.897904089460328396e+04
3.228625408646209962e+03 1.002373729113536172e+00 4.330856359683184394e-03 3.900994857137154759e+04
3.228634800616816847e+03 1.002524164842286458e+00 4.327187427911905263e-03 3.901573391694520978e+04
3.228644192587423731e+03 1.001131035697425009e+00 4.323436847093673797e-03 3.896160633057550149e+04
3.228653584558030616e+03 1.000017459855296886e+00 4.327889033370632341e-03 3.891852141506234329e+04
3.228662976528637500e+03 1.001120732866828567e+00 4.330110435764629104e-03 3.896187987331013574e+04
3.228672368499244385e+03 1.003378703808992078e+00 4.325861790380357806e-03 3.905035224663700501e+04
3.228681760469851270e+03 1.003832829454430087e+00 4.321178854939089313e-03 3.906880125674224837e+04
3.228691152440458154e+03 1.002137151341520704e+00 4.315099115017506128e-03 3.900376293817669648e+04
3.228700544411065039e+03 1.001137720740909121e+00 4.307772040222044956e-03 3.896600828621914843e+04
3.228709936381671923e+03 1.000005389529245559e+00 4.294598038527466105e-03 3.892327100844278903e+04
3.228719328352278808e+03 9.993920796252158123e-01 4.285225940528472957e-03 3.890093057123381004e+04
3.228728720322885692e+03 1.001186828070973478e+00 4.286113888119895583e-03 3.897252713308994134e+04
3.228738112293492577e+03 1.002743757114061607e+00 4.290149444725806574e-03 3.903507976002263604e+04
3.228747504264099462e+03 1.002623913252271404e+00 4.291128120342889256e-03 3.903257384721210110e+04
3.228756896234706346e+03 1.002241554904024889e+00 4.283775943401638142e-03 3.902006438367541705e+04
3.228766288205313231e+03 1.002556349054990248e+00 4.281883744753466579e-03 3.903491912971704005e+04
3.228775680175920115e+03 1.003728164791894084e+00 4.288043767708559113e-03 3.908337361216411227e+04
3.228785072146527000e+03 1.004743606730670313e+00 4.285488887565865913e-03 3.912597787711111596e+04
3.228794464117133884e+03 1.004470012594899320e+00 4.277576032724381312e-03 3.911862507476675091e+04
3.228803856087740769e+03 1.003529050184376992e+00 4.274125869325857106e-03 3.908551993983946159e+04
3.228813248058347654e+03 1.002175373377742096e+00 4.268257516677211559e-03 3.903657883915050479e+04
3.228822640028954538e+03 1.000419848820037094e+00 4.251587039771013120e-03 3.897222428572949866e+04
3.228832031999561423e+03 1.000060837778314449e+00 4.241569880844000759e-03 3.896251938410085131e+04
3.228841423970168307e+03 1.001121683111307004e+00 4.244744345217367661e-03 3.900839620747017761e+04
3.228850815940775192e+03 1.001135805451980998e+00 4.245692293658883364e-03 3.901375845220174233e+04
3.228860207911382076e+03 1.000042743979192572e+00 4.243290015601321706e-03 3.897623946510522364e+04
3.228869599881988961e+03 9.993587818781074494e-01 4.238563570502233875e-03 3.895493095494910085e+04
3.228878991852595846e+03 9.994931828884332514e-01 4.233067380503540214e-03 3.896579915934499877e+04
3.228888383823202730e+03 1.000137750532849479e+00 4.231486827846825394e-03 3.899684584861448093e+04
3.228897775793809615e+03 9.999887298490202081e-01 4.228456944418937380e-03 3.899724157014535740e+04
3.228907167764416499e+03 9.982457165756077888e-01 4.223014005463772425e-03 3.893574269885093236e+04
3.228916559735023384e+03 9.962756438851622098e-01 4.218099695635856537e-03 3.886561716804256139e+04
3.228925951705630268e+03 9.939905629931682363e-01 4.209670838342734200e-03 3.878340164868078864e+04
3.228935343676237153e+03 9.909729942497258470e-01 4.194582406340173833e-03 3.867277023350501986e+04
3.228944735646844038e+03 9.901306267774190317e-01 4.184650300306655239e-03 3.864717392546204064e+04
3.228954127617450922e+03 9.901913848075382107e-01 4.182791781699673681e-03 3.865697293637211260e+04
3.228963519588057807e+03 9.895821734671867986e-01 4.179824443525488424e-03 3.864073657038417150e+04
3.228972911558664691e+03 9.909072066280866231e-01 4.186216414927677702e-03 3.870013199306497700e+04
3.228982303529271576e+03 9.926067621578167355e-01 4.193150472080433427e-03 3.877425126594722678e+04
3.228991695499878915e+03 9.924372050486384156e-01 4.182723806151883265e-03 3.877541701313319936e+04
3.229001087470485800e+03 9.914862309106022842e-01 4.172326408057131994e-03 3.874606544807946193e+04
3.229010479441092684e+03 9.903065842658109741e-01 4.170935013326511516e-03 3.870775743615176179e+04
3.229019871411699569e+03 9.867637768575119317e-01 4.162807053098905620e-03 3.857701536301712622e+04
3.229029263382306453e+03 9.811600056022862226e-01 4.144640917748445598e-03 3.836557523818021582e+04
3.229038655352913338e+03 9.774673255059380672e-01 4.126306133158110130e-03 3.822871166709526733e+04
3.229048047323520223e+03 9.744756839480135380e-01 4.095537629468321006e-03 3.811911021645800065e+04
3.229057439294127107e+03 9.717870193216262553e-01 4.069321221320607550e-03 3.802118855629771133e+04
3.229066831264733992e+03 9.736509489934309647e-01 4.076315846265433224e-03 3.810122693278374936e+04
3.229076223235340876e+03 9.795965763291245576e-01 4.095353959889122542e-03 3.834086829468538053e+04
3.229085615205947761e+03 9.852424205203196284e-01 4.116110482715111887e-03 3.856865199090053648e+04
3.229095007176554645e+03 9.891410702271438149e-01 4.132455615457534051e-03 3.872787214008695446e+04
3.229104399147161530e+03 9.926462208051499703e-01 4.142359973633869680e-03 3.887147537225099950e+04
3.229113791117768415e+03 9.957013674161507844e-01 4.149610838954117739e-03 3.899721262088857475e+04
3.229123183088375299e+03 9.975429943159463964e-01 4.155605202326163351e-03 3.907513924731818406e+04
3.229132575058982184e+03 9.989156546065460773e-01 4.161302302469121334e-03 3.913437584746374341e+04
3.229141967029589068e+03 9.999636184837000785e-01 4.159510279626688935e-03 3.918054030863598018e+04
3.229151359000195953e+03 1.000109801979949697e+00 4.152784768155407848e-03 3.919098675455872581e+04
3.229160750970802837e+03 9.997151054659190184e-01 4.142786259849345031e-03 3.917983276699890848e+04
3.229170142941409722e+03 9.999027449676313184e-01 4.134291347104303641e-03 3.919110762355809129e+04
3.229179534912016607e+03 9.999594831077531776e-01 4.124171535638945785e-03 3.919687466954011325e+04
3.229188926882623491e+03 9.988593573144262106e-01 4.113191704378438805e-03 3.915692754395174416e+04
3.229198318853230376e+03 9.977194396155115719e-01 4.107353299988125706e-03 3.911506509695804561e+04
3.229207710823837260e+03 9.967139574272804170e-01 4.101929189680007630e-03 3.907813357777416240e+04
3.229217102794444145e+03 9.960602794405145621e-01 4.101018349055394509e-03 3.905467229715477879e+04
3.229226494765051029e+03 9.964660751782368209e-01 4.102317501033822360e-03 3.907244707326185744e+04
3.229235886735657914e+03 9.971189098361561420e-01 4.096419045654039158e-03 3.909962028668128187e+04
3.229245278706264799e+03 9.980242634122871159e-01 4.089385822334544278e-03 3.913642191591196024e+04
3.229254670676871683e+03 9.987736792104914274e-01 4.098545319351124851e-03 3.916684909519625944e+04
3.229264062647478568e+03 9.984769994064754961e-01 4.111917312671750993e-03 3.915600706268414797e+04
3.229273454618085452e+03 9.976061391100712328e-01 4.116071468388442407e-03 3.912241478282981552e+04
3.229282846588692337e+03 9.983863972399293907e-01 4.118896876516025055e-03 3.915335509352044028e+04
3.229292238559299221e+03 1.000719478275684970e+00 4.120443947415693316e-03 3.924498887092946825e+04
3.229301630529906106e+03 1.001744399738414337e+00 4.119320886435601237e-03 3.928513155806157738e+04
3.229311022500512991e+03 1.001013244973798955e+00 4.121085640297875510e-03 3.925623158820703247e+04
3.229320414471119875e+03 9.994063014682373902e-01 4.121350253771891708e-03 3.919282648019021872e+04
3.229329806441726760e+03 9.982978214319107035e-01 4.115497333663033046e-03 3.914882458573101030e+04
3.229339198412333644e+03 9.984846440242585164e-01 4.113238828281982895e-03 3.915548805264521798e+04
3.229348590382940529e+03 9.991293302168061663e-01 4.115659504623172919e-03 3.917998929709581716e+04
3.229357982353547413e+03 9.996598285406691486e-01 4.115221197911566112e-03 3.919990954205179878e+04
3.229367374324154298e+03 1.000102776855154696e+00 4.105849373019481580e-03 3.921630797399226867e+04
3.229376766294761183e+03 1.000556462079622788e+00 4.098851690549456736e-03 3.923305320382267382e+04
3.229386158265368067e+03 1.000393362262519181e+00 4.096653486073972318e-03 3.922555440984872257e+04
3.229395550235974952e+03 9.993982078565699645e-01 4.091268777763312423e-03 3.918538767069912865e+04
3.229404942206581836e+03 9.978032934793208408e-01 4.080175882761115196e-03 3.912167822410524241e+04
3.229414334177188721e+03 9.961583814712940965e-01 4.068447106788709161e-03 3.905599710105496342e+04
3.229423726147796060e+03 9.965562144815059975e-01 4.067987918974762945e-03 3.907040584628238867e+04
3.229433118118402945e+03 9.980395575023462973e-01 4.072410026894574507e-03 3.912738397511512449e+04
3.229442510089009829e+03 9.983552956859299554e-01 4.071481867422147190e-03 3.913861316631226509e+04
3.229451902059616714e+03 9.981490165490566335e-01 4.064346980780953779e-03 3.912942026721769071e+04
3.229461294030223598e+03 9.976909774247417761e-01 4.054138665955493541e-03 3.911041580318411434e+04
3.229470686000830483e+03 9.967842981835675076e-01 4.046017137911099050e-03 3.907389726815753966e+04
3.229480077971437368e+03 9.972383386313403708e-01 4.047642305855408441e-03 3.909080543618499360e+04
3.229489469942044252e+03 9.992873517865924482e-01 4.051862199720373744e-03 3.917033359438940533e+04
3.229498861912651137e+03 1.000619410770094753e+00 4.054383192540904172e-03 3.922187116527821490e+04
3.229508253883258021e+03 1.000370279170913923e+00 4.056947155270171704e-03 3.921155908362513583e+04
3.229517645853864906e+03 9.990885134320607319e-01 4.048100451160337176e-03 3.916091590933591942e+04
3.229527037824471790e+03 9.983360424235188102e-01 4.035916890781212317e-03 3.913117878924282559e+04
3.229536429795078675e+03 9.989132589581504185e-01 4.040053435159798867e-03 3.915373392660855461e+04
3.229545821765685560e+03 9.989754316407077894e-01 4.048879322265423568e-03 3.915628895110142184e+04
3.229555213736292444e+03 9.980041021855855510e-01 4.047525263050750187e-03 3.911853631859295274e+04
3.229564605706899329e+03 9.981747068056667782e-01 4.045300290581147623e-03 3.912576014185413078e+04
3.229573997677506213e+03 9.991939830364334751e-01 4.040514749020895045e-03 3.916648155665304512e+04
3.229583389648113098e+03 9.998564229269463199e-01 4.031495984319084964e-03 3.919346294323311304e+04
3.229592781618719982e+03 1.000644432203729117e+00 4.029643625091196106e-03 3.922562870208878303e+04
3.229602173589326867e+03 1.000114285189339203e+00 4.030174837396764860e-03 3.920639765204631840e+04
3.229611565559933752e+03 9.987650982412025202e-01 4.030654146859493150e-03 3.915534494953854301e+04
3.229620957530540636e+03 9.986842367411671306e-01 4.029470101357036753e-03 3.915431640876286110e+04
3.229630349501147521e+03 9.992735478260987847e-01 4.017701604072965518e-03 3.917988203210319625e+04
3.229639741471754405e+03 9.997564736544053421e-01 4.007598980046329050e-03 3.920161212229877128e+04
3.229649133442361290e+03 9.999653049261866267e-01 4.013867603024371712e-03 3.921294418249448790e+04
3.229658525412968174e+03 1.000247526132534759e+00 4.024055266741282180e-03 3.922751538686231652e+04
3.229667917383575059e+03 1.000524197867008969e+00 4.019053519313816637e-03 3.924221165531831502e+04
3.229677309354181943e+03 1.000121714367353087e+00 4.005935995539221771e-03 3.923057082171640650e+04
3.229686701324788828e+03 9.995325308302838163e-01 3.997304909879367298e-03 3.921186322899453080e+04
3.229696093295395713e+03 9.993920026932947565e-01 3.991226577317865017e-03 3.921097405557680759e+04
3.229705485266002597e+03 9.999360175197528067e-01 3.984764466558957281e-03 3.923712558546212676e+04
3.229714877236609482e+03 1.000451384454501103e+00 3.978548333417232345e-03 3.926229905701347161e+04
3.229724269207216366e+03 9.993998084239129609e-01 3.974329740202947082e-03 3.922607670239672007e+04
3.229733661177823251e+03 9.978086373427466071e-01 3.968354826202496501e-03 3.916872287131846679e+04
3.229743053148430135e+03 9.976015343931846635e-01 3.957105231195624968e-03 3.916571194612516410e+04
3.229752445119037020e+03 9.980320068498763630e-01 3.950859612240561342e-03 3.918771423652966041e+04
3.229761837089643905e+03 9.988875049540433260e-01 3.952780557104884282e-03 3.922635268994816579e+04
3.229771229060250789e+03 9.994207674888393456e-01 3.952190277444812307e-03 3.925224490660472657e+04
3.229780621030857674e+03 9.984353367193308237e-01 3.957250069519423902e-03 3.921834931820024212e+04
3.229790013001464558e+03 9.977319328674706389e-01 3.961389541045082056e-03 3.919534485200203198e+04
3.229799404972071443e+03 9.990136193263776665e-01 3.949659527716612058e-03 3.925010733251881902e+04
3.229808796942678327e+03 1.000208548108491691e+00 3.939863560911130089e-03 3.930121296190153225e+04
3.229818188913285212e+03 9.991354321342934552e-01 3.945223576546362174e-03 3.926290190279704984e+04
3.229827580883892097e+03 9.979172442139516708e-01 3.947537626777464226e-03 3.921854270196046855e+04
3.229836972854498981e+03 9.981915726627327290e-01 3.939840223386332010e-03 3.923245821176835307e+04
3.229846364825106320e+03 9.992260393972124399e-01 3.940493961596603333e-03 3.927583513607303030e+04
3.229855756795713205e+03 1.000531891949005381e+00 3.947508517396931468e-03 3.932942619827928138e+04
3.229865148766320090e+03 1.000760709587778186e+00 3.945210060915142064e-03 3.934018455477256794e+04
3.229874540736926974e+03 1.000099788150724534e+00 3.938570397857479345e-03 3.931542704830950242e+04
3.229883932707533859e+03 1.000181312039813530e+00 3.939310939790998181e-03 3.931927621171906503e+04
3.229893324678140743e+03 1.000153614519741385e+00 3.938024589836629230e-03 3.931821242330303357e+04
3.229902716648747628e+03 9.999237958343097921e-01 3.931778640984449902e-03 3.930854368893960782e+04
3.229912108619354512e+03 1.001165825645206064e+00 3.936990209191772866e-03 3.935603495608124649e+04
3.229921500589961397e+03 1.001757271761756218e+00 3.942914680050387151e-03 3.937720872469496680e+04
3.229930892560568282e+03 9.992155718481110505e-01 3.924893280726469459e-03 3.927444984323105018e+04
3.229940284531175166e+03 9.978752802528649823e-01 3.906370152525629434e-03 3.921810628063819604e+04
3.229949676501782051e+03 9.996371558174361738e-01 3.915566996850846325e-03 3.928282246106219100e+04
3.229959068472388935e+03 1.000775324449130865e+00 3.929543503794984648e-03 3.932211575211050513e+04
3.229968460442995820e+03 9.996849115879536951e-01 3.919757261342267547e-03 3.927290523413138726e+04
3.229977852413602704e+03 9.985413806213311316e-01 3.903973145373274868e-03 3.922064440971652948e+04
3.229987244384209589e+03 9.994422431062366385e-01 3.902244579236699429e-03 3.924766628608424799e+04
3.229996636354816474e+03 9.997197984985327635e-01 3.898823235298199807e-03 3.924914238859847683e+04
3.230006028325423358e+03 9.985664358418905318e-01 3.897742328676458059e-03 3.919335106052690389e+04
3.230015420296030243e+03 9.982283549467120265e-01 3.904628130423303065e-03 3.916843772756127146e+04
3.230024812266637127e+03 9.977885989223794772e-01 3.903362610433394435e-03 3.913836732852048590e+04
3.230034204237244012e+03 9.972453564265615356e-01 3.896921641417581614e-03 3.910303441799228312e+04
3.230043596207850896e+03 9.984564982501304975e-01 3.894362303463921697e-03 3.913522607287457504e+04
3.230052988178457781e+03 1.000282691942202762e+00 3.893729703617664854e-03 3.919017899008775566e+04
3.241344724251413481e+03 9.988027441218174651e-01 2.688490073365563168e-03 3.702397425931417092e+04
3.241353072647798399e+03 9.999401456893554085e-01 2.689374551084047771e-03 3.705512811222385790e+04
3.241361421044183317e+03 1.001354886933053079e+00 2.694271902879287646e-03 3.709740615518939740e+04
3.241369769440568234e+03 1.001463003699105236e+00 2.696208057582546655e-03 3.709212559761299781e+04
3.241378117836953152e+03 1.001079974437479203e+00 2.696257431681382561e-03 3.706950857238630124e+04
3.241386466233338069e+03 1.000535642287843752e+00 2.691747245156386054e-03 3.704176667496405571e+04
3.241394814629722987e+03 9.999347441197662389e-01 2.684907777745362302e-03 3.701276779478994285e+04
3.241403163026107904e+03 1.000386499181258326e+00 2.681910557687196793e-03 3.702355169796443079e+04
3.241411511422492822e+03 1.001039585438635360e+00 2.681275750093705355e-03 3.704258704121469054e+04
3.241419859818877740e+03 1.001598018850747840e+00 2.686744630081181265e-03 3.705890967466164147e+04
3.241428208215262657e+03 1.002404098069746397e+00 2.696500258032051567e-03 3.708517463365678122e+04
3.241436556611647575e+03 1.002925566129092561e+00 2.698186224252305514e-03 3.710167984832349612e+04
3.241444905008032492e+03 1.002991170591136738e+00 2.693517001960354929e-03 3.710208272635657340e+04
3.241453253404417410e+03 1.002746614594444141e+00 2.690400450487964116e-03 3.709176446726293216e+04
3.241461601800801873e+03 1.002567660488590251e+00 2.688781998010924233e-03 3.708461372511758236e+04
3.241469950197186790e+03 1.001883910933378141e+00 2.686512195679114246e-03 3.705951980429223477e+04
3.241478298593571708e+03 1.001026132697295568e+00 2.683949539847316299e-03 3.702870495226673665e+04
3.241486646989956625e+03 1.000608069074597983e+00 2.682679452412406462e-03 3.701485940203473001e+04
3.241494995386341543e+03 1.000533681851263346e+00 2.682421764166097958e-03 3.701442023015073210e+04
3.241503343782726461e+03 1.000505320678733545e+00 2.682525208024047481e-03 3.701636602224653325e+04
3.241511692179111378e+03 9.999561039242826910e-01 2.682792400541458323e-03 3.699971048651533783e+04
3.241520040575496296e+03 9.998181484118832119e-01 2.682285301247215505e-03 3.699892913717207557e+04
3.241528388971881213e+03 1.000173540272022210e+00 2.680921584446288412e-03 3.701705383034646366e+04
3.241536737368266131e+03 1.000122727623192320e+00 2.683544143519069405e-03 3.702078331213636557e+04
3.241545085764651049e+03 1.000127560449320052e+00 2.691837512691071330e-03 3.702719821908207086e+04
3.241553434161035966e+03 9.996735997279805330e-01 2.692854863902932865e-03 3.701723857794608193e+04
3.241561782557420884e+03 9.982613759957444932e-01 2.683233729325217119e-03 3.697237570083637547e+04
3.241570130953805801e+03 9.965700743939847062e-01 2.675092615625008878e-03 3.691771919723437168e+04
3.241578479350190719e+03 9.947780923911170303e-01 2.669748783904628709e-03 3.685984275090550364e+04
3.241586827746575636e+03 9.939983383706316733e-01 2.668000831755791211e-03 3.683996102238458843e+04
3.241595176142960099e+03 9.946726098000542304e-01 2.672287845774403824e-03 3.687445169200368400e+04
3.241603524539345017e+03 9.951620289338093395e-01 2.674218313788093073e-03 3.690255760071540863e+04
3.241611872935729934e+03 9.950108390579124329e-01 2.671485278048146492e-03 3.690734178691937268e+04
3.241620221332114852e+03 9.944172131831473527e-01 2.671973621083708131e-03 3.689610990881860198e+04
3.241628569728499770e+03 9.931394091620396880e-01 2.677547953705227378e-03 3.685984779736046767e+04
3.241636918124884687e+03 9.920739837641484593e-01 2.679568354355470108e-03 3.683178971876134165e+04
3.241645266521269605e+03 9.921168312527720579e-01 2.676265906357054667e-03 3.684518674703116994e+04
3.241653614917654522e+03 9.925100796478085741e-01 2.672633995594614342e-03 3.687189651940626209e+04
3.241661963314039440e+03 9.927597713670239798e-01 2.667952963575238607e-03 3.689354853860934236e+04
3.241670311710424357e+03 9.922495348515165681e-01 2.663852128013541147e-03 3.688719692320194736e+04
3.241678660106809275e+03 9.903088923279931288e-01 2.660598410353016453e-03 3.682785158465465793e+04
3.241687008503194193e+03 9.881367898577907427e-01 2.658040483012394373e-03 3.676003149082852178e+04
3.241695356899579110e+03 9.857781042347856237e-01 2.657488880374963853e-03 3.668536967433333484e+04
3.241703705295964028e+03 9.830835243074268481e-01 2.654360907130544865e-03 3.659827236216646270e+04
3.241712053692348945e+03 9.790011864037141409e-01 2.643521844227240004e-03 3.645952536747817794e+04
3.241720402088733408e+03 9.748700243492995909e-01 2.632260896948049669e-03 3.631892691608238238e+04
3.241728750485118326e+03 9.704555664161910178e-01 2.620061045734359360e-03 3.616770924683639169e+04
3.241737098881503243e+03 9.662884414253702925e-01 2.609241408949353972e-03 3.602561704639800882e+04
3.241745447277888161e+03 9.640601187018383866e-01 2.603660411146126955e-03 3.595571933630214335e+04
3.241753795674273078e+03 9.629419409420271192e-01 2.600390944556626224e-03 3.592715250579060375e+04
3.241762144070657996e+03 9.648255712682188845e-01 2.604106136152986150e-03 3.601053923183465668e+04
3.241770492467042914e+03 9.668109456287725667e-01 2.608618275720685480e-03 3.609769596096762689e+04
3.241778840863427831e+03 9.683870907933334049e-01 2.615819589027232935e-03 3.616951508306137839e+04
3.241787189259812749e+03 9.683366592625405334e-01 2.619012985381339882e-03 3.618046897255984368e+04
3.241795537656197666e+03 9.625038730262837072e-01 2.606159482283824241e-03 3.597513784586662950e+04
3.241803886052582584e+03 9.559554415942606020e-01 2.590197879735283565e-03 3.574271350631922542e+04
3.241812234448967502e+03 9.451869422167280543e-01 2.558097728841832435e-03 3.535207317433123535e+04
3.241820582845352419e+03 9.347364888136155958e-01 2.527604085900972235e-03 3.497283001639835129e+04
3.241828931241737337e+03 9.262732554781841765e-01 2.506448756914597502e-03 3.466745039525858010e+04
3.241837279638122254e+03 9.189665880589688030e-01 2.487504776233573269e-03 3.440489024545584107e+04
3.241845628034507172e+03 9.180146592241509307e-01 2.480526814259302604e-03 3.437984525003860472e+04
3.241853976430891635e+03 9.187053906721338592e-01 2.478067812268193709e-03 3.441599027237667178e+04
3.241862324827276552e+03 9.304442144403843873e-01 2.503482213748809034e-03 3.486579703365411842e+04
3.241870673223661470e+03 9.425726978385708943e-01 2.530599731670109178e-03 3.533007863213930978e+04
3.241879021620046387e+03 9.562458252336744069e-01 2.568958977545060616e-03 3.585210982970893383e+04
3.241887370016431305e+03 9.694769564520764327e-01 2.605840677998682697e-03 3.635738951466423168e+04
3.241895718412816223e+03 9.786856821218233859e-01 2.630101100880073966e-03 3.671155511626906809e+04
3.241904066809201140e+03 9.874095640101983040e-01 2.652471315832872437e-03 3.704718552649264166e+04
3.241912415205586058e+03 9.915915129753215540e-01 2.656243755663854379e-03 3.721197538434401213e+04
3.241920763601970975e+03 9.955456288631963080e-01 2.660020060058933006e-03 3.736771199888332194e+04
3.241929111998355893e+03 9.964161450588031599e-01 2.662982572264149198e-03 3.740714617618094780e+04
3.241937460394740810e+03 9.972247391112747383e-01 2.666358084712904843e-03 3.744364415467873187e+04
3.241945808791125728e+03 9.986783426363008420e-01 2.674038726938118317e-03 3.750372388888765272e+04
3.241954157187510646e+03 1.000089129625177709e+00 2.681317818824959127e-03 3.756153257985626260e+04
3.241962505583895563e+03 9.989511136035496008e-01 2.681980627877414165e-03 3.752291740128975653e+04
3.241970853980280481e+03 9.977521779146119041e-01 2.682481176216180985e-03 3.748132289519390179e+04
3.241979202376665398e+03 9.978347467473530630e-01 2.679170106283168713e-03 3.748720648916195205e+04
3.241987550773049861e+03 9.980288881039883764e-01 2.676099519761350638e-03 3.749664630092827429e+04
3.241995899169434779e+03 9.979433458395066125e-01 2.674575024497955530e-03 3.749496502045720990e+04
3.242004247565819696e+03 9.977878614665063317e-01 2.673001105639927731e-03 3.749006486619058705e+04
3.242012595962204614e+03 9.975640953279711898e-01 2.671758883363768190e-03 3.748203099409562128e+04
3.242020944358589531e+03 9.973907106834454250e-01 2.670623414375955431e-03 3.747534497613526037e+04
3.242029292754974449e+03 9.984106632539072601e-01 2.677725406271496203e-03 3.751297367700385803e+04
3.242037641151359367e+03 9.994617822799075624e-01 2.684980146431752146e-03 3.755127127657958772e+04
3.242045989547744284e+03 9.982238131023570826e-01 2.682872312616012278e-03 3.750308729810588557e+04
3.242054337944129202e+03 9.969622477698600882e-01 2.680532260745699131e-03 3.745356694426072499e+04
3.242062686340514119e+03 9.978884015645356209e-01 2.682883331855171870e-03 3.748580307572588208e+04
3.242071034736899037e+03 9.988341232998183550e-01 2.685457854853866982e-03 3.751836001551168010e+04
3.242079383133283955e+03 9.983738288183270360e-01 2.684090454691966457e-03 3.749771594958795322e+04
3.242087731529668872e+03 9.979489774442014127e-01 2.682634276552022749e-03 3.747804235754186811e+04
3.242096079926053790e+03 9.990378373610563356e-01 2.683063483271528986e-03 3.751487245316318877e+04
3.242104428322438707e+03 1.000204154431148407e+00 2.683704221631831241e-03 3.755428295661679294e+04
3.242112776718823625e+03 9.996365032372784842e-01 2.685588254963266683e-03 3.752829009633096575e+04
3.242121125115208088e+03 9.989294092994593921e-01 2.687395038396137373e-03 3.749679509098736889e+04
3.242129473511593005e+03 9.990303527914833337e-01 2.684645754842431443e-03 3.749538391218578909e+04
3.242137821907977923e+03 9.992138275349732313e-01 2.681781693964184563e-03 3.749684101881363313e+04
3.242146170304362840e+03 9.996652124451466115e-01 2.684017307053451155e-03 3.750814310337058123e+04
3.242154518700747758e+03 1.000135440827670807e+00 2.686396325855933999e-03 3.751996352270687930e+04
3.242162867097132676e+03 1.000750599073506608e+00 2.684669940679391357e-03 3.753705263457613182e+04
3.242171215493517593e+03 1.001401441885051424e+00 2.682948060721437964e-03 3.755533213921582501e+04
3.383153190582531352e+03 1.000851160664893547e+00 1.842301949414445897e-03 2.829917150194586065e+04
3.383161807906127251e+03 1.001059701025458271e+00 1.843463509199811919e-03 2.830355733738892377e+04
3.383170425229722696e+03 1.001266806026409384e+00 1.843743214741455855e-03 2.830790488604734128e+04
3.383179042553318595e+03 1.001112816784855530e+00 1.843242238927516588e-03 2.830204638869515111e+04
3.383187659876914495e+03 1.000491813960233012e+00 1.842300198348701236e-03 2.828298922944558217e+04
3.383196277200509940e+03 1.000266742073995907e+00 1.841672197175025149e-03 2.827512886566372254e+04
3.383204894524105839e+03 1.000682994517634317e+00 1.841789345441881189e-03 2.828539982952184801e+04
3.383213511847701739e+03 1.000884656909856840e+00 1.841231541661150859e-03 2.828960716942244471e+04
3.383222129171297638e+03 1.000905639877592179e+00 1.839838164731422620e-03 2.828871026726325363e+04
3.383230746494893083e+03 1.001137413779343399e+00 1.839493225849572105e-03 2.829377351990593525e+04
3.383239363818488982e+03 1.001489309429593577e+00 1.839912805028816800e-03 2.830223366547702244e+04
3.383247981142084882e+03 1.001291120217632891e+00 1.839170573536840197e-03 2.829515102815499995e+04
3.383256598465680327e+03 9.999545487775216568e-01 1.836844920158739805e-03 2.825590441866139736e+04
3.383265215789276226e+03 9.989412419519079211e-01 1.835114687098483898e-03 2.822579874548815133e+04
3.383273833112872126e+03 9.990325019757891889e-01 1.834676442061872930e-03 2.822690767392533962e+04
3.383282450436467570e+03 9.993983648481564730e-01 1.834578275803133707e-03 2.823577754343171910e+04
3.383291067760063470e+03 9.998556212272931010e-01 1.835016101779384694e-03 2.824723124376988562e+04
3.383299685083659369e+03 1.000012832179616007e+00 1.835503993393861359e-03 2.825021028690672028e+04
3.383308302407255269e+03 1.000232144460670547e+00 1.836134430030430652e-03 2.825494605272541594e+04
3.383316919730850714e+03 1.000196804917923066e+00 1.835746591521326791e-03 2.825249096654153618e+04
3.383325537054446613e+03 9.990238837303933028e-01 1.833344030707967625e-03 2.821790736571465095e+04
3.383334154378042513e+03 9.982983429718925716e-01 1.833112268598125752e-03 2.819596591321646338e+04
3.383342771701637957e+03 9.984950589125591858e-01 1.835506691713751585e-03 2.820007638663812759e+04
3.383351389025233857e+03 9.985381839067628551e-01 1.836634963439271470e-03 2.819985162352849511e+04
3.383360006348829756e+03 9.985408404061686394e-01 1.836957141925851019e-03 2.819848683331902430e+04
3.383368623672425201e+03 9.982242118473325654e-01 1.836710456806538421e-03 2.818810889813635367e+04
3.383377240996021101e+03 9.968806618324747015e-01 1.834873952408967767e-03 2.814873779339971588e+04
3.383385858319617000e+03 9.958092291109041927e-01 1.833875829708662237e-03 2.811705679054047141e+04
3.383394475643212900e+03 9.953491035998651704e-01 1.834824240291132785e-03 2.810264138293070937e+04
3.383403092966808344e+03 9.947664462956872233e-01 1.835629900909590499e-03 2.808477081391817410e+04
3.383411710290404244e+03 9.941087603822453822e-01 1.835013064462829311e-03 2.806478667034560931e+04
3.383420327614000144e+03 9.934265248258125069e-01 1.834020430262291732e-03 2.804411427219921097e+04
3.383428944937595588e+03 9.915587930614546686e-01 1.831411062435461985e-03 2.798998221343753539e+04
3.383437562261191488e+03 9.896530536981903436e-01 1.828440878659526835e-03 2.793478550840411117e+04
3.383446179584787387e+03 9.879522962057729618e-01 1.824959821851038742e-03 2.788538278517551953e+04
3.383454796908383287e+03 9.855736716817202758e-01 1.820319789671702524e-03 2.781685561091652562e+04
3.383463414231978732e+03 9.800198607173522536e-01 1.810092705192544458e-03 2.765872594063602082e+04
3.383472031555574631e+03 9.739087074993065807e-01 1.798986478081007539e-03 2.748488586754911375e+04
3.383480648879170531e+03 9.655047529008804474e-01 1.785399914670524448e-03 2.724636335397129733e+04
3.383489266202765975e+03 9.570236247557195597e-01 1.771172939294329276e-03 2.700568946814624360e+04
3.383497883526361875e+03 9.499701688758699358e-01 1.755343512540867958e-03 2.680532672301895946e+04
3.383506500849957774e+03 9.441174275953647665e-01 1.742181836953465932e-03 2.663886532824483220e+04
3.383515118173553219e+03 9.439420631276143059e-01 1.742766806226833751e-03 2.663260582954929487e+04
3.383523735497149119e+03 9.444461325869458745e-01 1.744363226854778312e-03 2.664551834188340217e+04
3.383532352820745018e+03 9.480834410396622447e-01 1.750418438768890908e-03 2.674682548632883118e+04
3.383540970144340918e+03 9.515849284409031439e-01 1.756253277607675500e-03 2.684429382102205273e+04
3.383549587467936362e+03 9.513350132492858213e-01 1.757252185832069514e-03 2.683593304971274119e+04
3.383558204791532262e+03 9.496904346937670161e-01 1.756036133288772045e-03 2.678823600735572109e+04
3.383566822115128161e+03 9.401340434218812270e-01 1.738974033244732173e-03 2.651738595864982562e+04
3.383575439438723606e+03 9.290613915951038138e-01 1.719565689458025983e-03 2.620379933330677886e+04
3.383584056762319506e+03 9.126039497243647602e-01 1.690189939655956054e-03 2.573837724220584278e+04
3.383592674085915405e+03 8.958838430187451296e-01 1.659923419345033955e-03 2.526559509127542333e+04
3.383601291409510850e+03 8.823446640016489040e-01 1.633378069795101339e-03 2.488256485536269247e+04
3.383609908733106749e+03 8.711878122150168435e-01 1.611236164457446841e-03 2.456675358399684410e+04
3.383618526056702649e+03 8.748090577632052778e-01 1.617169127047258462e-03 2.466768484032372726e+04
3.383627143380298548e+03 8.813413772021956305e-01 1.627139399404787124e-03 2.485069077783072862e+04
3.383635760703893993e+03 9.009441720569882905e-01 1.660486045260832488e-03 2.540220492469910096e+04
3.383644378027489893e+03 9.216727809489760892e-01 1.695454113540547725e-03 2.598540980758951628e+04
3.383652995351085792e+03 9.429608464292018599e-01 1.733012451411554758e-03 2.658433408488540590e+04
3.383661612674681237e+03 9.633769503739038065e-01 1.769396790241051318e-03 2.715862248781663948e+04
3.383670229998277136e+03 9.763267457417433848e-01 1.793164836193269444e-03 2.752238584734312099e+04
3.383678847321873036e+03 9.878489992390728780e-01 1.814844193812470766e-03 2.784587735866583535e+04
3.383687464645468935e+03 9.920017940323917482e-01 1.818806707330816166e-03 2.796161764765303087e+04
3.383696081969064380e+03 9.952556394319381772e-01 1.821128565999453669e-03 2.805201224054512932e+04
3.383704699292660280e+03 9.970975773337831249e-01 1.825318220927094146e-03 2.810260732568623644e+04
3.383713316616256179e+03 9.985239948941924126e-01 1.829545705707803305e-03 2.814148979920328929e+04
3.383721933939851624e+03 9.981179905087047555e-01 1.827919539996756410e-03 2.812873052826328785e+04
3.383730551263447524e+03 9.976558195585204514e-01 1.825991663593666461e-03 2.811439244224520371e+04
3.383739168587043423e+03 9.979150477644137540e-01 1.827757186208089479e-03 2.812038689147680270e+04
3.383747785910638868e+03 9.981199142128217572e-01 1.829630108964144406e-03 2.812485177765831031e+04
3.383756403234234767e+03 9.990445610857023873e-01 1.830971668521729108e-03 2.814959994967838429e+04
3.383765020557830667e+03 1.000163231505677652e+00 1.832571458119284114e-03 2.817981527835508314e+04
3.383773637881426566e+03 1.000106644013689428e+00 1.834501992806164203e-03 2.817691899542044848e+04
3.383782255205022011e+03 9.997512605428313659e-01 1.836091872123473247e-03 2.816560791524896558e+04
3.383790872528617911e+03 9.999010421528550241e-01 1.836117168146141499e-03 2.816853184298322958e+04
3.383799489852213810e+03 1.000369597377015474e+00 1.836254133046047758e-03 2.818043816336857344e+04
3.383808107175809255e+03 1.000805592666204946e+00 1.836589493870211453e-03 2.819142902179990051e+04
3.383816724499405154e+03 1.000904430845360071e+00 1.836580762324705948e-03 2.819292482262323756e+04
3.383825341823001054e+03 9.998758958061123581e-01 1.833737370139712714e-03 2.816266951131776295e+04
3.383833959146596499e+03 9.988965100822896348e-01 1.830838575131323205e-03 2.813380404274817920e+04
3.383842576470192398e+03 9.991846334215596093e-01 1.831421908125106975e-03 2.814064162243332248e+04
3.383851193793788298e+03 9.996684938916392538e-01 1.832909902580808457e-03 2.815299379705102911e+04
3.383859811117384197e+03 9.993541320014335261e-01 1.833494753275973031e-03 2.814286887176839809e+04
3.383868428440979642e+03 9.990448987848844498e-01 1.833559866894268840e-03 2.813289208567729656e+04
3.383877045764575541e+03 9.998344062314429292e-01 1.834270327416308083e-03 2.815385791247306042e+04
3.383885663088171441e+03 1.000357891172355185e+00 1.834467481716740497e-03 2.816733419636251347e+04
3.383894280411766886e+03 9.993542875921601620e-01 1.834754143198148073e-03 2.813781538079000529e+04
3.383902897735362785e+03 9.987596395904685398e-01 1.835770895042112064e-03 2.811981604802726724e+04
3.383911515058958685e+03 1.000614264239552131e+00 1.837356106878737906e-03 2.817077668150081081e+04
3.383920132382554584e+03 1.002339207362654472e+00 1.838311519179779488e-03 2.821808476210004665e+04
3.383928749706150029e+03 1.001453745817618479e+00 1.836631361315764228e-03 2.819190600047355110e+04
3.383937367029745928e+03 1.000032383889947418e+00 1.834808674842606331e-03 2.815064691839361330e+04
3.383945984353341828e+03 1.000111132337171194e+00 1.836416112379287953e-03 2.815162013948366439e+04
3.383954601676937273e+03 1.000753196486549701e+00 1.838813383308009154e-03 2.816845187355026428e+04
3.383963219000533172e+03 1.000557246756107910e+00 1.838249571956921411e-03 2.816169818797861808e+04
3.383971836324129072e+03 9.999499151874352565e-01 1.837289283800757180e-03 2.814336965694936589e+04
3.383980453647724516e+03 1.000113547560328886e+00 1.840055783556853895e-03 2.814674320355712553e+04
3.383989070971320416e+03 1.000534546351264931e+00 1.842984771593233302e-03 2.815736215518935569e+04
3.383997688294916315e+03 1.000251760824766079e+00 1.842164614611339554e-03 2.814817773463737831e+04
3.384006305618512215e+03 1.000075727950816562e+00 1.841631926615088953e-03 2.814200093260322319e+04
