9.999993325870749628e-01
9.999993113989362747e-01
9.999992827825978647e-01
9.999992479542259005e-01
9.999992081874461425e-01
9.999991641684475852e-01
9.999991159541177232e-01
9.999990632011457325e-01
9.999990053512111121e-01
9.999989417016837967e-01
9.999988714062306716e-01
9.999987934438543391e-01
9.999987065642266248e-01
9.999986091863946047e-01
9.999984991606925000e-01
9.999983730908582613e-01
9.999982242550841116e-01
9.999980362842496584e-01
9.999977648502489380e-01
9.999972880467392633e-01
9.999962817913603530e-01
9.999939318193183935e-01
9.999883249500327587e-01
9.999752825109551324e-01
9.999463583731404981e-01
9.998858257201412858e-01
9.997668578742071599e-01
9.995478552067385003e-01
9.991708574308608704e-01
9.985647200955780622e-01
9.976554099849672674e-01
9.963836491027351361e-01
9.947262860719821020e-01
9.927136930236174495e-01
9.904338593958024184e-01
9.880170949041140460e-01
9.856034233553028212e-01
9.833044100077777960e-01
9.811766049072225826e-01
9.792204692534265398e-01
9.774067910882449084e-01
9.757180288683080516e-01
9.741831959146030062e-01
9.728875801359527786e-01
9.719518552389820876e-01
9.714915630484515230e-01
9.715780609495776599e-01
9.722200975736550177e-01
9.733726314496302656e-01
9.749639768925539851e-01
9.769230509751093416e-01
9.791906368435996377e-01
9.817102986965944300e-01
9.844081735651091236e-01
9.871777898635230031e-01
9.898824648816275662e-01
9.923767597520087858e-01
9.945373548336385872e-01
9.962891374581935855e-01
9.976159463194125276e-01
9.985538321339195722e-01
9.991724093458974609e-01
9.995531468723930502e-01
9.997719631531137852e-01
9.998894929514389185e-01
9.999485775934999765e-01
9.999764527567942540e-01
9.999888605708942002e-01
9.999941319872799328e-01
9.999963249465196879e-01
9.999972668115117980e-01
9.999977219048865607e-01
9.999979891286360223e-01
9.999981791314683788e-01
9.999983317442417974e-01
9.999984617450318192e-01
9.999985753820789247e-01
9.999986759613050946e-01
9.999987656556064142e-01
9.999988460941311441e-01
9.999989185749051934e-01
9.999989841604914886e-01
9.999990437331702786e-01
9.999990980318078648e-01
9.999991476741405538e-01
9.999991931518763533e-01
9.999992347602952858e-01
9.999992724193520477e-01
9.999993054532172465e-01
9.999993326284633000e-01
9.999993527679416072e-01
9.999988819301151022e-01
9.999988562261041825e-01
9.999988222361837487e-01
9.999987814134374542e-01
9.999987354071842027e-01
9.999986853509275075e-01
9.999986317183257034e-01
9.999985745234027945e-01
9.999985135480835563e-01
9.999984484698332121e-01
9.999983789069857298e-01
9.999983044265297050e-01
9.999982245395359071e-01
9.999981386926333204e-01
9.999980462572513051e-01
9.999979465165413917e-01
9.999978386494465799e-01
9.999977217111499783e-01
9.999975946088882628e-01
9.999974560717308503e-01
9.999973046123413756e-01
9.999971384776333849e-01
9.999969555825977130e-01
9.999967534139517777e-01
9.999965288659377061e-01
9.999962778925081119e-01
9.999959946183984982e-01
9.999956688454934017e-01
9.999952789659516394e-01
9.999947724330703336e-01
9.999940146573857991e-01
9.999926633335369797e-01
9.999898798523902954e-01
9.999837137423619460e-01
9.999698900415033842e-01
9.999396194430818507e-01
9.998760125146752831e-01
9.997488502554374712e-01
9.995080172110593075e-01
9.990769479697216848e-01
9.983488367632802341e-01
9.971895553596220596e-01
9.954512361563465639e-01
9.929982726009911609e-01
9.897427457692768993e-01
9.856802006407281436e-01
9.809121498836161912e-01
9.756421783953130866e-01
9.701400348521689310e-01
9.646810327526513795e-01
9.594809654364414575e-01
9.546524819039196030e-01
9.502027782175310744e-01
9.460756235489704569e-01
9.422204578661506069e-01
9.386577470295989212e-01
9.355105067491391591e-01
9.329873071605818691e-01
9.313247456746932551e-01
9.307159580158108625e-01
9.312569904867141757e-01
9.329325130270418320e-01
9.356420983384708956e-01
9.392486473464319863e-01
9.436214246791130300e-01
9.486518416962055333e-01
9.542370073489694349e-01
9.602446827807724627e-01
9.664835058003510282e-01
9.726990972641988975e-01
9.786025185697662110e-01
9.839208774876528896e-01
9.884496180557122980e-01
9.920866451166345801e-01
9.948380499421347611e-01
9.967976527633567452e-01
9.981115331129761792e-01
9.989410549341286583e-01
9.994344655360279939e-01
9.997111902185270571e-01
9.998577085553499444e-01
9.999311034790995256e-01
9.999660257251126172e-01
9.999819369080527043e-01
9.999889967879254105e-01
9.999921537488513090e-01
9.999936646898814896e-01
9.999944978975180421e-01
9.999950470380252199e-01
9.999954659709771043e-01
9.999958142765784652e-01
9.999961162070378773e-01
9.999963830891380745e-01
9.999966213961057893e-01
9.999968355644239804e-01
9.999970289894941633e-01
9.999972044126088644e-01
9.999973641030781568e-01
9.999975099650583177e-01
9.999976436109030420e-01
9.999977664158046231e-01
9.999978795600708015e-01
9.999979840624786398e-01
9.999980808069230953e-01
9.999981705639153784e-01
9.999982540080757376e-01
9.999983317324742105e-01
9.999984042604679324e-01
9.999984720555343820e-01
9.999985355294889189e-01
9.999985950493874842e-01
9.999986509433556048e-01
9.999987035055347695e-01
9.999987530002956149e-01
9.999987996658455947e-01
9.999988437173266131e-01
9.999988853494865548e-01
9.999989247389889924e-01
9.999989620463833884e-01
9.999989974175689245e-01
9.999990309835411484e-01
9.999990628532301473e-01
9.999990930841449188e-01
9.999991216036723252e-01
9.999991480700198831e-01
9.999991717487237697e-01
9.999991915952608501e-01
9.999992066799308077e-01
9.999988316822205903e-01
9.999987881296075187e-01
9.999987283746454292e-01
9.999986551141160085e-01
9.999985708835559262e-01
9.999984766486146315e-01
9.999983719186058551e-01
9.999982553242204864e-01
9.999981249458627097e-01
9.999979783309769221e-01
9.999978122611979936e-01
9.999976220365581758e-01
9.999973991793216221e-01
9.999971238487807002e-01
9.999967406890681865e-01
9.999960870135353730e-01
9.999946962786782079e-01
9.999913074908229893e-01
9.999827568727599481e-01
9.999617338064035188e-01
9.999127670646158483e-01
9.998060374199507772e-01
9.995895633599656271e-01
9.991821978462808174e-01
9.984722747342580362e-01
9.973281378925311635e-01
9.956248575906673226e-01
9.932846181327317225e-01
9.903180632781577453e-01
9.868460540548631421e-01
9.830834230066325397e-01
9.792819831587400436e-01
9.756534893786286133e-01
9.723101451784286198e-01
9.692566139254088498e-01
9.664411180235020771e-01
9.638382141249293156e-01
9.615148670724551483e-01
9.596398767686393771e-01
9.584306183350428388e-01
9.580688696800474524e-01
9.586346634352453933e-01
9.600929414523784455e-01
9.623325458010290046e-01
9.652246269908657528e-01
9.686591806778099834e-01
9.725384994791639315e-01
9.767395268582181878e-01
9.810796008720313877e-01
9.853168774822094189e-01
9.891920283927837509e-01
9.924905086429367529e-01
9.950932499476832227e-01
9.969930637963648756e-01
9.982746972954479325e-01
9.990736925456324968e-01
9.995342009737140376e-01
9.997797984042419150e-01
9.999011760409178828e-01
9.999569093051410285e-01
9.999808111423758028e-01
9.999904978153939528e-01
9.999943100417957309e-01
9.999958566683719852e-01
9.999965726713528902e-01
9.999969865603487440e-01
9.999972814021531597e-01
9.999975189509142659e-01
9.999977211287377488e-01
9.999978972284260248e-01
9.999980523801696997e-01
9.999981900906755872e-01
9.999983130347480653e-01
9.999984233489127572e-01
9.999985227754805139e-01
9.999986127482662912e-01
9.999986944276285650e-01
9.999987686259553810e-01
9.999988355068767376e-01
9.999988940898066891e-01
9.999989421385182542e-01
9.999989773013475691e-01
9.999904569543810462e-01
9.999898214635947191e-01
9.999887738849566610e-01
9.999869376083962980e-01
9.999833192350020550e-01
9.999754498684551018e-01
9.999576149359218347e-01
9.999174642891560660e-01
9.998300854866495335e-01
9.996487037261734265e-01
9.992919106954123443e-01
9.986290970421498603e-01
9.974686090798898785e-01
9.955562980648053895e-01
9.925937113459565309e-01
9.882826467633486489e-01
9.823944150101642236e-01
9.748490931010999061e-01
9.657776230907352266e-01
9.555358844619415981e-01
9.446511847613715540e-01
9.337072250833542419e-01
9.232034682103060774e-01
9.134433701449032883e-01
9.045004723218538212e-01
8.962805471079505759e-01
8.886545756998698309e-01
8.816027569298068300e-01
8.753028309228838566e-01
8.701218783228380493e-01
8.665169393797841346e-01
8.648926198921829123e-01
8.654816065432496819e-01
8.682986593231827310e-01
8.731793575938018304e-01
8.798724508352785412e-01
8.881306850968870847e-01
8.977510720119024068e-01
9.085475477397910726e-01
9.202788786944023913e-01
9.325804814601353909e-01
9.449468434069172584e-01
9.567837828283685120e-01
9.675132560800231429e-01
9.766879938340559120e-01
9.840710947145744347e-01
9.896549577474835768e-01
9.936216834535231968e-01
9.962684079231899359e-01
9.979276227586142411e-01
9.989054927147498208e-01
9.994478063819993707e-01
9.997312260300237341e-01
9.998711316512025604e-01
9.999366311612701841e-01
9.999659183583249344e-01
9.999785564773986390e-01
9.999838772967372114e-01
9.999904573814967224e-01
9.999899794929043573e-01
9.999893062026167234e-01
9.999883988841149485e-01
9.999871290910180566e-01
9.999851078542126848e-01
9.999812879887557404e-01
9.999730528412568153e-01
9.999542567152218675e-01
9.999113369086662928e-01
9.998162550555227401e-01
9.996148967254065987e-01
9.992101308747357580e-01
9.984405986914730580e-01
9.970598318330099463e-01
9.947250004438907833e-01
9.910084761899073946e-01
9.854450144701178971e-01
9.776192237510343830e-01
9.672814143747469062e-01
9.544597982741900299e-01
9.395238165139656594e-01
9.231584910663030996e-01
9.062376110217134073e-01
8.896260297756888313e-01
8.739789161030633302e-01
8.596173310957039293e-01
8.465344786403934396e-01
8.345330884229986701e-01
8.234356023519938672e-01
8.132742310573545241e-01
8.043763980835858529e-01
7.973099253992879110e-01
7.927174915507416708e-01
7.911188210664619191e-01
7.927684367132534771e-01
7.976242502287107516e-01
8.054257970170031200e-01
8.158286957841671683e-01
8.285188113788272135e-01
8.432460715539589202e-01
8.597649075403065444e-01
8.777211681794960807e-01
8.965561512005888467e-01
9.154910523238788400e-01
9.336144661455301197e-01
9.500442426138613339e-01
9.641002408764720588e-01
9.754227173292437936e-01
9.839995475082137233e-01
9.901060346592626127e-01
9.941923356185700111e-01
9.967632885460969705e-01
9.982850689669020561e-01
9.991332492794757769e-01
9.995789567282546972e-01
9.998002122634269684e-01
9.999043357073444938e-01
9.999511148142402606e-01
9.999714772449925793e-01
9.999803358697749722e-01
9.999844173757523880e-01
9.999865711845350447e-01
9.999879354846072932e-01
9.999889383240659901e-01
9.999897259121482973e-01
9.999903373477633250e-01
9.999907799419280874e-01
