9.999998954171116505e-01
9.999998943319663436e-01
9.999998929057901664e-01
9.999998912316278021e-01
9.999998894043995445e-01
9.999998874854659769e-01
9.999998855021468014e-01
9.999998834624274080e-01
9.999998813668518061e-01
9.999998792138637960e-01
9.999998770014087990e-01
9.999998747272720312e-01
9.999998723891256880e-01
9.999998699845307204e-01
9.999998675109295077e-01
9.999998649656389738e-01
9.999998623458441482e-01
9.999998596485895064e-01
9.999998568707697544e-01
9.999998540091223909e-01
9.999998510602157165e-01
9.999998480204400630e-01
9.999998448859954703e-01
9.999998416528794731e-01
9.999998383168744454e-01
9.999998348735326115e-01
9.999998313181616139e-01
9.999998276458075264e-01
9.999998238512366466e-01
9.999998199289170664e-01
9.999998158729966891e-01
9.999998116772819134e-01
9.999998073352118766e-01
9.999998028398320304e-01
9.999997981837661643e-01
9.999997933591833199e-01
9.999997883577644853e-01
9.999997831706650686e-01
9.999997777884737094e-01
9.999997722011675361e-01
9.999997663980637608e-01
9.999997603677653890e-01
9.999997540981027111e-01
9.999997475760686871e-01
9.999997407877478928e-01
9.999997337182372492e-01
9.999997263515607582e-01
9.999997186705721353e-01
9.999997106568503380e-01
9.999997022905807720e-01
9.999996935504247286e-01
9.999996844133739460e-01
9.999996748545876279e-01
9.999996648472115890e-01
9.999996543621734180e-01
9.999996433679549934e-01
9.999996318303343568e-01
9.999996197120959440e-01
9.999996069727021819e-01
9.999995935679205639e-01
9.999995794494005441e-01
9.999995645641902575e-01
9.999995488541835176e-01
9.999995322554847688e-01
9.999995146976776716e-01
9.999994961029787799e-01
9.999994763852553259e-01
9.999994554488778054e-01
9.999994331873789388e-01
9.999994094818696055e-01
9.999993841991672294e-01
9.999993571895622324e-01
9.999993282841368458e-01
9.999992972915121570e-01
9.999992639938353189e-01
9.999992281416759665e-01
9.999991894471428333e-01
9.999991475735712232e-01
9.999991021175537176e-01
9.999990525723143620e-01
9.999989982442176739e-01
9.999989380524098026e-01
9.999988700447971501e-01
9.999987902509279714e-01
9.999986900506301346e-01
9.999985503738079151e-01
9.999983294676810797e-01
9.999979382890837876e-01
9.999971934210243329e-01
9.999957316436294263e-01
9.999928634860146826e-01
9.999873371908996056e-01
9.999769835306286936e-01
9.999582221234446511e-01
9.999254390499672240e-01
9.998703000653137440e-01
9.997811436442044508e-01
9.996426910143472178e-01
9.994363862842088331e-01
9.991416920759123022e-01
9.987385619942822368e-01
9.982110540252007169e-01
9.975516464616791534e-01
9.967653463022496663e-01
9.958722859745210432e-01
9.949073743390477453e-01
9.939158660920985877e-01
9.929445053886578609e-01
9.920290946860951253e-01
9.911806831760301417e-01
9.903736887287830637e-01
9.895397677893793542e-01
9.885708209076926600e-01
9.873330463465945783e-01
9.856915690397776153e-01
9.835423070746160956e-01
9.808450815998517314e-01
9.776503479102843785e-01
9.741120419499575966e-01
9.704812235009185883e-01
9.670791676428103223e-01
9.642533886589612635e-01
9.623244632058228776e-01
9.615341781336189664e-01
9.620056581802725049e-01
9.637236458981824905e-01
9.665386444178076797e-01
9.701933378029909960e-01
9.743649217806462648e-01
9.787139281659923418e-01
9.829295803420754485e-01
9.867637432253260066e-01
9.900493983248151997e-01
9.927039205754976114e-01
9.947207346258974958e-01
9.961541511171339014e-01
9.971013265159158756e-01
9.976834381991864786e-01
9.980268627857165065e-01
9.982453387493090968e-01
9.984253851019133652e-01
9.986181337069692798e-01
9.988398215275129388e-01
9.990804497978746923e-01
9.993170545304649321e-01
9.995265626457596753e-01
9.996941849032310312e-01
9.998159473048230383e-01
9.998966074505530877e-01
9.999455180062308823e-01
9.999727594049199197e-01
9.999867476105893660e-01
9.999934056286683415e-01
9.999963730762403413e-01
9.999976391704181733e-01
9.999981819751162515e-01
9.999984376658690444e-01
9.999985839867191473e-01
9.999986877774752481e-01
9.999987726751560224e-01
9.999988468934504215e-01
9.999989135189779610e-01
9.999989739933874411e-01
9.999990292045222162e-01
9.999990798140521164e-01
9.999991263595695568e-01
9.999991692928691389e-01
9.999992089994262923e-01
9.999992458111395255e-01
9.999992800157674333e-01
9.999993118642711565e-01
9.999993415766603722e-01
9.999993693467121858e-01
9.999993953458226059e-01
9.999994197261778961e-01
9.999994426233906886e-01
9.999994641587017785e-01
9.999994844408355288e-01
9.999995035675703914e-01
9.999995216270767262e-01
9.999995386990594426e-01
9.999995548557431002e-01
9.999995701627190092e-01
9.999995846796813082e-01
9.999995984610634547e-01
9.999996115565650268e-01
9.999996240113702139e-01
9.999996358648559625e-01
9.999996471429304368e-01
9.999996578316756590e-01
9.999996678184799315e-01
9.999996768200185571e-01
9.999996843877227981e-01
9.999996900886822804e-01
9.999975653739132664e-01
9.999974843817884818e-01
9.999973749289533531e-01
9.999972388314559701e-01
9.999970764302221760e-01
9.999968818750211152e-01
9.999966370607563659e-01
9.999963005771415059e-01
9.999957852383737356e-01
9.999949142638372424e-01
9.999933405725327518e-01
9.999904055818583659e-01
9.999849042681463462e-01
9.999747144367007179e-01
9.999562447179000113e-01
9.999236649655474096e-01
9.998679138032496860e-01
9.997755401333797698e-01
9.996275327608299399e-01
9.993984178449801803e-01
9.990560326983184414e-01
9.985624703028523896e-01
9.978766689364979570e-01
9.969589318661261634e-01
9.957772659733077347e-01
9.943148465392979141e-01
9.925772510645149982e-01
9.905975415597783051e-01
9.884370405442337582e-01
9.861799457145969949e-01
9.839208624555411120e-01
9.817458365468428871e-01
9.797092937113498490e-01
9.778110452710033762e-01
9.759787399723560686e-01
9.740613968253126753e-01
9.718386277852287813e-01
9.690477507097864374e-01
9.654274101015059006e-01
9.607721571514354908e-01
9.549886534609332012e-01
9.481419102167232271e-01
9.404802479021190376e-01
9.324308525713016493e-01
9.245634065924399625e-01
9.175259265891342331e-01
9.119628814614568757e-01
9.084293603674973294e-01
9.073157492247747591e-01
9.087951912453388070e-01
9.128018312845083138e-01
9.190424729842248119e-01
9.270387306962672991e-01
9.361918319562158031e-01
9.458586928423723394e-01
9.554264965857293124e-01
9.643742475901722067e-01
9.723135119465224907e-01
9.790057979933253218e-01
9.843591152727279026e-01
9.884094995835470687e-01
9.912938467662357755e-01
9.932187431034784630e-01
9.944277312868842200e-01
9.951683794737851141e-01
9.956613533967346719e-01
9.960755253146960086e-01
9.965140376724554994e-01
9.970146271375199820e-01
9.975635423579092276e-01
9.981179535988122797e-01
9.986292676629694443e-01
9.990605223839692517e-01
9.993944254226496682e-01
9.996326552657643916e-01
9.997897991105055837e-01
9.998859114024418737e-01
9.999405687319304903e-01
9.999695632188477790e-01
9.999839808258215168e-01
9.999907618828933753e-01
9.999938355425321834e-01
9.999952314896047856e-01
9.999959127776409940e-01
9.999963016625661449e-01
9.999965705109500336e-01
9.999967856905890295e-01
9.999969719908267107e-01
9.999971389573502067e-01
9.999972907945834377e-01
9.999974298010642082e-01
9.999975574087104357e-01
9.999976742759334458e-01
9.999977799289044844e-01
9.999978723940461389e-01
9.999979485485429587e-01
9.999980056714307119e-01
9.999979861967305261e-01
9.999978309626795792e-01
9.999975432246008822e-01
9.999969964810380141e-01
9.999959073435186196e-01
9.999936748322492130e-01
9.999890982035960496e-01
9.999799065306953505e-01
9.999620305684637778e-01
9.999285742624957063e-01
9.998685192452296810e-01
9.997653380497389941e-01
9.995958972307765755e-01
9.993302560984229643e-01
9.989331133205894275e-01
9.983675824513997821e-01
9.976015522353225418e-01
9.966160564360906360e-01
9.954139610744596744e-01
9.940262090376432713e-01
9.925123370370283471e-01
9.909524822990474213e-01
9.894298684836793090e-01
9.880056105157064561e-01
9.866909346493997202e-01
9.854245612587386738e-01
9.840639704256093356e-01
9.823977570959492311e-01
9.801820440498951736e-01
9.771975210343757379e-01
9.733165844943045819e-01
9.685644589648860769e-01
9.631564159033905170e-01
9.574967745086351290e-01
9.521340386225409791e-01
9.476780328751247540e-01
9.446956559787820229e-01
9.436083677360496136e-01
9.446147411229153246e-01
9.476554019672782658e-01
9.524272979768358960e-01
9.584423533102941484e-01
9.651152951602867125e-01
9.718595266798566445e-01
9.781700498807401889e-01
9.836785029272878678e-01
9.881750927320677169e-01
9.916017128211247478e-01
9.940260769669396756e-01
9.956067132932748809e-01
9.965549056333997680e-01
9.970961146849082191e-01
9.974332342245015859e-01
9.977168518444714529e-01
9.980297057658118476e-01
9.983900324079472144e-01
9.987715998516697447e-01
9.991312394261356866e-01
9.994325036293880693e-01
9.996579673661852850e-01
9.998095392173180773e-01
9.999014309537884726e-01
9.999517237155115534e-01
9.999764689731629463e-01
9.999924201320111727e-01
9.999916714273486829e-01
9.999902681474660548e-01
9.999876356478339945e-01
9.999826490804537560e-01
9.999731862383267611e-01
9.999554179474856586e-01
9.999227323700878856e-01
9.998641994635126817e-01
9.997625396862377389e-01
9.995916849367164625e-01
9.993142228702370788e-01
9.988792900033356403e-01
9.982217760236091753e-01
9.972639219716512571e-01
9.959203948099744075e-01
9.941075471761399163e-01
9.917567253432704177e-01
9.888302059794377152e-01
9.853368531126462937e-01
9.813433144896639426e-01
9.769760479869509240e-01
9.724101434555832979e-01
9.678429853976224795e-01
9.634541049389122591e-01
9.593565251008526751e-01
9.555486640952777222e-01
9.518784642157513964e-01
9.480319263235499339e-01
9.435558902319921559e-01
9.379193372614701429e-01
9.306090742103925173e-01
9.212458757383786834e-01
9.096986777037031624e-01
8.961704486339472364e-01
8.812323787861122693e-01
8.657932431215922264e-01
8.510055460861926102e-01
8.381246081219375643e-01
8.283464153569399802e-01
8.226523793846518551e-01
8.216848650885304473e-01
8.256694205562973288e-01
8.343912844620825497e-01
8.472266378786115215e-01
8.632230506222319244e-01
8.812177547695090318e-01
8.999766904764319175e-01
9.183331963871241843e-01
9.353050597094827445e-01
9.501737655332116450e-01
9.625191420718990365e-01
9.722127474246591294e-01
9.793802324527329795e-01
9.843443724404619122e-01
9.875576502247825905e-01
9.895298772583003277e-01
9.907558139831458277e-01
9.916505789294608464e-01
9.925037703625669838e-01
9.934624131411893266e-01
9.945461786268728899e-01
9.956881814147472420e-01
9.967863399023260129e-01
9.977483770702532118e-01
9.985187722717591141e-01
9.990850079939614936e-01
9.994683922658522679e-01
9.997082740592522221e-01
9.998473796820618320e-01
9.999223743613375737e-01
9.999601233276521617e-01
9.999779935875032777e-01
9.999860609901096709e-01
9.999896229920366419e-01
9.999912180328078826e-01
9.999919628567018881e-01
9.999941351582926075e-01
9.999939419667762674e-01
9.999936810001821552e-01
9.999933569216659102e-01
9.999929708936995398e-01
9.999925091363226493e-01
9.999919279208565603e-01
9.999911255455038450e-01
9.999898842862500192e-01
9.999877552351004173e-01
9.999838423502358520e-01
9.999764174563875452e-01
9.999622669807998188e-01
9.999356396915062284e-01
9.998866451025869573e-01
9.997989659530496231e-01
9.996468252207418859e-01
9.993913213079971269e-01
9.989765366615306341e-01
9.983262258338425621e-01
9.973423331248136847e-01
9.959069378226385050e-01
9.938892693725405181e-01
9.911589469528938601e-01
9.876054198324517586e-01
9.831617467357707252e-01
9.778286674617848728e-01
9.716929900775967965e-01
9.649334027808729175e-01
9.578075899990950992e-01
9.506172877792367082e-01
9.436524152315471925e-01
9.371209125152391017e-01
9.310763174042783197e-01
9.253592163141356464e-01
9.195702927257419779e-01
9.130905788023350178e-01
9.051577483144674918e-01
8.949957616623529510e-01
8.819804874288286189e-01
8.658099161015686551e-01
8.466396504420032887e-01
8.251472561706222342e-01
8.025039924275709780e-01
7.802553622550943979e-01
7.601346435427951409e-01
7.438476259802198065e-01
7.328678826241389332e-01
7.282719864005451349e-01
7.306297248844171310e-01
7.399526266014928577e-01
7.556985465570444926e-01
7.768293432898840667e-01
8.019183670167144840e-01
8.293005432966328305e-01
8.572497226748270194e-01
8.841592281643524398e-01
9.086976085512890045e-01
9.299160838419844310e-01
9.472960404608639085e-01
9.607388911204516324e-01
9.705104184310829885e-01
9.771543492768642869e-01
9.813874028463162036e-01
9.839855542165312219e-01
9.856725800427235118e-01
9.870262400782361389e-01
9.884196477950775162e-01
9.900104290904658821e-01
9.917776484716389618e-01
9.935914568747061804e-01
9.952907578652060439e-01
9.967449253801077269e-01
9.978857569348640322e-01
9.987094447926767593e-01
9.992586001495452619e-01
9.995976505218595598e-01
9.997920097078700774e-01
9.998957459868054176e-01
9.999474938503778443e-01
9.999717805372163593e-01
9.999826513654557214e-01
9.999874305165848964e-01
9.999896195518354070e-01
9.999907618050511982e-01
9.999914878083793202e-01
9.999920371244273021e-01
9.999924925755261373e-01
9.999928757578482319e-01
9.999931849816563467e-01
9.999934140541500982e-01
