9.999990930806135214e-01
9.999990729213462659e-01
9.999990458199474741e-01
9.999990129716778142e-01
9.999989754650837614e-01
9.999989334303109878e-01
9.999988854731740595e-01
9.999988277027443973e-01
9.999987513227468483e-01
9.999986373644881299e-01
9.999984462184141609e-01
9.999980980843621303e-01
9.999974384307913633e-01
9.999961803840330399e-01
9.999938144846790555e-01
9.999894769608054235e-01
9.999817727582539506e-01
9.999685614319808735e-01
9.999467341611791849e-01
9.999120375491918900e-01
9.998590289964298661e-01
9.997812682521287631e-01
9.996718447641814720e-01
9.995242950146030481e-01
9.993338698455768165e-01
9.990989764994039346e-01
9.988224730913524141e-01
9.985123838655527440e-01
9.981815891266232477e-01
9.978461685832230588e-01
9.975223498049636817e-01
9.972223933371213711e-01
9.969501437208152517e-01
9.966972757158876206e-01
9.964413593953431736e-01
9.961466904034023129e-01
9.957683811321922374e-01
9.952595525286943579e-01
9.945807285185794822e-01
9.937098710454472794e-01
9.926510596028265132e-01
9.914397374577532673e-01
9.901427726202375323e-01
9.888522801723981237e-01
9.876731090145776104e-01
9.867049761652542106e-01
9.860213776201938174e-01
9.856486844555567561e-01
9.855503102967784201e-01
9.856221972608003590e-01
9.857060071883334551e-01
9.856235342442363212e-01
9.852286809920155486e-01
9.844630710439711274e-01
9.833929459269141748e-01
9.822054213290666302e-01
9.811556434553990735e-01
9.804792090845965147e-01
9.803045749486939409e-01
9.806047613406654317e-01
9.812112622873849777e-01
9.818836459952695606e-01
9.824024883690879451e-01
9.826452855120575425e-01
9.826174714113420361e-01
9.824340751350699730e-01
9.822679297233367635e-01
9.822886674885671354e-01
9.826129481589600534e-01
9.832766297834305558e-01
9.842305667752937470e-01
9.853565859609005884e-01
9.864982996660502934e-01
9.875003960592385610e-01
9.882482684809250628e-01
9.886977475071931920e-01
9.888845104009110765e-01
9.889067953566252900e-01
9.888836257743116587e-01
9.889009404979440809e-01
9.889647672958160607e-01
9.889796358836577816e-01
9.887613883270697235e-01
9.880805182238450168e-01
9.867214580192056328e-01
9.845395147709048445e-01
9.815008921007797316e-01
9.776990290126357230e-01
9.733477939369645782e-01
9.687560955240384075e-01
9.642892290892612905e-01
9.603216069944648936e-01
9.571852611721480830e-01
9.551193178038099862e-01
9.542270106605366120e-01
9.544477347277968704e-01
9.555513453573875049e-01
9.571599747082414344e-01
9.587989507595345851e-01
9.599730843926619350e-01
9.602581986825250437e-01
9.593916389303469572e-01
9.573417438363346355e-01
9.543371731466585572e-01
9.508438545315196500e-01
9.474892725496970591e-01
9.449476598798938198e-01
9.438108666422051485e-01
9.444743722564297173e-01
9.470643833510749010e-01
9.514213259958096414e-01
9.571405897520235406e-01
9.636574333783927138e-01
9.703535518158836748e-01
9.766604481211519362e-01
9.821394920038856169e-01
9.865277758510828665e-01
9.897484930474365061e-01
9.918911224453077491e-01
9.931693192363838518e-01
9.938648479154245097e-01
9.942666027808463314e-01
9.946154178924093703e-01
9.950660708276357624e-01
9.956749234338320154e-01
9.964143574502491996e-01
9.972062785724080669e-01
9.979610360460737795e-01
9.986082810094253359e-01
9.991120656243694942e-01
9.994702529002410518e-01
9.997039802759981608e-01
9.998444613872956577e-01
9.999224744883772331e-01
9.999626265249266233e-01
9.999818588605882130e-01
9.999904944619957270e-01
9.999941852809040022e-01
9.999957386207847243e-01
9.999964282386382131e-01
9.999967853240591120e-01
9.999970150037150729e-01
9.999971915959552371e-01
9.999973411038094451e-01
9.999974729052789613e-01
9.999975909151114228e-01
9.999976972302991873e-01
9.999977932588725027e-01
9.999978800684028446e-01
9.999979585047790165e-01
9.999980292425739714e-01
9.999980928113771927e-01
9.999981496089819233e-01
9.999981999005849165e-01
9.999982437921719480e-01
9.999982811426941787e-01
9.999983113218822162e-01
9.999983325832819681e-01
9.999983405132495395e-01
9.999983243633676633e-01
9.999982587825755331e-01
9.999980860989107212e-01
9.999976803247615509e-01
9.999967780505176762e-01
9.999948535192426657e-01
9.999909070227572805e-01
9.999831313608414929e-01
9.999684277088114470e-01
9.999417698462461646e-01
9.998954741409005198e-01
9.998185253962176278e-01
9.996962239447325649e-01
9.995105225123575021e-01
9.992414541199075018e-01
9.988699462618561009e-01
9.983820235866611714e-01
9.977739332106185799e-01
9.970571866188311372e-01
9.962620909067638753e-01
9.954382652043612945e-01
9.946510678708151421e-01
9.939737936773875848e-01
9.934767187847064474e-01
9.932151835923996863e-01
9.932194844033713776e-01
9.934891153384681761e-01
9.939928662334966969e-01
9.946747500337409509e-01
9.954642072595520919e-01
9.962880069482016321e-01
9.970810084754414548e-01
9.977934546480092814e-01
9.983936231648670168e-01
9.988664708583103735e-01
9.992108378756394682e-01
9.994377901924661467e-01
9.999977533101677141e-01
9.999977085309295077e-01
9.999976491915937293e-01
9.999975776660260385e-01
9.999974965274655014e-01
9.999974071442567780e-01
9.999973090496694361e-01
9.999971994476146708e-01
9.999970718058699415e-01
9.999969123633116741e-01
9.999966928445052083e-01
9.999963564568128405e-01
9.999957923226190371e-01
9.999947909099509147e-01
9.999929699790225390e-01
9.999896577092973748e-01
9.999837183560114084e-01
9.999733081825676884e-01
9.999555583829256022e-01
9.999262001291561175e-01
9.998791763446129854e-01
9.998063237015474281e-01
9.996972498365599424e-01
9.995395616276218087e-01
9.993196018851218110e-01
9.990238039947298976e-01
9.986406632006514794e-01
9.981631513059912031e-01
9.975911941029764751e-01
9.969336386725193844e-01
9.962090290084182342e-01
9.954445504808117073e-01
9.946727383146440893e-01
9.939259667457054359e-01
9.932292799207599332e-01
9.925926784088336952e-01
9.920043963810681875e-01
9.914268639501494507e-01
9.907968610730734094e-01
9.900308164430178248e-01
9.890353467622723382e-01
9.877220997571580785e-01
9.860249422962774624e-01
9.839167308648948396e-01
9.814225071582186599e-01
9.786261042854680348e-01
9.756678479752968203e-01
9.727321842407103958e-01
9.700254601695703638e-01
9.677455351318726695e-01
9.660463500552503024e-01
9.650021741389397389e-01
9.645781702788929213e-01
9.646159762673712779e-01
9.648440698209801436e-01
9.649206177295698295e-01
9.645090738683186338e-01
9.633738041223344206e-01
9.614684483028329565e-01
9.589815971891122448e-01
9.563109146808492778e-01
9.539603769496531882e-01
9.523880323674219772e-01
9.518578278050140451e-01
9.523533504990702170e-01
9.535888422464890990e-01
9.551130718989879753e-01
9.564638977707993206e-01
9.573138029992533937e-01
9.575562270151731781e-01
9.573116264046197532e-01
9.568646154954429939e-01
9.565643959671008556e-01
9.567241801613100005e-01
9.575454838543080438e-01
9.590788446776601361e-01
9.612211146088855962e-01
9.637436216000865308e-01
9.663435706566373407e-01
9.687098450374898029e-01
9.705918019224852866e-01
9.718562407105795220e-01
9.725162481681854931e-01
9.727193619794095580e-01
9.726927286729791788e-01
9.726572814934159039e-01
9.727357832269062365e-01
9.728846231040098047e-01
9.728732025832944608e-01
9.723193806730491273e-01
9.707710484607379176e-01
9.678100477321380790e-01
9.631503766108282516e-01
9.567081484734347718e-01
9.486320040485183291e-01
9.392940055462148941e-01
9.292484189059340149e-01
9.191682864528766261e-01
9.097689242118566222e-01
9.017258298324710708e-01
8.955935704415916021e-01
8.917324066656524550e-01
8.902502546040236275e-01
8.909684235174820666e-01
8.934197330952408089e-01
8.968863401373570188e-01
9.004809491042458092e-01
9.032683076386043286e-01
9.044142720729788643e-01
9.033393030810227264e-01
8.998457584166408285e-01
8.941879274719021220e-01
8.870627411525264794e-01
8.795161851395750796e-01
8.727806051242447127e-01
8.680746421163980653e-01
8.664053183407567360e-01
8.684093886585938504e-01
8.742607254054810539e-01
8.836561741893868005e-01
8.958775393176976465e-01
9.099144162179561013e-01
9.246230511175312916e-01
9.388917933998166543e-01
9.517851759470521422e-01
9.626458947836673552e-01
9.711445179601394528e-01
9.772769902771150097e-01
9.813171754140681546e-01
9.837355386493626952e-01
9.850974357796009606e-01
9.859570270795481317e-01
9.867650986535247970e-01
9.878084192698527444e-01
9.891921762344014768e-01
9.908657986457405364e-01
9.926799485035900927e-01
9.944541290039743409e-01
9.960339897427951117e-01
9.973247045264701516e-01
9.982977126354466435e-01
9.989774403750559806e-01
9.994189215245568025e-01
9.996862282402034783e-01
9.998374751434349061e-01
9.999176625733364743e-01
9.999576487527719326e-01
9.999765283989974218e-01
9.999850835261000492e-01
9.999889112517463818e-01
9.999906977241641570e-01
9.999916406851727668e-01
9.999922392730455911e-01
9.999926897597581910e-01
9.999930664010150405e-01
9.999933973914921781e-01
9.999936943781595478e-01
9.999939631540885054e-01
9.999942073197962689e-01
9.999944295008389439e-01
9.999946317647948613e-01
9.999948157835075735e-01
9.999949829108473187e-01
9.999951342265126497e-01
9.999952705591272917e-01
9.999953924871105571e-01
9.999955003012461763e-01
9.999955938833664515e-01
9.999956723873328901e-01
9.999957334539384401e-01
9.999957713566858253e-01
9.999957727874455582e-01
9.999957076548180446e-01
9.999955098291757327e-01
9.999950386160570970e-01
9.999940052189053574e-01
9.999918391852447019e-01
9.999874583482859514e-01
9.999788944879062225e-01
9.999627212569559553e-01
9.999332400295781742e-01
9.998814156026114564e-01
9.997936296132330369e-01
9.996504413050638638e-01
9.994257034281763818e-01
9.990865411455032152e-01
9.985948005248627135e-01
9.979105269296643099e-01
9.969977643964393899e-01
9.958324434775733813e-01
9.944114050759242929e-01
9.927608610981523141e-01
9.909420781566413705e-01
9.890520599785206368e-01
9.872176699690420332e-01
9.855829459359732869e-01
9.842910373529423218e-01
9.834637758925705020e-01
9.831828637896449230e-01
9.834766635009909441e-01
9.843155126443368097e-01
9.856166165783457611e-01
9.872573822666712573e-01
9.890941111218043424e-01
9.909817108111154127e-01
9.927899061754342780e-01
9.944129927461591301e-01
9.957739825236344711e-01
9.968279510400459564e-01
9.975679744922980596e-01
9.999985788121317221e-01
9.999985437147698164e-01
9.999984958310986771e-01
9.999984372744187278e-01
9.999983692830430870e-01
9.999982899348056620e-01
9.999981915872994120e-01
9.999980553473111211e-01
9.999978384853210889e-01
9.999974484802633956e-01
9.999966934194730594e-01
9.999951932562166634e-01
9.999922314879730045e-01
9.999865252641065849e-01
9.999758989091699357e-01
9.999568679477111033e-01
9.999241834774144078e-01
9.998704499667774304e-01
9.997860014060565570e-01
9.996592734527474100e-01
9.994779010293590726e-01
9.992306582979678664e-01
9.989101188764147876e-01
9.985155744491401864e-01
9.980553998358668855e-01
9.975478365817492810e-01
9.970192392792227576e-01
9.964992836953912025e-01
9.960134435275974640e-01
9.955740235956465067e-01
9.951718980320074515e-01
9.947715255856830474e-01
9.943115698687648996e-01
9.937124814428234254e-01
9.928908460164251881e-01
9.917784920042209684e-01
9.903427140789529126e-01
9.886029519783094965e-01
9.866392062158604315e-01
9.845884946097791524e-01
9.826275920689593324e-01
9.809427747743098003e-01
9.796899682194306624e-01
9.789515668416806093e-01
9.786995329644190278e-01
9.787779687912834259e-01
9.789200806230680119e-01
9.788098392680408821e-01
9.781833777753538017e-01
9.769409322527076167e-01
9.752191756410657497e-01
9.733749903106316825e-01
9.718660419016473817e-01
9.710691009022032194e-01
9.711203293872470166e-01
9.718597146160230515e-01
9.729095771337528120e-01
9.738455212962400243e-01
9.743726800468918148e-01
9.744268164584357628e-01
9.741682495266698050e-01
9.738914020792969195e-01
9.739025816948470027e-01
9.744156271810139325e-01
9.754929742899689504e-01
9.770372760862090500e-01
9.788258893741383915e-01
9.805759584444825316e-01
9.820250923109007379e-01
9.830078585188178897e-01
9.835038108820313152e-01
9.836352029150472465e-01
9.836069784540557581e-01
9.836054429505209917e-01
9.836938729953863536e-01
9.837495759978540644e-01
9.834715096821398106e-01
9.824575619860559383e-01
9.803221557671162323e-01
9.768124534700595163e-01
9.718886245342557295e-01
9.657523131928325011e-01
9.588253670211742685e-01
9.516904149003890812e-01
9.450062591988775962e-01
9.394092458640317389e-01
9.354112276994354103e-01
9.333065169495208258e-01
9.331027300151486514e-01
9.344914310027411242e-01
9.368723325136834035e-01
9.394384272590756702e-01
9.413181836575765793e-01
9.417555146377399877e-01
9.402919883984172111e-01
9.369051001938790701e-01
9.320585731570778520e-01
9.266391887772839064e-01
9.217857883496332061e-01
9.186490338017803126e-01
9.181425093769569612e-01
9.207485883795747394e-01
9.264260095379619475e-01
9.346369098698101840e-01
9.444787965725374157e-01
9.548811003519259710e-01
9.648137849662922205e-01
9.734598891970782653e-01
9.803214980906018727e-01
9.852506685099805539e-01
9.884138846219256980e-01
9.902068093058942200e-01
9.911387655001990815e-01
9.917091855665194355e-01
9.923021635436466426e-01
9.931247270301216679e-01
9.942034498497785977e-01
9.954337667150254809e-01
9.966567487807703740e-01
9.977306691819083362e-01
9.985733111430279418e-01
9.991690469736626001e-01
9.995508270045404542e-01
9.997736108571454450e-01
9.998924335170578104e-01
9.999505804795254527e-01
9.999768280319030200e-01
9.999878681142315706e-01
9.999922947879591462e-01
9.999940780063802936e-01
9.999948763333224022e-01
9.999953213005511321e-01
9.999956345458631546e-01
9.999958894585254665e-01
9.999961102912462430e-01
9.999963060436607432e-01
9.999964810395389758e-01
9.999966380061520166e-01
9.999967789527879347e-01
9.999969054446740113e-01
9.999970187109064046e-01
9.999971196982675448e-01
9.999972090958497706e-01
9.999972873259261874e-01
9.999973544653226742e-01
9.999974099877508849e-01
9.999974520272937317e-01
9.999974753950066075e-01
9.999974665013736663e-01
9.999973910252594189e-01
9.999971656029094103e-01
9.999965965876822516e-01
9.999952556892182098e-01
9.999922439052950640e-01
9.999857749871419177e-01
9.999724977742342480e-01
9.999464924117165143e-01
9.998979461993506845e-01
9.998116671377073050e-01
9.996658327154213097e-01
9.994316551173780816e-01
9.990748586284893262e-01
9.985598349659803308e-01
9.978568889000897224e-01
9.969520387409371853e-01
9.958575510825902199e-01
9.946202011955689315e-01
9.933237705567030673e-01
9.920830436109944195e-01
9.910286535169604560e-01
9.902850407673733368e-01
9.899464941999311929e-01
9.900575877842532346e-01
9.906035816180143172e-01
9.915136165139102342e-01
9.926757245121217155e-01
9.939591332238081334e-01
9.952371882138568715e-01
9.964042887623100198e-01
9.973837238465803612e-01
9.981301724564586308e-01
9.986339998738427148e-01
9.999225129275448598e-01
9.998792264942004682e-01
9.998045645333828446e-01
9.996837176360420241e-01
9.994974119649693289e-01
9.992217186085002867e-01
9.988290123688207123e-01
9.982903496250242759e-01
9.975792713412057200e-01
9.966767592801735187e-01
9.955766818663783768e-01
9.942906170228829055e-01
9.928506036238118337e-01
9.913083320744373594e-01
9.897296625186807750e-01
9.881841786857568088e-01
9.867306385305423255e-01
9.854004386836139329e-01
9.841822626702974031e-01
9.830116269363322612e-01
9.817688438285765429e-01
9.802878909474564972e-01
9.783768835697772559e-01
9.758485406108878824e-01
9.725566263804392708e-01
9.684323606158142805e-01
9.635137417148510464e-01
9.579609960854844619e-01
9.520530159097331246e-01
9.461623616115524271e-01
9.407095823206206298e-01
9.361006615087701377e-01
9.326541523126506972e-01
9.305274824425493474e-01
9.296557182818729892e-01
9.297206833830349293e-01
9.301713329710349365e-01
9.303125584193587816e-01
9.294635777931199438e-01
9.271581402651576376e-01
9.233264900114042106e-01
9.183824229031005704e-01
9.131562050954576959e-01
9.086684595447117596e-01
9.058107856396515611e-01
9.050499703996466305e-01
9.062738233086696793e-01
9.088425185548323348e-01
9.118241183483591916e-01
9.143178593927774322e-01
9.157395467311664206e-01
9.159709761311067844e-01
9.153408258764368366e-01
9.144719235967868620e-01
9.140683246315375321e-01
9.147158500199915609e-01
9.167438876167218753e-01
9.201651714189006404e-01
9.246888576169268736e-01
9.297934110067727076e-01
9.348435637977923207e-01
9.392322595536872765e-01
9.425209678601247365e-01
9.445437160553835643e-01
9.454396702118266216e-01
9.455928832163945641e-01
9.454856475233318625e-01
9.455044240357184382e-01
9.457600102314361878e-01
9.459844631751052058e-01
9.455438343479338759e-01
9.435668897967368629e-01
9.391516642968069650e-01
9.315891726560163733e-01
9.205441686327033857e-01
9.061530312501360207e-01
8.890273906733863196e-01
8.701766192393527444e-01
8.508755122853884911e-01
8.325051289806526533e-01
8.163893049845294403e-01
8.036420150247758354e-01
7.950350849128285935e-01
7.908933017798062126e-01
7.910250560272862330e-01
7.947004770609165103e-01
8.006931244397064162e-01
8.074012503693228648e-01
8.130554616959237979e-01
8.159989529947302422e-01
8.149982787687828356e-01
8.095179794073559254e-01
7.998854226086711261e-01
7.872918949072847949e-01
7.736186139470258016e-01
7.611254174479015200e-01
7.520747058599357437e-01
7.483710622881813990e-01
7.512799882857725819e-01
7.612609094872857529e-01
7.779244404208017771e-01
8.001080980354902117e-01
8.260550764259316781e-01
8.536709743350676671e-01
8.808213228882596502e-01
9.056227688171381018e-01
9.266796681899996946e-01
9.432286370902684958e-01
9.551727933167848406e-01
9.630080943348389155e-01
9.676613342171709320e-01
9.702721814639336806e-01
9.719609348389398606e-01
9.736280061439190892e-01
9.758262750070354485e-01
9.787302473203025599e-01
9.821990218779739212e-01
9.859027460014395672e-01
9.894660799668986151e-01
9.925841219747180144e-01
9.950842155021170088e-01
9.969313536085921967e-01
9.981941157101152928e-01
9.989954743910764989e-01
9.994688300028471417e-01
9.997297578530703888e-01
9.998643878882249592e-01
9.999297087833318720e-01
9.999597690908469394e-01
9.999731284512693996e-01
9.999790823825264185e-01
9.999819323506564661e-01
9.999835273247213996e-01
9.999846108475305417e-01
9.999854662764544599e-01
9.999861988101108601e-01
9.999868488067952255e-01
9.999874339413958868e-01
9.999879638704021190e-01
9.999884450920337731e-01
9.999888825443847828e-01
9.999892801709355794e-01
9.999896411602308133e-01
9.999899680712633909e-01
9.999902629042054514e-01
9.999905271266444906e-01
9.999907616361730645e-01
9.999909665929734848e-01
9.999911409480818358e-01
9.999912812421442032e-01
9.999913786894808476e-01
9.999914123745570205e-01
9.999913340072241752e-01
9.999910351964771404e-01
9.999902803072435731e-01
9.999885751216712748e-01
9.999849225306295386e-01
9.999773917140165613e-01
9.999624007862844000e-01
9.999335951026746550e-01
9.998802133794546521e-01
9.997848989030225786e-01
9.996210635729899652e-01
9.993501677052790688e-01
9.989196254946905995e-01
9.982624158510313706e-01
9.972997327012275148e-01
9.959479550917760271e-01
9.941306659677746627e-01
9.917953109166581793e-01
9.889324847368076155e-01
9.855941521028331875e-01
9.819059509404142183e-01
9.780687203776272653e-01
9.743459149089888083e-01
9.710364962199204975e-01
9.684365583573841807e-01
9.667962809235248756e-01
9.662807372014212692e-01
9.669429004479717094e-01
9.687148144051094256e-01
9.714189097855157051e-01
9.747969218794942936e-01
9.785500054943762072e-01
9.823814166752361521e-01
9.860329571040978847e-01
9.893082406459556832e-01
9.920799174948977672e-01
9.942844395487544507e-01
9.959138819046640112e-01
9.970122972704058562e-01
9.999927538356730983e-01
9.999924825260355643e-01
9.999920354799429756e-01
9.999912916505246940e-01
9.999900007658930612e-01
9.999876650759853547e-01
9.999833452652049370e-01
9.999753488017669723e-01
9.999607507304983933e-01
9.999346993191544630e-01
9.998894784483225440e-01
9.998133448357053865e-01
9.996892397742322967e-01
9.994935928396249114e-01
9.991955746460385868e-01
9.987572819588468320e-01
9.981353946257697229e-01
9.972847609759331045e-01
9.961640871097373617e-01
9.947434072684329109e-01
9.930123509405075488e-01
9.909875393421225809e-01
9.887169538457317719e-01
9.862790558503691241e-01
9.837749751942866938e-01
9.813132569464444455e-01
9.789883153883989220e-01
9.768555701989624085e-01
9.749078121293897059e-01
9.730582373690307429e-01
9.711354630323243420e-01
9.688945122531928966e-01
9.660452701152845156e-01
9.622965492535452414e-01
9.574102296668363099e-01
9.512567476554198986e-01
9.438613799867791032e-01
9.354309844159087728e-01
9.263532964422692695e-01
9.171650404103857124e-01
9.084899261605638987e-01
9.009519384647368678e-01
8.950726913548088248e-01
8.911646598228636362e-01
8.892363292134115582e-01
8.889316205744254296e-01
8.895323043315785938e-01
8.900519435701346183e-01
8.894340885393819951e-01
8.868312351336631316e-01
8.818929948452646217e-01
8.749564268756118146e-01
8.670378983311293197e-01
8.595871150325674614e-01
8.540608633346833400e-01
8.514606226347266604e-01
8.520079604756422009e-01
8.550851281801195025e-01
8.594642982000206821e-01
8.637341646801310890e-01
8.667589789009958468e-01
8.680045643110390063e-01
8.676343395883244769e-01
8.663776210559055446e-01
8.652526243955763752e-01
8.652556853497728184e-01
8.671075133322496686e-01
8.711027472128283211e-01
8.770693647726813813e-01
8.844236805315707217e-01
8.923014529405444151e-01
8.997439386508989667e-01
9.059099338413345581e-01
9.102707704087014129e-01
9.127344075499301823e-01
9.136501114803953216e-01
9.136736798428684025e-01
9.135188623344367986e-01
9.136657816046618308e-01
9.141209359071460483e-01
9.143130784241610964e-01
9.131670206440458681e-01
9.093390393486429080e-01
9.015454891365344281e-01
8.888898396058957374e-01
8.711008797214047084e-01
8.486300185895456760e-01
8.226015263658205123e-01
7.946476483069709884e-01
7.666794720383680595e-01
7.406434750369759179e-01
7.182996820348136469e-01
7.010393182877550089e-01
6.897450439132327693e-01
6.846898076431700009e-01
6.854729243489530166e-01
6.910029135373689790e-01
6.995505019243906109e-01
7.089023615305891646e-01
7.166359171097105296e-01
7.205027318604225739e-01
7.188599347258277650e-01
7.110472015804809587e-01
6.975972359087412311e-01
6.802049623405941325e-01
6.614540061982615571e-01
6.443750156858094602e-01
6.319524817560070451e-01
6.266887693237988000e-01
6.302894630665993869e-01
6.434841159617790129e-01
6.659678688301977623e-01
6.964484368712025031e-01
7.327954776461267361e-01
7.722943623048867945e-01
8.119920164934613105e-01
8.490937221855381356e-01
8.813435150482313851e-01
9.073134010597923016e-01
9.265431999343940461e-01
9.395062190913413547e-01
9.474138406716816618e-01
9.519047669209521612e-01
9.546870998391021601e-01
9.572104758050261619e-01
9.604377619183764869e-01
9.647598557945018527e-01
9.700574660040776065e-01
9.758723464249603463e-01
9.816225844219578223e-01
9.867930568275093961e-01
9.910531419098396189e-01
9.942880704051020313e-01
9.965618137124738762e-01
9.980459643835617456e-01
9.989480025086359127e-01
9.994596816022338626e-01
9.997312293759028634e-01
9.998664797337581955e-01
9.999300351826105882e-01
9.999585074077010916e-01
9.999709432977632595e-01
9.999764907645164458e-01
9.999792254043626816e-01
9.999808402918035632e-01
9.999819963419633861e-01
9.999829397358657168e-01
9.999837610058733839e-01
9.999844954454273349e-01
9.999851592982247350e-01
9.999857620189844809e-01
9.999863102650794477e-01
9.999868092077595083e-01
9.999872630087420777e-01
9.999876750318033025e-01
9.999880479550542489e-01
9.999883838254730595e-01
9.999886840490310735e-01
9.999889492621568676e-01
9.999891789323770430e-01
9.999893703077358253e-01
9.999895158152121155e-01
9.999895968802721136e-01
9.999895698156336943e-01
9.999893349063252446e-01
9.999886715587891217e-01
9.999871083177206410e-01
9.999836744887818929e-01
9.999764488295290743e-01
9.999617822573005910e-01
9.999330342798469218e-01
9.998786458085381357e-01
9.997794060356491874e-01
9.996049007573382106e-01
9.993093960728721692e-01
9.988278333225264483e-01
9.980731499322441636e-01
9.969366680374159850e-01
9.952935786412293595e-01
9.930152996058007053e-01
9.899894452866295769e-01
9.861462521914092783e-01
9.814878400868490838e-01
9.761143245016319359e-01
9.702394603584695298e-01
9.641890328674613819e-01
9.583779744470718454e-01
9.532667556383280782e-01
9.493028126956843948e-01
9.468571066333628661e-01
9.461680134758070349e-01
9.473039276131041131e-01
9.501523616323813703e-01
9.544378182360886420e-01
9.597645863434807190e-01
9.656751946556628718e-01
9.717116035849704403e-01
9.774654852269850647e-01
9.826084076212491247e-01
9.869043190783153285e-01
9.902191714930623778e-01
9.925383902982134465e-01
