9.999991001645056610e-01
9.999990637193321152e-01
9.999990138406227302e-01
9.999989520278709243e-01
9.999988797385862549e-01
9.999987971420649657e-01
9.999987025308809674e-01
9.999985912325783932e-01
9.999984518460809380e-01
9.999982555307891374e-01
9.999979287481315371e-01
9.999972887143603328e-01
9.999959005669445400e-01
9.999927830204967671e-01
9.999858465511329841e-01
9.999709076322587098e-01
9.999401167376948951e-01
9.998797230886178333e-01
9.997673443487269385e-01
9.995693573146120503e-01
9.992396250904977961e-01
9.987213123527365344e-01
9.979536208672923348e-01
9.968844482265064588e-01
9.954879870069786030e-01
9.937834328730581479e-01
9.918482713417751118e-01
9.898185801275182216e-01
9.878707649421005765e-01
9.861844568036146619e-01
9.848936729981208060e-01
9.840401308523161195e-01
9.835457261595680345e-01
9.832184432367822025e-01
9.827970885052106365e-01
9.820273485557275972e-01
9.807489154597186509e-01
9.789658268712737588e-01
9.768737897216590582e-01
9.748301126132130623e-01
9.732707189997215069e-01
9.725977035760781098e-01
9.730722932549789039e-01
9.747468447589675566e-01
9.774558452975881107e-01
9.808652709596353825e-01
9.845604387545785485e-01
9.881420929581972157e-01
9.913021367936972750e-01
9.938619931087073756e-01
9.957719453912330376e-01
9.970822429903375417e-01
9.979021497690224729e-01
9.983613698118931623e-01
9.985823231419488355e-01
9.986652780691651632e-01
9.986839284741584333e-01
9.986873392535364768e-01
9.987045796104443429e-01
9.987496290796875620e-01
9.988253232915985658e-01
9.989259355844337662e-01
9.990389215551918056e-01
9.991475745488298532e-01
9.992362375499211913e-01
9.999984795017917705e-01
9.999984355741757813e-01
9.999983770113463066e-01
9.999983059268616747e-01
9.999982247489398457e-01
9.999981350288307258e-01
9.999980371823208314e-01
9.999979307993868138e-01
9.999978149979611430e-01
9.999976886086991978e-01
9.999975502146964956e-01
9.999973981092394881e-01
9.999972301845950762e-01
9.999970436851854938e-01
9.999968346024853405e-01
9.999965961025241157e-01
9.999963144187331565e-01
9.999959583976165689e-01
9.999954539658906238e-01
9.999946247815368894e-01
9.999930615953562807e-01
9.999898509919852296e-01
9.999830461298101492e-01
9.999687008674776889e-01
9.999392312470914979e-01
9.998808549852922223e-01
9.997699587852154623e-01
9.995685410465741105e-01
9.992194400774020435e-01
9.986428621468664835e-01
9.977365745818456144e-01
9.963826134648395838e-01
9.944629062076857373e-01
9.918843334836890957e-01
9.886103950966247389e-01
9.846925086826456841e-01
9.802905783530031503e-01
9.756717210019054676e-01
9.711793607472865020e-01
9.671723770426963185e-01
9.639439485243159744e-01
9.616391187313235722e-01
9.601954688150728945e-01
9.593299071354641772e-01
9.585854269556676188e-01
9.574359433118670992e-01
9.554286974750328953e-01
9.523280128871411954e-01
9.482177784324258285e-01
9.435272258600455597e-01
9.389649070576150391e-01
9.353731904900525196e-01
9.335404552715542703e-01
9.340214629648708744e-01
9.370136531794617252e-01
9.423198649263814231e-01
9.494025064994722207e-01
9.575088181057556103e-01
9.658292838216273601e-01
9.736463408565172450e-01
9.804389146465168903e-01
9.859259955175827539e-01
9.900523696525935780e-01
9.929345494172618913e-01
9.947907604123452652e-01
9.958757656531721514e-01
9.964329521336693363e-01
9.966670300614300926e-01
9.967341875722606215e-01
9.967437075462214358e-01
9.967652121092934747e-01
9.968374146952918569e-01
9.969762212244055455e-01
9.971814815291060174e-01
9.974424561355748065e-01
9.977422792373629168e-01
9.980616236149679743e-01
9.983816262420114329e-01
9.986860388270473177e-01
9.989625615689722293e-01
9.992033806376965366e-01
9.994050178204738621e-01
9.995676745638134575e-01
9.996942881428372285e-01
9.997895093013062784e-01
9.998587674550860616e-01
9.999075280732396820e-01
9.999407843656025197e-01
9.999627747676422818e-01
9.999768852939400210e-01
9.999856819191982327e-01
9.999910188863772031e-01
9.999941786173047742e-01
9.999960123079776331e-01
9.999970633117432062e-01
9.999976657764755306e-01
9.999980179548326742e-01
9.999982334190961053e-01
9.999983748701501973e-01
9.999984752763797502e-01
9.999985505471138403e-01
9.999986072399940085e-01
9.999986477451061617e-01
9.999986130907654314e-01
9.999985519110087262e-01
9.999984670645778451e-01
9.999983614288749934e-01
9.999982373399971536e-01
9.999980941208868046e-01
9.999979265108837057e-01
9.999977202473959714e-01
9.999974374267293076e-01
9.999969753197017752e-01
9.999960610142950568e-01
9.999940020678835806e-01
9.999891416773227792e-01
9.999777663173330389e-01
9.999521137885165611e-01
9.998971144241494136e-01
9.997857209463869577e-01
9.995733298231637143e-01
9.991929635686116473e-01
9.985543571872789181e-01
9.975511563486434419e-01
9.960799135054613229e-01
9.940713411481602035e-01
9.915282468667634408e-01
9.885575459067034165e-01
9.853794195741401030e-01
9.822991048244122947e-01
9.796377801314557487e-01
9.776361125181805001e-01
9.763606579511661110e-01
9.756512864869940627e-01
9.751411140128147803e-01
9.743583328739278127e-01
9.728878014097919191e-01
9.705410320058432960e-01
9.674701467329003268e-01
9.641740128129852039e-01
9.613819358095421208e-01
9.598480300169409674e-01
9.601265408613863794e-01
9.624074112990115282e-01
9.664677528196710110e-01
9.717493847811704555e-01
9.775256562587567588e-01
9.830924458991330273e-01
9.879189380622367400e-01
9.917196983935534504e-01
9.944455689866413817e-01
9.962193991512829916e-01
9.972531767243681955e-01
9.977764422255573917e-01
9.979905557083010859e-01
9.980490370661323496e-01
9.980562063722246968e-01
9.980749565763520348e-01
9.981369683380016955e-01
9.982520216229976429e-01
9.984154970492851167e-01
9.986142805634514730e-01
9.988314644751481453e-01
9.990500306408008901e-01
9.992554995052604916e-01
9.994374854221714788e-01
9.995901962312603306e-01
9.997120634761875735e-01
9.998048027435795237e-01
9.998722361867882213e-01
9.999191613915435761e-01
9.999504523644836551e-01
9.999704685605671495e-01
9.999827582937684811e-01
9.999899914747931717e-01
9.999940447118664810e-01
9.999961700220270089e-01
9.999970244459339686e-01
9.999969391069550850e-01
9.999968251673355679e-01
9.999966869587983975e-01
9.999965293724356608e-01
9.999963554812147937e-01
9.999961660924787665e-01
9.999959604170511884e-01
9.999957367823120169e-01
9.999954929912026058e-01
9.999952264010423253e-01
9.999949338611472394e-01
9.999946115588757012e-01
9.999942547159990092e-01
9.999938569013164802e-01
9.999934082870315377e-01
9.999928910343083288e-01
9.999922671655829820e-01
9.999914477213931452e-01
9.999902178328008429e-01
9.999880640651203079e-01
9.999837987784220283e-01
9.999747915583919733e-01
9.999554967323984744e-01
9.999148260498575969e-01
9.998318160264234589e-01
9.996691014409188059e-01
9.993641128571625343e-01
9.988188603292380563e-01
9.978907242971375435e-01
9.963886135324507842e-01
9.940804456693161928e-01
9.907179540301148668e-01
9.860820169908822708e-01
9.800454168895458285e-01
9.726411258190650333e-01
9.641158364698068084e-01
9.549447282106618973e-01
9.457879977415510897e-01
9.373833557356920920e-01
9.303885638070952258e-01
9.252082555705294364e-01
9.218530042551702497e-01
9.198803074165894378e-01
9.184536439242096950e-01
9.165270798641826921e-01
9.131239887881437145e-01
9.076404891767970717e-01
9.000828792687811664e-01
8.911570943765131370e-01
8.821691424761591849e-01
8.747550309295126780e-01
8.705131406927753002e-01
8.706401723344600052e-01
8.756658735485132183e-01
8.853485617937755237e-01
8.987472176942192803e-01
9.144403878846864009e-01
9.308275907664773641e-01
9.464329445940533603e-01
9.601377701311917257e-01
9.712971377338632806e-01
9.797346400215860562e-01
9.856449542093563831e-01
9.894524283477397208e-01
9.916723230525111843e-01
9.928052764918676720e-01
9.932753716268373223e-01
9.934065588154521453e-01
9.934247739541588462e-01
9.934728550082398968e-01
9.936290125015407870e-01
9.939239972697420100e-01
9.943553954024929586e-01
9.948991852165312011e-01
9.955191570381948241e-01
9.961746207931924113e-01
9.968265059213370360e-01
9.974417656464418247e-01
9.979960033616460668e-01
9.984743892146568101e-01
9.988711315025192716e-01
9.991879225095634531e-01
9.994318424161583447e-01
9.996131708275903804e-01
9.997434481024460862e-01
9.998339876216564281e-01
9.998949038603095474e-01
9.999346162874221955e-01
9.999597269928460763e-01
9.999751483802981067e-01
9.999843658093121590e-01
9.999897455034012506e-01
9.999928286307018244e-01
9.999945801388296918e-01
9.999955816461905123e-01
9.999961706735873701e-01
9.999965350665308561e-01
9.999967738278157103e-01
9.999969354736191196e-01
9.999970427792246319e-01
9.999961640540701024e-01
9.999960511750145553e-01
9.999959005338501239e-01
9.999957175127105469e-01
9.999955082833320574e-01
9.999952767368427420e-01
9.999950238258725754e-01
9.999947483638226275e-01
9.999944479264144537e-01
9.999941193086656632e-01
9.999937585926658157e-01
9.999933609560418546e-01
9.999929201541231105e-01
9.999924272159983474e-01
9.999918669925190740e-01
9.999912089451356012e-01
9.999903831587625413e-01
9.999892203725291306e-01
9.999873092435331845e-01
9.999836744990409088e-01
9.999760919889226773e-01
9.999597178868435687e-01
9.999245198419204339e-01
9.998507948620216634e-01
9.997019476055908349e-01
9.994138832243382176e-01
9.988811225320914922e-01
9.979413420810656632e-01
9.963625203497268323e-01
9.938397536104275343e-01
9.900108559033785616e-01
9.844991913868543776e-01
9.769869740194641050e-01
9.673120151623966212e-01
9.555677234652641960e-01
9.421750273912292695e-01
9.278919768730597983e-01
9.137363430932115005e-01
9.008180761991571028e-01
8.901063261538384452e-01
8.821814877044165115e-01
8.770386586971642418e-01
8.740095835643002520e-01
8.718520821091824136e-01
8.690177729327401845e-01
8.640548523326454511e-01
8.560473766222438385e-01
8.449599801870839588e-01
8.317695113571741405e-01
8.183265467530020931e-01
8.069775324260031191e-01
8.000539147783316540e-01
7.993672194623578919e-01
8.058330505804056632e-01
8.192999882629148356e-01
8.386046452212183588e-01
8.618255124491573937e-01
8.866692324123228719e-01
9.108962838811754947e-01
9.326864626158340998e-01
9.508655056173178632e-01
9.649597524309083685e-01
9.750991088701936871e-01
9.818277996181086209e-01
9.858936565680112007e-01
9.880714812949502601e-01
9.890474909954591887e-01
9.893650768883315294e-01
9.894161291894845167e-01
9.894581023586053181e-01
9.896407670956708369e-01
9.900330975559361590e-01
9.906463906555900145e-01
9.914531014909921947e-01
9.924021650339385214e-01
9.934315807456441938e-01
9.944785851966900792e-01
9.954873561476242916e-01
9.964140860328576377e-01
9.972294134560559797e-01
9.979184810571958275e-01
9.984791567304168725e-01
9.989191145028999408e-01
9.992524846409036599e-01
9.994966673873952878e-01
9.996697118999908760e-01
9.997884507000893706e-01
9.998673986331232388e-01
9.999183014290263793e-01
9.999501582482809292e-01
9.999695348930598415e-01
9.999810115113232367e-01
9.999876518227341915e-01
9.999914253794067731e-01
9.999935512043731656e-01
9.999947568125432396e-01
9.999954614479324988e-01
9.999958987368464669e-01
9.999961947914987048e-01
9.999964156835876583e-01
9.999965949896391093e-01
9.999967489170626944e-01
9.999968840041054685e-01
9.999970008808224398e-01
9.999970968198943488e-01
9.999971687429864975e-01
