9.999988342727841317e-01
9.999987969281747269e-01
9.999987462026196372e-01
9.999986838383416732e-01
9.999986112690603113e-01
9.999985279315104503e-01
9.999984298868968002e-01
9.999983073107709952e-01
9.999981385723643035e-01
9.999978774830384776e-01
9.999974278382761650e-01
9.999965951856457647e-01
9.999949996736148261e-01
9.999919260733722837e-01
9.999860787647902871e-01
9.999752034880236007e-01
9.999555391461025788e-01
9.999210793981685441e-01
9.998626638237122499e-01
9.997669887163579405e-01
9.996157276795789581e-01
9.993850685521638022e-01
9.990460742831279717e-01
9.985663122849703921e-01
9.979131127463971573e-01
9.970585668786665634e-01
9.959859560070273288e-01
9.946967702474209805e-01
9.932169599423074091e-01
9.916007398398234418e-01
9.899303030836501538e-01
9.883102881542364937e-01
9.868567295991490518e-01
9.856813205790935228e-01
9.848728426294650617e-01
9.844783197158534227e-01
9.844867138538524465e-01
9.848178796816078329e-01
9.853192571121834886e-01
9.857725888943187353e-01
9.859127238476639299e-01
9.854598379878309888e-01
9.841644653984025215e-01
9.818611155014881353e-01
9.785213924040714328e-01
9.742931118983225725e-01
9.695104914551986308e-01
9.646642731661629888e-01
9.603299740263593343e-01
9.570650280379726649e-01
9.552970334942172403e-01
9.552310862382211720e-01
9.568015466334698349e-01
9.596828439167446323e-01
9.633582298335385818e-01
9.672296381354708039e-01
9.707409513125542233e-01
9.734843933782082459e-01
9.752660110765607460e-01
9.761187744478978523e-01
9.762662135215277592e-01
9.760511216662037803e-01
9.758498136998614569e-01
9.759922720581019062e-01
9.767037115858659968e-01
9.780758963164053466e-01
9.800690282220083649e-01
9.825386969039511253e-01
9.852781760715139114e-01
9.880647785064982092e-01
9.907000719487331075e-01
9.930369926671900327e-01
9.949912273012424535e-01
9.965383781961932863e-01
9.977012877314742623e-01
9.985329438809731339e-01
9.990997695888053087e-01
9.994684508523017374e-01
9.996975656192346182e-01
9.998337495532996222e-01
9.999112610058765727e-01
9.999535659742864180e-01
9.999757539740415924e-01
9.999869768664622072e-01
9.999924880215577128e-01
9.999951492274521403e-01
9.999964434163624016e-01
9.999971032348082822e-01
9.999974747588333823e-01
9.999977149414054356e-01
9.999978926310947314e-01
9.999980374549264361e-01
9.999981622525117020e-01
9.999982728308856039e-01
9.999983718742639915e-01
9.999984601706872755e-01
9.999985367518313684e-01
9.999985992246043232e-01
9.999986452423902383e-01
9.999970534093101104e-01
9.999969671836587137e-01
9.999968517091706310e-01
9.999967104492243353e-01
9.999965468982263683e-01
9.999963615406695094e-01
9.999961497303806457e-01
9.999958988298336404e-01
9.999955817246017897e-01
9.999951428002453735e-01
9.999944701770039357e-01
9.999933436873019721e-01
9.999913414526111488e-01
9.999876788304089548e-01
9.999809423351415649e-01
9.999686695074102571e-01
9.999467172764038292e-01
9.999083624805775727e-01
9.998430979694377108e-01
9.997351367776604603e-01
9.995617244948766800e-01
9.992914888581586608e-01
9.988832152723096103e-01
9.982855974409471367e-01
9.974386215923654042e-01
9.962772322795830915e-01
9.947377285430749616e-01
9.927669093106499254e-01
9.903333425805508350e-01
9.874393720837454369e-01
9.841317765149478758e-01
9.805085838242627583e-01
9.767196164471591002e-01
9.729589978926618254e-01
9.694490186461897085e-01
9.664162061902240586e-01
9.640618391299066170e-01
9.625301813234155013e-01
9.618782298795818253e-01
9.620508315086891971e-01
9.628648707341960211e-01
9.640061470990757275e-01
9.650426055368719336e-01
9.654574097299732927e-01
9.647041428500069404e-01
9.622832284950209036e-01
9.578330508993949666e-01
9.512220540263583990e-01
9.426217310310383013e-01
9.325382309069156772e-01
9.217849944313649679e-01
9.113906337762265331e-01
9.024522619272672408e-01
8.959595915893467932e-01
8.926244558661033945e-01
8.927513063409606708e-01
8.961769086176850641e-01
9.022939871452140270e-01
9.101567390585904027e-01
9.186489075895710732e-01
9.266809106649278593e-01
9.333751780142756083e-01
9.382013324385833908e-01
9.410354080952226807e-01
9.421364791994208954e-01
9.420537758000935291e-01
9.414915234056193682e-01
9.411639632050604609e-01
9.416695580543604782e-01
9.434042434759403184e-01
9.465224883623368779e-01
9.509447957519644445e-01
9.564026151505532480e-01
9.625069121957473550e-01
9.688248475880115729e-01
9.749500190070592431e-01
9.805551781021166757e-01
9.854214927119249179e-01
9.894440751948730961e-01
9.926182721601759518e-01
9.950140502320462543e-01
9.967463419357847076e-01
9.979478077170139683e-01
9.987479889958459367e-01
9.992602262245655620e-01
9.995756973913719756e-01
9.997627988215094241e-01
9.998697872986257451e-01
9.999288703887172503e-01
9.999604651319143889e-01
9.999769018633943851e-01
9.999852916599931696e-01
9.999895586569468309e-01
9.999917788014738296e-01
9.999930070768123791e-01
9.999937599136625721e-01
9.999942818630569441e-01
9.999946857978472270e-01
9.999950232101321168e-01
9.999953179141539694e-01
9.999955815416308180e-01
9.999958204011240026e-01
9.999960384210214714e-01
9.999962383882263772e-01
9.999964224712991623e-01
9.999965924510094695e-01
9.999967498322672732e-01
9.999968959067178087e-01
9.999970317924798957e-01
9.999971584576530237e-01
9.999972767146394492e-01
9.999973871362322075e-01
9.999974898041261717e-01
9.999975838551458107e-01
9.999976670824792802e-01
9.999977362313575702e-01
9.999977884394014582e-01
9.999978162935115877e-01
9.999977223583693675e-01
9.999975837537322665e-01
9.999973878364983859e-01
9.999970977342668155e-01
9.999966203420742605e-01
9.999957466110007687e-01
9.999940359049295235e-01
9.999906008686070269e-01
9.999837306829810757e-01
9.999702718112989386e-01
9.999446772191040722e-01
9.998976556201777388e-01
9.998144248058091765e-01
9.996727194940892014e-01
9.994409314839882708e-01
9.990770415912229030e-01
9.985292614498995079e-01
9.977394079363459678e-01
9.966498256855881310e-01
9.952140308954557923e-01
9.934101706341611493e-01
9.912550694004201857e-01
9.888154646537055115e-01
9.862125148782504569e-01
9.836162023010418531e-01
9.812279379860493478e-01
9.792521670066083317e-01
9.778603746536180807e-01
9.771528632848252016e-01
9.771245706850213431e-01
9.776411515814384945e-01
9.784311035864607931e-01
9.790993832092382831e-01
9.791674665877626582e-01
9.781427761956970057e-01
9.756148558892208111e-01
9.713657494802777626e-01
9.654698882741736821e-01
9.583501970972851947e-01
9.507591806075863516e-01
9.436702795953640921e-01
9.380925021071586656e-01
9.348500863500983638e-01
9.343865675558644668e-01
9.366510751987278116e-01
9.411035600058410555e-01
9.468415906915386149e-01
9.528152685177718739e-01
9.580705386564254411e-01
9.619539428651477930e-01
9.642264385006394933e-01
9.650645886100295279e-01
9.649620588915093222e-01
9.645702405124745304e-01
9.645266935054577218e-01
9.653143330469161620e-01
9.671785442518998632e-01
9.701105983352746875e-01
9.738890732019079843e-01
9.781594048647271888e-01
9.825265437195025431e-01
9.866371583957644908e-01
9.902348608680835440e-01
9.931820598331940753e-01
9.954519574079039312e-01
9.971009117776756803e-01
9.982334667068706313e-01
9.989703089953714255e-01
9.994251164645286956e-01
9.996918117101378787e-01
9.998405870067723633e-01
9.999196679342389205e-01
9.999598134901959146e-01
9.999793537130465815e-01
9.999885409845431505e-01
9.999927761016580430e-01
9.999947464032631350e-01
9.999957185274999105e-01
9.999962599667699958e-01
9.999966137189726378e-01
9.999968802383543132e-01
9.999971004323822132e-01
9.999972913099639538e-01
9.999974602723882278e-01
9.999976100486440700e-01
9.999977397027195458e-01
9.999978451473141572e-01
9.999979218594491348e-01
9.999955482059357248e-01
9.999954395902069804e-01
9.999952951921889932e-01
9.999951210368559495e-01
9.999949238648242478e-01
9.999947080599296267e-01
9.999944750951832440e-01
9.999942244167254746e-01
9.999939543536358055e-01
9.999936625045260374e-01
9.999933456137071186e-01
9.999929989189531021e-01
9.999926145988867754e-01
9.999921783395648855e-01
9.999916619476204582e-01
9.999910079128397911e-01
9.999900981860355698e-01
9.999886932307426868e-01
9.999863174277821010e-01
9.999820519435999033e-01
9.999741755491510231e-01
9.999595685120824529e-01
9.999327686243061342e-01
9.998845506855742471e-01
9.997999068430698522e-01
9.996553570753825557e-01
9.994156421272171187e-01
9.990300660626565410e-01
9.984290650535201372e-01
9.975219508030139792e-01
9.961971287047119983e-01
9.943262861299257960e-01
9.917739141062489328e-01
9.884129104258377874e-01
9.841458503683636616e-01
9.789299116650072019e-01
9.728017268504067783e-01
9.658971073861336576e-01
9.584601716963945250e-01
9.508372681652293990e-01
9.434532011868952406e-01
9.367702006956519778e-01
9.312330820166391243e-01
9.272063791758493601e-01
9.249104872677615941e-01
9.243641402881709324e-01
9.253404856601454842e-01
9.273443343500076264e-01
9.296191629287837710e-01
9.311933867593600311e-01
9.309743147735838331e-01
9.278923653851324227e-01
9.210858674070843133e-01
9.100995428218051631e-01
8.950534240857654922e-01
8.767322796582264210e-01
8.565557390589242370e-01
8.364163548927732172e-01
8.184079901644869537e-01
8.044964339525010333e-01
7.961973469376874002e-01
7.943219128056830947e-01
7.988345921701300867e-01
8.088483348155831587e-01
8.227636125843640347e-01
8.385362024411603388e-01
8.540325923966196608e-01
8.674058399518536078e-01
8.774104711964034742e-01
8.835840945303070626e-01
8.862575436506892057e-01
8.864029690930430583e-01
8.853713743776967515e-01
8.845922195237814201e-01
8.853038974069058487e-01
8.883623935912476899e-01
8.941482953063817352e-01
9.025691402271966979e-01
9.131387969549049632e-01
9.251074854370843203e-01
9.376130949643575185e-01
9.498254520061197859e-01
9.610600772782135204e-01
9.708466187724829055e-01
9.789481634206725902e-01
9.853383181638792898e-01
9.901504144068331570e-01
9.936157185851519635e-01
9.960053132183752655e-01
9.975851005483230560e-01
9.985874827813319143e-01
9.991985392282176637e-01
9.995568201628401983e-01
9.997591430543658619e-01
9.998693913615961382e-01
9.999275398596563225e-01
9.999573866040862846e-01
9.999724445587687693e-01
9.999800477215115002e-01
9.999840084434270526e-01
9.999862291073065013e-01
9.999876238566005604e-01
9.999886178510533075e-01
9.999894042471644262e-01
9.999900702559777477e-01
9.999906562357209205e-01
9.999911822509313097e-01
9.999916595723379320e-01
9.999920955137299172e-01
9.999924954390068121e-01
9.999928636078305733e-01
9.999932035550063159e-01
9.999935182824553070e-01
9.999938103726202510e-01
9.999940820654353857e-01
9.999943353155157366e-01
9.999945718357829971e-01
9.999947931247199495e-01
9.999950004505933077e-01
9.999951947042802214e-01
9.999953759502726580e-01
9.999955425825257649e-01
9.999956905250935169e-01
9.999958136875951586e-01
9.999959066115218231e-01
9.999950866494825563e-01
9.999949748120013915e-01
9.999948267066713914e-01
9.999946486037070148e-01
9.999944475885931272e-01
9.999942284465257458e-01
9.999939930478708439e-01
9.999937412277539739e-01
9.999934717636985715e-01
9.999931828984063298e-01
9.999928724769844290e-01
9.999925378578224944e-01
9.999921756163305808e-01
9.999917808703353561e-01
9.999913457708109465e-01
9.999908561549155639e-01
9.999902842695467253e-01
9.999895733750743254e-01
9.999886061734795106e-01
9.999871422323842740e-01
9.999846983447114868e-01
9.999803282589637687e-01
9.999722328579807584e-01
9.999570983623440323e-01
9.999290212543241463e-01
9.998778426329946178e-01
9.997866980543221871e-01
9.996286178725888316e-01
9.993621226174134176e-01
9.989259849572322825e-01
9.982336989890148171e-01
9.971686991792840793e-01
9.955819349106651561e-01
9.932938814588948562e-01
9.901032258851341084e-01
9.858040442276125859e-01
9.802120812063981337e-01
9.731987397462938949e-01
9.647288717492970012e-01
9.548960493950202633e-01
9.439475047786989315e-01
9.322910877949659447e-01
9.204787096958300108e-01
9.091644511469895162e-01
8.990398425656888071e-01
8.907525511236682458e-01
8.848169223596416000e-01
8.815253904462291290e-01
8.808694566890009625e-01
8.824790696373072674e-01
8.855909554584299181e-01
8.890597031741869216e-01
8.914281689644993900e-01
8.910719513550979798e-01
8.864216662332828900e-01
8.762445313731548335e-01
8.599377200504767504e-01
8.377619818985111433e-01
8.109403703149893339e-01
7.815727577880589028e-01
7.523666631364634982e-01
7.262383435197893311e-01
7.058708733349760012e-01
6.933156069675857625e-01
6.896974539256564007e-01
6.950535544947843425e-01
7.083168955608074580e-01
7.274523940466783856e-01
7.497482146821661253e-01
7.722427888987597466e-01
7.922262752020540200e-01
8.077130841308615139e-01
8.177683345512473112e-01
8.226029922641018288e-01
8.234210763012218548e-01
8.220767224689692343e-01
8.206458857052293387e-01
8.210216429028933671e-01
8.246115175410230203e-01
8.321716000874375130e-01
8.437752505094801014e-01
8.588923713425671291e-01
8.765464208028114212e-01
8.955140871133989711e-01
9.145325392608868453e-01
9.324812926503026622e-01
9.485121390213886450e-01
9.621123399035129697e-01
9.731013522880077593e-01
9.815753235319200076e-01
9.878220963245991637e-01
9.922305190872490188e-01
9.952125647924159324e-01
9.971482790203112234e-01
9.983553218553549158e-01
9.990791043049450648e-01
9.994969143965588554e-01
9.997294155461387000e-01
9.998543809299015317e-01
9.999194615215494242e-01
9.999524887819951635e-01
9.999689939416470663e-01
9.999772740807310045e-01
9.999815804003088227e-01
9.999840065759680874e-01
9.999855467598603997e-01
9.999866584298486849e-01
9.999875475397212998e-01
9.999883064401957622e-01
9.999889777288865078e-01
9.999895826300086998e-01
9.999901331618532563e-01
9.999906372104789831e-01
9.999911006200328245e-01
9.999915280691782371e-01
9.999919234638099397e-01
9.999922901365223549e-01
9.999926309653572876e-01
9.999929484551239867e-01
9.999932447984470896e-01
9.999935219239568518e-01
9.999937815353403536e-01
9.999940251434502603e-01
9.999942540929622758e-01
9.999944695846654241e-01
9.999946726942198216e-01
9.999948643880256505e-01
9.999950455367186963e-01
9.999952169266865809e-01
9.999953792698210719e-01
9.999955332108649841e-01
9.999956793273292455e-01
9.999958180997852164e-01
9.999959497860808622e-01
9.999960740791107305e-01
9.999961894945406105e-01
9.999962928167585030e-01
9.999963794473842871e-01
9.999964452741207932e-01
