3.065538196357425932e+03 9.809218927497084239e-01 9.411000094526186452e-03 4.795223109271179965e+03
3.065546583931636633e+03 9.949416217948673369e-01 9.462126932123574030e-03 4.865933649333921494e+03
3.065554971505847334e+03 1.008543231854762245e+00 9.511233349863623329e-03 4.934619536105619773e+03
3.065563359080057580e+03 1.004400447328221313e+00 9.485451360815830985e-03 4.916465940933048842e+03
3.065571746654268281e+03 9.970982530026608615e-01 9.456206872664121507e-03 4.882784087227143573e+03
3.065580134228478983e+03 9.964889825392063694e-01 9.440499180141819630e-03 4.881822357823252787e+03
3.065588521802689684e+03 1.006822335052110384e+00 9.445779222700645752e-03 4.934449716304203321e+03
3.065596909376900385e+03 1.013777607476786580e+00 9.435025445016644724e-03 4.970516724756059375e+03
3.065605296951110631e+03 1.013241606162442965e+00 9.405943210775449120e-03 4.969828405957254290e+03
3.065613684525321332e+03 1.013984658035403719e+00 9.413839070993695532e-03 4.975375980358277047e+03
3.065622072099532033e+03 1.010482914121490827e+00 9.420431143606794802e-03 4.960052546859833456e+03
3.065630459673742735e+03 1.005506603529789711e+00 9.405215937395211556e-03 4.937438322428761239e+03
3.065638847247952981e+03 1.004383956915980702e+00 9.392803165696895357e-03 4.933699350483044327e+03
3.065647234822163682e+03 9.994304203226118677e-01 9.357470423630215653e-03 4.911095406931525758e+03
3.065655622396374383e+03 9.921976142604818083e-01 9.319880805303144486e-03 4.877234597191540161e+03
3.065664009970585084e+03 9.889683974967979907e-01 9.317847923630875537e-03 4.863000797092618086e+03
3.065672397544795786e+03 9.852915160560518082e-01 9.317568856380088402e-03 4.846519449355297184e+03
3.065680785119006032e+03 9.825858121976903670e-01 9.289519803806215587e-03 4.834770429728873751e+03
3.065689172693216733e+03 9.889806410258832337e-01 9.271598497562146685e-03 4.867771721814830926e+03
3.065697560267427434e+03 9.972958368203078683e-01 9.298834101480687314e-03 4.910213634298158468e+03
3.065705947841638135e+03 9.961246202865619015e-01 9.319150909023653229e-03 4.905925853907994679e+03
3.065714335415848836e+03 9.988070968016078410e-01 9.347508204079453889e-03 4.920586102394363479e+03
3.065722722990059083e+03 1.006621327087253714e+00 9.381234694475286753e-03 4.960509332338994682e+03
3.065731110564269784e+03 1.005837517844014428e+00 9.366307216427975299e-03 4.958039124624059696e+03
3.065739498138480485e+03 1.007759908264621806e+00 9.354131776193366429e-03 4.968877032521176261e+03
3.065747885712691186e+03 1.013214758214340705e+00 9.364824877856005661e-03 4.997109222691897230e+03
3.065756273286901433e+03 1.010599907347434323e+00 9.360627982121930493e-03 4.985513439173344523e+03
3.065764660861112134e+03 1.003343068917322167e+00 9.334254541150175180e-03 4.950973072018310631e+03
3.065773048435322835e+03 9.958612710797626333e-01 9.306451489410135988e-03 4.915272780942416830e+03
3.065781436009533536e+03 9.908805348219443809e-01 9.286228126508049366e-03 4.891870836444682936e+03
3.065789823583744237e+03 9.891465891907226249e-01 9.268733555320584142e-03 4.884459417550860962e+03
3.065798211157954483e+03 9.912825315323294806e-01 9.283440549396356975e-03 4.896127908280361225e+03
3.065806598732165185e+03 9.984175731908992990e-01 9.325082468483403275e-03 4.932468188833830027e+03
3.065814986306375886e+03 1.001676688739172372e+00 9.324008449699711445e-03 4.949641777710654424e+03
3.065823373880586587e+03 9.991695019938601208e-01 9.292913123717692209e-03 4.938293260222993922e+03
3.065831761454797288e+03 9.990571048188958692e-01 9.288006909292323421e-03 4.938748785779243008e+03
3.065840149029007534e+03 1.005367082326932060e+00 9.302885104713342485e-03 4.970929918649604588e+03
3.065848536603218236e+03 1.013097740719991480e+00 9.332648386301397800e-03 5.010120264021723415e+03
3.065856924177428937e+03 1.015741694448399013e+00 9.363446074532646643e-03 5.024136244278559388e+03
3.065865311751639638e+03 1.013658524676618988e+00 9.367649636345700553e-03 5.014742736081034309e+03
3.065873699325850339e+03 1.006133847762660904e+00 9.342581736570328144e-03 4.978392699078249279e+03
3.065882086900060585e+03 1.002521476597349803e+00 9.333536300365392196e-03 4.961363812358916221e+03
3.065890474474271286e+03 1.007571179165091202e+00 9.355234911783819052e-03 4.987176522580578421e+03
3.065898862048481988e+03 1.008673603474955494e+00 9.351591339727554492e-03 4.993429473406884426e+03
3.065907249622692689e+03 1.002472309037970577e+00 9.318271296838960896e-03 4.963494960907425593e+03
3.065915637196902935e+03 9.995406358904556088e-01 9.299714834353546913e-03 4.949716156851141932e+03
3.065924024771113636e+03 9.999200973894208921e-01 9.289438326848248675e-03 4.952306442752349540e+03
3.065932412345324337e+03 9.979665055046499367e-01 9.266626836126079861e-03 4.943315322315249432e+03
3.065940799919535038e+03 9.959655727227189059e-01 9.239029228378176778e-03 4.934061993314442589e+03
3.065949187493745740e+03 9.972737712998483994e-01 9.224358293878869366e-03 4.941177092355638706e+03
3.065957575067955986e+03 1.006105640034326898e+00 9.231271460136030935e-03 4.985551444200722472e+03
3.065965962642166687e+03 1.008473949454184559e+00 9.222872133264926886e-03 4.997879449632928299e+03
3.065974350216377388e+03 9.949844047608364939e-01 9.175829666062512366e-03 4.931587544366561815e+03
3.065982737790588089e+03 9.862457969953226655e-01 9.153653920448423520e-03 4.888807703612088517e+03
3.065991125364798791e+03 9.840237809378096223e-01 9.166086940951660711e-03 4.878301795335257339e+03
3.065999512939009037e+03 9.844390259487604267e-01 9.165286560796893217e-03 4.880846681305254606e+03
3.066007900513219738e+03 1.000339621845069527e+00 9.174330171054472308e-03 4.960153417794738743e+03
3.066016288087430439e+03 1.011687525876560301e+00 9.185883325011587677e-03 5.016876137816839218e+03
3.066024675661641140e+03 1.001433375137054105e+00 9.166045207500967198e-03 4.966454585729653445e+03
3.066033063235851387e+03 9.940684942114098588e-01 9.144867652848819375e-03 4.930332941229394237e+03
3.066041450810062088e+03 9.988652357033186435e-01 9.141638099916018709e-03 4.954507646901183762e+03
3.066049838384272789e+03 1.002182608231359628e+00 9.146757530592276864e-03 4.971326615276395387e+03
3.066058225958483490e+03 1.002519151691235733e+00 9.163878540385882177e-03 4.973339838318442162e+03
3.066066613532694191e+03 1.002125163876460778e+00 9.171551879973535021e-03 4.971708647934812689e+03
3.066075001106904438e+03 9.976787536429885250e-01 9.152332661943710784e-03 4.949951224696854297e+03
3.066083388681115139e+03 9.950847871267094469e-01 9.139831266161139306e-03 4.937362947707297280e+03
3.066091776255325840e+03 9.987247477666496565e-01 9.148604222016690907e-03 4.955686845934475969e+03
3.066100163829536541e+03 1.002663721261870977e+00 9.164119211395571271e-03 4.975477378082022369e+03
3.066108551403747242e+03 1.004559801578915668e+00 9.191135649276125502e-03 4.985113186930579104e+03
3.066116938977957489e+03 1.001743577581107658e+00 9.186963778612087378e-03 4.971345635416555524e+03
3.066125326552168190e+03 9.940042259120397405e-01 9.126897287896543545e-03 4.933125971263322754e+03
3.066133714126378891e+03 9.921625806672697001e-01 9.101215278054309785e-03 4.924156513539528532e+03
3.066142101700589592e+03 1.000320209549083739e+00 9.135133591310788670e-03 4.964797653182446084e+03
3.066150489274799838e+03 1.006925626204853153e+00 9.158487347967219153e-03 4.997719900335259808e+03
3.066158876849010539e+03 1.008220176011984215e+00 9.160294651682590952e-03 5.004266646183343255e+03
3.066167264423221241e+03 1.005045909282832328e+00 9.144769863897643167e-03 4.988615803440157833e+03
3.066175651997431942e+03 9.964494741884305506e-01 9.093417717883436197e-03 4.946034341406593740e+03
3.066184039571642643e+03 9.928682702050420916e-01 9.066806332816149810e-03 4.928329994198041277e+03
3.066192427145852889e+03 9.888776106836076885e-01 9.080990456656638440e-03 4.908577347389744318e+03
3.066200814720063590e+03 9.816602869854738067e-01 9.076829689031546897e-03 4.872792693367831816e+03
3.066209202294274291e+03 9.701522856354249935e-01 9.027186574753565465e-03 4.815694663306108851e+03
3.066217589868484993e+03 9.624650058751150761e-01 8.995394904654860010e-03 4.777547636108520237e+03
3.066225977442695694e+03 9.719748073452281201e-01 9.023802092332406516e-03 4.824750821908719445e+03
3.066234365016905940e+03 9.811341773845982939e-01 9.052019586876791646e-03 4.870200833947458705e+03
3.066242752591116641e+03 9.863755994391925075e-01 9.079211068632542583e-03 4.896189120573469154e+03
3.066251140165327342e+03 9.863367116927763689e-01 9.080950054322212486e-03 4.895953676132216970e+03
3.066259527739538044e+03 9.740430121360149629e-01 9.019758238507556702e-03 4.834876027537496157e+03
3.066267915313748745e+03 9.664897246949568643e-01 8.980058596101989782e-03 4.797317367051064139e+03
3.066276302887958991e+03 9.729468166782314631e-01 8.982966483283876674e-03 4.829289443860391657e+03
3.066284690462169692e+03 9.781019705681710530e-01 8.979408844120486538e-03 4.854786603643098715e+03
3.066293078036380393e+03 9.694353471936804079e-01 8.953502726884990034e-03 4.811668712906682231e+03
3.066301465610591094e+03 9.605282867577429329e-01 8.925635734025341717e-03 4.767348387732060473e+03
3.066309853184801341e+03 9.671544029572489709e-01 8.917265691155544863e-03 4.800112810872812588e+03
3.066318240759012042e+03 9.746579706126845544e-01 8.916154607650602498e-03 4.837219918356902781e+03
3.066326628333222743e+03 9.722524685155879975e-01 8.921782956019063890e-03 4.825137596774385202e+03
3.066335015907433444e+03 9.708199924361281541e-01 8.930750507714097647e-03 4.817875053343712352e+03
3.066343403481644145e+03 9.820046178708268236e-01 8.967413537941745436e-03 4.873216121119853597e+03
3.066351791055854392e+03 9.918699988369811260e-01 8.996111650504109991e-03 4.921997539689193218e+03
3.066360178630065093e+03 9.904688266209726866e-01 8.979380002422151369e-03 4.914859962642357459e+03
3.066368566204275794e+03 9.887788293916368598e-01 8.962872334459632065e-03 4.906281085577545127e+03
3.066376953778486495e+03 9.917199381043969586e-01 8.954686699720626822e-03 4.920672937617458047e+03
3.066385341352697196e+03 9.946580926114100274e-01 8.946183152467583610e-03 4.935040838909441845e+03
3.066393728926907443e+03 9.864179527756246069e-01 8.912908744894315269e-03 4.893940538863957954e+03
3.066402116501118144e+03 9.790229613472724024e-01 8.884751545502457201e-03 4.857029383949718977e+03
3.066410504075328845e+03 9.870810962623289830e-01 8.920440833408954662e-03 4.896775474059878434e+03
3.066418891649539546e+03 9.951192831742821099e-01 8.956228770907711037e-03 4.936412009821743595e+03
3.066427279223749792e+03 9.941760656339595492e-01 8.954009841872006756e-03 4.931486968890878416e+03
3.066435666797960494e+03 9.914414830099601561e-01 8.942695364278368392e-03 4.917670827680208276e+03
3.066444054372171195e+03 9.751315056172451534e-01 8.882960344570029268e-03 4.836518150248604798e+03
3.066452441946381896e+03 9.619077241939163470e-01 8.839298674703321632e-03 4.770674881736615134e+03
3.066460829520592597e+03 9.870335178061608872e-01 8.939995606152145030e-03 4.895021710854330195e+03
3.066469217094802843e+03 1.009176538004518342e+00 9.024821578405419625e-03 5.004558221003693689e+03
3.066477604669013544e+03 9.804918188559206271e-01 8.924422631809940734e-03 4.862034636535964637e+03
3.066485992243224246e+03 9.535046056338096765e-01 8.835879177266159692e-03 4.727940086964827969e+03
3.066494379817434947e+03 9.765436731919130420e-01 8.927367515521710678e-03 4.841897431090891587e+03
3.066502767391645648e+03 9.996306713512550512e-01 9.013973939266801266e-03 4.956075466567475814e+03
3.066511154965855894e+03 9.988234811820116965e-01 8.996110490329419299e-03 4.951778507530422758e+03
3.066519542540066595e+03 9.977072114404476055e-01 8.979170169484771563e-03 4.945946807376992183e+03
3.066527930114277297e+03 1.007484917503422173e+00 9.006478836056198284e-03 4.994114649655921312e+03
3.066536317688487998e+03 1.017295127145644518e+00 9.032971220136248522e-03 5.042435294672419332e+03
3.066544705262698699e+03 1.008551898297696425e+00 9.011622430370127071e-03 4.998789554300665259e+03
3.066553092836908945e+03 9.985931844863364937e-01 8.987101586964314770e-03 4.949123356736088681e+03
3.066561480411119646e+03 9.936141984327383492e-01 8.947626696751949729e-03 4.924140345011989666e+03
3.066569867985330347e+03 9.903674048813588815e-01 8.913631480892275638e-03 4.907743160161690867e+03
3.066578255559541049e+03 9.999268226115179958e-01 8.951007545052295372e-03 4.954804129166886923e+03
3.066586643133751295e+03 1.008254037198211162e+00 8.983667652519431585e-03 4.995753308266878776e+03
3.066595030707961996e+03 1.006680970334556280e+00 8.970211558842150143e-03 4.987645779810227396e+03
3.066603418282172697e+03 1.005890058274016008e+00 8.960483183275058314e-03 4.983414389061733345e+03
3.066611805856383398e+03 1.007609813467029491e+00 8.987522877839881907e-03 4.991621645798089048e+03
3.066620193430594099e+03 1.008571184744340821e+00 9.011458079815631503e-03 4.996071921801034478e+03
3.066628581004804346e+03 1.008881743730666525e+00 8.991795901803014551e-03 4.997299081776806815e+03
3.066636968579015047e+03 1.009296793602899367e+00 8.972973706093406374e-03 4.999045067003123222e+03
3.066645356153225748e+03 9.948009468954043255e-01 8.930797721979490816e-03 4.926943504542676237e+03
3.066653743727436449e+03 9.802346626793407847e-01 8.889075732773686969e-03 4.854504016688711090e+03
3.066662131301647150e+03 9.905099477131313890e-01 8.926221483878945401e-03 4.905093357876082337e+03
3.066670518875857397e+03 1.001051681889269407e+00 8.963760820986117067e-03 4.956998661818019173e+03
3.066678906450068098e+03 1.000632682015653252e+00 8.952129559702612024e-03 4.954628747826028302e+03
3.066687294024278799e+03 1.000292908581100093e+00 8.940750213199811017e-03 4.952654728294595770e+03
3.066695681598489500e+03 9.959784395977402394e-01 8.920408493456407142e-03 4.931006220704840416e+03
3.066704069172699747e+03 9.916756476112881247e-01 8.900311851748825276e-03 4.909421992232247248e+03
3.066712456746910448e+03 9.987849122422725046e-01 8.918023736460172976e-03 4.944338204081821459e+03
3.066720844321121149e+03 1.005972141904556638e+00 8.936418648802870596e-03 4.979641062833748947e+03
3.066729231895331850e+03 1.003638254128762952e+00 8.946963720018442923e-03 4.967817307530371181e+03
3.066737619469542551e+03 1.000979336191581526e+00 8.956184341359960110e-03 4.954391367901310332e+03
3.066746007043752797e+03 9.997974479209830179e-01 8.919820357640124292e-03 4.948282686974354874e+03
3.066754394617963499e+03 9.987371936857755150e-01 8.883918305657758849e-03 4.942782520923145967e+03
3.066762782192174200e+03 9.878588526655994739e-01 8.863819086247280363e-03 4.888701531909739970e+03
3.066771169766384901e+03 9.773631792796231288e-01 8.845165154211588263e-03 4.836525987766503931e+03
3.066779557340595602e+03 9.929483076519866058e-01 8.897870491099944129e-03 4.913418102576903948e+03
3.066787944914805848e+03 1.008509830732513768e+00 8.950322183240303278e-03 4.990193428017513725e+03
3.066796332489016550e+03 1.013911884314978140e+00 8.976869703011725390e-03 5.016701731070030291e+03
3.066804720063227251e+03 1.019057617967849882e+00 9.002843114960379714e-03 5.041947502648808950e+03
3.066813107637437952e+03 1.014745904197904780e+00 8.988617834081471386e-03 5.020409194062884126e+03
3.066821495211648198e+03 1.010318007790727890e+00 8.973741377724881244e-03 4.998306434456955685e+03
3.066829882785858899e+03 9.989119472479812689e-01 8.914725720057690636e-03 4.941692760227781037e+03
3.066838270360069600e+03 9.874380638895461360e-01 8.855619888653342223e-03 4.884756822495159213e+03
3.066846657934280302e+03 9.925581940407793846e-01 8.883584121914846199e-03 4.909920309252514926e+03
3.066855045508491003e+03 9.979497940427016767e-01 8.911469325080075693e-03 4.936434694701018998e+03
3.066863433082701249e+03 1.003234081593125104e+00 8.904349546518223676e-03 4.962426710567575356e+03
3.066871820656911950e+03 1.008342640888358233e+00 8.897468578440327278e-03 4.987558482239810473e+03
3.066880208231122651e+03 1.007235583184246774e+00 8.906504863846304368e-03 4.981956261937426461e+03
3.066888595805333352e+03 1.006088801279936717e+00 8.915184504557893339e-03 4.976168969556525553e+03
3.066896983379544054e+03 1.009078309602632340e+00 8.931758498439908850e-03 4.990851262451287766e+03
3.066905370953754300e+03 1.011928999593921130e+00 8.947329298799556671e-03 5.004858204897028372e+03
3.066913758527965001e+03 1.009284887887091253e+00 8.927757171654714455e-03 4.991700745683319838e+03
3.066922146102175702e+03 1.006242098899591930e+00 8.908339970435701777e-03 4.976584384895691983e+03
3.066930533676386403e+03 9.986442152225687430e-01 8.908280539548103436e-03 4.938953190061387431e+03
3.066938921250597105e+03 9.922165131875844146e-01 8.909585517129019541e-03 4.907122955089123934e+03
3.066947308824807351e+03 9.974194069924467998e-01 8.914486446407968862e-03 4.932826510438575497e+03
3.066955696399018052e+03 1.001688545743675274e+00 8.918107123033956057e-03 4.953925474772633606e+03
3.066964083973228753e+03 9.968786093430924700e-01 8.912204167237734037e-03 4.930137099853791369e+03
3.066972471547439454e+03 9.925985073595933184e-01 8.906988301327852658e-03 4.908983219471858320e+03
3.066980859121649701e+03 9.890307838374094995e-01 8.881685946457454350e-03 4.891366781665055896e+03
3.066989246695860402e+03 9.859779348278581157e-01 8.856577861659713224e-03 4.876311219276494739e+03
3.066997634270071103e+03 9.956574267620822427e-01 8.891802897246715159e-03 4.924240921803333549e+03
3.067006021844281804e+03 1.004976039148021361e+00 8.926401612146828493e-03 4.970402544601876798e+03
3.067014409418492505e+03 9.994235217768829838e-01 8.890086260196685547e-03 4.943030781477374148e+03
3.067022796992702752e+03 9.936891676135198859e-01 8.854245408255377592e-03 4.914774738758141211e+03
3.067031184566913453e+03 1.003504039085831634e+00 8.898356183927098872e-03 4.963441971042369005e+03
3.067039572141124154e+03 1.012580285807924030e+00 8.939660433403086304e-03 5.008475230982611720e+03
3.067047959715334855e+03 1.002048584623073779e+00 8.901705525808264324e-03 4.956539651337316172e+03
3.067056347289545556e+03 9.926384598231446921e-01 8.868446391103618556e-03 4.910166054831170186e+03
3.067064734863755803e+03 9.940917834391398422e-01 8.872843737244373238e-03 4.917545671417086851e+03
3.067073122437966504e+03 9.957928994285186741e-01 8.876797397282839078e-03 4.926169689575359371e+03
3.067081510012177205e+03 1.003691752963230099e+00 8.913673549034552626e-03 4.965474307774938097e+03
3.067089897586387906e+03 1.010690505557721108e+00 8.948478352136336744e-03 5.000348278870194918e+03
3.067098285160598152e+03 1.004516146186489545e+00 8.925655685633237038e-03 4.970068189027584594e+03
3.067106672734808853e+03 9.985259780114846828e-01 8.900786116694746689e-03 4.940715541260297869e+03
3.067115060309019555e+03 9.984675425435898255e-01 8.886426560668793731e-03 4.940731103894401713e+03
3.067123447883230256e+03 9.987646722780114672e-01 8.873662394408439111e-03 4.942526183344513811e+03
3.067131835457440957e+03 9.929948665181205225e-01 8.839252512691953695e-03 4.914316605150304895e+03
3.067140223031651203e+03 9.871959859812428073e-01 8.807784115159346394e-03 4.885979534831155433e+03
3.067148610605861904e+03 9.984010574125706805e-01 8.887793488119237473e-03 4.941823919342172303e+03
3.067156998180072605e+03 1.009606916374216734e+00 8.968276363895685138e-03 4.997702383793202898e+03
3.072160389876856698e+03 9.933552959605801425e-01 7.644632880187981691e-03 5.575443361758059837e+03
3.072168214893645654e+03 1.003304526060716517e+00 7.660371549542221645e-03 5.632261870899683345e+03
3.072176039910434611e+03 1.004597890630173351e+00 7.660656775285040222e-03 5.640499788199942486e+03
3.072183864927224022e+03 9.998937574829356301e-01 7.658981276156662243e-03 5.615060332290484439e+03
3.072191689944012978e+03 9.995250525231039740e-01 7.663522618637061586e-03 5.613962218622604269e+03
3.072199514960801935e+03 1.008843875831194614e+00 7.696359664853006689e-03 5.667284072425792147e+03
3.072207339977590891e+03 1.012433155946296015e+00 7.722411222119218190e-03 5.688432186858761270e+03
3.072215164994379847e+03 9.995343050301775945e-01 7.686080752671940915e-03 5.616931434245318087e+03
3.072222990011168804e+03 9.911007884318945305e-01 7.653556633095462067e-03 5.570503090487357440e+03
3.072230815027958215e+03 9.974240335312358763e-01 7.671069617221095392e-03 5.607013387132360549e+03
3.072238640044747171e+03 1.004518550406325650e+00 7.690014338284008669e-03 5.647872437290530797e+03
3.072246465061536128e+03 1.004742656152790348e+00 7.670527304925396465e-03 5.650109947411086978e+03
3.072254290078325084e+03 1.000334137963863057e+00 7.643191106379619223e-03 5.626292104340982405e+03
3.072262115095114041e+03 9.945176995126697728e-01 7.635512893477047237e-03 5.594545589019311592e+03
3.072269940111902997e+03 9.943901744596786996e-01 7.642924436022754085e-03 5.594795622757228557e+03
3.072277765128692408e+03 1.000075136225628603e+00 7.658254482875120721e-03 5.627754197845098133e+03
3.072285590145481365e+03 1.002246180401326070e+00 7.662692277772592715e-03 5.640946437069986132e+03
3.072293415162270321e+03 1.001932178457549893e+00 7.663701100206879446e-03 5.640153887317029330e+03
3.072301240179059278e+03 1.004494343274846324e+00 7.669003318242857171e-03 5.655554264471459646e+03
3.072309065195848234e+03 1.013138382170869267e+00 7.682364994249449817e-03 5.705208015254301245e+03
3.072316890212637190e+03 1.017818936902710414e+00 7.691749166047334198e-03 5.732555466501005867e+03
3.072324715229426602e+03 1.004275052723383466e+00 7.652628047373552858e-03 5.657250687941167598e+03
3.072332540246215558e+03 9.903014256544661054e-01 7.608304732580252298e-03 5.579498324298924672e+03
3.072340365263004514e+03 9.980124167793297252e-01 7.654894361223392972e-03 5.623914074432642337e+03
3.072348190279793471e+03 1.011688275039710039e+00 7.724391417711387771e-03 5.701963339458946393e+03
3.072356015296582427e+03 1.008654943186684472e+00 7.708415973394960700e-03 5.685848505713396662e+03
3.072363840313371838e+03 1.001028245570675157e+00 7.667985473806793704e-03 5.643830222421782310e+03
3.072371665330160795e+03 1.007470087465049291e+00 7.678659732609230230e-03 5.681129675598318499e+03
3.072379490346949751e+03 1.015178064838390792e+00 7.702000536109894838e-03 5.725582640015750258e+03
3.072387315363738708e+03 1.009003327785809478e+00 7.688397532091635969e-03 5.691738882720770562e+03
3.072395140380527664e+03 9.994518896755597570e-01 7.664070795940359018e-03 5.638832018863287885e+03
3.072402965397316621e+03 9.947413688876509674e-01 7.670887900546771200e-03 5.613223369624806764e+03
3.072410790414106032e+03 9.928805953228888592e-01 7.687296801181845406e-03 5.603689158246049374e+03
3.072418615430894988e+03 9.894683429140790354e-01 7.668957613819756859e-03 5.585393471761713954e+03
3.072426440447683945e+03 9.855263891771834928e-01 7.640713403644456767e-03 5.564100549752452025e+03
3.072434265464472901e+03 9.888686338850469770e-01 7.656145562212435945e-03 5.583932287642945084e+03
3.072442090481261857e+03 9.952159342269277786e-01 7.690352912276298032e-03 5.620742366570590093e+03
3.072449915498050814e+03 1.001972683110537110e+00 7.723155677422462520e-03 5.659877661784348675e+03
3.072457740514840225e+03 1.005881973984303013e+00 7.748574123193173804e-03 5.682938799363588259e+03
3.072465565531629181e+03 1.004996007038264194e+00 7.754219579248091895e-03 5.678911074806659599e+03
3.072473390548418138e+03 1.007024747545768983e+00 7.756930447170653359e-03 5.691354541821797284e+03
3.072481215565207094e+03 1.006379097664223732e+00 7.738570313971486134e-03 5.688684627655181430e+03
3.072489040581996051e+03 1.001775414666902009e+00 7.707195179345109962e-03 5.663636325777333695e+03
3.072496865598785007e+03 1.003043504245215267e+00 7.707261715557260986e-03 5.671781425446893081e+03
3.072504690615574418e+03 1.006694510625919969e+00 7.724847925054194667e-03 5.693405684696195749e+03
3.072512515632363375e+03 1.006162131763875589e+00 7.725330311187984973e-03 5.691373656219829172e+03
3.072520340649152331e+03 1.001372725549262155e+00 7.707048180451631265e-03 5.665256500837427666e+03
3.072528165665941287e+03 9.918847671009323186e-01 7.690974735537061541e-03 5.612543441672914923e+03
3.072535990682730244e+03 9.887285546128838920e-01 7.699027236770338359e-03 5.595646032820804976e+03
3.072543815699519655e+03 9.998676487578983529e-01 7.732791400604700598e-03 5.659659764075344356e+03
3.072551640716308611e+03 1.008583420083534188e+00 7.759584884159490339e-03 5.709975813394314173e+03
3.072559465733097568e+03 1.008728182674419882e+00 7.766862513479378186e-03 5.711776730034393040e+03
3.072567290749886524e+03 1.009949217354137341e+00 7.776169919702984219e-03 5.719673209698349638e+03
3.072575115766675481e+03 1.006884912704813839e+00 7.770762876556123327e-03 5.703298615891224472e+03
3.072582940783464437e+03 1.000386967162689267e+00 7.749983536354567749e-03 5.667465545777925399e+03
3.072590765800253848e+03 1.000288011305657587e+00 7.746058733500655290e-03 5.667878082968753006e+03
3.072598590817042805e+03 1.004242462457143770e+00 7.754408048744066903e-03 5.691261972867185250e+03
3.072606415833831761e+03 1.002487739612715645e+00 7.743297781556390466e-03 5.682292863417772423e+03
3.072614240850620718e+03 9.938236586086981461e-01 7.716816803153384551e-03 5.634150050035402273e+03
3.072622065867409674e+03 9.865090349302568784e-01 7.691352563365646926e-03 5.593641987364762826e+03
3.072629890884198630e+03 9.855715555122747107e-01 7.668201891015496117e-03 5.589285182032253942e+03
3.072637715900988042e+03 9.880192163432588437e-01 7.673520485266872339e-03 5.604127350267018301e+03
3.072645540917776998e+03 9.922217444594769731e-01 7.712846518454308763e-03 5.628929741780892982e+03
3.072653365934565954e+03 1.002214874292874702e+00 7.754595451770820817e-03 5.686596352915100397e+03
3.072661190951354911e+03 1.012171660813616425e+00 7.781432708976987814e-03 5.744076159690490385e+03
3.072669015968143867e+03 1.009067402197288965e+00 7.769163436425073101e-03 5.727441176315847770e+03
3.072676840984932824e+03 1.001334130157461644e+00 7.740324227841047927e-03 5.684521485765962098e+03
3.072684666001722235e+03 1.003669037768736061e+00 7.734829728512261290e-03 5.698753072614722441e+03
3.072692491018511191e+03 1.003974967687377928e+00 7.713524436807507947e-03 5.701466854480090660e+03
3.072700316035300148e+03 9.956801803468928735e-01 7.682837096069383871e-03 5.655330307441359764e+03
3.072708141052089104e+03 9.953050010503039502e-01 7.698501702944024125e-03 5.654167640542726076e+03
3.072715966068878060e+03 9.969693146504956527e-01 7.716126760161408880e-03 5.664592258946993752e+03
3.072723791085667472e+03 9.966034220123262122e-01 7.718792868583001891e-03 5.663482890288937597e+03
3.072731616102456428e+03 9.985313401628357344e-01 7.721032450802318287e-03 5.675410274618845506e+03
3.072739441119245384e+03 9.946543245344706685e-01 7.707079910271375997e-03 5.654341925196136799e+03
3.072747266136034341e+03 9.946816603449176730e-01 7.704286648084944511e-03 5.655465016833406480e+03
3.072755091152823297e+03 1.000117573456211328e+00 7.714921099990977756e-03 5.687344990489978954e+03
3.072762916169612254e+03 9.971391606940771535e-01 7.713333628259166214e-03 5.671377806704551404e+03
3.072770741186401665e+03 9.943465097140673503e-01 7.716886534022833824e-03 5.656461556292495516e+03
3.072778566203190621e+03 9.977005700784689068e-01 7.733266564851235154e-03 5.676512170215477454e+03
3.072786391219979578e+03 1.000702021173865752e+00 7.755140018529649813e-03 5.694562763286129666e+03
3.072794216236768534e+03 1.001370408142535195e+00 7.764023983150692039e-03 5.699340466883778390e+03
3.072802041253557491e+03 1.001161616128265930e+00 7.755040182498527078e-03 5.699126117695461289e+03
3.072809866270346447e+03 9.965075899923200309e-01 7.742089689389092429e-03 5.673602481920186619e+03
3.072817691287135858e+03 9.879975524663194841e-01 7.717650529531817211e-03 5.626111890554479942e+03
3.072825516303924815e+03 9.873724328672566219e-01 7.701622349420118689e-03 5.623512756412164890e+03
3.072833341320713771e+03 9.892732527228881301e-01 7.703431126615240161e-03 5.635301180287240641e+03
3.072841166337502727e+03 9.834714992268451805e-01 7.693972382724514718e-03 5.603208831111308427e+03
3.072848991354291684e+03 9.735918588892861214e-01 7.659110546017279357e-03 5.547867963433125624e+03
3.072856816371080640e+03 9.666928386747952739e-01 7.632672722309117100e-03 5.509495391426917195e+03
3.072864641387870051e+03 9.625379602681476410e-01 7.631723696164829755e-03 5.486751817825856051e+03
3.072872466404659008e+03 9.559351360932626385e-01 7.624950789934574480e-03 5.450043761563168118e+03
3.072880291421447964e+03 9.491441489834753220e-01 7.600543041741727665e-03 5.412249907289894509e+03
3.072888116438236921e+03 9.459750359275950204e-01 7.576835751487186361e-03 5.395099166549817710e+03
3.072895941455025877e+03 9.420716450031009215e-01 7.555637792333374722e-03 5.373753800517663876e+03
3.072903766471815288e+03 9.363123435849434184e-01 7.540396146693001053e-03 5.341812571529968409e+03
3.072911591488604245e+03 9.369902875132215536e-01 7.551662214143931538e-03 5.346591919492619127e+03
3.072919416505393201e+03 9.385146565648608830e-01 7.563180624705539978e-03 5.356203224995375422e+03
3.072927241522182157e+03 9.347749197452500658e-01 7.558546139381318307e-03 5.335769561682189305e+03
3.072935066538971114e+03 9.225598560494985279e-01 7.529299519641903006e-03 5.266942536794358602e+03
3.072942891555760070e+03 9.122280423029623941e-01 7.492652751687640771e-03 5.208845149343535923e+03
3.072950716572549481e+03 9.259252573673529829e-01 7.513158400344807468e-03 5.287957397073523680e+03
3.072958541589338438e+03 9.393708495185905116e-01 7.544532466376461383e-03 5.365659033216172247e+03
3.072966366606127394e+03 9.330465492592930898e-01 7.532060336594028835e-03 5.330442545688469181e+03
3.072974191622916351e+03 9.315919290301034605e-01 7.534069437309544488e-03 5.323038698871652741e+03
3.072982016639705307e+03 9.374821749689842276e-01 7.555128444706913152e-03 5.357607120936360843e+03
3.072989841656494264e+03 9.439867450723512521e-01 7.588869977581760157e-03 5.395698396304384914e+03
3.072997666673283675e+03 9.513795996791626353e-01 7.619278416385777582e-03 5.438880504090258910e+03
3.073005491690072631e+03 9.569504704387169491e-01 7.635377439639209202e-03 5.471659242260364408e+03
3.073013316706861588e+03 9.545930263571411611e-01 7.639677036008895618e-03 5.459108523100938328e+03
3.073021141723650544e+03 9.584063838998690965e-01 7.669069922989013056e-03 5.481848683834229632e+03
3.073028966740439500e+03 9.691260015240507064e-01 7.706489545582888290e-03 5.544105091512048602e+03
3.073036791757228457e+03 9.708908705772509862e-01 7.701190737040890244e-03 5.555145974803595891e+03
3.073044616774017868e+03 9.821542219672103613e-01 7.720532428348031093e-03 5.620546996108215353e+03
3.073052441790806824e+03 1.000192324799799914e+00 7.770542475944055075e-03 5.724746207934376798e+03
3.073060266807595781e+03 1.004574253635133640e+00 7.790859489485831013e-03 5.750804133909966367e+03
3.073068091824384737e+03 1.001731498218688454e+00 7.790087780339705406e-03 5.735504997779512451e+03
3.073075916841173694e+03 9.936185328124131910e-01 7.781915642942300454e-03 5.690020135508159001e+03
3.073083741857963105e+03 9.821938264471085089e-01 7.735464899978791199e-03 5.625551369036469623e+03
3.073091566874752061e+03 9.840751028220058316e-01 7.705629384062097527e-03 5.637283824991394795e+03
3.073099391891541018e+03 9.919615010888410689e-01 7.717401888505208245e-03 5.683426182944590437e+03
3.073107216908329974e+03 9.925945290562888657e-01 7.716465286762534334e-03 5.688018770096319713e+03
3.073115041925118931e+03 9.992472165019268271e-01 7.746990635910373443e-03 5.727113836009633815e+03
3.073122866941907887e+03 1.012253718133157454e+00 7.793671232810833391e-03 5.802644458559807390e+03
3.073130691958697298e+03 1.013780400691834949e+00 7.788609832618871576e-03 5.812382291026066014e+03
3.073138516975486255e+03 9.998196183572249929e-01 7.752734048917830564e-03 5.733312596669855338e+03
3.073146341992275211e+03 9.907472957138853120e-01 7.746732626154011550e-03 5.682252618127487949e+03
3.073154167009064167e+03 9.970266031622619929e-01 7.765319778056624898e-03 5.719236430935892713e+03
3.073161992025853124e+03 1.002488340112324572e+00 7.762362539713405993e-03 5.751541842556280244e+03
3.073169817042642080e+03 1.007589305707626393e+00 7.768123710842045858e-03 5.781787689228232011e+03
3.073177642059431491e+03 1.010804045296193721e+00 7.779570692474692579e-03 5.801218011406846017e+03
3.073185467076220448e+03 1.001717781901035664e+00 7.760561481136531679e-03 5.750044565883767063e+03
3.073193292093009404e+03 9.936751946438227012e-01 7.734244279547309274e-03 5.704845349491001798e+03
3.073201117109798361e+03 9.878858074093426200e-01 7.718162802811874036e-03 5.672568651595892334e+03
3.073208942126587317e+03 9.875222428075056680e-01 7.743582987360973086e-03 5.671441746160715411e+03
3.073216767143376273e+03 9.924356191999801347e-01 7.771083713182086114e-03 5.700625281634271232e+03
3.073224592160165685e+03 9.872451441818939077e-01 7.729246093661054987e-03 5.671771260595357489e+03
3.073232417176954641e+03 9.891387192168188403e-01 7.706285830544543081e-03 5.683612243421398489e+03
3.073240242193743597e+03 1.000358156095332518e+00 7.753690256379315929e-03 5.749052585171532883e+03
3.073248067210532554e+03 9.957964537289755169e-01 7.771449706006161237e-03 5.723805287302993747e+03
3.073255892227321510e+03 9.879172993698305261e-01 7.744176500344358144e-03 5.679477281090822544e+03
3.073263717244110921e+03 9.934901649014925562e-01 7.742053330066668050e-03 5.712481886420874616e+03
3.073271542260899878e+03 9.933869378086036539e-01 7.733931082412497278e-03 5.712854774953226297e+03
3.073279367277688834e+03 9.919754698993592523e-01 7.718108203012955838e-03 5.705702646430544519e+03
3.073287192294477791e+03 9.990540188325169879e-01 7.743563800258222718e-03 5.747389407700410629e+03
3.073295017311266747e+03 1.004570699584994564e+00 7.772911432164440054e-03 5.780103258044141512e+03
3.073302842328055704e+03 1.004637048389205978e+00 7.780386296220460733e-03 5.781462396288060518e+03
3.073310667344845115e+03 1.002160929470428563e+00 7.777021163908679445e-03 5.768187854817138941e+03
3.073318492361634071e+03 1.004767712655808776e+00 7.783351261013472105e-03 5.784169354682580888e+03
3.073326317378423028e+03 1.006552474633417793e+00 7.789453499924610391e-03 5.795422978590736420e+03
3.073334142395211984e+03 1.006679983331254302e+00 7.787586964226621278e-03 5.797136502601473694e+03
3.073341967412000940e+03 1.012252454918248334e+00 7.798381191100230321e-03 5.830211309263559997e+03
3.073349792428789897e+03 1.015038762322213239e+00 7.814398533735084085e-03 5.847246940898818139e+03
3.073357617445579308e+03 1.008317788122556902e+00 7.816067137313096116e-03 5.809510961026245241e+03
3.073365442462368264e+03 1.001096223535082208e+00 7.803007199186571576e-03 5.768877221670061772e+03
3.073373267479157221e+03 1.001064480362614306e+00 7.799338232179911859e-03 5.769668204294080169e+03
3.073381092495946177e+03 1.000536329132078794e+00 7.781923260735668785e-03 5.767597577971925602e+03
3.073388917512735134e+03 9.928546668709625767e-01 7.751811470255691970e-03 5.724282507996007553e+03
3.073396742529524090e+03 9.894306095982587923e-01 7.740101167153930553e-03 5.705503764801062971e+03
3.073404567546313501e+03 9.967566356011018369e-01 7.744843715782619327e-03 5.748718653081996308e+03
3.073412392563102458e+03 1.003334990533704341e+00 7.757595054194563709e-03 5.787634932045836649e+03
3.073420217579891414e+03 1.004699958250719449e+00 7.766053512492175626e-03 5.796486049659227319e+03
3.073428042596680370e+03 1.003767862131732747e+00 7.773209467792524877e-03 5.792084976641379399e+03
3.073435867613469327e+03 1.001080586552283380e+00 7.777936534309742335e-03 5.777552394726288185e+03
3.073443692630258738e+03 1.000413340822172259e+00 7.779867971583577686e-03 5.774674779867866164e+03
3.073451517647047694e+03 1.003525827634737633e+00 7.784654673973553408e-03 5.793617251948012381e+03
3.073459342663836651e+03 1.000580676071707531e+00 7.760188162317408107e-03 5.777587555038373466e+03
3.073467167680625607e+03 9.954714678088144586e-01 7.736796985806189061e-03 5.749054251229754300e+03
3.073474992697414564e+03 9.963344986703523976e-01 7.743357161055271741e-03 5.755007736415973341e+03
3.073482817714203520e+03 9.958735691048632432e-01 7.739186012274983442e-03 5.753314178613658441e+03
3.073490642730992931e+03 1.002201931210048969e+00 7.748746553708396774e-03 5.790849107169467970e+03
3.073498467747781888e+03 1.012961740727456261e+00 7.769730230632322134e-03 5.854006122102058725e+03
3.073506292764570844e+03 1.010913276361453450e+00 7.751133669678674822e-03 5.843151330009107369e+03
3.073514117781359801e+03 9.980632123150747770e-01 7.719666439764737674e-03 5.769848021795925888e+03
3.073521942798148757e+03 9.885337665546086727e-01 7.690338362125093488e-03 5.715719583921418234e+03
3.073529767814937713e+03 9.956740375962673806e-01 7.685087717927264681e-03 5.757973416744705901e+03
3.073537592831727125e+03 1.005085101462268149e+00 7.708434493977859604e-03 5.813375324987702697e+03
3.073545417848516081e+03 9.987228398994804079e-01 7.698241227507133556e-03 5.777547864155992102e+03
3.073553242865305037e+03 1.001186401407396787e+00 7.714171049733317860e-03 5.792773433368713086e+03
3.073561067882093994e+03 1.012357023836150560e+00 7.755673755688785240e-03 5.858390529199456068e+03
3.073568892898882950e+03 1.014658377607538409e+00 7.769519018349813760e-03 5.872695321311580301e+03
3.073576717915671907e+03 1.017811410999657662e+00 7.780355440219707125e-03 5.891934817775135343e+03
3.073584542932461318e+03 1.013615880235222866e+00 7.760591967635472460e-03 5.868633728797639378e+03
3.073592367949250274e+03 1.002468679020227516e+00 7.730784722945273184e-03 5.805068928311384298e+03
3.073600192966039231e+03 9.985394598531094346e-01 7.741494593217436784e-03 5.783287158654205086e+03
3.073608017982828187e+03 9.989382761699381330e-01 7.757409715854523061e-03 5.786568837603476823e+03
3.073615842999617144e+03 9.978769628459634999e-01 7.735547752099914201e-03 5.781391751163154368e+03
3.073623668016406555e+03 9.960936548467244078e-01 7.709481376451649166e-03 5.772028882523383800e+03
3.073631493033195511e+03 9.979671463584871560e-01 7.719640834671722199e-03 5.783856029186244086e+03
3.073639318049984468e+03 1.001741262788755416e+00 7.737533529795644419e-03 5.806704003686445503e+03
3.073647143066773424e+03 1.003571260831187750e+00 7.762837312187791106e-03 5.818288133037310217e+03
3.073654968083562380e+03 1.000029672052063834e+00 7.777940841753388894e-03 5.798728374375916246e+03
3.073662793100351337e+03 9.959759232254072892e-01 7.755786687924653630e-03 5.776191437566166314e+03
3.073670618117140748e+03 9.975051864313333461e-01 7.741246889856322547e-03 5.786030886004218701e+03
3.073678443133929704e+03 9.992746827725044190e-01 7.736591755180716699e-03 5.797267016498209159e+03
3.073686268150718661e+03 1.004150999922367671e+00 7.741663416171328492e-03 5.826533755519740225e+03
3.073694093167507617e+03 1.014168724863208970e+00 7.772299422002089397e-03 5.885647734793433301e+03
3.073701918184296574e+03 1.013847242057138498e+00 7.781821827628207684e-03 5.884768375350939095e+03
3.073709743201085530e+03 1.005247463770890359e+00 7.766596634086932009e-03 5.835829851940135086e+03
3.073717568217874941e+03 9.996703002470460619e-01 7.752016402660683904e-03 5.804424922410731597e+03
3.073725393234663898e+03 1.000201802574096188e+00 7.741958142694430230e-03 5.808484070537756452e+03
3.073733218251452854e+03 1.004057210520458376e+00 7.746220281508244508e-03 5.831850444008884551e+03
3.073741043268241810e+03 1.001686077679604825e+00 7.734449696316449824e-03 5.819052737973104740e+03
3.073748868285030767e+03 9.986106154278504565e-01 7.715347226320953301e-03 5.802158101935058767e+03
3.073756693301819723e+03 1.000593124065797479e+00 7.712254944296234073e-03 5.814650380576606949e+03
3.073764518318609134e+03 1.002883000468191455e+00 7.719242452054454057e-03 5.828932992353178633e+03
3.073772343335398091e+03 1.001666415800337218e+00 7.739988421454699861e-03 5.822836477724458746e+03
3.073780168352187047e+03 9.986170087135470830e-01 7.750117279450903333e-03 5.806081342384501113e+03
3.228350837771528859e+03 1.003082814835757119e+00 4.549340569612066523e-03 1.127515442838843592e+04
3.228360254915703536e+03 1.000410771578612579e+00 4.529920671399970122e-03 1.124383638771705409e+04
3.228369672059878212e+03 9.953219290295748367e-01 4.510783721454422225e-03 1.118535686237170376e+04
3.228379089204052889e+03 9.965784325627409235e-01 4.522042933498385785e-03 1.119818232119951790e+04
3.228388506348227565e+03 1.000306247049936426e+00 4.534262382995622037e-03 1.123876196603871722e+04
3.228397923492402242e+03 9.972113469323242718e-01 4.509398665281278383e-03 1.120267687773316538e+04
3.228407340636576919e+03 9.911470541049525185e-01 4.480387815181721342e-03 1.113323721308853055e+04
3.228416757780751141e+03 9.899605881178175082e-01 4.486831034177005996e-03 1.111858976863214775e+04
3.228426174924925817e+03 9.941095691588622829e-01 4.499827933660086390e-03 1.116385413534683175e+04
3.228435592069100494e+03 9.987652234820236785e-01 4.506516826430588367e-03 1.121478809885503688e+04
3.228445009213275171e+03 1.000447428763250102e+00 4.511208905574283154e-03 1.123231713126624163e+04
3.228454426357449847e+03 1.000707125989377166e+00 4.502942528164432558e-03 1.123386406316971807e+04
3.228463843501624524e+03 9.994178024320754528e-01 4.491639538099924389e-03 1.121801467663147014e+04
3.228473260645799201e+03 9.964497749900331769e-01 4.488030814486470947e-03 1.118331994579948878e+04
3.228482677789973877e+03 9.945680831732089944e-01 4.485691099759823650e-03 1.116081556208842812e+04
3.228492094934148554e+03 9.969859398270909390e-01 4.485860150586485490e-03 1.118655046743287858e+04
3.228501512078323231e+03 9.992977933528884860e-01 4.486434038588784159e-03 1.121108081451482576e+04
3.228510929222497907e+03 9.955759647465308726e-01 4.478339328976003141e-03 1.116791301745727651e+04
3.228520346366672584e+03 9.930135012270024930e-01 4.470755684099609294e-03 1.113775088251908710e+04
3.228529763510847260e+03 9.965471705866966179e-01 4.478905057182481012e-03 1.117595376201132603e+04
3.228539180655021482e+03 1.000086349472465885e+00 4.488817374666744658e-03 1.121419973174761981e+04
3.228548597799196159e+03 1.002635185322107603e+00 4.499106418696717166e-03 1.124132339905239314e+04
3.228558014943370836e+03 1.005393567675995081e+00 4.510080587724020137e-03 1.127078015768022851e+04
3.228567432087545512e+03 1.005171543629575615e+00 4.500970610623424191e-03 1.126681332629248755e+04
3.228576849231720189e+03 1.002729899039343620e+00 4.483910067303912249e-03 1.123796246323372361e+04
3.228586266375894866e+03 1.003715595432451924e+00 4.477310386880352377e-03 1.124751665222630982e+04
3.228595683520069542e+03 1.007280851345980555e+00 4.478618206767310921e-03 1.128596170581971819e+04
3.228605100664244219e+03 1.005507406865127740e+00 4.471600555057271900e-03 1.126457864225524463e+04
3.228614517808418896e+03 9.995355697074294055e-01 4.456091794017951781e-03 1.119616460706069302e+04
3.228623934952593572e+03 9.954040664467522781e-01 4.444201704645983110e-03 1.114837161305605150e+04
3.228633352096768249e+03 9.948742477674129558e-01 4.438341308966193069e-03 1.114091552620434049e+04
3.228642769240942926e+03 9.990431048169363670e-01 4.442543175840017212e-03 1.118606259284871521e+04
3.228652186385117602e+03 1.004797919469727185e+00 4.449950054160322320e-03 1.124894342416886138e+04
3.228661603529291824e+03 1.005822610882404655e+00 4.442709818287420009e-03 1.125885036210809267e+04
3.228671020673466501e+03 1.003327005992836529e+00 4.427914959144967251e-03 1.122934597167634092e+04
3.228680437817641177e+03 9.995688986712860657e-01 4.411718169982122364e-03 1.118571276201830551e+04
3.228689854961815854e+03 9.961863503063462799e-01 4.395798693329477404e-03 1.114628498254085753e+04
3.228699272105990531e+03 9.970987734337563024e-01 4.396962426886407219e-03 1.115490884055156130e+04
3.228708689250165207e+03 9.986069518533527978e-01 4.404192464862203768e-03 1.117018525542852876e+04
3.228718106394339884e+03 9.992463105130796608e-01 4.410343317679146606e-03 1.117573128914906374e+04
3.228727523538514561e+03 1.002703847749431887e+00 4.420862172212056476e-03 1.121278113933611712e+04
3.228736940682689237e+03 1.003733602140046255e+00 4.412145255740519169e-03 1.122266637804204402e+04
3.228746357826863914e+03 9.999049196061581268e-01 4.387970139461008431e-03 1.117822582304095886e+04
3.228755774971038591e+03 9.981237255400517983e-01 4.382072330632445778e-03 1.115667536788436337e+04
3.228765192115213267e+03 9.988961544712051666e-01 4.387441722760242017e-03 1.116366153664637386e+04
3.228774609259387944e+03 9.995165567681714158e-01 4.385266634742423196e-03 1.116893782338671008e+04
3.228784026403562166e+03 9.995049825358743867e-01 4.378956108394836330e-03 1.116714264506742620e+04
3.228793443547736842e+03 9.979671485367714867e-01 4.371705022426678605e-03 1.114828912551957728e+04
3.228802860691911519e+03 9.963028307746516488e-01 4.363920424359670099e-03 1.112801951276418549e+04
3.228812277836086196e+03 9.963471387702196314e-01 4.361591166896981210e-03 1.112682829792427401e+04
3.228821694980260872e+03 9.977721197266270492e-01 4.363334100874844031e-03 1.114104491031007274e+04
3.228831112124435549e+03 1.001147725187161219e+00 4.369258743038433729e-03 1.117702532835650163e+04
3.228840529268610226e+03 1.004605254345853238e+00 4.378208072694493407e-03 1.121390010111048832e+04
3.228849946412784902e+03 1.003211509635331344e+00 4.373739059263679653e-03 1.119661044653852696e+04
3.228859363556959579e+03 9.984031205340940796e-01 4.357419041248244800e-03 1.114121292180583259e+04
3.228868780701134256e+03 9.964600168247983447e-01 4.352002862114649415e-03 1.111779241480912970e+04
3.228878197845308932e+03 9.976666128168039105e-01 4.356320074012916786e-03 1.112950678260868335e+04
3.228887614989483609e+03 9.997695417022696152e-01 4.359661218861780180e-03 1.115120588944596966e+04
3.228897032133658286e+03 1.001205780265472356e+00 4.361595714964187909e-03 1.116545410099496075e+04
3.228906449277832508e+03 1.000399784814901771e+00 4.355888738990149923e-03 1.115468724503598787e+04
3.228915866422007184e+03 9.987711439951830750e-01 4.342241744155967906e-03 1.113474350369183958e+04
3.228925283566181861e+03 9.987428050332685103e-01 4.337558061740070560e-03 1.113263506821821647e+04
3.228934700710356537e+03 9.984748265053525751e-01 4.342514171968490239e-03 1.112784746038638878e+04
3.228944117854531214e+03 9.971586947175146154e-01 4.341882903278920444e-03 1.111137268834964379e+04
3.228953534998705891e+03 9.985930108738955147e-01 4.339015586452193984e-03 1.112553750846478397e+04
3.228962952142880567e+03 1.002067150051921818e+00 4.338815940824246840e-03 1.116241093944924978e+04
3.228972369287055244e+03 1.002524326495612073e+00 4.334607747472797937e-03 1.116566151277418794e+04
3.228981786431229921e+03 9.995094938127195849e-01 4.325639307180733154e-03 1.113023858686755921e+04
3.228991203575404597e+03 9.968139122461299184e-01 4.317516632667656520e-03 1.109837277525675381e+04
3.229000620719579274e+03 9.984929317138876437e-01 4.316114936799274673e-03 1.111520645763141511e+04
3.229010037863753951e+03 1.001011127565645920e+00 4.316520618011908915e-03 1.114136546983280277e+04
3.229019455007928627e+03 9.986520553757017860e-01 4.310849966063357193e-03 1.111323111940029776e+04
3.229028872152102849e+03 9.948149626850867344e-01 4.303440986794640315e-03 1.106865216969553330e+04
3.229038289296277526e+03 9.935472660626686325e-01 4.297914567980603423e-03 1.105266235838498687e+04
3.229047706440452203e+03 9.940073924234723579e-01 4.293012817869775941e-03 1.105588666373375600e+04
3.229057123584626879e+03 9.933611866677960478e-01 4.282820084035634037e-03 1.104679761836031321e+04
3.229066540728801556e+03 9.888538157952312391e-01 4.259934959238400459e-03 1.099477142373783136e+04
3.229075957872976232e+03 9.833237766410132252e-01 4.235764785748950649e-03 1.093138538830840116e+04
3.229085375017150909e+03 9.776943430338314034e-01 4.211877670035832529e-03 1.086690761201104397e+04
3.229094792161325586e+03 9.745245465472792690e-01 4.196501956583081026e-03 1.082977703537442540e+04
3.229104209305500262e+03 9.753692994103687619e-01 4.198570645476054977e-03 1.083725587641849961e+04
3.229113626449674939e+03 9.737079700809533334e-01 4.194327764388171981e-03 1.081688310764888229e+04
3.229123043593849616e+03 9.681797882040795722e-01 4.173037520374665334e-03 1.075355949156243514e+04
3.229132460738024292e+03 9.650629611051432244e-01 4.159432676300436893e-03 1.071702758467380045e+04
3.229141877882198969e+03 9.666950379649656977e-01 4.167268410062609750e-03 1.073322696190375427e+04
3.229151295026373191e+03 9.686918678612774780e-01 4.172518821620481780e-03 1.075346069905774857e+04
3.229160712170547868e+03 9.687187565517196841e-01 4.164504618163661180e-03 1.075181377504564989e+04
3.229170129314722544e+03 9.677796229931847627e-01 4.158626502830229180e-03 1.073943853377428968e+04
3.229179546458897221e+03 9.682731097072282411e-01 4.164189625306805032e-03 1.074295369250781005e+04
3.229188963603071898e+03 9.692277176918892012e-01 4.170161752569999727e-03 1.075157376512681367e+04
3.229198380747246574e+03 9.700686330753270914e-01 4.171747579822205829e-03 1.075892071843634221e+04
3.229207797891421251e+03 9.733797069368472776e-01 4.176391199941008846e-03 1.079364712622639308e+04
3.229217215035595927e+03 9.785405640546480655e-01 4.188943534641266682e-03 1.084885974436439756e+04
3.229226632179770604e+03 9.797980396015461002e-01 4.195625665631429885e-03 1.086077486153198333e+04
3.229236049323945281e+03 9.779776607314834003e-01 4.190886675733852124e-03 1.083856567515397546e+04
3.229245466468119957e+03 9.786993508423199595e-01 4.191924173672791944e-03 1.084452322581804765e+04
3.229254883612294634e+03 9.845360871156095817e-01 4.214811763726687525e-03 1.090713619901007041e+04
3.229264300756468856e+03 9.895297950138549625e-01 4.232356849088151837e-03 1.096037859777754602e+04
3.229273717900643533e+03 9.899561279385896695e-01 4.223067507130759748e-03 1.096301130435540290e+04
3.229283135044818209e+03 9.924591910089318736e-01 4.219435522121628597e-03 1.098862756017253560e+04
3.229292552188992886e+03 9.990940295552318551e-01 4.238796755058532595e-03 1.105996343424224870e+04
3.229301969333167563e+03 1.002446928482861654e+00 4.251395604215054552e-03 1.109493844946435274e+04
3.229311386477342239e+03 1.001039448536678700e+00 4.243474990534803169e-03 1.107721357177635218e+04
3.229320803621516916e+03 1.001503855854199321e+00 4.239031158226223665e-03 1.108019592894648849e+04
3.229330220765691593e+03 1.004718601194032113e+00 4.244641110237735125e-03 1.111359030800206892e+04
3.229339637909866269e+03 1.005913469408942884e+00 4.246335138589742500e-03 1.112462390333238545e+04
3.229349055054040946e+03 1.004256392019116984e+00 4.239139371738725147e-03 1.110410961677099476e+04
3.229358472198215622e+03 1.003686778325975082e+00 4.232860876729378947e-03 1.109561574821136855e+04
3.229367889342390299e+03 1.006849565735411511e+00 4.239712637771169725e-03 1.112836877694492978e+04
3.229377306486564976e+03 1.013943374888617743e+00 4.271640179988381129e-03 1.120453888089064458e+04
3.229386723630739198e+03 1.013069839462722221e+00 4.271935169929796071e-03 1.119264381238219903e+04
3.229396140774913874e+03 1.003625912656414210e+00 4.223309366737865514e-03 1.108607522417990913e+04
3.229405557919088551e+03 1.000667624964546976e+00 4.201143028656886824e-03 1.105116616612056896e+04
3.229414975063263228e+03 1.000849652698892589e+00 4.198937050096462377e-03 1.105093574709159839e+04
3.229424392207437904e+03 9.976323757674964154e-01 4.184483518090780473e-03 1.101316999748884336e+04
3.229433809351612581e+03 9.956359093763174073e-01 4.172589476432446431e-03 1.098888436524990720e+04
3.229443226495787258e+03 9.975750910003514660e-01 4.172773290327713540e-03 1.100802829185631708e+04
3.229452643639961934e+03 9.981324107742445273e-01 4.170287738582313317e-03 1.101190949144373735e+04
3.229462060784136611e+03 9.957836776377860799e-01 4.154215074023985890e-03 1.098372519112412920e+04
3.229471477928311288e+03 9.957871396626679639e-01 4.143156172854314465e-03 1.098148299714097448e+04
3.229480895072485964e+03 9.980842016345365941e-01 4.149209677373914829e-03 1.100452069967307580e+04
3.229490312216660641e+03 9.999910325705708702e-01 4.154350807827882942e-03 1.102323765185100638e+04
3.229499729360835317e+03 1.001198770026282991e+00 4.159683387331488021e-03 1.103423252629796843e+04
3.229509146505009539e+03 1.002390072323204429e+00 4.164550835356817943e-03 1.104503215360925969e+04
3.229518563649184216e+03 1.003036330261831477e+00 4.163235919094845743e-03 1.104981326653388714e+04
3.229527980793358893e+03 1.000861446959789181e+00 4.159025714811200904e-03 1.102351068013820623e+04
3.229537397937533569e+03 1.000104218446409732e+00 4.152855652167977175e-03 1.101282050052723389e+04
3.229546815081708246e+03 1.004512126184998966e+00 4.151967500806655158e-03 1.105898995563157587e+04
3.229556232225882923e+03 1.004788354436704001e+00 4.155269987807293057e-03 1.105965282483506780e+04
3.229565649370057599e+03 1.000028107923807363e+00 4.154394572073436855e-03 1.100488155364871636e+04
3.229575066514232276e+03 9.985887267035581383e-01 4.159551971387074124e-03 1.098666118406809073e+04
3.229584483658406953e+03 9.984424651739916001e-01 4.164557459914892783e-03 1.098266321502717619e+04
3.229593900802581629e+03 9.972688916354864874e-01 4.154974444914080918e-03 1.096735966553855360e+04
3.229603317946756306e+03 9.984864121927740088e-01 4.149480139141520883e-03 1.097834328992179871e+04
3.229612735090930983e+03 1.000930658753435232e+00 4.161192361181753098e-03 1.100279737808574646e+04
3.229622152235105659e+03 1.001016443465531980e+00 4.168160034509016051e-03 1.100131125048527792e+04
3.229631569379279881e+03 9.976965975139883147e-01 4.147847655307580414e-03 1.096239609220998500e+04
3.229640986523454558e+03 9.950591386802331018e-01 4.131599261730943898e-03 1.093098481263119356e+04
3.229650403667629234e+03 9.980954079424309011e-01 4.147435336714303672e-03 1.096189142217928384e+04
3.229659820811803911e+03 1.002831322508613399e+00 4.162169421336801671e-03 1.101143728893366824e+04
3.229669237955978588e+03 1.000005338845769698e+00 4.137854305315008356e-03 1.097793763951034271e+04
3.229678655100153264e+03 9.941372883163541729e-01 4.112702908116917799e-03 1.091105552753739721e+04
3.229688072244327941e+03 9.940340210996481130e-01 4.123919498257440711e-03 1.090745053294959325e+04
3.229697489388502618e+03 9.955671454019013877e-01 4.135779450890414433e-03 1.092178946637470290e+04
3.229706906532677294e+03 9.951082212780572034e-01 4.125577421881198442e-03 1.091426361492329852e+04
3.229716323676851971e+03 9.948387644501478499e-01 4.114951422867412466e-03 1.090880915331098186e+04
3.229725740821026648e+03 9.928903293053976675e-01 4.103288656192324510e-03 1.088494110882051791e+04
3.229735157965201324e+03 9.914226398688602560e-01 4.093663117858023677e-03 1.086634356827880765e+04
3.229744575109376001e+03 9.938782037120831303e-01 4.097863915379901419e-03 1.089073528902655926e+04
3.229753992253550223e+03 9.955263900517765663e-01 4.100421615361567185e-03 1.090626100008115100e+04
3.229763409397724899e+03 9.997181559031174114e-01 4.109410162197468103e-03 1.094962890652504211e+04
3.229772826541899576e+03 1.003222510677794110e+00 4.118243763185277725e-03 1.098543956646550214e+04
3.229782243686074253e+03 1.002783102409094296e+00 4.129115935784880183e-03 1.097804900007092874e+04
3.229791660830248929e+03 1.002552040167151937e+00 4.138853916833638152e-03 1.097293248199669688e+04
3.229801077974423606e+03 1.002104560256209975e+00 4.124825630508921481e-03 1.096544046618855828e+04
3.229810495118598283e+03 1.004390264191880933e+00 4.114214824199716007e-03 1.098784273710183152e+04
3.229819912262772959e+03 1.003810455128996804e+00 4.105358295514774901e-03 1.097888382594799987e+04
3.229829329406947636e+03 9.989296011642945228e-01 4.090937589234485208e-03 1.092288919205407728e+04
3.229838746551122313e+03 9.946667094403450760e-01 4.076186197734960222e-03 1.087366713695208091e+04
3.229848163695296989e+03 9.926003663862675852e-01 4.064978712783129736e-03 1.084846581309081739e+04
3.229857580839471666e+03 9.946593605040733310e-01 4.066823299346981890e-03 1.086834322309895288e+04
3.229866997983646343e+03 9.983169147469334037e-01 4.069889166359982359e-03 1.090566400082223117e+04
3.229876415127820565e+03 9.984882561530499245e-01 4.061638444690244924e-03 1.090488254707017040e+04
3.229885832271995241e+03 9.972444677430359894e-01 4.052670919077596551e-03 1.088864023867582910e+04
3.229895249416169918e+03 1.000980693776225783e+00 4.068677929350408840e-03 1.092675815739070822e+04
3.229904666560344594e+03 1.003024577847016818e+00 4.081586833590801315e-03 1.094637835910285139e+04
3.229914083704519271e+03 9.999706226170300694e-01 4.069074154278620910e-03 1.091035812514199279e+04
3.229923500848693948e+03 9.992068240239126986e-01 4.059591980758952764e-03 1.089932679689714860e+04
3.229932917992868624e+03 9.996570754032221284e-01 4.049821099927295928e-03 1.090153061025043644e+04
3.229942335137043301e+03 9.998981139297614673e-01 4.039886370967693541e-03 1.090144249027035585e+04
3.229951752281217978e+03 9.994279292574315132e-01 4.037646441171468051e-03 1.089359230975052924e+04
3.229961169425392654e+03 9.965489594263553519e-01 4.032191698254966074e-03 1.085948740434142383e+04
3.229970586569567331e+03 9.977084659298891545e-01 4.030501893658066520e-03 1.086938633554515945e+04
3.229980003713742008e+03 1.002330131105436006e+00 4.033619328903478678e-03 1.091697882439092427e+04
3.229989420857916684e+03 1.001658304371232155e+00 4.028915903493947293e-03 1.090689729701321812e+04
3.229998838002090906e+03 9.988949970458563810e-01 4.021522007935152132e-03 1.087404292166279811e+04
3.230008255146265583e+03 9.991858705810421348e-01 4.019773297992398041e-03 1.087443489128112560e+04
3.230017672290440260e+03 9.999068884146414815e-01 4.018355479724343947e-03 1.087949690016404020e+04
3.230027089434614936e+03 9.991755228302147129e-01 4.019293049853432317e-03 1.086874773343086599e+04
3.230036506578789613e+03 9.977705770624222259e-01 4.018823012738177193e-03 1.085066900102749423e+04
3.230045923722964289e+03 9.989848677569853619e-01 4.012069308821246405e-03 1.086106624311443557e+04
3.230055340867138966e+03 1.001241803148651188e+00 4.007142194934498226e-03 1.088278091849253542e+04
3.241675387232210596e+03 9.955823887198630429e-01 2.708083324859131367e-03 1.089977533588802180e+04
3.241683736843635415e+03 9.947514352698011431e-01 2.704737651655570244e-03 1.088548270439057706e+04
3.241692086455060235e+03 9.954889225773239092e-01 2.708844858529158971e-03 1.088818939827340364e+04
3.241700436066485054e+03 9.969911902378186808e-01 2.715739457904463913e-03 1.089908261340823447e+04
3.241708785677909418e+03 9.979916223004902109e-01 2.716518955970402029e-03 1.090430799542391469e+04
3.241717135289334237e+03 9.985819540024862828e-01 2.714821243007922453e-03 1.090487394435313217e+04
3.241725484900759056e+03 9.979399923721594678e-01 2.715914969507284612e-03 1.089181225891557915e+04
3.241733834512183876e+03 9.971865655348931545e-01 2.718571690866977697e-03 1.087737025645024914e+04
3.241742184123608695e+03 9.987531402833939032e-01 2.721264000463366906e-03 1.088805592029476975e+04
3.241750533735033514e+03 1.000881059601033574e+00 2.723437689446930963e-03 1.090466163703140774e+04
3.241758883346457878e+03 9.998958621173174022e-01 2.722355664691696736e-03 1.088716505947837686e+04
3.241767232957882698e+03 9.978137569179459376e-01 2.719700959612869444e-03 1.085756747976815859e+04
3.241775582569307517e+03 9.986641955271051696e-01 2.721745946213115913e-03 1.085970857239214820e+04
3.241783932180732336e+03 1.000674860570013758e+00 2.726366368699903106e-03 1.087426406979476087e+04
3.241792281792157155e+03 9.993819409656989894e-01 2.723382759443543095e-03 1.085273474316454667e+04
3.241800631403581974e+03 9.964257403669445345e-01 2.715852705730287513e-03 1.081302024471877303e+04
3.241808981015006793e+03 9.948838162478188529e-01 2.711923180441379918e-03 1.078856730154355319e+04
3.241817330626431158e+03 9.941995179703729812e-01 2.710381270735764524e-03 1.077334575970784863e+04
3.241825680237855977e+03 9.916093020980021322e-01 2.704962177674458904e-03 1.073744530112827306e+04
3.241834029849280796e+03 9.878777896897426025e-01 2.697180477864651905e-03 1.068921891501032042e+04
3.241842379460705615e+03 9.835172271016524581e-01 2.697007660388703321e-03 1.063426634727426790e+04
3.241850729072130434e+03 9.788367629244559831e-01 2.703187305876373400e-03 1.057597615888642758e+04
3.241859078683555254e+03 9.707830381505547779e-01 2.691943429294003584e-03 1.048142190538284558e+04
3.241867428294980073e+03 9.603456373362944110e-01 2.665055319154128414e-03 1.036138991790403998e+04
3.241875777906404437e+03 9.518373883070148089e-01 2.642330897227535783e-03 1.026246346450206693e+04
3.241884127517829256e+03 9.441141680092905997e-01 2.623299381398453995e-03 1.017230047012502473e+04
3.241892477129254075e+03 9.365426320608590816e-01 2.609863315887238702e-03 1.008409213648175682e+04
3.241900826740678895e+03 9.302631870366721012e-01 2.602770473008003769e-03 1.001013350456962144e+04
3.241909176352103714e+03 9.232189850752278160e-01 2.589371339122821872e-03 9.928305728240171447e+03
3.241917525963528533e+03 9.151410369412253942e-01 2.569328615665587585e-03 9.835758045370659602e+03
3.241925875574952897e+03 9.106503872715858705e-01 2.557296709785573333e-03 9.782172023629815158e+03
3.241934225186377716e+03 9.086588938851224428e-01 2.553075182449032147e-03 9.755828336531838431e+03
3.241942574797802536e+03 9.065039281234034130e-01 2.549994425424242147e-03 9.728141039084926888e+03
3.241950924409227355e+03 9.054479534736152857e-01 2.549505918138325437e-03 9.712683262356007617e+03
3.241959274020652174e+03 9.077563415197067442e-01 2.553534870950618148e-03 9.733760941515356535e+03
3.241967623632076993e+03 9.121981815842532537e-01 2.561136654422693868e-03 9.778173388880779385e+03
3.241975973243501812e+03 9.129071222180912271e-01 2.563990498111802605e-03 9.783070580795036221e+03
3.241984322854926177e+03 9.115836555909443417e-01 2.563751864747689218e-03 9.766737271456873714e+03
3.241992672466350996e+03 9.146459414161735024e-01 2.570538809309248773e-03 9.797969984830831891e+03
3.242001022077775815e+03 9.208811788698804124e-01 2.584150781924267424e-03 9.863792948984493705e+03
3.242009371689200634e+03 9.266918422608162453e-01 2.596833387079076905e-03 9.925707873845225549e+03
3.242017721300625453e+03 9.326345307398113960e-01 2.610067831854601898e-03 9.989721408986930328e+03
3.242026070912050272e+03 9.395857920880761327e-01 2.626343236720285901e-03 1.006526911202757037e+04
3.242034420523475092e+03 9.490712341123327400e-01 2.647183849669247288e-03 1.016874918138746943e+04
3.242042770134899456e+03 9.582205226544899812e-01 2.665353212949663625e-03 1.026947054393477083e+04
3.242051119746324275e+03 9.661930280972323981e-01 2.679362119324818492e-03 1.035847437992745836e+04
3.242059469357749094e+03 9.751900078748607648e-01 2.696125771833243322e-03 1.045941168023841419e+04
3.242067818969173914e+03 9.852178394367596681e-01 2.716347803013097022e-03 1.057242343399119090e+04
3.242076168580598733e+03 9.918237501426769853e-01 2.728478725345188319e-03 1.064977747148586059e+04
3.242084518192023552e+03 9.930407770884277507e-01 2.727125726522876097e-03 1.067032525036283005e+04
3.242092867803447916e+03 9.946341521709887168e-01 2.728562217008412890e-03 1.069598016050528167e+04
3.242101217414872735e+03 9.978852043957568974e-01 2.735494833585197169e-03 1.074058253589959895e+04
3.242109567026297555e+03 9.994407749848008837e-01 2.738844302134472650e-03 1.076809652095254933e+04
3.242117916637722374e+03 9.982432898406257138e-01 2.735951901481028636e-03 1.076696872655252992e+04
3.242126266249147193e+03 9.978094120987324178e-01 2.733765336011120817e-03 1.077475305373073934e+04
3.242134615860572012e+03 9.975000465471699496e-01 2.731796780678023839e-03 1.078422492104453704e+04
3.242142965471996831e+03 9.977481702444651601e-01 2.731069078833755527e-03 1.079973280104267542e+04
3.242151315083421196e+03 9.998454427452418969e-01 2.734722382829539531e-03 1.083495241948310650e+04
3.242159664694846015e+03 1.000712406366588203e+00 2.735792870974055810e-03 1.085619891454424578e+04
3.242168014306270834e+03 9.993206288628697642e-01 2.729728444313677706e-03 1.085191513607688103e+04
3.242176363917695653e+03 9.985936880908911073e-01 2.727623615844842770e-03 1.085346562846528104e+04
3.242184713529120472e+03 9.994653385790296385e-01 2.735025984918290024e-03 1.087068520711097881e+04
3.242193063140545291e+03 1.000274901328995325e+00 2.738847673740950599e-03 1.088520015465438883e+04
3.242201412751970111e+03 9.997692441006101882e-01 2.732380356257520845e-03 1.088332279735974589e+04
3.242209762363394475e+03 9.995688044899909697e-01 2.727675491564845837e-03 1.088298508383036460e+04
3.242218111974819294e+03 9.999185355734757641e-01 2.725478290567832744e-03 1.088717679043744829e+04
3.242226461586244113e+03 1.000060283412369522e+00 2.722164418413350415e-03 1.088796308115280044e+04
3.383421350841803815e+03 9.968244895450750764e-01 1.937960178672335030e-03 8.202264994228338765e+03
3.383429974155031232e+03 9.958984635398190344e-01 1.938035700209916152e-03 8.188103106570816635e+03
3.383438597468258649e+03 9.951276183999839819e-01 1.937802763797893176e-03 8.174761697108428052e+03
3.383447220781486067e+03 9.950824704354267469e-01 1.938253498657745979e-03 8.166964666735598257e+03
3.383455844094713484e+03 9.957205476473984795e-01 1.939716957203579169e-03 8.164391313060960783e+03
3.383464467407940901e+03 9.973639771771319884e-01 1.942684260080552441e-03 8.169707261320283578e+03
3.383473090721167864e+03 9.991962405125125457e-01 1.946046132167536134e-03 8.176248669394661192e+03
3.383481714034395281e+03 9.987437405834472814e-01 1.945073744941086535e-03 8.163833664796464291e+03
3.383490337347622699e+03 9.967706548256678456e-01 1.941627294931185617e-03 8.138805765477532077e+03
3.383498960660850116e+03 9.970349747948711316e-01 1.942749362421584622e-03 8.131901037815152449e+03
3.383507583974077534e+03 9.989996598551249551e-01 1.946535527163821815e-03 8.138727038082050058e+03
3.383516207287304951e+03 1.000237134127279326e+00 1.948821328461669425e-03 8.139525513994671201e+03
3.383524830600532368e+03 1.001414497214866639e+00 1.950945843137219917e-03 8.139782770582185549e+03
3.383533453913759786e+03 1.002878025495531400e+00 1.953199400491112576e-03 8.142355075491982461e+03
3.383542077226987203e+03 1.003642788344130121e+00 1.954382864422706759e-03 8.139280128197240629e+03
3.383550700540214621e+03 1.003578963852489014e+00 1.954476009795866071e-03 8.129551576031058175e+03
3.383559323853442038e+03 1.003120600130658957e+00 1.954240775688308174e-03 8.116729903093309986e+03
3.383567947166669001e+03 1.001693862308333349e+00 1.952904958582543952e-03 8.096213270502080377e+03
3.383576570479896418e+03 9.991237990785007961e-01 1.950085268047980352e-03 8.066640170392831351e+03
3.383585193793123835e+03 9.942000932702453886e-01 1.943949016772650914e-03 8.018303768163147652e+03
3.383593817106351253e+03 9.875497771045920192e-01 1.935043030996789776e-03 7.956339418332443529e+03
3.383602440419578670e+03 9.804945451289238667e-01 1.926161242749986147e-03 7.891449388389331943e+03
3.383611063732806088e+03 9.730196280932658093e-01 1.917343815428588540e-03 7.823544962507828131e+03
3.383619687046033505e+03 9.642930543155621148e-01 1.906801917976309619e-03 7.745972105373447448e+03
3.383628310359260922e+03 9.536837346578203034e-01 1.894158591184961831e-03 7.653712025285582058e+03
3.383636933672488340e+03 9.422993349910659955e-01 1.879189546071640890e-03 7.555702486320468779e+03
3.383645556985715757e+03 9.304940933586011154e-01 1.861809136724903394e-03 7.454810479380654215e+03
3.383654180298943174e+03 9.175787597914660809e-01 1.845698146206087168e-03 7.345537711150180257e+03
3.383662803612170137e+03 9.038388898250711012e-01 1.831474450558838105e-03 7.230197907483614472e+03
3.383671426925397554e+03 8.918979140254258420e-01 1.816125688794940386e-03 7.129783306326978163e+03
3.383680050238624972e+03 8.817646396764842187e-01 1.799569525361849939e-03 7.044341775115476594e+03
3.383688673551852389e+03 8.714404637558637035e-01 1.785219915627165015e-03 6.957896913330397183e+03
3.383697296865079807e+03 8.621530181638399348e-01 1.773969158626559394e-03 6.880255308042622346e+03
3.383705920178307224e+03 8.572182690281299200e-01 1.767668301985746756e-03 6.837862885975018798e+03
3.383714543491534641e+03 8.566886563229993978e-01 1.768210060790788513e-03 6.831105913547152340e+03
3.383723166804762059e+03 8.565619579405078232e-01 1.769102409656682535e-03 6.828062789375345346e+03
3.383731790117989476e+03 8.573795513107677069e-01 1.769968970168112965e-03 6.833066914127904056e+03
3.383740413431216894e+03 8.592895084913552139e-01 1.771923924332593223e-03 6.847316631664185479e+03
3.383749036744443856e+03 8.618369439737381121e-01 1.775381469979131922e-03 6.867209298071363264e+03
3.383757660057671274e+03 8.637002817110811526e-01 1.778088719138179712e-03 6.882240386313202180e+03
3.383766283370898691e+03 8.661305313039593390e-01 1.780888076402668699e-03 6.902404962232263642e+03
3.383774906684126108e+03 8.710529827846456019e-01 1.787856732486644467e-03 6.943078256563157083e+03
3.383783529997353526e+03 8.801616624011909806e-01 1.802180450271644637e-03 7.017812979035787066e+03
3.383792153310580943e+03 8.906530363552430662e-01 1.816386112166988066e-03 7.104320664416804902e+03
3.383800776623808360e+03 9.028834897692331607e-01 1.829698363146609833e-03 7.205506568461622919e+03
3.383809399937035778e+03 9.165166868956010626e-01 1.844576872094103861e-03 7.318759095056255319e+03
3.383818023250263195e+03 9.318349546422300955e-01 1.862072001269708286e-03 7.446412844940714422e+03
3.383826646563490613e+03 9.463550990031608379e-01 1.879903710265550193e-03 7.568700701187385675e+03
3.383835269876718030e+03 9.591236116727398509e-01 1.898907110970254495e-03 7.678036981075696531e+03
3.383843893189944993e+03 9.701902192094740141e-01 1.914643352463817842e-03 7.774840430847413700e+03
3.383852516503172410e+03 9.786064320811338479e-01 1.923180999587856526e-03 7.851514161463449454e+03
3.383861139816399827e+03 9.848215848036259157e-01 1.929757907980642322e-03 7.911642459547730141e+03
3.383869763129627245e+03 9.882085442969668065e-01 1.934066738131486399e-03 7.950154932336902675e+03
3.383878386442854662e+03 9.924608460132646748e-01 1.938516113142711066e-03 7.996750752611286771e+03
3.383887009756082080e+03 9.962384381805159395e-01 1.941498393864618272e-03 8.040685456484265160e+03
3.383895633069309497e+03 9.979936882434331524e-01 1.942847507908665580e-03 8.069463690366977062e+03
3.383904256382536914e+03 9.981758417477570866e-01 1.942737390816670628e-03 8.086619240293762232e+03
3.383912879695764332e+03 9.985072813178350604e-01 1.941405905937673400e-03 8.105600780349608613e+03
3.383921503008991749e+03 9.979092191564712389e-01 1.935573482018728211e-03 8.116947250138320669e+03
3.383930126322219166e+03 9.976843128866351718e-01 1.931964633345680795e-03 8.130534882584881416e+03
3.383938749635446129e+03 9.984027055070244794e-01 1.935129628099037033e-03 8.150340252447902458e+03
3.383947372948673546e+03 9.996046374424654157e-01 1.937625317778461859e-03 8.171943996666972453e+03
3.383955996261900964e+03 1.000368571312541421e+00 1.936289201963699129e-03 8.187137322299418884e+03
3.383964619575128381e+03 1.000704809649489491e+00 1.935802008230488262e-03 8.195901268362431438e+03
3.383973242888355799e+03 1.001890772611704339e+00 1.938259018464430191e-03 8.209250945767336816e+03
