3.065541818119800610e+03 9.870625097661248626e-01 1.038556467299192251e-02 3.979232531086663585e+03
3.065550201769076466e+03 1.000821572353328914e+00 1.041674881292777195e-02 4.035506207966607690e+03
3.065558585418351868e+03 1.002100886493903165e+00 1.042936660195578277e-02 4.041465481459562398e+03
3.065566969067627724e+03 9.971567329470398811e-01 1.041923861199557481e-02 4.022316907870638715e+03
3.065575352716903581e+03 1.009138614128305411e+00 1.046152518590286705e-02 4.071444132941909629e+03
3.065583736366179437e+03 1.016249735076333094e+00 1.047291866614113130e-02 4.100929127429192704e+03
3.065592120015454839e+03 1.009639094315168739e+00 1.041816458793915282e-02 4.075036533749644605e+03
3.065600503664730695e+03 1.006638495074146933e+00 1.037737425825386098e-02 4.063701309947032314e+03
3.065608887314006552e+03 1.003579321840704308e+00 1.035782924060784857e-02 4.052119203862035647e+03
3.065617270963282408e+03 1.001724180279617293e+00 1.036500393921557100e-02 4.045389073418444241e+03
3.065625654612557810e+03 1.003565271878965159e+00 1.037822298512488389e-02 4.053580140966274939e+03
3.065634038261833666e+03 1.006383427276910325e+00 1.038250211233068473e-02 4.065715482150044409e+03
3.065642421911109523e+03 1.004740870265930841e+00 1.038936331354751996e-02 4.059824987519120441e+03
3.065650805560385379e+03 1.006491004607637407e+00 1.041238831719813046e-02 4.067637541864362902e+03
3.065659189209660781e+03 1.007489245631331132e+00 1.041692218603635853e-02 4.072407635638006923e+03
3.065667572858936637e+03 9.979604214450180644e-01 1.035562549696525218e-02 4.034613955913585414e+03
3.065675956508212494e+03 1.001071453891578811e+00 1.033454325729398632e-02 4.047911051215450243e+03
3.065684340157488350e+03 1.012508015426964780e+00 1.037875853009954247e-02 4.094877727851301643e+03
3.065692723806763752e+03 1.010629800469593276e+00 1.039383461673758224e-02 4.087996584835373142e+03
3.065701107456039608e+03 1.008393296749775292e+00 1.040324446117715622e-02 4.079657469920492986e+03
3.065709491105315465e+03 1.009316439752194761e+00 1.040101769147847022e-02 4.084094629658986378e+03
3.065717874754591321e+03 1.004829421541062695e+00 1.035947214991107639e-02 4.066631888137977512e+03
3.065726258403866723e+03 9.992601746081857250e-01 1.030770560104404820e-02 4.044776601287697758e+03
3.065734642053142579e+03 1.000459029044839188e+00 1.029373298759992533e-02 4.050308311260015216e+03
3.065743025702418436e+03 1.002092054019307010e+00 1.030408173296434513e-02 4.057593913593904290e+03
3.065751409351694292e+03 9.993065548706419055e-01 1.031196235779880364e-02 4.046981861618072799e+03
3.065759793000969694e+03 9.956206466139985167e-01 1.033121325810484534e-02 4.032713313470553658e+03
3.065768176650245550e+03 9.949398370514258572e-01 1.033772898427619963e-02 4.030608177417725074e+03
3.065776560299521407e+03 9.967162735315642230e-01 1.030994062396310175e-02 4.038452611045599951e+03
3.065784943948797263e+03 9.937632205925251982e-01 1.028130200292041302e-02 4.027127836141464286e+03
3.065793327598072665e+03 9.898853925134890597e-01 1.027955479816795165e-02 4.012045422352091919e+03
3.065801711247348521e+03 9.892163128246881376e-01 1.028347923121411718e-02 4.009959618216799754e+03
3.065810094896624378e+03 9.957174035804753354e-01 1.030928877201929203e-02 4.036937321433943907e+03
3.065818478545900234e+03 1.004596620803791529e+00 1.035277282268493894e-02 4.073560546531693944e+03
3.065826862195175636e+03 1.004473990895378810e+00 1.035373724185861127e-02 4.073681667111751722e+03
3.065835245844451492e+03 1.002118088652912187e+00 1.033210641425332671e-02 4.064738395252265491e+03
3.065843629493727349e+03 1.005223315149850194e+00 1.033299014953841660e-02 4.077940956665393969e+03
3.065852013143003205e+03 1.009914712853132057e+00 1.034970193634183674e-02 4.097577138237739746e+03
3.065860396792278607e+03 1.008810057902946644e+00 1.035185653497831121e-02 4.093693067896980665e+03
3.065868780441554463e+03 1.001808849733300200e+00 1.031412832056630320e-02 4.065870574552454400e+03
3.065877164090830320e+03 9.983596801409222454e-01 1.026295719320442605e-02 4.052452274126735574e+03
3.065885547740106176e+03 9.992603305947832526e-01 1.024217894493804556e-02 4.056683161645250038e+03
3.065893931389381578e+03 9.963260388985786253e-01 1.023579837227324082e-02 4.045338503661760114e+03
3.065902315038657434e+03 9.953501582918869994e-01 1.024201821705893016e-02 4.041937559052596953e+03
3.065910698687933291e+03 1.001714090379604682e+00 1.026466512796012261e-02 4.068339564318808243e+03
3.065919082337209147e+03 1.004895191794356268e+00 1.026173110707761030e-02 4.081814456373271696e+03
3.065927465986484549e+03 1.003336462253829886e+00 1.024424169846589391e-02 4.076031626293703994e+03
3.065935849635760405e+03 1.000401527523119505e+00 1.022829163777828551e-02 4.064649799053593597e+03
3.065944233285036262e+03 9.991964336424699056e-01 1.022030970495466963e-02 4.060288376231776056e+03
3.065952616934312118e+03 1.001321031711094101e+00 1.022480993556452999e-02 4.069452084787018521e+03
3.065961000583587520e+03 9.997490821219883195e-01 1.019396503848970549e-02 4.063587274489721949e+03
3.065969384232863376e+03 9.970486359304598922e-01 1.015251471819112773e-02 4.053127612277070511e+03
3.065977767882139233e+03 9.915312799792675991e-01 1.012894915781579856e-02 4.031206914403406245e+03
3.065986151531415089e+03 9.799493433210155757e-01 1.009649420995932870e-02 3.984615447032531847e+03
3.065994535180690491e+03 9.869790041803845337e-01 1.012497276701001744e-02 4.013693453934025456e+03
3.066002918829966347e+03 1.010692666018342623e+00 1.020176004073149005e-02 4.110628976808304287e+03
3.066011302479242204e+03 1.016767726291258889e+00 1.019847319916725864e-02 4.135834749812987866e+03
3.066019686128518060e+03 1.007249347590004840e+00 1.014352308516553759e-02 4.097604722801412208e+03
3.066028069777793462e+03 1.005986956693809109e+00 1.013615902050983217e-02 4.092950007240599916e+03
3.066036453427069318e+03 1.014004863243900489e+00 1.016149798412974668e-02 4.126050444496359887e+03
3.066044837076345175e+03 1.020067255590835664e+00 1.019261112653391081e-02 4.151194568556526974e+03
3.066053220725621031e+03 1.021979749735197229e+00 1.022857702073191530e-02 4.159448415163450591e+03
3.066061604374896433e+03 1.019437911771977623e+00 1.022146027133717314e-02 4.149567033221422207e+03
3.066069988024172289e+03 1.011663495454812711e+00 1.016604104562838541e-02 4.118376226857840265e+03
3.066078371673448146e+03 1.007044822663188066e+00 1.014452034345383370e-02 4.100020778238191269e+03
3.066086755322723548e+03 1.007881413381668700e+00 1.016105889623471724e-02 4.103868098110242499e+03
3.066095138971999404e+03 1.004481049032408535e+00 1.013660795923363583e-02 4.090456599335958344e+03
3.066103522621275260e+03 9.998675863014850895e-01 1.010222504981028550e-02 4.072095913328236293e+03
3.066111906270551117e+03 9.943449352173729938e-01 1.009329315317341810e-02 4.050022410343776755e+03
3.066120289919826519e+03 9.832424194842626086e-01 1.006664151239194949e-02 4.005209175155650428e+03
3.066128673569102375e+03 9.811838772513583606e-01 1.004453271854661642e-02 3.997225213179338425e+03
3.066137057218378231e+03 9.964977037168553098e-01 1.008351555370876930e-02 4.060013901853106290e+03
3.066145440867654088e+03 1.009984600755344353e+00 1.013565919105146630e-02 4.115364988518835162e+03
3.066153824516929490e+03 1.009224663296450331e+00 1.013756963702955489e-02 4.112664043356284310e+03
3.066162208166205346e+03 1.009598436623386997e+00 1.012726621183111797e-02 4.114577110494410590e+03
3.066170591815481203e+03 1.018533327004297773e+00 1.013828841740791083e-02 4.151378413234552681e+03
3.066178975464757059e+03 1.019762917123832491e+00 1.014155655968212999e-02 4.156772167041273860e+03
3.066187359114032461e+03 1.007152817689703106e+00 1.010382659163454669e-02 4.105742339562733832e+03
3.066195742763308317e+03 9.934402963655072361e-01 1.003974566576855063e-02 4.050202986639162646e+03
3.066204126412584174e+03 9.844067591792516891e-01 9.990796929059670914e-03 4.013725693166716155e+03
3.066212510061860030e+03 9.794930078662864581e-01 9.967344775329992426e-03 3.994035415118742549e+03
3.066220893711135432e+03 9.817913482620461707e-01 9.970382065320557846e-03 4.003747014163674976e+03
3.066229277360411288e+03 9.846410840447061830e-01 9.969331474944918142e-03 4.015703338930029531e+03
3.066237661009687145e+03 9.822964366772878320e-01 9.950701752031209171e-03 4.006469729478654244e+03
3.066246044658963001e+03 9.849365357756840744e-01 9.961479075930654639e-03 4.017561739897233110e+03
3.066254428308238403e+03 9.945991583736013553e-01 1.000105365419143300e-02 4.057297005076899040e+03
3.066262811957514259e+03 9.957177073163284708e-01 9.986863199133472202e-03 4.062175957195313458e+03
3.066271195606790116e+03 9.911718444656183458e-01 9.934331825303472502e-03 4.043939340791745508e+03
3.066279579256065972e+03 9.866206560140178272e-01 9.896028715008886589e-03 4.025672502469379197e+03
3.066287962905341374e+03 9.772239394195570972e-01 9.854517016146799313e-03 3.987624759737149816e+03
3.066296346554617230e+03 9.805658272463929626e-01 9.876974841369410077e-03 4.001550265325721739e+03
3.066304730203893087e+03 9.956193034388425289e-01 9.943624094183225320e-03 4.063268810457705513e+03
3.066313113853168943e+03 9.953916775187715560e-01 9.944082141867772659e-03 4.062621501739783525e+03
3.066321497502444345e+03 9.834615320180931652e-01 9.903950503278583645e-03 4.014202097181958379e+03
3.066329881151720201e+03 9.826895868297815806e-01 9.885919337582649291e-03 4.011318042558585148e+03
3.066338264800996058e+03 9.891916303024667068e-01 9.874928887388594728e-03 4.038122137658281645e+03
3.066346648450271914e+03 9.846855287900162512e-01 9.844551931822782126e-03 4.019983175856829348e+03
3.066355032099547316e+03 9.778335913096284360e-01 9.829195714718991228e-03 3.992258766342149102e+03
3.066363415748823172e+03 9.812497284362371452e-01 9.850889395798180515e-03 4.006449927966021733e+03
3.066371799398099029e+03 9.887451811408959346e-01 9.883316412183000901e-03 4.037294006742802594e+03
3.066380183047374885e+03 9.911336495852490769e-01 9.902007939471119818e-03 4.047281706301745089e+03
3.066388566696650287e+03 9.872160904366708012e-01 9.890147180486735107e-03 4.031512797478509128e+03
3.066396950345926143e+03 9.813680015657477718e-01 9.847385470528973589e-03 4.007852260551638210e+03
3.066405333995202000e+03 9.800235968207536841e-01 9.827130828944801583e-03 4.002577275227225982e+03
3.066413717644477856e+03 9.824317167341579671e-01 9.838581246080177825e-03 4.012622816011096347e+03
3.066422101293753258e+03 9.805368999269341579e-01 9.828511432860122590e-03 4.005088021482278691e+03
3.066430484943029114e+03 9.728163328830420342e-01 9.800802964087525909e-03 3.973749861377047637e+03
3.066438868592304971e+03 9.651210863299156673e-01 9.782555455270547026e-03 3.942506470426787018e+03
3.066447252241580827e+03 9.761270640585453240e-01 9.839801330742520627e-03 3.987652379100878989e+03
3.066455635890856229e+03 9.921336433527045973e-01 9.910117166667850933e-03 4.053226107761568073e+03
3.066464019540132085e+03 9.933930601997194021e-01 9.912130605364093822e-03 4.058549829000058708e+03
3.066472403189407942e+03 9.901317540772361925e-01 9.901499524716566442e-03 4.045397904654299964e+03
3.066480786838683798e+03 9.907860578911894534e-01 9.901640600764543762e-03 4.048237917333480254e+03
3.066489170487959200e+03 9.994451351851147969e-01 9.923295694274846326e-03 4.083780349027299962e+03
3.066497554137235056e+03 1.003819651636843169e+00 9.928115033425390437e-03 4.101812222429257417e+03
3.066505937786510913e+03 1.000977451439845067e+00 9.914320752638827033e-03 4.090349616192895155e+03
3.066514321435786769e+03 9.979337227009840161e-01 9.902999100905819294e-03 4.078056880092699885e+03
3.066522705085062171e+03 9.980563015315720987e-01 9.894526188483075343e-03 4.078697113449804419e+03
3.066531088734338027e+03 9.973085617715424789e-01 9.910140199298684768e-03 4.075774860585817351e+03
3.066539472383613884e+03 9.911711177705719855e-01 9.925763629717124573e-03 4.050819497386162766e+03
3.066547856032889740e+03 9.932420580803577037e-01 9.931761199838936086e-03 4.059404781129080220e+03
3.066556239682165142e+03 1.002033615466483951e+00 9.930209936763694997e-03 4.095452974900583285e+03
3.066564623331440998e+03 1.000987235780899320e+00 9.898385256780698263e-03 4.091287292161825462e+03
3.066573006980716855e+03 9.919408857975344773e-01 9.851312881706980953e-03 4.054416904623902155e+03
3.066581390629992711e+03 9.933988519974334963e-01 9.853436581535117075e-03 4.060474915807805701e+03
3.066589774279268113e+03 1.000354456322136931e+00 9.874882600812977251e-03 4.088999384699413440e+03
3.066598157928543969e+03 9.927185458940736007e-01 9.843466037314283976e-03 4.057874542435960848e+03
3.066606541577819826e+03 9.848299631582926317e-01 9.835052028194308377e-03 4.025709853109847245e+03
3.066614925227095682e+03 9.884365316967358428e-01 9.861312173327302713e-03 4.040528110749737607e+03
3.066623308876371084e+03 9.948328468165579253e-01 9.864033131194343065e-03 4.066745346191533372e+03
3.066631692525646940e+03 9.937414036432333786e-01 9.845749806307087931e-03 4.062348290137185359e+03
3.066640076174922797e+03 9.837749626289065130e-01 9.796636802759819615e-03 4.021664476061990172e+03
3.066648459824198198e+03 9.794712688217440677e-01 9.767006186096728257e-03 4.004123465276948991e+03
3.066656843473474055e+03 9.856684294600867036e-01 9.801748452002408477e-03 4.029504877276119259e+03
3.066665227122749911e+03 9.925636995776309091e-01 9.841240694708982412e-03 4.057735159602414569e+03
3.066673610772025768e+03 9.975123826083761580e-01 9.858494071665589026e-03 4.078002307001395820e+03
3.066681994421301169e+03 1.003031823515785348e+00 9.870942666109413025e-03 4.100597438602422699e+03
3.066690378070577026e+03 1.004813778282431569e+00 9.866242335379285869e-03 4.107907429721794870e+03
3.066698761719852882e+03 1.003813997793582713e+00 9.860954917382801568e-03 4.103839316196639629e+03
3.066707145369128739e+03 1.007207364960494234e+00 9.884885750542363875e-03 4.117725743433138632e+03
3.066715529018404141e+03 1.007287175089477183e+00 9.886678441391698671e-03 4.118059756858382570e+03
3.066723912667679997e+03 9.961048907652689799e-01 9.836308407380775151e-03 4.072345513587083133e+03
3.066732296316955853e+03 9.938319593371437444e-01 9.836047614006894479e-03 4.063049382385991521e+03
3.066740679966231710e+03 1.007560853158036451e+00 9.899371629518661717e-03 4.119167146628637056e+03
3.066749063615507112e+03 1.014995919335770935e+00 9.935522532086564496e-03 4.149548106352224750e+03
3.066757447264782968e+03 1.004124736233306781e+00 9.901724705103587265e-03 4.105082997521200923e+03
3.066765830914058824e+03 9.925063339155028030e-01 9.850278896477647830e-03 4.057557872012464031e+03
3.066774214563334681e+03 9.981179979308736350e-01 9.866679772112862956e-03 4.080467026509541483e+03
3.066782598212610083e+03 1.001594774806069177e+00 9.884388176292236913e-03 4.094642379110683578e+03
3.066790981861885939e+03 9.977645095495260019e-01 9.874744135072386839e-03 4.078939937551431285e+03
3.066799365511161795e+03 9.953936867362735974e-01 9.861168107512040953e-03 4.069198375271224904e+03
3.066807749160437652e+03 9.903914649275464832e-01 9.828894303580358247e-03 4.048694263323704035e+03
3.066816132809713054e+03 9.926488541831566259e-01 9.830133940847321505e-03 4.057861709404462090e+03
3.066824516458988910e+03 1.005089771728827630e+00 9.881105159212463795e-03 4.108651865220184845e+03
3.066832900108264766e+03 1.015793978289485588e+00 9.929865966636065855e-03 4.152335240521992091e+03
3.066841283757540623e+03 1.020968887884553089e+00 9.944853485855865982e-03 4.173409095950230949e+03
3.066849667406816025e+03 1.019411764017337241e+00 9.928957166089697958e-03 4.166958323806888075e+03
3.066858051056091881e+03 1.014416695998777707e+00 9.910407273062615471e-03 4.146449307685679742e+03
3.066866434705367737e+03 1.006688676649101666e+00 9.900544133394133250e-03 4.114764665423865154e+03
3.066874818354643594e+03 9.984374396442405875e-01 9.888804154085755610e-03 4.080937210770260663e+03
3.066883202003918996e+03 9.952030402078325677e-01 9.868252487030472475e-03 4.067610651853561649e+03
3.066891585653194852e+03 9.951180781292043864e-01 9.860811974209392552e-03 4.067151174352770795e+03
3.066899969302470708e+03 9.987751684951182707e-01 9.885920254520851741e-03 4.081979723568822010e+03
3.066908352951746565e+03 1.003977914696217333e+00 9.910805844870250111e-03 4.103118537805932647e+03
3.066916736601021967e+03 1.006029133058861103e+00 9.907305799790858472e-03 4.111370823547651526e+03
3.066925120250297823e+03 1.004475726686838044e+00 9.887737229915566362e-03 4.104886150554351843e+03
3.066933503899573680e+03 1.002173495993236463e+00 9.870474341541566471e-03 4.095336110762417775e+03
3.066941887548849536e+03 1.006029684761996723e+00 9.883303628711417529e-03 4.110946180421290592e+03
3.066950271198124938e+03 1.003759481553791355e+00 9.868591325740748085e-03 4.101515941083577673e+03
3.066958654847400794e+03 9.874345687931155302e-01 9.796948502958965910e-03 4.034653172621837257e+03
3.066967038496676651e+03 9.765750719250720913e-01 9.770094013310024958e-03 3.990120780591015318e+03
3.066975422145952507e+03 9.747307730772143408e-01 9.782839977628193448e-03 3.982419462739933351e+03
3.066983805795227909e+03 9.847117920946693026e-01 9.819925349473080864e-03 4.023025352470281177e+03
3.066992189444503765e+03 1.001043065505770935e+00 9.870404592232212213e-03 4.089564743312307201e+03
3.067000573093779622e+03 1.002628838185382509e+00 9.861706639364978960e-03 4.095855284283329183e+03
3.067008956743055478e+03 9.941372443720319918e-01 9.822846961614417963e-03 4.060974204322281366e+03
3.067017340392330880e+03 9.971443772176179499e-01 9.818906220350941128e-03 4.073059878503748223e+03
3.067025724041606736e+03 1.009240411270489357e+00 9.836031646422545988e-03 4.122262417535607710e+03
3.067034107690882593e+03 1.010602228552224702e+00 9.828743091886476754e-03 4.127612287124547038e+03
3.067042491340158449e+03 9.983875503814881869e-01 9.781337006975825490e-03 4.077508103229937205e+03
3.067050874989433851e+03 9.957906074267255381e-01 9.772569206092235339e-03 4.066681137382056477e+03
3.067059258638709707e+03 1.007536779591465592e+00 9.828711004986544555e-03 4.114421806927794023e+03
3.067067642287985564e+03 1.013227271450672040e+00 9.858102405120566097e-03 4.137423454574173775e+03
3.067076025937261420e+03 1.013348381455608571e+00 9.860804225576651899e-03 4.137675859462794506e+03
3.067084409586536822e+03 1.011791958001398539e+00 9.848093631926322505e-03 4.131073146474645910e+03
3.067092793235812678e+03 1.006592777003506800e+00 9.810892053574127650e-03 4.109593198572687470e+03
3.067101176885088535e+03 1.006981606755224634e+00 9.821830584171827375e-03 4.110922722941139909e+03
3.067109560534364391e+03 1.012602908136199353e+00 9.860932056403393445e-03 4.133606051511431360e+03
3.067117944183639793e+03 1.011908192011425234e+00 9.859184442671609441e-03 4.130499298647668184e+03
3.067126327832915649e+03 1.007076303940255046e+00 9.839175293588912213e-03 4.110500762501078498e+03
3.067134711482191506e+03 9.998706451130279227e-01 9.792354086448356795e-03 4.080810956887905832e+03
3.067143095131467362e+03 9.908947235706374590e-01 9.735980688799154847e-03 4.043894942257033108e+03
3.067151478780742764e+03 9.887237869056121342e-01 9.715731509241277639e-03 4.034747943118341027e+03
3.067159862430018620e+03 9.933658654520508557e-01 9.727644368208457348e-03 4.053396832454170635e+03
3.072160490997633133e+03 1.003477756496193640e+00 8.422838323790801662e-03 4.756306395361158138e+03
3.072168311175355029e+03 1.000550469632748962e+00 8.414251144030651317e-03 4.743987937055774637e+03
3.072176131353076471e+03 9.976263953511758098e-01 8.405803114330251749e-03 4.731669478751107818e+03
3.072183951530798367e+03 9.952101635462258233e-01 8.403800789893126066e-03 4.721745290947079411e+03
3.072191771708520264e+03 9.947360035999681660e-01 8.412482931467082925e-03 4.721024632864257001e+03
3.072199591886241706e+03 9.924549167565241969e-01 8.391051795103280156e-03 4.711717952523023996e+03
3.072207412063963602e+03 9.890737074017185160e-01 8.359084848028025538e-03 4.697173651933539077e+03
3.072215232241685499e+03 9.910889301218284153e-01 8.366644923197025241e-03 4.708249176001454543e+03
3.072223052419406940e+03 9.950467545450676354e-01 8.386802875741733096e-03 4.728556145142483729e+03
3.072230872597128837e+03 9.943723046282088029e-01 8.382298690308844641e-03 4.726848965001458055e+03
3.072238692774850733e+03 9.920863485858115727e-01 8.365331131298187756e-03 4.717470772486134592e+03
3.072246512952572630e+03 9.971026829806266534e-01 8.378585567665675776e-03 4.742813677512174763e+03
3.072254333130294071e+03 1.002690851232024505e+00 8.400532744256727913e-03 4.770886246997684793e+03
3.072262153308015968e+03 1.001728706122429147e+00 8.400093832215566395e-03 4.767792609808334419e+03
3.072269973485737864e+03 1.000721597210366909e+00 8.400593459757745365e-03 4.764475897254851589e+03
3.072277793663459306e+03 9.936480607253813657e-01 8.374595577951780487e-03 4.732258648506113786e+03
3.072285613841181203e+03 9.841696891533089353e-01 8.337731799590585718e-03 4.688557978822212135e+03
3.072293434018903099e+03 9.908820607229649191e-01 8.356616142611253406e-03 4.721979438444081097e+03
3.072301254196624541e+03 1.004104795762728486e+00 8.390766421416786039e-03 4.786448460843552311e+03
3.072309074374346437e+03 1.000809986386673733e+00 8.365565687554549906e-03 4.772188564267707989e+03
3.072316894552068334e+03 9.879542045023617103e-01 8.313606107776976006e-03 4.712309424399394629e+03
3.072324714729789775e+03 9.870312260569995555e-01 8.311189075283076724e-03 4.709321063809386942e+03
3.072332534907511672e+03 9.943077175324095407e-01 8.343210548230171539e-03 4.745456987068515446e+03
3.072340355085233568e+03 9.969046564009547140e-01 8.349952134420484187e-03 4.759267123013187302e+03
3.072348175262955010e+03 9.966483527594517389e-01 8.339015763707192941e-03 4.759452952661845302e+03
3.072355995440676907e+03 9.955839825268013588e-01 8.341385389147980972e-03 4.755771908401187829e+03
3.072363815618398803e+03 9.930432093182683939e-01 8.344870821540938469e-03 4.745027105799425044e+03
3.072371635796120700e+03 9.945767736347754795e-01 8.367918330092078902e-03 4.753743058440742971e+03
3.072379455973842141e+03 9.977891539002367027e-01 8.404228921671261579e-03 4.770483680536061911e+03
3.072387276151564038e+03 9.956736786393582950e-01 8.406838223919790506e-03 4.761746944442305903e+03
3.072395096329285934e+03 9.906650532477723203e-01 8.389207393376384506e-03 4.739157955931087599e+03
3.072402916507007376e+03 9.902601561044311884e-01 8.389499284716888869e-03 4.738578808826863678e+03
3.072410736684729272e+03 9.941616701110451704e-01 8.403082399507233805e-03 4.758605324556172491e+03
3.072418556862451169e+03 9.975211878281962097e-01 8.414709649221124160e-03 4.776041329349220177e+03
3.072426377040172611e+03 1.001031807742952529e+00 8.429307506128073946e-03 4.794203982278560034e+03
3.072434197217894507e+03 1.004173859624171161e+00 8.440630125920133009e-03 4.810604294959124672e+03
3.072442017395616404e+03 1.005423828320719748e+00 8.447667716569228283e-03 4.817940113030588691e+03
3.072449837573337845e+03 1.002906954318875554e+00 8.454936214348909851e-03 4.807217550591077270e+03
3.072457657751059742e+03 9.954302042853785393e-01 8.451439067649547249e-03 4.772701444091073427e+03
3.072465477928781638e+03 9.909179505179397385e-01 8.439949172435215821e-03 4.752376934314301252e+03
3.072473298106503080e+03 9.916515520122213267e-01 8.427729533367388573e-03 4.757200110409735316e+03
3.072481118284224976e+03 9.931812964022035395e-01 8.433474694791037035e-03 4.765839458087140883e+03
3.072488938461946873e+03 9.954271531591960542e-01 8.458744923139369445e-03 4.777913941729147155e+03
3.072496758639668315e+03 9.977746752250942208e-01 8.471370553884272417e-03 4.790476261552119468e+03
3.072504578817390211e+03 1.001092579043179720e+00 8.477366743839750279e-03 4.807698738732586207e+03
3.072512398995112108e+03 1.000034675750243629e+00 8.480603143470138300e-03 4.803903386948693878e+03
3.072520219172834004e+03 9.899853029193292908e-01 8.465960969459052771e-03 4.756895024320225275e+03
3.072528039350555446e+03 9.893358799548518379e-01 8.470520142819586498e-03 4.755033806407669545e+03
3.072535859528277342e+03 1.005582528604328729e+00 8.515506979784216376e-03 4.834393659344223124e+03
3.072543679705999239e+03 1.014461219508289380e+00 8.543026121962570690e-03 4.878357240191990059e+03
3.072551499883720680e+03 1.007930463018639200e+00 8.526163961610631198e-03 4.848216391576042952e+03
3.072559320061442577e+03 1.001131868504616440e+00 8.506708652679099980e-03 4.816764350993984408e+03
3.072567140239164473e+03 9.949022578870253541e-01 8.489979461636537952e-03 4.788027497057353685e+03
3.072574960416885915e+03 9.930107051985391786e-01 8.485585951495835597e-03 4.780151620851444932e+03
3.072582780594607812e+03 1.000961872291295185e+00 8.510416221689071428e-03 4.819657935094533968e+03
3.072590600772329708e+03 1.004960188602790128e+00 8.518030378992484317e-03 4.840139688621233290e+03
3.072598420950051150e+03 9.995110520567859203e-01 8.481197966527485865e-03 4.815112228460616279e+03
3.072606241127773046e+03 9.979794540830672078e-01 8.467144159927979946e-03 4.808942752178331830e+03
3.072614061305494943e+03 1.003842209767431548e+00 8.501499946780991315e-03 4.838403371742602758e+03
3.072621881483216384e+03 1.004067973268238934e+00 8.508594284435027147e-03 4.840695509183444301e+03
3.072629701660938281e+03 9.931292719666777735e-01 8.462693646995719451e-03 4.789143881359517763e+03
3.072637521838660177e+03 9.895244243051667388e-01 8.447490082338226722e-03 4.772934692756529330e+03
3.072645342016382074e+03 1.002504982699146563e+00 8.498586754032687665e-03 4.836729567725010384e+03
3.072653162194103516e+03 1.010099374106286252e+00 8.517688027954632354e-03 4.874556190261657321e+03
3.072660982371825412e+03 1.002918915347233764e+00 8.450039860223452701e-03 4.841076391765857807e+03
3.072668802549547308e+03 9.995809069550151138e-01 8.410872029068282296e-03 4.826125618737953118e+03
3.072676622727268750e+03 1.007931069141072777e+00 8.455245528598854046e-03 4.867606707277054738e+03
3.072684442904990647e+03 1.011829339219196155e+00 8.481281068948800031e-03 4.887596193110453896e+03
3.072692263082712543e+03 9.995037776677838659e-01 8.441845076663756844e-03 4.829201355974686521e+03
3.072700083260433985e+03 9.899927187300728848e-01 8.412179913860335159e-03 4.784374006475255555e+03
3.072707903438155881e+03 9.899461059356525761e-01 8.414750909560952952e-03 4.785268875476883295e+03
3.072715723615877778e+03 9.913249913772981259e-01 8.425234377732199881e-03 4.793049830854016363e+03
3.072723543793599219e+03 9.979756663357478574e-01 8.462529253812906341e-03 4.826322757786423608e+03
3.072731363971321116e+03 1.003629351680357162e+00 8.490268095522680511e-03 4.854781734815627715e+03
3.072739184149043012e+03 1.005113129952951434e+00 8.481279924199400591e-03 4.863071698325545185e+03
3.072747004326764454e+03 1.004831328082566255e+00 8.468095192040545061e-03 4.862814353734403994e+03
3.072754824504486351e+03 9.977272896410408487e-01 8.438570290432352919e-03 4.829526988081927811e+03
3.072762644682208247e+03 9.918017452490768271e-01 8.414144500158413087e-03 4.801923798802727106e+03
3.072770464859930144e+03 9.907984884433942430e-01 8.410961009474292663e-03 4.798138808561758196e+03
3.072778285037651585e+03 9.891487864597492408e-01 8.405381043991810158e-03 4.791214329343528334e+03
3.072786105215373482e+03 9.841660195847639070e-01 8.387410447918727807e-03 4.768132047719924230e+03
3.072793925393095378e+03 9.806437750381418184e-01 8.375238801014059029e-03 4.752110643942318347e+03
3.072801745570816820e+03 9.844213577617983990e-01 8.392009940768704879e-03 4.771457762500798708e+03
3.072809565748538716e+03 9.883615644750570750e-01 8.406353535483976694e-03 4.791595204530356568e+03
3.072817385926260613e+03 9.912667418773674077e-01 8.400605252002974269e-03 4.806715912902875061e+03
3.072825206103982055e+03 9.924353338382951861e-01 8.392599533987311552e-03 4.813413967980188318e+03
3.072833026281703951e+03 9.854107089498830296e-01 8.374316954685569886e-03 4.780361932729523687e+03
3.072840846459425848e+03 9.796661145767626699e-01 8.362657029762450220e-03 4.753500287356145236e+03
3.072848666637147289e+03 9.816815402744482055e-01 8.391301273122431237e-03 4.764281666805896748e+03
3.072856486814869186e+03 9.820715382864798615e-01 8.413204609325245290e-03 4.767170966805840180e+03
3.072864306992591082e+03 9.702156094952097964e-01 8.378731213789259238e-03 4.710598500592875098e+03
3.072872127170312524e+03 9.610188079341793754e-01 8.347675652236411295e-03 4.666909510526416852e+03
3.072879947348034420e+03 9.693668044923183791e-01 8.344020284901955062e-03 4.708414943710120497e+03
3.072887767525756317e+03 9.766294276352526227e-01 8.342852386335072867e-03 4.744658045916234187e+03
3.072895587703477759e+03 9.736206598547642033e-01 8.342200607323669789e-03 4.730998938064049071e+03
3.072903407881199655e+03 9.701301489128086875e-01 8.339300793277723903e-03 4.714986596222292064e+03
3.072911228058921552e+03 9.653915540590527478e-01 8.327479013543087269e-03 4.692894389015182242e+03
3.072919048236643448e+03 9.597874327424608110e-01 8.311787768129895795e-03 4.666578796436529956e+03
3.072926868414364890e+03 9.443363648831787360e-01 8.250197455166533717e-03 4.592360269112053174e+03
3.072934688592086786e+03 9.323858843356911397e-01 8.202340221631961720e-03 4.535133272631979708e+03
3.072942508769808683e+03 9.485705333329018663e-01 8.265405921091250122e-03 4.614754005340881122e+03
3.072950328947530124e+03 9.620670916710265530e-01 8.317309807278407477e-03 4.681319496338704994e+03
3.072958149125252021e+03 9.531455475470294036e-01 8.277556554707308015e-03 4.638799255276761869e+03
3.072965969302973917e+03 9.448584071623893355e-01 8.241627233651904749e-03 4.599344656625584321e+03
3.072973789480695359e+03 9.433560530835560787e-01 8.231073230023821380e-03 4.592901885777208008e+03
3.072981609658417256e+03 9.432478935398488362e-01 8.224678982778389075e-03 4.593239724679877327e+03
3.072989429836139152e+03 9.522993643831227928e-01 8.259774271062664611e-03 4.638183641927729695e+03
3.072997250013860594e+03 9.595284979055379582e-01 8.288883572074530470e-03 4.674260770985711133e+03
3.073005070191582490e+03 9.495588684709358462e-01 8.251797189720513556e-03 4.626547288872738136e+03
3.073012890369304387e+03 9.404865500437025183e-01 8.217895053568395614e-03 4.583182907187858291e+03
3.073020710547025828e+03 9.398223622720940362e-01 8.213158460217952206e-03 4.580778603560825104e+03
3.073028530724747725e+03 9.406022439688724868e-01 8.213995306384011888e-03 4.585407146857142834e+03
3.073036350902469621e+03 9.551374952770979032e-01 8.261583895332434355e-03 4.657100297596898599e+03
3.073044171080191518e+03 9.687086131490200147e-01 8.307111783809406971e-03 4.724111081639517579e+03
3.073051991257912960e+03 9.771877846604487550e-01 8.351710953089988912e-03 4.766303038652680698e+03
3.073059811435634856e+03 9.849257587129421898e-01 8.392532888603334434e-03 4.804887665292092606e+03
3.073067631613356752e+03 9.841839138541684795e-01 8.398032205696553260e-03 4.802104054867671948e+03
3.073075451791078194e+03 9.837274554036998797e-01 8.404327441185618919e-03 4.800705861222410022e+03
3.073083271968800091e+03 9.889190569693065980e-01 8.417052662548094033e-03 4.826868779369702679e+03
3.073091092146521987e+03 9.944110065292788292e-01 8.430909916352742270e-03 4.854500509327022883e+03
3.073098912324243429e+03 9.947133178875028348e-01 8.435690670005038458e-03 4.856796241843327152e+03
3.073106732501965325e+03 9.950454101964749665e-01 8.440255551701806441e-03 4.859231791639432231e+03
3.073114552679687222e+03 1.000743466996051989e+00 8.449525208806650187e-03 4.887870422252804929e+03
3.073122372857408664e+03 1.005148181179227107e+00 8.453590881876634627e-03 4.910194085026019820e+03
3.073130193035130560e+03 9.969107289461097698e-01 8.400905501424107275e-03 4.870750981701929049e+03
3.073138013212852456e+03 9.899896007116002483e-01 8.352436641246876320e-03 4.837721027476763993e+03
3.073145833390573898e+03 9.971922831280767285e-01 8.380238550236302625e-03 4.873703122147919203e+03
3.073153653568295795e+03 1.004140923552683917e+00 8.409984909119479907e-03 4.908448577989644946e+03
3.073161473746017691e+03 1.003911062999485626e+00 8.414904031202614237e-03 4.908103116151925860e+03
3.073169293923739133e+03 1.002747988168047000e+00 8.415631560415035364e-03 4.903187945113009846e+03
3.073177114101461029e+03 9.989694260100329126e-01 8.408537773936408666e-03 4.885473753936732464e+03
3.073184934279182926e+03 9.954039078830391185e-01 8.402076747172953358e-03 4.868789738715926433e+03
3.073192754456904822e+03 9.904127244427622934e-01 8.385393986824219228e-03 4.845119848268397618e+03
3.073200574634626264e+03 9.854360312251678744e-01 8.368802661909612028e-03 4.821507307738878808e+03
3.073208394812348160e+03 9.875868016137825389e-01 8.373552392689189577e-03 4.832759602328215806e+03
3.073216214990070057e+03 9.909114989910737803e-01 8.382363084239674578e-03 4.849754466153404792e+03
3.073224035167791499e+03 9.923868530627765194e-01 8.395381033373710417e-03 4.857695623958545184e+03
3.073231855345513395e+03 9.920263253854851859e-01 8.402610497842973036e-03 4.856644924425443605e+03
3.073239675523235292e+03 9.876944534888821847e-01 8.402864869597025804e-03 4.836142341642640531e+03
3.073247495700956733e+03 9.862211066088946154e-01 8.412090084296153930e-03 4.829626023781804179e+03
3.073255315878678630e+03 9.961079441882929597e-01 8.442390163434270595e-03 4.878741527476342526e+03
3.073263136056400526e+03 1.003381967686831633e+00 8.463897859026748779e-03 4.915065850359170327e+03
3.073270956234121968e+03 1.000141714698927320e+00 8.461083621502510366e-03 4.899882656102060537e+03
3.073278776411843864e+03 9.984485521701892408e-01 8.466891752373783761e-03 4.892269414593614783e+03
3.073286596589565761e+03 1.003953810087279130e+00 8.495073228357904321e-03 4.919923941212257887e+03
3.073294416767287203e+03 1.009846848531693375e+00 8.516824858721714492e-03 4.949480313940766791e+03
3.073302236945009099e+03 1.011849664759177259e+00 8.499079805883999819e-03 4.959968934297390661e+03
3.073310057122730996e+03 1.011760350795217978e+00 8.480827832170419189e-03 4.960197231131272929e+03
3.073317877300452892e+03 1.007186796943773111e+00 8.485400750099857808e-03 4.938432096437367363e+03
3.073325697478174334e+03 1.004081008744205583e+00 8.493193954267133639e-03 4.923852522750362368e+03
3.073333517655896230e+03 1.008592215809956949e+00 8.490746696369236984e-03 4.946620184811263243e+03
3.073341337833618127e+03 1.012285344793998343e+00 8.483685251174042860e-03 4.965374629271145750e+03
3.073349158011339568e+03 1.011302174233628337e+00 8.486399566519888665e-03 4.961186796403899280e+03
3.073356978189061465e+03 1.010769772851107140e+00 8.492285168638332923e-03 4.959203158255975723e+03
3.073364798366783361e+03 1.005478906539546857e+00 8.479235031464311956e-03 4.933862967445891627e+03
3.073372618544504803e+03 9.984396433276587768e-01 8.461136535347881654e-03 4.899929708800753360e+03
3.073380438722226700e+03 9.849327217373560206e-01 8.398925213140673307e-03 4.834237283044172727e+03
3.073388258899948596e+03 9.751318541194492484e-01 8.345565610913249777e-03 4.786714827690531820e+03
3.073396079077670038e+03 9.971046508267822350e-01 8.431169380620922443e-03 4.895163669699443744e+03
3.073403899255391934e+03 1.019018127670646923e+00 8.520681056811344259e-03 5.003340952983514399e+03
3.073411719433113831e+03 1.015092686141965794e+00 8.493538471404214404e-03 4.984654390630250418e+03
3.073419539610835272e+03 1.007136571852079054e+00 8.451908722483114297e-03 4.946161981984198974e+03
3.073427359788557169e+03 1.005293545619858175e+00 8.468674245432713035e-03 4.937679856700054188e+03
3.073435179966279065e+03 1.007912061838485585e+00 8.501908727200602547e-03 4.951105644337600097e+03
3.073443000144000962e+03 1.017539969430360625e+00 8.524648485927967256e-03 4.998963848479055741e+03
3.073450820321722404e+03 1.024092086472500940e+00 8.536120429305939228e-03 5.031713997726323214e+03
3.073458640499444300e+03 1.013834918413339503e+00 8.499341547116819398e-03 4.981866132076046597e+03
3.073466460677166197e+03 1.002891008622531110e+00 8.457138972574112720e-03 4.928626052641759088e+03
3.073474280854887638e+03 9.971699643039045879e-01 8.426978054397939177e-03 4.901038268598618743e+03
3.073482101032609535e+03 9.959551211458252951e-01 8.412238124261187111e-03 4.895588436521953554e+03
3.073489921210331431e+03 1.009226087013346485e+00 8.449262471519133552e-03 4.961343283417212660e+03
3.073497741388052873e+03 1.016462889568081174e+00 8.473937622866025213e-03 4.997438613316249757e+03
3.073505561565774769e+03 1.001970230785756311e+00 8.446200142941362801e-03 4.926691208005556291e+03
3.073513381743496666e+03 9.931947563828538161e-01 8.432238073501479095e-03 4.884037371362013801e+03
3.073521201921218108e+03 1.002549440974943584e+00 8.457731974145779250e-03 4.930532759248506409e+03
3.073529022098940004e+03 1.008922600026574967e+00 8.471863070177223023e-03 4.962366566093987785e+03
3.073536842276661901e+03 1.003229799975474901e+00 8.443508539853638098e-03 4.934848349404743203e+03
3.073544662454383342e+03 9.988546501659457677e-01 8.424850234427438619e-03 4.913800630958663533e+03
3.073552482632105239e+03 1.004763084278198937e+00 8.465893064200693749e-03 4.943336888971807639e+03
3.073560302809827135e+03 1.010572687129931424e+00 8.503959822689007367e-03 4.972386179512730450e+03
3.073568122987548577e+03 1.008897019101346881e+00 8.488246049112843639e-03 4.964600916673269239e+03
3.073575943165270473e+03 1.005365067686214031e+00 8.467154003154333738e-03 4.947672666602538811e+03
3.073583763342992370e+03 1.004821827292494696e+00 8.475867325667584690e-03 4.945444663591572862e+03
3.073591583520714266e+03 1.005586044209084484e+00 8.490036939276203107e-03 4.949645509045698418e+03
3.073599403698435708e+03 1.005416641570616942e+00 8.510190491466531476e-03 4.949245020768506038e+03
3.073607223876157605e+03 1.006066805830985400e+00 8.530117229834601258e-03 4.952872942173846241e+03
3.073615044053879501e+03 1.004107284039970960e+00 8.506336183675803492e-03 4.943646637082087182e+03
3.073622864231600943e+03 1.002991645127939258e+00 8.481101220368079258e-03 4.938567675011187021e+03
3.073630684409322839e+03 1.011357799655166589e+00 8.504836265069192283e-03 4.980172297870965849e+03
3.073638504587044736e+03 1.013841784547873104e+00 8.520339495223469908e-03 4.992809863689341000e+03
3.073646324764766177e+03 9.974128124640380122e-01 8.476118739736677662e-03 4.912296138562405758e+03
3.073654144942488074e+03 9.890300704220538197e-01 8.445305173081020175e-03 4.871394546698738850e+03
3.073661965120209970e+03 1.001177805390205178e+00 8.472979467254216496e-03 4.931609611359108385e+03
3.073669785297931412e+03 1.011050756037527476e+00 8.502166379814424940e-03 4.980621721016941592e+03
3.073677605475653309e+03 1.017007786289943150e+00 8.529006493669574404e-03 5.010342985555274936e+03
3.073685425653375205e+03 1.022060153122671178e+00 8.551334877624805139e-03 5.035605165795883295e+03
3.073693245831096647e+03 1.017087504789361718e+00 8.527059357690006114e-03 5.011468711239112963e+03
3.073701066008818543e+03 1.007397311025090225e+00 8.477220620603114626e-03 4.964076189439143491e+03
3.073708886186540440e+03 1.003013574778687245e+00 8.452015052555345714e-03 4.942820795466633172e+03
3.073716706364262336e+03 1.006711571185773924e+00 8.467971492607020631e-03 4.961385514842984776e+03
3.073724526541983778e+03 1.007584802927990575e+00 8.484362120782804398e-03 4.966024279045169351e+03
3.073732346719705674e+03 1.005601247074135118e+00 8.486013937302465393e-03 4.956576412699253524e+03
3.073740166897427571e+03 1.009630981165528185e+00 8.498734449310516720e-03 4.976762324491499385e+03
3.073747987075149013e+03 1.011503391130740726e+00 8.510711171588511426e-03 4.986309838915059117e+03
3.073755807252870909e+03 1.005487872243102654e+00 8.516184937342942407e-03 4.956965517516620821e+03
3.073763627430592805e+03 9.981895420068244151e-01 8.506708800966242962e-03 4.921286814824801695e+03
3.073771447608314247e+03 9.914942246020939098e-01 8.473219340107683920e-03 4.888570775593085273e+03
3.073779267786036144e+03 9.848048891634256785e-01 8.439825090634189148e-03 4.855874219645027551e+03
3.228339001241425649e+03 1.000418800906315075e+00 4.905888937473562063e-03 1.120595950028789230e+04
3.228348415542073326e+03 9.994433968233559229e-01 4.897939359388047559e-03 1.119660928746220270e+04
3.228357829842721003e+03 9.984717341128349632e-01 4.890037492031376436e-03 1.118725907463651311e+04
3.228367244143368680e+03 1.000313059887958378e+00 4.901590981386132889e-03 1.120938933723394439e+04
3.228376658444016357e+03 1.001307454300772060e+00 4.906206560427943397e-03 1.122199479554660502e+04
3.228386072744664034e+03 9.996396058920833383e-01 4.898449960832592341e-03 1.120472448271263602e+04
3.228395487045311711e+03 9.985673363673565062e-01 4.893856508877988606e-03 1.119408814954257286e+04
3.228404901345959388e+03 9.981791715722224678e-01 4.881649435964022753e-03 1.119108115410306709e+04
3.228414315646607065e+03 1.003884529396270375e+00 4.888935742580925205e-03 1.125636130695422253e+04
3.228423729947255197e+03 1.013296834548090608e+00 4.916005634111711257e-03 1.136318892678416159e+04
3.228433144247902874e+03 1.014620711811492271e+00 4.930975504499733424e-03 1.137928855656245651e+04
3.228442558548550551e+03 1.010696060829733511e+00 4.937042451228368899e-03 1.133648409528516277e+04
3.228451972849198228e+03 1.005739196153038861e+00 4.914156691003634773e-03 1.128205459555689959e+04
3.228461387149845905e+03 1.001199450921922418e+00 4.879799539631047081e-03 1.123225703322815389e+04
3.228470801450493582e+03 1.000238073132725836e+00 4.871537527848062571e-03 1.122256242338088850e+04
3.228480215751141259e+03 9.994427570776609482e-01 4.860655249890643952e-03 1.121469353490020694e+04
3.228489630051788936e+03 9.975925904745609474e-01 4.843624115786455443e-03 1.119495019769942337e+04
3.228499044352436613e+03 9.981115001882240323e-01 4.846736416351935493e-03 1.120175619790793280e+04
3.228508458653084290e+03 9.995364472358078123e-01 4.857495554116576277e-03 1.121869773128481029e+04
3.228517872953731967e+03 9.997125509866751081e-01 4.854782698457543733e-03 1.122158934886503084e+04
3.228527287254379644e+03 1.000047677420627945e+00 4.848411517258234896e-03 1.122623213552478774e+04
3.228536701555027321e+03 1.000027226164146077e+00 4.843436721859970678e-03 1.122684954945893878e+04
3.228546115855674998e+03 9.995684945401448473e-01 4.837838916641008444e-03 1.122251241260498318e+04
3.228555530156322675e+03 9.989847173265756775e-01 4.834095998091788964e-03 1.121673700074301814e+04
3.228564944456970352e+03 9.978957986785601530e-01 4.824619638550243540e-03 1.120525528377854425e+04
3.228574358757618484e+03 9.975568723865609888e-01 4.816022967415292504e-03 1.120216114028766242e+04
3.228583773058266161e+03 9.992091121597945769e-01 4.822902768367659868e-03 1.122139518894644425e+04
3.228593187358913838e+03 1.001898011795144594e+00 4.826651438549455810e-03 1.125224160183327149e+04
3.228602601659561515e+03 1.002481619691652615e+00 4.814493227322428660e-03 1.125941343136559954e+04
3.228612015960209192e+03 9.998605367270040345e-01 4.799573416045306400e-03 1.123055839942144303e+04
3.228621430260856869e+03 9.972026314474596864e-01 4.789929649186048730e-03 1.120125504288674711e+04
3.228630844561504546e+03 9.967046782807431615e-01 4.787867236774047755e-03 1.119618060960588627e+04
3.228640258862152223e+03 9.981857774587521437e-01 4.788898947434250611e-03 1.121330660433628145e+04
3.228649673162799900e+03 9.995382667400571908e-01 4.782951282817405475e-03 1.122895826615986152e+04
3.228659087463447577e+03 9.994100477985250475e-01 4.776137694896795231e-03 1.122794530108157778e+04
3.228668501764095254e+03 1.000488124488919439e+00 4.781814630178805522e-03 1.124045448512468101e+04
3.228677916064742931e+03 1.002792500576140222e+00 4.790698147101224783e-03 1.126671216308814110e+04
3.228687330365390608e+03 1.002819136677640666e+00 4.784697636810908775e-03 1.126734948783397340e+04
3.228696744666038285e+03 9.998700131337867614e-01 4.763526912656937569e-03 1.123452147315896764e+04
3.228706158966685962e+03 9.963945898054566985e-01 4.744407372579758676e-03 1.119574865953582048e+04
3.228715573267333639e+03 9.961705390340142019e-01 4.740987727180846246e-03 1.119347901739301960e+04
3.228724987567981316e+03 9.985134521519536399e-01 4.743639478222685425e-03 1.122002473441633265e+04
3.228734401868629448e+03 9.991632014548539331e-01 4.742290605753278834e-03 1.122751684367521739e+04
3.228743816169277125e+03 9.988164669546150121e-01 4.745119706104975604e-03 1.122378322435954033e+04
3.228753230469924802e+03 9.987709761680394482e-01 4.745618859677266932e-03 1.122340652074647369e+04
3.228762644770572479e+03 9.982243478140885307e-01 4.739275868613784456e-03 1.121737049554297482e+04
3.228772059071220156e+03 9.981863774547929946e-01 4.740037140547592558e-03 1.121702276906875341e+04
3.228781473371867833e+03 9.989641438650961325e-01 4.747863471987354318e-03 1.122581450463504552e+04
3.228790887672515510e+03 9.997939100395905054e-01 4.751185363746843193e-03 1.123516354203159790e+04
3.228800301973163187e+03 1.001201476595709794e+00 4.745997191639018953e-03 1.125097874608313941e+04
3.228809716273810864e+03 1.002351951085196147e+00 4.734230731787740509e-03 1.126387819536153074e+04
3.228819130574458541e+03 1.002703116206343559e+00 4.728956831011079699e-03 1.126776896813236817e+04
3.228828544875106218e+03 1.001681514518526939e+00 4.732625977196393101e-03 1.125620730571530476e+04
3.228837959175753895e+03 9.994889215730115017e-01 4.731663503733722805e-03 1.123146127213820364e+04
3.228847373476401572e+03 9.987598079430750619e-01 4.726662007613494434e-03 1.122313540337818995e+04
3.228856787777049249e+03 9.992813644531097772e-01 4.726746339542598450e-03 1.122883810974074368e+04
3.228866202077696926e+03 9.998094010049010105e-01 4.721834374381650087e-03 1.123458838596684654e+04
3.228875616378344603e+03 1.002347122317481576e+00 4.717595063388814805e-03 1.126289549867193637e+04
3.228885030678992734e+03 1.003973419039077442e+00 4.724376333709621317e-03 1.128093583204862807e+04
3.228894444979640411e+03 1.000412207097472583e+00 4.720659197185144394e-03 1.124066394044037042e+04
3.228903859280288088e+03 9.967491592278214796e-01 4.708515992935033596e-03 1.119922569084199131e+04
3.228913273580935765e+03 9.969687308391654845e-01 4.700298451559719627e-03 1.120138882316541094e+04
3.228922687881583443e+03 9.972315635794043454e-01 4.692366244017687898e-03 1.120401438265723482e+04
3.228932102182231120e+03 9.950438474926163179e-01 4.680516961229244655e-03 1.117908519109783447e+04
3.228941516482878797e+03 9.937942348840795859e-01 4.671955452792109567e-03 1.116467368757277109e+04
3.228950930783526474e+03 9.976584964143813128e-01 4.676363949749106838e-03 1.120768974140024147e+04
3.228960345084174151e+03 1.003733042592449332e+00 4.685968498487191186e-03 1.127550955988536589e+04
3.228969759384821828e+03 1.004853171623594443e+00 4.684489231130343177e-03 1.128764816644484745e+04
3.228979173685469505e+03 1.001404137687961882e+00 4.673182065628914313e-03 1.124843974855202759e+04
3.228988587986117182e+03 1.000435631736795283e+00 4.670628094379283488e-03 1.123707456081674172e+04
3.228998002286764859e+03 1.000812719045601984e+00 4.672570599317431642e-03 1.124080208901967126e+04
3.229007416587412536e+03 9.956418597552499916e-01 4.655640381933152591e-03 1.118219817020228402e+04
3.229016830888060213e+03 9.895626407344877418e-01 4.624498000546024487e-03 1.111337750989637971e+04
3.229026245188707890e+03 9.873877838846637500e-01 4.600892959848472928e-03 1.108838922658500815e+04
3.229035659489355567e+03 9.870302109172415239e-01 4.593798753574278998e-03 1.108379031859261340e+04
3.229045073790003698e+03 9.910937832758424104e-01 4.603750005502718276e-03 1.112881613657187336e+04
3.229054488090651375e+03 9.958362477414948177e-01 4.613614174462843734e-03 1.118143984777087826e+04
3.229063902391299052e+03 9.937530142213091278e-01 4.599393275066148909e-03 1.115740205082282228e+04
3.229073316691946729e+03 9.894109223431150069e-01 4.575681958096253221e-03 1.110798776451612684e+04
3.229082730992594406e+03 9.903254918901488457e-01 4.574450418111076014e-03 1.111757261743737217e+04
3.229092145293242083e+03 9.921261308634622411e-01 4.579894873493394088e-03 1.113708397982900351e+04
3.229101559593889760e+03 9.904455231509408097e-01 4.577704159750745766e-03 1.111749811229997067e+04
3.229110973894537437e+03 9.890583968973248874e-01 4.576183437072460850e-03 1.110119050100012464e+04
3.229120388195185114e+03 9.892918020105898602e-01 4.569707294473125681e-03 1.110305461226487023e+04
3.229129802495832791e+03 9.891601213298438777e-01 4.562458918278347597e-03 1.110080347742091180e+04
3.229139216796480468e+03 9.887072438031320187e-01 4.562470511382646192e-03 1.109493071934762884e+04
3.229148631097128145e+03 9.858910052126662604e-01 4.551014214985465989e-03 1.106252259266913825e+04
3.229158045397775822e+03 9.802754404976222746e-01 4.532277375251215004e-03 1.099869375712417241e+04
3.229167459698423500e+03 9.770500379060270690e-01 4.525999470980161289e-03 1.096167341409077198e+04
3.229176873999071177e+03 9.740779222537897519e-01 4.518593160857381670e-03 1.092748380098104826e+04
3.229186288299718854e+03 9.693187780811924892e-01 4.503867555209077438e-03 1.087323761850514893e+04
3.229195702600366985e+03 9.683716605207158823e-01 4.490580135478792340e-03 1.086174189406159530e+04
3.229205116901014662e+03 9.698021329096493393e-01 4.481100688297428615e-03 1.087689858284610273e+04
3.229214531201662339e+03 9.680162317942440087e-01 4.476019803492263527e-03 1.085596696943223105e+04
3.229223945502310016e+03 9.660355772623423487e-01 4.478437624964790899e-03 1.083283993428164104e+04
3.229233359802957693e+03 9.680215137895469280e-01 4.486476951641702599e-03 1.085417846331261899e+04
3.229242774103605370e+03 9.733751547605418164e-01 4.503434751441190258e-03 1.091325669093345277e+04
3.229252188404253047e+03 9.791912676799896520e-01 4.520945375486305415e-03 1.097749484802187726e+04
3.229261602704900724e+03 9.821097975215477005e-01 4.523102182113827689e-03 1.100922610869588243e+04
3.229271017005548401e+03 9.848894723248322602e-01 4.525063657315667350e-03 1.103938123797705703e+04
3.229280431306196078e+03 9.885524857008630706e-01 4.542159171426673678e-03 1.107941725347996908e+04
3.229289845606843755e+03 9.909204256493518992e-01 4.556267571458376409e-03 1.110491877266644951e+04
3.229299259907491432e+03 9.923400661155042934e-01 4.552465761292855476e-03 1.111977583519826294e+04
3.229308674208139109e+03 9.939084485652830425e-01 4.544148270989817849e-03 1.113628349663684639e+04
3.229318088508786786e+03 9.961375792569375776e-01 4.540703043102597980e-03 1.116017770788490088e+04
3.229327502809434463e+03 9.960392535244645407e-01 4.536798050217703999e-03 1.115798156732728239e+04
3.229336917110082140e+03 9.958697276822486844e-01 4.535948584175256496e-03 1.115497587449438288e+04
3.229346331410730272e+03 9.967801622645643400e-01 4.532090617325588121e-03 1.116405426024668486e+04
3.229355745711377949e+03 9.962793209365645719e-01 4.524696826963203571e-03 1.115731399778759624e+04
3.229365160012025626e+03 9.962752084392482166e-01 4.522193350904025327e-03 1.115612568752094012e+04
3.229374574312673303e+03 9.988442551947032122e-01 4.523107128978612682e-03 1.118373699792898333e+04
3.229383988613320980e+03 1.003073013018545900e+00 4.536045961658902517e-03 1.122991264449619848e+04
3.229393402913968657e+03 1.003551813573069884e+00 4.544512913628603878e-03 1.123408931820634825e+04
3.229402817214616334e+03 1.002138493410919429e+00 4.539239794991634623e-03 1.121707555237182532e+04
3.229412231515264011e+03 9.995623450908643903e-01 4.516051307835944328e-03 1.118704059996272554e+04
3.229421645815911688e+03 9.947995947964308749e-01 4.488842850706126902e-03 1.113253220731774491e+04
3.229431060116559365e+03 9.934648334039291040e-01 4.488282871483745100e-03 1.111638322156842150e+04
3.229440474417207042e+03 9.947472180014551579e-01 4.492917633524178347e-03 1.112950945319119819e+04
3.229449888717854719e+03 9.963659521386868390e-01 4.488836949412213298e-03 1.114638610621278713e+04
3.229459303018502396e+03 9.978369476162675111e-01 4.487491543695879687e-03 1.116159723121058778e+04
3.229468717319150073e+03 9.978490529006476262e-01 4.487007131059311295e-03 1.116047897537074641e+04
3.229478131619797750e+03 9.987021569587933856e-01 4.486028479643842416e-03 1.116875737482157274e+04
3.229487545920445427e+03 9.998860219029021001e-01 4.484746061804356296e-03 1.118072399353603760e+04
3.229496960221093104e+03 9.988967118040896764e-01 4.476213701871984731e-03 1.116838199512074061e+04
3.229506374521741236e+03 9.963967480539243082e-01 4.470548413425523386e-03 1.113914661993499612e+04
3.229515788822388913e+03 9.924611029397181206e-01 4.469424870046916076e-03 1.109386206977179609e+04
3.229525203123036590e+03 9.921617076298218096e-01 4.476135167611570466e-03 1.108922237769193816e+04
3.229534617423684267e+03 9.993089061765257908e-01 4.489062101588024711e-03 1.116779616256723966e+04
3.229544031724331944e+03 1.003158656117842051e+00 4.486941620082750271e-03 1.120949815911052974e+04
3.229553446024979621e+03 1.001620953251706636e+00 4.480277996243337349e-03 1.119099020843445760e+04
3.229562860325627298e+03 9.981960188859112515e-01 4.478366027933127283e-03 1.115139687855961347e+04
3.229572274626274975e+03 9.913731112775758803e-01 4.468626418563949841e-03 1.107385070317354621e+04
3.229581688926922652e+03 9.902554909877552269e-01 4.455278202207486014e-03 1.106003883573810526e+04
3.229591103227570329e+03 9.953365170768421200e-01 4.449298946150409724e-03 1.111544820052578871e+04
3.229600517528218006e+03 9.982571424098992674e-01 4.460719235929400291e-03 1.114671534346656699e+04
3.229609931828865683e+03 9.998244225868208046e-01 4.476183809178831477e-03 1.116285986451219833e+04
3.229619346129513360e+03 9.993516675690515827e-01 4.460117328518756891e-03 1.115622166680643750e+04
3.229628760430161037e+03 9.969463161559599662e-01 4.439299293787597397e-03 1.112800858256196079e+04
3.229638174730808714e+03 9.945411779291964960e-01 4.435545125804156094e-03 1.109980036822596230e+04
3.229647589031456391e+03 9.945763621956955625e-01 4.431761247020536178e-03 1.109882734416649328e+04
3.229657003332104523e+03 9.959464071864403412e-01 4.426434973203959185e-03 1.111274499767361704e+04
3.229666417632752200e+03 9.930826897470141912e-01 4.419643197236518793e-03 1.107942118410751209e+04
3.229675831933399877e+03 9.913985422939604053e-01 4.414989190474330992e-03 1.105926058203122011e+04
3.229685246234047554e+03 9.938361393605875671e-01 4.418541846101685898e-03 1.108507506791889318e+04
3.229694660534695231e+03 9.930520545667081977e-01 4.415096994091888966e-03 1.107495063808064879e+04
3.229704074835342908e+03 9.903321956688131422e-01 4.402958173005136477e-03 1.104324018884689394e+04
3.229713489135990585e+03 9.917398057156793234e-01 4.399534296866021432e-03 1.105755512701696898e+04
3.229722903436638262e+03 9.965798245220663931e-01 4.411178147329664935e-03 1.111012974099980966e+04
3.229732317737285939e+03 9.998989856891108419e-01 4.422119405690056598e-03 1.114573652091047370e+04
3.229741732037933616e+03 9.999553357142129117e-01 4.415593783273324448e-03 1.114496719636200214e+04
3.229751146338581293e+03 9.983455715970576128e-01 4.405358642619410653e-03 1.112562939916406685e+04
3.229760560639228970e+03 9.948248758640451106e-01 4.394355839209778021e-03 1.108500245970688411e+04
3.229769974939876647e+03 9.941152871019279802e-01 4.395914984018620825e-03 1.107570415549752397e+04
3.229779389240524324e+03 9.963488807660417779e-01 4.408831995611953332e-03 1.109919424040083140e+04
3.229788803541172001e+03 9.965852000521683296e-01 4.404802370631582045e-03 1.110043149109542173e+04
3.229798217841819678e+03 9.993441148719046652e-01 4.400975155521207570e-03 1.112976264661422829e+04
3.229807632142467355e+03 1.003226426284593797e+00 4.407797194095239637e-03 1.117159635761759455e+04
3.229817046443115487e+03 1.001381246701193106e+00 4.403416582013187919e-03 1.114964854415271475e+04
3.229826460743763164e+03 9.962077643076407973e-01 4.382016022461891584e-03 1.109065334183329833e+04
3.229835875044410841e+03 9.924795208885545117e-01 4.361989958086709938e-03 1.104776150567070181e+04
3.229845289345058518e+03 9.940139301612257450e-01 4.372061254870937726e-03 1.106345534399844655e+04
3.229854703645706195e+03 9.994970752406306946e-01 4.396730686938721787e-03 1.112309092889532621e+04
3.229864117946353872e+03 1.003291685743709971e+00 4.412583074843496288e-03 1.116392446535772615e+04
3.229873532247001549e+03 1.004983081349639651e+00 4.419181858657920264e-03 1.118134958457508401e+04
3.229882946547649226e+03 1.002034496624447879e+00 4.390546993906505220e-03 1.114715501359631526e+04
3.229892360848296903e+03 9.952707311997223139e-01 4.352476455189824289e-03 1.107053463921386356e+04
3.229901775148944580e+03 9.924939191326737076e-01 4.351838325487781059e-03 1.103827794134605574e+04
3.229911189449592257e+03 9.958497114347627521e-01 4.368683053685769313e-03 1.107422909913728290e+04
3.229920603750239934e+03 9.982294023974307429e-01 4.365098255227671011e-03 1.109932131201385164e+04
3.229930018050887611e+03 9.981427507789235598e-01 4.353987862160222690e-03 1.109699091839124048e+04
3.229939432351535288e+03 1.001715900377604607e+00 4.364398772267303293e-03 1.113534819637672263e+04
3.229948846652182965e+03 1.003433195822048374e+00 4.371702593704694662e-03 1.115307242885295636e+04
3.229958260952830642e+03 1.001985103434327895e+00 4.365189464757060316e-03 1.113561789623409823e+04
3.229967675253478774e+03 1.002660321281077627e+00 4.362105020423036328e-03 1.114176681046628437e+04
3.229977089554126451e+03 1.001193860597039409e+00 4.356649195949413578e-03 1.112412314340948433e+04
3.229986503854774128e+03 9.988655773997975329e-01 4.352196503902024290e-03 1.109691436134644937e+04
3.229995918155421805e+03 9.987368033249076626e-01 4.344199086305487040e-03 1.109414997724141722e+04
3.230005332456069482e+03 9.989990842370842783e-01 4.331662726627785731e-03 1.109573520018578347e+04
3.230014746756717159e+03 9.989133171478048467e-01 4.328168973016295433e-03 1.109346060131061313e+04
3.230024161057364836e+03 9.995719441680006589e-01 4.329990752207077583e-03 1.109945852494230166e+04
3.230033575358012513e+03 1.001391449770987707e+00 4.334117169323539742e-03 1.111835048470853144e+04
3.230042989658660190e+03 1.001992889266551279e+00 4.336432312947348031e-03 1.112372212301904801e+04
3.241505368074452235e+03 1.000184123646514545e+00 2.928969783232380445e-03 1.110807045572859715e+04
3.241513736191080170e+03 9.985142958309248806e-01 2.920755688865689023e-03 1.108865789041328026e+04
3.241522104307708560e+03 9.979819581069984125e-01 2.917017614569398024e-03 1.108187553983766884e+04
3.241530472424336949e+03 9.985797789773990241e-01 2.921493547541812938e-03 1.108763909255921862e+04
3.241538840540965339e+03 1.000143341296782173e+00 2.927943818414844700e-03 1.110412019012738347e+04
3.241547208657593274e+03 1.002893953831914597e+00 2.935647755759649737e-03 1.113377322329147864e+04
3.241555576774221663e+03 1.004588951710575051e+00 2.941682167738319045e-03 1.115169980063895309e+04
3.241563944890850053e+03 1.002820498379026537e+00 2.942587554472771930e-03 1.113117610697063537e+04
3.241572313007478442e+03 1.000343816652441209e+00 2.940781296968786752e-03 1.110279162287876170e+04
3.241580681124106377e+03 9.994176303512170012e-01 2.936826444319807529e-03 1.109161583080034870e+04
3.241589049240734766e+03 9.986447490182405184e-01 2.931678544551563625e-03 1.108213976081362853e+04
3.241597417357363156e+03 9.962111289571020656e-01 2.924614461544920632e-03 1.105423394072577139e+04
3.241605785473991546e+03 9.945298611883205409e-01 2.921144566114943202e-03 1.103467709434472272e+04
3.241614153590619480e+03 9.959153293115362571e-01 2.926358685752182900e-03 1.104914409560294007e+04
3.241622521707247870e+03 9.973409471417338246e-01 2.931265722874820939e-03 1.106405105023081342e+04
3.241630889823876259e+03 9.987279551086195584e-01 2.932445731151740818e-03 1.107852424903718202e+04
3.241639257940504649e+03 1.000519510621409758e+00 2.934107976922790094e-03 1.109747922700968775e+04
3.241647626057132584e+03 1.001333050481631126e+00 2.936615954422791726e-03 1.110558119276964862e+04
3.241655994173760973e+03 1.001214113212343326e+00 2.937302126891995751e-03 1.110333792096557227e+04
3.241664362290389363e+03 9.995527996421089689e-01 2.933351551228516232e-03 1.108398891900245144e+04
3.241672730407017752e+03 9.976754576735008540e-01 2.930179030915439683e-03 1.106224511891344082e+04
3.241681098523645687e+03 9.978293733457361814e-01 2.933640238987342882e-03 1.106302306108115590e+04
3.241689466640274077e+03 9.987052737854457130e-01 2.936870223407569199e-03 1.107180233417141790e+04
3.241697834756902466e+03 9.970833779430259280e-01 2.931393002942947121e-03 1.105288899262103041e+04
3.241706202873530401e+03 9.949692967809762312e-01 2.925513521253425651e-03 1.102852088052319596e+04
3.241714570990158791e+03 9.952475549569304025e-01 2.924591214127025829e-03 1.103066963609584491e+04
3.241722939106787180e+03 9.954907806106427781e-01 2.923174087505891160e-03 1.103242746836534570e+04
3.241731307223415570e+03 9.949957739955219704e-01 2.920567403220704437e-03 1.102600206174926643e+04
3.241739675340043505e+03 9.950406043293757996e-01 2.919364529745522869e-03 1.102555723324340579e+04
3.241748043456671894e+03 9.932475092510300030e-01 2.916815435343834018e-03 1.100474694964580885e+04
3.241756411573300284e+03 9.903988265089270771e-01 2.912562690202869734e-03 1.097224372982136629e+04
3.241764779689928673e+03 9.898451905769934944e-01 2.909750807437758158e-03 1.096516785002237157e+04
3.241773147806556608e+03 9.904338118565788607e-01 2.908695265130267337e-03 1.097074371137704111e+04
3.241781515923184998e+03 9.888951438231862179e-01 2.906921494185275411e-03 1.095275542614047299e+04
3.241789884039813387e+03 9.864138912097875078e-01 2.905079087116973005e-03 1.092432952324943471e+04
3.241798252156441777e+03 9.850072420348452429e-01 2.907771499235726510e-03 1.090780679044354110e+04
3.241806620273069711e+03 9.833907413798029795e-01 2.907378891195811551e-03 1.088896159975026239e+04
3.241814988389698101e+03 9.795121372750746902e-01 2.891385957510759271e-03 1.084507227294534823e+04
3.241823356506326490e+03 9.764515491384819779e-01 2.876843025569719541e-03 1.081024526119742768e+04
3.241831724622954880e+03 9.737661499745545735e-01 2.868000664889368279e-03 1.077957618851430743e+04
3.241840092739582815e+03 9.705402855546776397e-01 2.861093291001808470e-03 1.074292864876762178e+04
3.241848460856211204e+03 9.707285454910193900e-01 2.875182010717713607e-03 1.074407388520588938e+04
3.241856828972839594e+03 9.708488478139032374e-01 2.887133950135495515e-03 1.074446556339211020e+04
3.241865197089467983e+03 9.678839441949411704e-01 2.870768953622916848e-03 1.071071472679902581e+04
3.241873565206095918e+03 9.655801524064828723e-01 2.855460775036165223e-03 1.068428396445211547e+04
3.241881933322724308e+03 9.660277544425459606e-01 2.854673686577619690e-03 1.068829866392218901e+04
3.241890301439352697e+03 9.664375312448775235e-01 2.854335824771882680e-03 1.069189317842753735e+04
3.241898669555981087e+03 9.658171782499362923e-01 2.854105399367271902e-03 1.068409057937687976e+04
3.241907037672609022e+03 9.649150064853582176e-01 2.853479976857874016e-03 1.067317119590455331e+04
3.241915405789237411e+03 9.633090562964234937e-01 2.849392604125038260e-03 1.065446892280219981e+04
3.241923773905865801e+03 9.615455580495669841e-01 2.844236033791578029e-03 1.063402681103632131e+04
3.241932142022494190e+03 9.547200433515938833e-01 2.829433770031086325e-03 1.055761015208864046e+04
3.241940510139122125e+03 9.469599382751039407e-01 2.813526143467113844e-03 1.047087224550275278e+04
3.241948878255750515e+03 9.424041754867035214e-01 2.805038848539870896e-03 1.041957750643314648e+04
3.241957246372378904e+03 9.386751204558735351e-01 2.798297860926275086e-03 1.037743091048944007e+04
3.241965614489007294e+03 9.311298595045373050e-01 2.781508104472172043e-03 1.029310535797052580e+04
3.241973982605635229e+03 9.218063654602168810e-01 2.760642311182501425e-03 1.018913872615213586e+04
3.241982350722263618e+03 9.146711070541292399e-01 2.743669885964903667e-03 1.010937557240768001e+04
3.241990718838892008e+03 9.089884695072525389e-01 2.730194707969224067e-03 1.004567990125055621e+04
3.241999086955520397e+03 9.039906170732768809e-01 2.718564860040237948e-03 9.989562532177609683e+03
3.242007455072148332e+03 8.992603413515422028e-01 2.706653753924500791e-03 9.936411555452723405e+03
3.242015823188776722e+03 9.002226235111039365e-01 2.710003193522165631e-03 9.946164478555439928e+03
3.242024191305405111e+03 9.019800123230856670e-01 2.715679004083095330e-03 9.964699666683847681e+03
3.242032559422033501e+03 9.064138920918888287e-01 2.723999237714462215e-03 1.001279776038946329e+04
3.242040927538661435e+03 9.119706969331220492e-01 2.733108287300243643e-03 1.007329086276431553e+04
3.242049295655289825e+03 9.220540225181155236e-01 2.757806146223148406e-03 1.018376728257432478e+04
3.242057663771918214e+03 9.323236113876924858e-01 2.784254740345284973e-03 1.029628142774105436e+04
3.242066031888546604e+03 9.440787094672590252e-01 2.810365335379358398e-03 1.042518001213257958e+04
3.242074400005174539e+03 9.563935618948848916e-01 2.836433733931158652e-03 1.056023683429855737e+04
3.242082768121802928e+03 9.655212739225482732e-01 2.857463855897792067e-03 1.066008180044013352e+04
3.242091136238431318e+03 9.743468023561724367e-01 2.879212588057383088e-03 1.075657359195781828e+04
3.242099504355059707e+03 9.801896362679033414e-01 2.894518854512045762e-03 1.082012353165877903e+04
3.242107872471687642e+03 9.847129187245360349e-01 2.906715804261237723e-03 1.086909789897553310e+04
3.242116240588316032e+03 9.895140283828747219e-01 2.916856450545612326e-03 1.092113066595613782e+04
3.242124608704944421e+03 9.948863659626309142e-01 2.927964338160528573e-03 1.097945903838776576e+04
3.242132976821572811e+03 9.951223880512999331e-01 2.927602496946291044e-03 1.098109912959889698e+04
3.242141344938200746e+03 9.939674352873095753e-01 2.924474344161178112e-03 1.096739186048960983e+04
3.242149713054829135e+03 9.951096351272833429e-01 2.925006623241200362e-03 1.097903239688445683e+04
3.242158081171457525e+03 9.969470165767406744e-01 2.926927529696659105e-03 1.099834116286949757e+04
3.242166449288085914e+03 9.966728788497717373e-01 2.923187180753745139e-03 1.099435533839854907e+04
3.242174817404713849e+03 9.962467071040442823e-01 2.920006117353734533e-03 1.098869440235706497e+04
3.242183185521342239e+03 9.971126720536015453e-01 2.918139805280882924e-03 1.099728680538496337e+04
3.242191553637970628e+03 9.980225592099269960e-01 2.914761135497318315e-03 1.100636336342388131e+04
3.242199921754599018e+03 9.997137988389952490e-01 2.924081385899409465e-03 1.102405581794171667e+04
3.242208289871226953e+03 1.001764775162500065e+00 2.935980015148965342e-03 1.104571315018372843e+04
3.242216657987855342e+03 1.000647532020439989e+00 2.933359075812911471e-03 1.103243763174183914e+04
3.242225026104483732e+03 9.988503264491198630e-01 2.928145607175329599e-03 1.101166980879870971e+04
3.242233394221112121e+03 9.984694094442034817e-01 2.925172773256460787e-03 1.100651947881651540e+04
3.242241762337740056e+03 9.981468684211021181e-01 2.922232213746811351e-03 1.100201514584684082e+04
3.242250130454368445e+03 9.985166028047700593e-01 2.923943444553521193e-03 1.100514322367645946e+04
3.242258498570996835e+03 9.991472150237871164e-01 2.927006905095719518e-03 1.101114757184822338e+04
3.242266866687625225e+03 9.989671383209244304e-01 2.925029818586788628e-03 1.100821927942769980e+04
3.242275234804253159e+03 9.987584435008601824e-01 2.921976950432776058e-03 1.100497807826723511e+04
3.242283602920881549e+03 9.995237637478670001e-01 2.921671980452067441e-03 1.101247084188214649e+04
3.242291971037509938e+03 1.000404848514441669e+00 2.922395193638312356e-03 1.102123973444631702e+04
3.242300339154137873e+03 9.989896838393924616e-01 2.922624656144275166e-03 1.100471413188104270e+04
3.242308707270766263e+03 9.972890362035038425e-01 2.922658997823655586e-03 1.098504894819241963e+04
3.242317075387394652e+03 9.987211877767742108e-01 2.925865550214001246e-03 1.099989392228782708e+04
3.242325443504023042e+03 1.000355965357812238e+00 2.928871005391045675e-03 1.101697023313260070e+04
3.242333811620650977e+03 1.000297422516306822e+00 2.927744768710886531e-03 1.101539899615081413e+04
3.242342179737279366e+03 1.000344720675411914e+00 2.926643298029918492e-03 1.101499590690008336e+04
3.242350547853907756e+03 1.001841795526277057e+00 2.928606399223849990e-03 1.103055784407178544e+04
3.242358915970536145e+03 1.003234926266390437e+00 2.931133397835846994e-03 1.104497540572411526e+04
3.242367284087164080e+03 1.002536130584889662e+00 2.933478616633586420e-03 1.103636435939100193e+04
3.242375652203792470e+03 1.001613473662434695e+00 2.935615711752952075e-03 1.102529329766226510e+04
3.242384020320420859e+03 9.996752849076561143e-01 2.931152498428282391e-03 1.100304926998088195e+04
3.242392388437049249e+03 9.974556205356952532e-01 2.925725054335086891e-03 1.097771390957793301e+04
3.242400756553677184e+03 9.964782871550410537e-01 2.924938366834089771e-03 1.096605723307170956e+04
3.242409124670305573e+03 9.958020389091684077e-01 2.924832724084549737e-03 1.095771854091870955e+04
3.242417492786933963e+03 9.964373158655379648e-01 2.921631665957148422e-03 1.096381496501160655e+04
3.242425860903562352e+03 9.975157043528802836e-01 2.918262335022853236e-03 1.097478865278399826e+04
3.242434229020190287e+03 1.000307452494031857e+00 2.926109440392600947e-03 1.100461278290093105e+04
3.383271739481433087e+03 1.000061150080146843e+00 2.092621350890938505e-03 8.410797009188241645e+03
3.383280377062346361e+03 1.001486324102897507e+00 2.091272842237986741e-03 8.422861293988356920e+03
3.383289014643260089e+03 1.001325339117162150e+00 2.090481360453629121e-03 8.421577755768910720e+03
3.383297652224173362e+03 9.989335206966752922e-01 2.090186112807589178e-03 8.401523948738653417e+03
3.383306289805087090e+03 9.976705398374825506e-01 2.090558719687756178e-03 8.390956101128573209e+03
3.383314927386000363e+03 9.980030789839257066e-01 2.091875443792440715e-03 8.393799419951032178e+03
3.383323564966914091e+03 9.992934478637972573e-01 2.093874094764008181e-03 8.404690656309347105e+03
3.383332202547827364e+03 1.002071049758560317e+00 2.096943711927625777e-03 8.428082437393481086e+03
3.383340840128741092e+03 1.003328892592461274e+00 2.097491971426298715e-03 8.438683880064165351e+03
3.383349477709654366e+03 1.002173400431287220e+00 2.094031418180718022e-03 8.428979168861285871e+03
3.383358115290567639e+03 1.001182542272463838e+00 2.092915040808328384e-03 8.420650684326639748e+03
3.383366752871481367e+03 1.000451265385532640e+00 2.095605743746987559e-03 8.414496942348667289e+03
3.383375390452394640e+03 1.000077426364010424e+00 2.096999311454109463e-03 8.411340915670474715e+03
3.383384028033308368e+03 1.000381236101280713e+00 2.095921542891217813e-03 8.413875704326850610e+03
3.383392665614221642e+03 1.000624383788454086e+00 2.094867485171774540e-03 8.415891507382531927e+03
3.383401303195135370e+03 1.000760768967116965e+00 2.093858269570852710e-03 8.417000506207014041e+03
3.383409940776048643e+03 1.000772964497868678e+00 2.093393742548154725e-03 8.417056052508251014e+03
3.383418578356962371e+03 1.000662630357116667e+00 2.094005239203754372e-03 8.416072039758688334e+03
3.383427215937875644e+03 1.000197422031802397e+00 2.092997828653621502e-03 8.412094288445867278e+03
3.383435853518789372e+03 9.988272480140215626e-01 2.088398775650645699e-03 8.400496328361834458e+03
3.383444491099702645e+03 9.982320578365818653e-01 2.085841973285801083e-03 8.395407153656551600e+03
3.383453128680616373e+03 9.994952523683476864e-01 2.088074621307172037e-03 8.405938101565938268e+03
3.383461766261529647e+03 9.998220137965539989e-01 2.089101354631472517e-03 8.408583889989997260e+03
3.383470403842442920e+03 9.976792353353484133e-01 2.087028222014178629e-03 8.390451332026641467e+03
3.383479041423356648e+03 9.954910927967606238e-01 2.084148216888449551e-03 8.371928182127296168e+03
3.383487679004269921e+03 9.931007821849370254e-01 2.078603390505882019e-03 8.351695758488403953e+03
3.383496316585183649e+03 9.910828478640234529e-01 2.073469759904399481e-03 8.334585800184442633e+03
3.383504954166096923e+03 9.903725816634330048e-01 2.070191107617190204e-03 8.328463390927425280e+03
3.383513591747010651e+03 9.898582147405294851e-01 2.068183759936228442e-03 8.323978718604359528e+03
3.383522229327923924e+03 9.896632074744067253e-01 2.069277823084651659e-03 8.322169809880000685e+03
3.383530866908837652e+03 9.888826187757843167e-01 2.068554791719927691e-03 8.315426853039400157e+03
3.383539504489750925e+03 9.862733616229133471e-01 2.062134460324652717e-03 8.293297334095272163e+03
3.383548142070664653e+03 9.836061835194140901e-01 2.056277980230651441e-03 8.270671662825643580e+03
3.383556779651577926e+03 9.804885545031761795e-01 2.051605435460031497e-03 8.244249360631554737e+03
3.383565417232491654e+03 9.772803289255642678e-01 2.047176823810255633e-03 8.217056413913105644e+03
3.383574054813404928e+03 9.739554991588641464e-01 2.044446114786171997e-03 8.188874232759365441e+03
3.383582692394318201e+03 9.701160959618696511e-01 2.040147459374144594e-03 8.156356951558136643e+03
3.383591329975231929e+03 9.645457218327885274e-01 2.029737684633217947e-03 8.109278300896878136e+03
3.383599967556145202e+03 9.594483781842657599e-01 2.020533040750943990e-03 8.066168936631980614e+03
3.383608605137058930e+03 9.561278400155939217e-01 2.017634606583909758e-03 8.037989161132593836e+03
3.383617242717972204e+03 9.529672031140241639e-01 2.014596568644906778e-03 8.011144981885159723e+03
3.383625880298885932e+03 9.505427270497721626e-01 2.009535217079100582e-03 7.990480454962700605e+03
3.383634517879799205e+03 9.485343677238461391e-01 2.005389584320750422e-03 7.973304657145912643e+03
3.383643155460712933e+03 9.483685313244936133e-01 2.005595370728923896e-03 7.971606990009913716e+03
3.383651793041626206e+03 9.482418275743346170e-01 2.006075023920747720e-03 7.970227628241179445e+03
3.383660430622539934e+03 9.490261679448380727e-01 2.010195041937526145e-03 7.976494808222917527e+03
3.383669068203453207e+03 9.496083397695107564e-01 2.013927458450625978e-03 7.981051409577739832e+03
3.383677705784366935e+03 9.472939502411727997e-01 2.010513486595910497e-03 7.961253314881818369e+03
3.383686343365280209e+03 9.442930758418410786e-01 2.005731709362078372e-03 7.935676807375581120e+03
3.383694980946193937e+03 9.377770495690226360e-01 1.994265104313803962e-03 7.880552159278036925e+03
3.383703618527107210e+03 9.311765323826197704e-01 1.982764166865987748e-03 7.824711600305041429e+03
3.383712256108020483e+03 9.234618364937617896e-01 1.968903686337624467e-03 7.759503307511010462e+03
3.383720893688934211e+03 9.153465028908961409e-01 1.954730874898413708e-03 7.690924173174471434e+03
3.383729531269847485e+03 9.061764656350376201e-01 1.941602726078732900e-03 7.613479616157723285e+03
3.383738168850761213e+03 8.965549248818140970e-01 1.927420704099624309e-03 7.532238949034202051e+03
3.383746806431674486e+03 8.832051018325702829e-01 1.903580873864954776e-03 7.419675322289094765e+03
3.383755444012588214e+03 8.700553482184861798e-01 1.880435700224893656e-03 7.308793954313281574e+03
3.383764081593501487e+03 8.590552943658120721e-01 1.862775006304974662e-03 7.215971658304817538e+03
3.383772719174415215e+03 8.491017755489689289e-01 1.846523771818693246e-03 7.131939721658145572e+03
3.383781356755328488e+03 8.472273157657719267e-01 1.844059634461199613e-03 7.115762219372403706e+03
3.383789994336242216e+03 8.461227283834744650e-01 1.842450760946894505e-03 7.106041591477012844e+03
3.383798631917155490e+03 8.511560143472779449e-01 1.848700084595055132e-03 7.147856110717712909e+03
3.383807269498069218e+03 8.566831913900854190e-01 1.855834849556958635e-03 7.193801575784958004e+03
3.383815907078982491e+03 8.669937850973428173e-01 1.871861979202800712e-03 7.279894785807375229e+03
3.383824544659895764e+03 8.776321419645369826e-01 1.888411300989601728e-03 7.368716931677017783e+03
3.383833182240809492e+03 8.919875697297443562e-01 1.911868088042917736e-03 7.488722043712328741e+03
3.383841819821722765e+03 9.066134762979370931e-01 1.935531352330117439e-03 7.610968971745251110e+03
3.383850457402636493e+03 9.231547646424135278e-01 1.961777027373833287e-03 7.749264427279464144e+03
3.383859094983549767e+03 9.394748913942856383e-01 1.987926510140726206e-03 7.885670634004208296e+03
3.383867732564463495e+03 9.532157286915324823e-01 2.008604221120571711e-03 8.000395369279449369e+03
3.383876370145376768e+03 9.662928287485572643e-01 2.028237878183199779e-03 8.109519050091239478e+03
3.383885007726290496e+03 9.737939032963061070e-01 2.042670986829143911e-03 8.171819749772404066e+03
3.383893645307203769e+03 9.810636627543328769e-01 2.056942351635203132e-03 8.232156010383723697e+03
3.383902282888117497e+03 9.842664879242567499e-01 2.062268257693922104e-03 8.258345714742439668e+03
3.383910920469030771e+03 9.870642566316436550e-01 2.066974885203378982e-03 8.281118998862128137e+03
3.383919558049944499e+03 9.896285140193038510e-01 2.072860107662691416e-03 8.301915604147703561e+03
3.383928195630857772e+03 9.925001696727041578e-01 2.078831157032903776e-03 8.325273095057056707e+03
3.383936833211771500e+03 9.947523385145539132e-01 2.080526377815728432e-03 8.343416401115546250e+03
3.383945470792684773e+03 9.966402996988943386e-01 2.082183647685800429e-03 8.358487681030181193e+03
3.383954108373598046e+03 9.970067687917113508e-01 2.083885422048273664e-03 8.360782754511528765e+03
3.383962745954511774e+03 9.975564564661011380e-01 2.085385288811002387e-03 8.364599234865512699e+03
3.383971383535425048e+03 9.993638196508450866e-01 2.089185922609384204e-03 8.378945123355295436e+03
3.383980021116338776e+03 1.001051578852411916e+00 2.093168864400043148e-03 8.392270841565381488e+03
3.383988658697252049e+03 1.000815568250874144e+00 2.091995856616201722e-03 8.389452888922778584e+03
3.383997296278165777e+03 1.000484567643562972e+00 2.090297059055044350e-03 8.385824322313697849e+03
3.384005933859079050e+03 1.000927218796638929e+00 2.091132707579611109e-03 8.388665132537960744e+03
3.384014571439992778e+03 1.001361317941940943e+00 2.092307408636245349e-03 8.391418144174776899e+03
3.384023209020906052e+03 9.995756947445184615e-01 2.089807240957920666e-03 8.375555455044343034e+03
3.384031846601819780e+03 9.976502287824803306e-01 2.086710104476711871e-03 8.358508514185823515e+03
3.384040484182733053e+03 9.982810571257300092e-01 2.088538074480285681e-03 8.362863786736477778e+03
3.384049121763646781e+03 9.991416815073532742e-01 2.091303108093025068e-03 8.369126350282842395e+03
3.384057759344560054e+03 9.987553957710080255e-01 2.091167101343081175e-03 8.364927312830090159e+03
3.384066396925473327e+03 9.983607010114435854e-01 2.090581690786187143e-03 8.360641705596528482e+03
3.384075034506387055e+03 9.987233112361200149e-01 2.091891336954254232e-03 8.362680918193895195e+03
3.384083672087300329e+03 9.988082049706473731e-01 2.092924404943399472e-03 8.362376832570687839e+03
3.384092309668214057e+03 9.983487256849551406e-01 2.091671140744389909e-03 8.357497760537731665e+03
3.384100947249127330e+03 9.983492624351024691e-01 2.090973719408425070e-03 8.356452159206353826e+03
3.384109584830041058e+03 9.993797082485615935e-01 2.091808855871906021e-03 8.364007862287175158e+03
3.384118222410954331e+03 1.000215327893666517e+00 2.092531462405798886e-03 8.369912523607519688e+03
3.384126859991868059e+03 1.000459270731095085e+00 2.094504175117730283e-03 8.370846018928030389e+03
3.384135497572781333e+03 1.000670009178304509e+00 2.096475298542296774e-03 8.371482148288183453e+03
3.384144135153695061e+03 1.000677543313863493e+00 2.096931470902352497e-03 8.370398744705298668e+03
3.384152772734608334e+03 1.000772205132627768e+00 2.097271894594626620e-03 8.370024453573407300e+03
3.384161410315522062e+03 1.001431190359553192e+00 2.098206453331212442e-03 8.374349193731111882e+03
3.384170047896435335e+03 1.001960792795329569e+00 2.099068105141778471e-03 8.377570456237379403e+03
3.384178685477348608e+03 1.002346167895935336e+00 2.100173095200004014e-03 8.379564313404069253e+03
3.384187323058262336e+03 1.002843912168822404e+00 2.101414954240792953e-03 8.382475822347747453e+03
3.384195960639175610e+03 1.001908502003246326e+00 2.100528305106382811e-03 8.373387651130971790e+03
3.384204598220089338e+03 1.000401526819643561e+00 2.099141798558421760e-03 8.359504612233646185e+03
3.384213235801002611e+03 9.994522614766003787e-01 2.100536652887101657e-03 8.350263657699262694e+03
