9.999998931740852193e-01
9.999998917024108813e-01
9.999998897588249225e-01
9.999998874645285030e-01
9.999998849435152160e-01
9.999998822748835670e-01
9.999998794923110612e-01
9.999998766037703213e-01
9.999998736073041350e-01
9.999998704980206377e-01
9.999998672701472247e-01
9.999998639174403348e-01
9.999998604332189789e-01
9.999998568103356522e-01
9.999998530411366993e-01
9.999998491174169057e-01
9.999998450303693165e-01
9.999998407705303904e-01
9.999998363277174951e-01
9.999998316909606277e-01
9.999998268484245889e-01
9.999998217873224959e-01
9.999998164938195266e-01
9.999998109529221191e-01
9.999998051483551809e-01
9.999997990624213129e-01
9.999997926758418254e-01
9.999997859675749945e-01
9.999997789146072291e-01
9.999997714917153724e-01
9.999997636711903670e-01
9.999997554225177332e-01
9.999997467120069761e-01
9.999997375023562673e-01
9.999997277521420758e-01
9.999997174152144286e-01
9.999997064399774871e-01
9.999996947685270143e-01
9.999996823356065434e-01
9.999996690673345068e-01
9.999996548796296070e-01
9.999996396762270701e-01
9.999996233460730632e-01
9.999996057595919030e-01
9.999995867623580059e-01
9.999995661616212228e-01
9.999995436916384595e-01
9.999995189162704801e-01
9.999994909531457754e-01
9.999994577187039102e-01
9.999994139699019957e-01
9.999993465370757839e-01
9.999992235002220786e-01
9.999989713904471333e-01
9.999984309082101674e-01
9.999972782521507897e-01
9.999948988226516899e-01
9.999902077435511849e-01
9.999814330936381834e-01
9.999659156691997897e-01
9.999400268924780733e-01
9.998993425299748106e-01
9.998391986721901770e-01
9.997556625904739924e-01
9.996467664493291494e-01
9.995136232053273284e-01
9.993608787952952266e-01
9.991959846227435049e-01
9.990270804695635665e-01
9.988598146033862424e-01
9.986940012203784356e-01
9.985213523418574599e-01
9.983254070719645989e-01
9.980841887819111857e-01
9.977752474307670649e-01
9.973819227341562677e-01
9.968992003102873367e-01
9.963375680566698422e-01
9.957237519871353637e-01
9.950979236705761455e-01
9.945077087286674500e-01
9.939999342885821321e-01
9.936114618765614637e-01
9.933606436250691507e-01
9.932409151985638340e-01
9.932178057136918925e-01
9.932302240806279992e-01
9.931963167424414651e-01
9.930235474317825606e-01
9.926219946766536850e-01
9.919192629385694682e-01
9.908749259082823002e-01
9.894921505315326105e-01
9.878241956554285608e-01
9.859739460440639647e-01
9.840855792120908330e-01
9.823287954099858554e-01
9.808775427146665393e-01
9.798864899479791113e-01
9.794692644011246951e-01
9.796824041454741394e-01
9.805180080116002728e-01
9.819063813523705164e-01
9.837279648081183048e-01
9.858319932091812454e-01
9.880581210228220890e-01
9.902569539687835487e-01
9.923060687837570448e-01
9.941194470774736835e-01
9.956498788746140916e-01
9.968853552728087486e-01
9.978414262060297801e-01
9.985518088419367277e-01
9.990592644679975320e-01
9.994081300082506836e-01
9.996391506767179358e-01
9.997866227838482223e-01
9.998774363241846874e-01
9.999314251110217322e-01
9.999624396209212396e-01
9.999796774595672844e-01
9.999889653214627527e-01
9.999938331019351256e-01
9.999963297806850893e-01
9.999975968450507402e-01
9.999982455764122591e-01
9.999985911722898413e-01
9.999987904668616867e-01
9.999989190124018990e-01
9.999990122456536845e-01
9.999990865167642795e-01
9.999991493869809789e-01
9.999992044743855057e-01
9.999992536520230235e-01
9.999992980139101872e-01
9.999993382899483585e-01
9.999993750229576595e-01
9.999994086459316200e-01
9.999994395181113216e-01
9.999994679439452305e-01
9.999994941845973262e-01
9.999995184658729830e-01
9.999995409841603289e-01
9.999995619111026190e-01
9.999995813973685532e-01
9.999995995757411382e-01
9.999996165636709788e-01
9.999996324654029101e-01
9.999996473737587932e-01
9.999996613716394256e-01
9.999996745332958570e-01
9.999996869254108578e-01
9.999996986080248451e-01
9.999997096353261394e-01
9.999997200563361943e-01
9.999997299154981256e-01
9.999997392531889684e-01
9.999997481061650983e-01
9.999997565079505879e-01
9.999997644891770454e-01
9.999997720778823762e-01
9.999997792997732393e-01
9.999997861784577502e-01
9.999997927356485405e-01
9.999997989913471663e-01
9.999998049640028697e-01
9.999998106706583512e-01
9.999998161270771124e-01
9.999998213478589193e-01
9.999998263465414983e-01
9.999998311356939062e-01
9.999998357269987981e-01
9.999998401313270335e-01
9.999998443588057340e-01
9.999998484188784564e-01
9.999998523203605938e-01
9.999998560714892237e-01
9.999998596799686279e-01
9.999998631530113702e-01
9.999998664973758222e-01
9.999998697194001362e-01
9.999998728250336644e-01
9.999998758198656024e-01
9.999998787091506358e-01
9.999998814978326989e-01
9.999998841905595182e-01
9.999998867916437550e-01
9.999998893046933013e-01
9.999998917307900692e-01
9.999998940623079369e-01
9.999998962689706783e-01
9.999998982804139125e-01
9.999998999865787885e-01
9.999999012797318176e-01
9.999997299782925619e-01
9.999997265713275185e-01
9.999997221213134946e-01
9.999997168658700808e-01
9.999997110664908817e-01
9.999997049092983481e-01
9.999996984876189376e-01
9.999996918326152784e-01
9.999996849466623594e-01
9.999996778220374694e-01
9.999996704479504617e-01
9.999996628124370179e-01
9.999996549027059256e-01
9.999996467051426308e-01
9.999996382052533939e-01
9.999996293875935693e-01
9.999996202356904451e-01
9.999996107319568672e-01
9.999996008575964268e-01
9.999995905924996542e-01
9.999995799151266684e-01
9.999995688023801677e-01
9.999995572294624324e-01
9.999995451697164528e-01
9.999995325944497360e-01
9.999995194727356873e-01
9.999995057711923430e-01
9.999994914537333468e-01
9.999994764812876191e-01
9.999994608114819439e-01
9.999994443982824777e-01
9.999994271915864097e-01
9.999994091367557791e-01
9.999993901740860114e-01
9.999993702381915206e-01
9.999993492573004961e-01
9.999993271524354466e-01
9.999993038364574094e-01
9.999992792129508423e-01
9.999992531749051228e-01
9.999992256031563498e-01
9.999991963645246118e-01
9.999991653095732236e-01
9.999991322698833507e-01
9.999990970546871472e-01
9.999990594465868465e-01
9.999990191957804919e-01
9.999989760113088266e-01
9.999989295451330307e-01
9.999988793569768442e-01
9.999988248259590318e-01
9.999987649175307025e-01
9.999986975726020688e-01
9.999986181605196034e-01
9.999985157456663387e-01
9.999983645653602871e-01
9.999981057205560298e-01
9.999976103129835092e-01
9.999966102294555181e-01
9.999945776900538430e-01
9.999905327026723523e-01
9.999827643071065308e-01
9.999684741787305819e-01
9.999433953891536664e-01
9.999015027635885788e-01
9.998349973099981414e-01
9.997347801293743341e-01
9.995915836810671529e-01
9.993977621786593879e-01
9.991494613967142335e-01
9.988485630994639042e-01
9.985035709193366138e-01
9.981286367495714185e-01
9.977403242251655646e-01
9.973524298942711974e-01
9.969700194919351999e-01
9.965844561776254773e-01
9.961712913703010264e-01
9.956923245178734838e-01
9.951020442321878434e-01
9.943573907848890503e-01
9.934287555365917122e-01
9.923096791636075720e-01
9.910229276499419315e-01
9.896213848031281124e-01
9.881832387804343476e-01
9.868019842453209511e-01
9.855726184715087879e-01
9.845759902680246700e-01
9.838635511776570031e-01
9.834447762604334731e-01
9.832792880202056995e-01
9.832752531117304740e-01
9.832949575733856973e-01
9.831676473713877318e-01
9.827088058606291421e-01
9.817440999742588215e-01
9.801353528763188105e-01
9.778052129758093569e-01
9.747568417764936877e-01
9.710851017107055005e-01
9.669765125370630710e-01
9.626966689780138697e-01
9.585657124690607489e-01
9.549244984073567144e-01
9.520958725548426260e-01
9.503465625020723895e-01
9.498553357136552133e-01
9.506922138403370859e-01
9.528118118181323482e-01
9.560616002591456608e-01
9.602034776306287434e-01
9.649449217840359028e-01
9.699745679793749797e-01
9.749966168403910727e-01
9.797591000403856887e-01
9.840725688922743464e-01
9.878178404375129729e-01
9.909435305209324252e-01
9.934557441604214834e-01
9.954031713293014505e-01
9.968608875906570521e-01
9.979155471470064764e-01
9.986536785831816587e-01
9.991537659289702056e-01
9.994819583651959327e-01
9.996907201041845825e-01
9.998195139143334353e-01
9.998966383455565321e-01
9.999415110399334505e-01
9.999669161193802669e-01
9.999809464231140810e-01
9.999885361839223608e-01
9.999925870637256242e-01
9.999947470226566715e-01
9.999959211503718359e-01
9.999965908957729743e-01
9.999970048197091010e-01
9.999972878761962392e-01
9.999975015670146128e-01
9.999976758173141356e-01
9.999978252650065791e-01
9.999979573051425152e-01
9.999980759392856910e-01
9.999981835677490549e-01
9.999982818072374879e-01
9.999983718609416483e-01
9.999984546883828873e-01
9.999985310871654098e-01
9.999986017360046331e-01
9.999986672202791915e-01
9.999987280491511310e-01
9.999987846681553938e-01
9.999988374690174098e-01
9.999988867975715401e-01
9.999989329602696486e-01
9.999989762295939943e-01
9.999990168485937136e-01
9.999990550347113150e-01
9.999990909830265284e-01
9.999991248690216494e-01
9.999991568509452033e-01
9.999991870718453191e-01
9.999992156613209948e-01
9.999992427370403281e-01
9.999992684060575732e-01
9.999992927659606679e-01
9.999993159058757630e-01
9.999993379073457422e-01
9.999993588451041582e-01
9.999993787877555773e-01
9.999993977983787641e-01
9.999994159350591438e-01
9.999994332513619799e-01
9.999994497967544804e-01
9.999994656169801654e-01
9.999994807543950426e-01
9.999994952482673671e-01
9.999995091350482035e-01
9.999995224486117884e-01
9.999995352204744670e-01
9.999995474799914241e-01
9.999995592545326550e-01
9.999995705696452797e-01
9.999995814491974278e-01
9.999995919155111324e-01
9.999996019894814570e-01
9.999996116906866295e-01
9.999996210374857419e-01
9.999996300471114541e-01
9.999996387357510397e-01
9.999996471186229918e-01
9.999996552100467451e-01
9.999996630235051809e-01
9.999996705717039136e-01
9.999996778666245811e-01
9.999996849195740278e-01
9.999996917412293795e-01
9.999996983416725715e-01
9.999997047303712527e-01
9.999997109158502706e-01
9.999997169039560596e-01
9.999997226914505433e-01
9.999997282489907491e-01
9.999997334907358981e-01
9.999997382464098639e-01
9.999997422770418032e-01
9.999997453651472412e-01
9.999998423490121802e-01
9.999998400432640322e-01
9.999998369698825940e-01
9.999998333486427304e-01
9.999998293882709222e-01
9.999998252078114991e-01
9.999998208498138696e-01
9.999998163200818357e-01
9.999998116125250469e-01
9.999998067179818317e-01
9.999998016262418021e-01
9.999997963263209666e-01
9.999997908064354180e-01
9.999997850539329436e-01
9.999997790552113131e-01
9.999997727956304594e-01
9.999997662594115599e-01
9.999997594295257919e-01
9.999997522875694322e-01
9.999997448136230815e-01
9.999997369860946783e-01
9.999997287815393099e-01
9.999997201744584840e-01
9.999997111370695357e-01
9.999997016390453908e-01
9.999996916472146946e-01
9.999996811252191975e-01
9.999996700331197363e-01
9.999996583269390449e-01
9.999996459581325103e-01
9.999996328729700013e-01
9.999996190118112249e-01
9.999996043082505226e-01
9.999995886881050122e-01
9.999995720682035572e-01
9.999995543549320409e-01
9.999995354424706662e-01
9.999995152106366803e-01
9.999994935222167314e-01
9.999994702196224328e-01
9.999994451205905799e-01
9.999994180123714660e-01
9.999993886428970580e-01
9.999993567041537412e-01
9.999993217917757526e-01
9.999992832887052430e-01
9.999992400123209890e-01
9.999991891655859444e-01
9.999991233823326553e-01
9.999990229574999834e-01
9.999988369356695994e-01
9.999984407849882295e-01
9.999975499075748342e-01
9.999955598093510645e-01
9.999912828671340126e-01
9.999825717541591663e-01
9.999658762521506095e-01
9.999358785057244070e-01
9.998854667404107888e-01
9.998063690606748821e-01
9.996906745445655051e-01
9.995331407637315646e-01
9.993336625077486879e-01
9.990987720809468842e-01
9.988409074594252202e-01
9.985747181243451731e-01
9.983108738755558376e-01
9.980492596224033175e-01
9.977743494387578682e-01
9.974553336388233271e-01
9.970521199650330679e-01
9.965261887289149634e-01
9.958533712837689400e-01
9.950347344196845967e-01
9.941021641749963056e-01
9.931166592767379786e-01
9.921591747270833705e-01
9.913155480585027490e-01
9.906582725525870936e-01
9.902285472543721490e-01
9.900221318881533561e-01
9.899820915609975902e-01
9.900005808213446779e-01
9.899304894646374642e-01
9.896062070140005940e-01
9.888711389050697242e-01
9.876081136206028566e-01
9.857676742150573990e-01
9.833887312061384556e-01
9.806064920933611484e-01
9.776442230919604182e-01
9.747882165143264555e-01
9.723488864494393979e-01
9.706143505978223063e-01
9.698051689108980744e-01
9.700392898245223661e-01
9.713144094503906034e-01
9.735112398562190128e-01
9.764165391034633767e-01
9.797604100794808923e-01
9.832595016365603957e-01
9.866570989569227734e-01
9.897527504156514722e-01
9.924174112055579311e-01
9.945939686125842005e-01
9.962862655673803136e-01
9.975415424153880606e-01
9.984313668974591494e-01
9.990349840203364140e-01
9.994272656128592169e-01
9.996717410392268466e-01
9.998179810677323420e-01
9.999020236981850385e-01
9.999484782677279249e-01
9.999732156020786356e-01
9.999859393396403062e-01
9.999922905520393090e-01
9.999953944557193886e-01
9.999969043524006285e-01
9.999976570362946182e-01
9.999980586299435092e-01
9.999982987395219514e-01
9.999984629748668308e-01
9.999985890900698893e-01
9.999986936562548223e-01
9.999987841626830631e-01
9.999988642779052972e-01
9.999989360537580030e-01
9.999990008238142103e-01
9.999990595665797510e-01
9.999991130562843056e-01
9.999991619308292723e-01
9.999992067270200291e-01
9.999992479020506364e-01
9.999992858484284541e-01
9.999993209052049359e-01
9.999993533667931311e-01
9.999993834900453571e-01
9.999994115000102601e-01
9.999994375946564817e-01
9.999994619487796443e-01
9.999994847172515300e-01
9.999995060377395717e-01
9.999995260329943569e-01
9.999995448127839692e-01
9.999995624755362300e-01
9.999995791097398001e-01
9.999995947951442199e-01
9.999996096037917503e-01
9.999996236009074391e-01
9.999996368456702811e-01
9.999996493918827944e-01
9.999996612885546643e-01
9.999996725804123354e-01
9.999996833083473202e-01
9.999996935098074413e-01
9.999997032191446644e-01
9.999997124679194105e-01
9.999997212851731154e-01
9.999997296976663730e-01
9.999997377300944290e-01
9.999997454052766965e-01
9.999997527443276191e-01
9.999997597668077720e-01
9.999997664908608641e-01
9.999997729333369723e-01
9.999997791099015654e-01
9.999997850351356465e-01
9.999997907226250149e-01
9.999997961850418671e-01
9.999998014342171837e-01
9.999998064812087861e-01
9.999998113363599561e-01
9.999998160093529487e-01
9.999998205092208714e-01
9.999998248440702397e-01
9.999998290191236539e-01
9.999998330282070524e-01
9.999998368297865481e-01
9.999998403086334253e-01
9.999998432630563538e-01
9.999998454806074966e-01
9.999979757400940805e-01
9.999979191267391876e-01
9.999978433057550298e-01
9.999977509518497287e-01
9.999976448859051459e-01
9.999975261468914134e-01
9.999973927504303139e-01
9.999972376295088727e-01
9.999970428452298332e-01
9.999967650862289226e-01
9.999963031347346432e-01
9.999954303839029279e-01
9.999936646806517615e-01
9.999900358368769560e-01
9.999827042044915348e-01
9.999683934781675720e-01
9.999416437483945597e-01
9.998939814060558984e-01
9.998132403645653143e-01
9.996834214623417925e-01
9.994855677806738781e-01
9.992000547430045510e-01
9.988103505770413726e-01
9.983076884508461646e-01
9.976953567592674599e-01
9.969907734849068337e-01
9.962235451494707572e-01
9.954285739611781203e-01
9.946348923846022316e-01
9.938527873660231160e-01
9.930631670420818624e-01
9.922133110420181534e-01
9.912218331013002981e-01
9.899931814036360134e-01
9.884391314669023210e-01
9.865024770636396934e-01
9.841772288415824299e-01
9.815202879928810464e-01
9.786514343254706372e-01
9.757409026355740034e-01
9.729861601762082035e-01
9.705812981344912327e-01
9.686835418324928337e-01
9.673817976232437221e-01
9.666719989030305715e-01
9.664433894270028080e-01
9.664788454551976882e-01
9.664709098157323597e-01
9.660534068044073219e-01
9.648463841348975389e-01
9.625098427994963624e-01
9.587995749955655622e-01
9.536169014473996342e-01
9.470437286071683447e-01
9.393555745626054332e-01
9.310081438172311818e-01
9.225972678846995345e-01
9.147966980579210761e-01
9.082822446900880031e-01
9.036531724694947254e-01
9.013621351553212646e-01
9.016633885162308459e-01
9.045860787376706069e-01
9.099356940530002325e-01
9.173228124429921859e-01
9.262144784471593173e-01
9.360003055747009304e-01
9.460632465524987378e-01
9.558444567618324950e-01
9.648931317340230240e-01
9.728954660453557057e-01
9.796812136648334057e-01
9.852106061627883271e-01
9.895475168288725420e-01
9.928260939659627748e-01
9.952176002758041928e-01
9.969023992554668645e-01
9.980496912556923172e-01
9.988054333093839832e-01
9.992873294997686173e-01
9.995849919934217676e-01
9.997632435921743888e-01
9.998668349445721804e-01
9.999253449653699999e-01
9.999575381606149449e-01
9.999748617432533404e-01
9.999840417835369477e-01
9.999888901254780915e-01
9.999914932973487103e-01
9.999929561746483397e-01
9.999938459279030800e-01
9.999944457108438378e-01
9.999948937518826630e-01
9.999952566710550439e-01
9.999955667055101527e-01
9.999958399535952003e-01
9.999960850294358217e-01
9.999963070536259657e-01
9.999965094548346478e-01
9.999966947764424852e-01
9.999968650428895378e-01
9.999970219345228895e-01
9.999971668791178825e-01
9.999973011055454108e-01
9.999974256756414270e-01
9.999975414875208468e-01
9.999976492066169342e-01
9.999977490343425757e-01
9.999978402625046003e-01
9.999979208463554148e-01
9.999979876479678786e-01
9.999980378604715892e-01
9.999974017222630351e-01
9.999973266681860817e-01
9.999972259434424249e-01
9.999971023348681598e-01
9.999969579474944359e-01
9.999967901373907342e-01
9.999965858798171014e-01
9.999963096542875407e-01
9.999958750598113566e-01
9.999950827569673573e-01
9.999934949446247501e-01
9.999901996857031294e-01
9.999834015254165376e-01
9.999697691576682201e-01
9.999434957001930302e-01
9.998951068766894767e-01
9.998102050696280330e-01
9.996685531959277338e-01
9.994441202136166158e-01
9.991068058893634030e-01
9.986263756507898215e-01
9.979785455297625063e-01
9.971521904170561612e-01
9.961555715005681044e-01
9.950187794503022598e-01
9.937898120743497987e-01
9.925231586744225343e-01
9.912622535697004356e-01
9.900199165097126608e-01
9.887628021744081508e-01
9.874059516169190198e-01
9.858214196921226691e-01
9.838611587799435121e-01
9.813900947267577557e-01
9.783220700949477600e-01
9.746501052839183776e-01
9.704635192563535462e-01
9.659473437329670897e-01
9.613631650032354869e-01
9.570140171044294597e-01
9.531985381750167630e-01
9.501610476553545848e-01
9.480446203904995262e-01
9.468538942023425609e-01
9.464334869694892571e-01
9.464666136882695646e-01
9.464967251064342335e-01
9.459725969731549444e-01
9.443142017996737358e-01
9.409930483268436063e-01
9.356170101159649866e-01
9.280068992004049111e-01
9.182512582091832964e-01
9.067278761149450972e-01
8.940854798811000981e-01
8.811860186796238725e-01
8.690152068951695341e-01
8.585745747401931638e-01
8.507708129980495748e-01
8.463174342545547457e-01
8.456605534822330128e-01
8.489362997215521567e-01
8.559631683303731142e-01
8.662689574408184434e-01
8.791485926984747845e-01
8.937457752242284892e-01
9.091480731391956560e-01
9.244825734894943636e-01
9.389986373093895944e-01
9.521264591430055324e-01
9.635049042612088277e-01
9.729783076320861479e-01
9.805677858134185243e-01
9.864265118462818283e-01
9.907895174522679538e-01
9.939271187329293822e-01
9.961079718335664746e-01
9.975742610788166376e-01
9.985285859394238406e-01
9.991302561740608157e-01
9.994979714118843450e-01
9.997159908094495062e-01
9.998415180892716858e-01
9.999118022507844650e-01
9.999501586137831133e-01
9.999706399380021704e-01
9.999814140164242637e-01
9.999870647072665042e-01
9.999900791234125341e-01
9.999917638319049118e-01
9.999927847075094078e-01
9.999934719676502048e-01
9.999939857928921150e-01
9.999944028932171713e-01
9.999947601396463881e-01
9.999950758115279115e-01
9.999953596185633398e-01
9.999956172976722790e-01
9.999958526772355638e-01
9.999960685957675066e-01
9.999962673159018545e-01
9.999964507190867158e-01
9.999966204000526604e-01
9.999967776921353524e-01
9.999969235809952339e-01
9.999970583982404904e-01
9.999971812452895792e-01
9.999972894714010963e-01
9.999973790407327146e-01
9.999974463973049232e-01
