9.999999296013764027e-01
9.999999284780246578e-01
9.999999269903538934e-01
9.999999252272155914e-01
9.999999232800504956e-01
9.999999212068590992e-01
9.999999190314885489e-01
9.999999167582673820e-01
9.999999143838205207e-01
9.999999119023262883e-01
9.999999093070499612e-01
9.999999065906239881e-01
9.999999037450396644e-01
9.999999007615815172e-01
9.999998976307495901e-01
9.999998943421684050e-01
9.999998908844829337e-01
9.999998872452411369e-01
9.999998834107556300e-01
9.999998793659463647e-01
9.999998750941569980e-01
9.999998705769412854e-01
9.999998657938133917e-01
9.999998607219526825e-01
9.999998553358581121e-01
9.999998496069344434e-01
9.999998435029997523e-01
9.999998369876932358e-01
9.999998300197590062e-01
9.999998225521720130e-01
9.999998145310672326e-01
9.999998058944128410e-01
9.999997965703526503e-01
9.999997864751155596e-01
9.999997755103497976e-01
9.999997635596795664e-01
9.999997504841948714e-01
9.999997361164313370e-01
9.999997202520598538e-01
9.999997026375427867e-01
9.999996829484019134e-01
9.999996607384794567e-01
9.999996352858331328e-01
9.999996050659227809e-01
9.999995659504425927e-01
9.999995053859476180e-01
9.999993850282846708e-01
9.999990934975337975e-01
9.999983301679631342e-01
9.999963491519566761e-01
9.999914607123743249e-01
9.999801912223102995e-01
9.999561094435702735e-01
9.999086079403460836e-01
9.998223792709302060e-01
9.996787525016421760e-01
9.994600304185776718e-01
9.991570187685752114e-01
9.987779964869898386e-01
9.983552223372376133e-01
9.979442627834861357e-01
9.976133494329286755e-01
9.974245106859157550e-01
9.974131475991449003e-01
9.975748153601973200e-01
9.978653376302450972e-01
9.982141779671084292e-01
9.985448785820015827e-01
9.987939380442937276e-01
9.989217358074679032e-01
9.989140106409306608e-01
9.987767366433748517e-01
9.985288907520447621e-01
9.981965727212760431e-01
9.978096949723310738e-01
9.974005792070217424e-01
9.970030327010001026e-01
9.966506902675691393e-01
9.963739965904450102e-01
9.961955415268533010e-01
9.961231705780689838e-01
9.961395582898656675e-01
9.961870306330022906e-01
9.961499197158650842e-01
9.958457129556440579e-01
9.950474960751598541e-01
9.935609009332319053e-01
9.913525047764726317e-01
9.886742547162412631e-01
9.860869825300828673e-01
9.843109183737597245e-01
9.839369339324256503e-01
9.851500914048898494e-01
9.876386246441248851e-01
9.907481619976467035e-01
9.937784605592719922e-01
9.962417624788070247e-01
9.979600716303247410e-01
9.990040101247021909e-01
9.995614185988179745e-01
9.998247115807645802e-01
9.999353986375962844e-01
9.999771412625060307e-01
9.999914704046553027e-01
9.999960986002414121e-01
9.999976183725174383e-01
9.999982036460273171e-01
9.999985037885197325e-01
9.999987023791561125e-01
9.999988531810848347e-01
9.999989749722710819e-01
9.999990763624948542e-01
9.999991623187645118e-01
9.999992361238568828e-01
9.999993001193271391e-01
9.999993560560970218e-01
9.999994052854990212e-01
9.999994488738395138e-01
9.999994876763140805e-01
9.999995223875262074e-01
9.999995535775270117e-01
9.999995817183422453e-01
9.999996072039278872e-01
9.999996303654370422e-01
9.999996514830531424e-01
9.999996707952614194e-01
9.999996885061865903e-01
9.999997047914457315e-01
9.999997198028596213e-01
9.999997336722672436e-01
9.999997465146391873e-01
9.999997584306339338e-01
9.999997695087075034e-01
9.999997798268663862e-01
9.999997894541308163e-01
9.999997984517616789e-01
9.999998068742954604e-01
9.999998147704194373e-01
9.999998221837158585e-01
9.999998291532976591e-01
9.999998357143522476e-01
9.999998418986091320e-01
9.999998477347438186e-01
9.999998532487267555e-01
9.999998584641263122e-01
9.999998634023730126e-01
9.999998680829902398e-01
9.999998725237952968e-01
9.999998767410774869e-01
9.999998807497532116e-01
9.999998845635036382e-01
9.999998881948974905e-01
9.999998916554966311e-01
9.999998949559540939e-01
9.999998981060973513e-01
9.999999011150061401e-01
9.999999039910785203e-01
9.999999067420930476e-01
9.999999093752625079e-01
9.999999118972831003e-01
9.999999143143787350e-01
9.999999166323400024e-01
9.999999188565611430e-01
9.999999209920714671e-01
9.999999230435649977e-01
9.999999250154275598e-01
9.999999269117603173e-01
9.999999287364018663e-01
9.999999304929485522e-01
9.999999321847725664e-01
9.999999338150385997e-01
9.999999353867190521e-01
9.999999369026074669e-01
9.999999383653327412e-01
9.999999397773688958e-01
9.999999411410473993e-01
9.999999424585661600e-01
9.999999437319990747e-01
9.999999449633041326e-01
9.999999461543309653e-01
9.999999473068286182e-01
9.999999484224516566e-01
9.999999495027659391e-01
9.999999505492550567e-01
9.999999515633246627e-01
9.999999525463083572e-01
9.999999534994706840e-01
9.999999544240096849e-01
9.999999553210390246e-01
9.999999561914505453e-01
9.999999570352571254e-01
9.999999578493753427e-01
9.999999586226524517e-01
9.999999593296695632e-01
9.999999599308895259e-01
9.999999603875512344e-01
9.999998186446837911e-01
9.999998159660820063e-01
9.999998124579496661e-01
9.999998082990000370e-01
9.999998036874124807e-01
9.999997987637885277e-01
9.999997935970659224e-01
9.999997882077785727e-01
9.999997825937153584e-01
9.999997767443593588e-01
9.999997706463140679e-01
9.999997642847300305e-01
9.999997576435131208e-01
9.999997507052547085e-01
9.999997434511020966e-01
9.999997358606055320e-01
9.999997279115464544e-01
9.999997195797395433e-01
9.999997108388101186e-01
9.999997016599388999e-01
9.999996920115693522e-01
9.999996818590717318e-01
9.999996711643561742e-01
9.999996598854234975e-01
9.999996479758442858e-01
9.999996353841490437e-01
9.999996220531144342e-01
9.999996079189208409e-01
9.999995929101546110e-01
9.999995769466194506e-01
9.999995599379112310e-01
9.999995417816998078e-01
9.999995223616406914e-01
9.999995015448214231e-01
9.999994791786099846e-01
9.999994550867346010e-01
9.999994290643560158e-01
9.999994008718090521e-01
9.999993702265514983e-01
9.999993367926390819e-01
9.999993001665974379e-01
9.999992598574103386e-01
9.999992152545333912e-01
9.999991655642179733e-01
9.999991096458662465e-01
9.999990455163401126e-01
9.999989687777650627e-01
9.999988677554709771e-01
9.999987093101296853e-01
9.999984003576979363e-01
9.999976917013926325e-01
9.999959581155766219e-01
9.999917417862136393e-01
9.999819011086235054e-01
9.999602099964504109e-01
9.999153876487689718e-01
9.998288985990595457e-01
9.996734682005238293e-01
9.994139304549947145e-01
9.990123033621851611e-01
9.984382448773482244e-01
9.976838930537201833e-01
9.967789523646108929e-01
9.957992498803769355e-01
9.948619198272634634e-01
9.941042008329596946e-01
9.936497280931457787e-01
9.935729857300619194e-01
9.938752602214194765e-01
9.944818041427516686e-01
9.952613527014739780e-01
9.960600249837348041e-01
9.967367114983546328e-01
9.971884281313632137e-01
9.973602569955759556e-01
9.972415547264734670e-01
9.968545545797187213e-01
9.962419939350730669e-01
9.954579750676794125e-01
9.945630115274330940e-01
9.936218595086794281e-01
9.927019281341336043e-01
9.918704779627490753e-01
9.911896746940123126e-01
9.907090927911413880e-01
9.904549670366080694e-01
9.904144499152696124e-01
9.905125623868692442e-01
9.905822447719294654e-01
9.903373341528380891e-01
9.893742266890832582e-01
9.872404939396297596e-01
9.835974377457827877e-01
9.784520952264063043e-01
9.723567060089350900e-01
9.664269028527957550e-01
9.620797829727121275e-01
9.605459671314290349e-01
9.623754672653803688e-01
9.672031954776033613e-01
9.739079940805384084e-01
9.810717117493206185e-01
9.874849221458230630e-01
9.924591270369104157e-01
9.958578826531249151e-01
9.979235813264686339e-01
9.990475542512967655e-01
9.995978148719767420e-01
9.998414081729674052e-01
9.999395727417775825e-01
9.999760189055677539e-01
9.999888107390016989e-01
9.999933047908196038e-01
9.999950651952358438e-01
9.999959326445976293e-01
9.999964799472873533e-01
9.999968851039595652e-01
9.999972093851999810e-01
9.999974788676359028e-01
9.999977075650994252e-01
9.999979043605573548e-01
9.999980754511960113e-01
9.999982254148879202e-01
9.999983577623818842e-01
9.999984752571448032e-01
9.999985801157482701e-01
9.999986741414317315e-01
9.999987588176519893e-01
9.999988353761402049e-01
9.999989048478175047e-01
9.999989681016755450e-01
9.999990258749309469e-01
9.999990787966981376e-01
9.999991274067639990e-01
9.999991721706126269e-01
9.999992134915425268e-01
9.999992517205118503e-01
9.999992871641891767e-01
9.999993200915808789e-01
9.999993507395165127e-01
9.999993793172139434e-01
9.999994060100995119e-01
9.999994309830186889e-01
9.999994543829477944e-01
9.999994763412942689e-01
9.999994969758545516e-01
9.999995163924897401e-01
9.999995346865613310e-01
9.999995519441695624e-01
9.999995682432220034e-01
9.999995836543604799e-01
9.999995982417667628e-01
9.999996120638646735e-01
9.999996251739355912e-01
9.999996376206550242e-01
9.999996494485685616e-01
9.999996606985070979e-01
9.999996714079562032e-01
9.999996816113825293e-01
9.999996913405222454e-01
9.999997006246403863e-01
9.999997094907580042e-01
9.999997179638583367e-01
9.999997260670694388e-01
9.999997338218284959e-01
9.999997412480283732e-01
9.999997483641511753e-01
9.999997551873867074e-01
9.999997617337404998e-01
9.999997680181307302e-01
9.999997740544770419e-01
9.999997798557789253e-01
9.999997854341895476e-01
9.999997908010804792e-01
9.999997959671020897e-01
9.999998009422380596e-01
9.999998057358550074e-01
9.999998103567477870e-01
9.999998148131817866e-01
9.999998191129304548e-01
9.999998232633097173e-01
9.999998272712115055e-01
9.999998311431316234e-01
9.999998348851977248e-01
9.999998385031940717e-01
9.999998420025840717e-01
9.999998453885323713e-01
9.999998486659233965e-01
9.999998518393802271e-01
9.999998549132809167e-01
9.999998578917739245e-01
9.999998607787928817e-01
9.999998635780694700e-01
9.999998662931459670e-01
9.999998689273867924e-01
9.999998714839888336e-01
9.999998739659921032e-01
9.999998763762880660e-01
9.999998787176287429e-01
9.999998809926347043e-01
9.999998832037992891e-01
9.999998853534763921e-01
9.999998874437552310e-01
9.999998894758450607e-01
9.999998914478156475e-01
9.999998933486362596e-01
9.999998951475667086e-01
9.999998967844356823e-01
9.999998981751136995e-01
9.999998992428151823e-01
9.999997022660321866e-01
9.999996925491746458e-01
9.999996792464146411e-01
9.999996629861092057e-01
9.999996443538488045e-01
9.999996235745004514e-01
9.999996005387935538e-01
9.999995749319221527e-01
9.999995463015819430e-01
9.999995140466709787e-01
9.999994773143801030e-01
9.999994346351911423e-01
9.999993825635302702e-01
9.999993107048729124e-01
9.999991847904361464e-01
9.999988943284732201e-01
9.999981073001515952e-01
9.999959120024426440e-01
9.999900432913928494e-01
9.999754472714790232e-01
9.999420823906404188e-01
9.998723912189617646e-01
9.997398842932154750e-01
9.995113715356702677e-01
9.991555003141974201e-01
9.986581057764261082e-01
9.980401891779144830e-01
9.973692724600143888e-01
9.967537013870666485e-01
9.963155466067008525e-01
9.961495792755937773e-01
9.962861918762766500e-01
9.966769030099783544e-01
9.972100961907099936e-01
9.977486361152969607e-01
9.981706969139134689e-01
9.983966838940077082e-01
9.983957594889496523e-01
9.981768209924457569e-01
9.977739823913780448e-01
9.972347016662156394e-01
9.966133569440743800e-01
9.959686097418914974e-01
9.953612961281991245e-01
9.948503267881105838e-01
9.944854387506643079e-01
9.942960114682162232e-01
9.942739111674745445e-01
9.943470569062923259e-01
9.943444090501029065e-01
9.939694973010441137e-01
9.928266099799700761e-01
9.905551074814098467e-01
9.870783688232549480e-01
9.828548113219990334e-01
9.789161283543877934e-01
9.765380482303288590e-01
9.766465540855698846e-01
9.793229785597933335e-01
9.837603997241417542e-01
9.887018672953289400e-01
9.930415641654550818e-01
9.962060334046680676e-01
9.981671813498329549e-01
9.992135725511881450e-01
9.996983836033430659e-01
9.998948654209731668e-01
9.999651561054432314e-01
9.999877316293633855e-01
9.999945082398629115e-01
9.999966057119904494e-01
9.999974050320703522e-01
9.999978293797002760e-01
9.999981191875558784e-01
9.999983421624587532e-01
9.999985227359983186e-01
9.999986728765488664e-01
9.999987998224628694e-01
9.999989084763092340e-01
9.999990023785533255e-01
9.999990841920520790e-01
9.999991559753584891e-01
9.999992193512645677e-01
9.999992756181124154e-01
9.999993258271434593e-01
9.999993708382081126e-01
9.999994113609169677e-01
9.999994479856070262e-01
9.999994812069704642e-01
9.999995114421544873e-01
9.999995390435325593e-01
9.999995643007419943e-01
9.999995874105500615e-01
9.999996083755342546e-01
9.999996268400126453e-01
9.999996420487612392e-01
9.999996532104562519e-01
9.999982592016141147e-01
9.999981825818713421e-01
9.999980755725531578e-01
9.999979345535114916e-01
9.999977444930596704e-01
9.999974526511019590e-01
9.999968999878974252e-01
9.999956460394502367e-01
9.999925561084858083e-01
9.999849193643451928e-01
9.999667597628036919e-01
9.999259823399200275e-01
9.998402469404628068e-01
9.996722007486993355e-01
9.993660117284685063e-01
9.988486746575275799e-01
9.980403037636806918e-01
9.968761389316078692e-01
9.953383174266414724e-01
9.934884589159916901e-01
9.914861554333045390e-01
9.895782918701212516e-01
9.880527400324848886e-01
9.871653991831839114e-01
9.870644357547616599e-01
9.877409200878126683e-01
9.890262539299345956e-01
9.906374124590224817e-01
9.922512354252788214e-01
9.935791862936066421e-01
9.944182959214054041e-01
9.946682754868101384e-01
9.943201334002771397e-01
9.934304429642919487e-01
9.920953749696964641e-01
9.904325870237565832e-01
9.885719187983039724e-01
9.866512046230349053e-01
9.848123871036205124e-01
9.831944215488155336e-01
9.819213225721663552e-01
9.810844436201028307e-01
9.807168395082083157e-01
9.807551579024329502e-01
9.809848484404019020e-01
9.809749961066622781e-01
9.800360606609255232e-01
9.772699005067898570e-01
9.717935526203315133e-01
9.631582278980939105e-01
9.518390705796948570e-01
9.395156397147457206e-01
9.288475590214424482e-01
9.226723287580648192e-01
9.229217426978382210e-01
9.298064567330477370e-01
9.417272158475573640e-01
9.559616050619503813e-01
9.697312340806731878e-01
9.810886720810357842e-01
9.892607025208014493e-01
9.944535030550517574e-01
9.973898664669836878e-01
9.988756980552155884e-01
9.995518831115228764e-01
9.998303302919010482e-01
9.999351289668679810e-01
9.999719311181759496e-01
9.999845641002418350e-01
9.999892289425857950e-01
9.999913442287928778e-01
9.999925923879485756e-01
9.999934839377186968e-01
9.999941855250882305e-01
9.999947632329657665e-01
9.999952505596270136e-01
9.999956680018158295e-01
9.999960295604041205e-01
9.999963453843733197e-01
9.999966229390866435e-01
9.999968672903012390e-01
9.999970807050648780e-01
9.999972621644186432e-01
9.999974081037112938e-01
9.999975153460270993e-01
9.999984897583298338e-01
9.999984405365361928e-01
9.999983742192493086e-01
9.999982926331487665e-01
9.999981978306085040e-01
9.999980907238510408e-01
9.999979706662918133e-01
9.999978353950005339e-01
9.999976801324694797e-01
9.999974935633577644e-01
9.999972444826388251e-01
9.999968418641422829e-01
9.999960246025887400e-01
9.999940812981318317e-01
9.999891987571351004e-01
9.999770865468085024e-01
9.999483673232290037e-01
9.998841993107903114e-01
9.997499750964742304e-01
9.994880413955620213e-01
9.990123254469296388e-01
9.982100255971149139e-01
9.969566727116752070e-01
9.951487985636088274e-01
9.927517172747336582e-01
9.898496617193831559e-01
9.866764655465143363e-01
9.836039818574874305e-01
9.810770833561753834e-01
9.795061421220138120e-01
9.791503200771504156e-01
9.800349045376290924e-01
9.819357280277560829e-01
9.844369934149859169e-01
9.870390164753949369e-01
9.892747931848353549e-01
9.907967679012421591e-01
9.914139776150184824e-01
9.910829892923260775e-01
9.898717767234783693e-01
9.879185921231846690e-01
9.854005735731035109e-01
9.825160904053076294e-01
9.794767105688164666e-01
9.765016666824835045e-01
9.738088829509154998e-01
9.715994095477653580e-01
9.700338677821250810e-01
9.691985654692361063e-01
9.690555737958845839e-01
9.693693083951875344e-01
9.696113530608257980e-01
9.688763853037087870e-01
9.658933467247386995e-01
9.592528674342986061e-01
9.479279053631305407e-01
9.319938591688637919e-01
9.132170354127105982e-01
8.950624729369249799e-01
8.818574544845050323e-01
8.773135391199976540e-01
8.830691641822501214e-01
8.980110313724385396e-01
9.187445099076195776e-01
9.409485518292782791e-01
9.608942550075831868e-01
9.764171310526207348e-01
9.870511104968242577e-01
9.935221926323356545e-01
9.970413816719515543e-01
9.987599610522377436e-01
9.995171869175392132e-01
9.998201174292338234e-01
9.999313614987970222e-01
9.999697352896478320e-01
9.999828291397298008e-01
9.999877261975371745e-01
9.999900114478970092e-01
9.999913959224109306e-01
9.999923994445281128e-01
9.999931950767128042e-01
9.999938534785650646e-01
9.999944111926405421e-01
9.999948907388478414e-01
9.999953075409813152e-01
9.999956728653724980e-01
9.999959952977657274e-01
9.999962815744449784e-01
9.999965370891948924e-01
9.999967662180085926e-01
9.999969725110064989e-01
9.999971587191925915e-01
9.999973265495412100e-01
9.999974761074476026e-01
9.999976053963516298e-01
9.999977107956992128e-01
9.999977891679242559e-01
