9.999999832709918213e-01
9.999999830919725774e-01
9.999999828564938298e-01
9.999999825799841258e-01
9.999999822781296954e-01
9.999999819610082552e-01
9.999999816330613633e-01
9.999999812955577827e-01
9.999999809485566882e-01
9.999999805917788587e-01
9.999999802248643599e-01
9.999999798474258350e-01
9.999999794590562763e-01
9.999999790593285809e-01
9.999999786477945518e-01
9.999999782239835655e-01
9.999999777874011286e-01
9.999999773375277679e-01
9.999999768738171424e-01
9.999999763956946008e-01
9.999999759025551826e-01
9.999999753937616198e-01
9.999999748686425605e-01
9.999999743264902374e-01
9.999999737665579147e-01
9.999999731880573339e-01
9.999999725901558278e-01
9.999999719719735447e-01
9.999999713325803397e-01
9.999999706709912228e-01
9.999999699861638058e-01
9.999999692769931947e-01
9.999999685423079931e-01
9.999999677808653065e-01
9.999999669913450795e-01
9.999999661723451005e-01
9.999999653223734519e-01
9.999999644398427368e-01
9.999999635230621964e-01
9.999999625702289396e-01
9.999999615794199492e-01
9.999999605485814236e-01
9.999999594755181187e-01
9.999999583578816909e-01
9.999999571931574849e-01
9.999999559786498793e-01
9.999999547114670762e-01
9.999999533885024494e-01
9.999999520064164482e-01
9.999999505616137263e-01
9.999999490502204935e-01
9.999999474680570932e-01
9.999999458106088035e-01
9.999999440729925304e-01
9.999999422499205037e-01
9.999999403356589767e-01
9.999999383239810413e-01
9.999999362081160026e-01
9.999999339806893150e-01
9.999999316336578570e-01
9.999999291582339911e-01
9.999999265448012986e-01
9.999999237828178789e-01
9.999999208607066592e-01
9.999999177657290517e-01
9.999999144838420673e-01
9.999999109995315605e-01
9.999999072956224921e-01
9.999999033530578840e-01
9.999998991506425794e-01
9.999998946647452591e-01
9.999998898689506088e-01
9.999998847336494245e-01
9.999998792255579971e-01
9.999998733071474577e-01
9.999998669359664305e-01
9.999998600638315693e-01
9.999998526358557793e-01
9.999998445892739340e-01
9.999998358520165720e-01
9.999998263409668464e-01
9.999998159598126879e-01
9.999998045963851556e-01
9.999997921193273243e-01
9.999997783738933110e-01
9.999997631765967787e-01
9.999997463083184490e-01
9.999997275053267298e-01
9.999997064474173136e-01
9.999996827420102319e-01
9.999996559024362242e-01
9.999996253175880145e-01
9.999995902078353538e-01
9.999995495549933722e-01
9.999995019623557635e-01
9.999994452378057064e-01
9.999993746857742671e-01
9.999992755236313258e-01
9.999990912816942856e-01
9.999986072056694653e-01
9.999970796288822905e-01
9.999922427327090357e-01
9.999781265110216921e-01
9.999413242825379022e-01
9.998566525422766249e-01
9.996857772267735420e-01
9.993845453199982076e-01
9.989222610333223784e-01
9.983062359038157307e-01
9.975931559272981364e-01
9.968692627916644344e-01
9.962026842325411025e-01
9.955998827670671236e-01
9.950045403130260979e-01
9.943476655861489544e-01
9.936156682310357535e-01
9.928874022642288910e-01
9.923148048187642178e-01
9.920610629964801142e-01
9.922332400317620538e-01
9.928421452986001539e-01
9.938021978315455529e-01
9.949641269981037706e-01
9.961623121041839335e-01
9.972575390778475324e-01
9.981622877063300869e-01
9.988451549077257408e-01
9.993192516127591407e-01
9.996233957417093308e-01
9.998042685081409697e-01
9.999042298206631818e-01
9.999556820778339183e-01
9.999804051987823961e-01
9.999915312272653622e-01
9.999962480118846919e-01
9.999981550164476207e-01
9.999989107057766224e-01
9.999992215360931080e-01
9.999993671721328914e-01
9.999994513138498187e-01
9.999995105434054121e-01
9.999995575723652497e-01
9.999995970810816592e-01
9.999996311110281866e-01
9.999996607962979844e-01
9.999996869049863069e-01
9.999997100159612184e-01
9.999997305866964448e-01
9.999997489868913680e-01
9.999997655192989221e-01
9.999997804343165875e-01
9.999997939407844205e-01
9.999998062141848276e-01
9.999998174029696152e-01
9.999998276335011482e-01
9.999998370139515647e-01
9.999998456374080691e-01
9.999998535843670489e-01
9.999998609247531256e-01
9.999998677195655050e-01
9.999998740222273419e-01
9.999998798797020694e-01
9.999998853334188809e-01
9.999998904200455563e-01
9.999998951721376095e-01
9.999998996186842959e-01
9.999999037855725748e-01
9.999999076959802391e-01
9.999999113707119802e-01
9.999999148284878236e-01
9.999999180861907089e-01
9.999999211590803183e-01
9.999999240609781515e-01
9.999999268044281742e-01
9.999999294008370399e-01
9.999999318605969911e-01
9.999999341931915531e-01
9.999999364072911234e-01
9.999999385108351291e-01
9.999999405111050788e-01
9.999999424147896221e-01
9.999999442280415041e-01
9.999999459565290794e-01
9.999999476054806102e-01
9.999999491797255669e-01
9.999999506837267127e-01
9.999999521215816589e-01
9.999999534968537773e-01
9.999999548116562664e-01
9.999999560635062235e-01
9.999999572382277657e-01
9.999999583011200954e-01
9.999999591973358637e-01
9.999999598735676010e-01
9.999999577081730706e-01
9.999999572935139858e-01
9.999999567538769840e-01
9.999999561195654918e-01
9.999999554236649324e-01
9.999999546898146185e-01
9.999999539301211993e-01
9.999999531489991433e-01
9.999999523473293017e-01
9.999999515247841586e-01
9.999999506807057958e-01
9.999999498143454790e-01
9.999999489249113971e-01
9.999999480115755457e-01
9.999999470734717288e-01
9.999999461096945597e-01
9.999999451192963518e-01
9.999999441012851209e-01
9.999999430546226975e-01
9.999999419782210630e-01
9.999999408709403514e-01
9.999999397315847416e-01
9.999999385589004586e-01
9.999999373515714440e-01
9.999999361082159144e-01
9.999999348273822530e-01
9.999999335075446805e-01
9.999999321470991465e-01
9.999999307443574459e-01
9.999999292975432219e-01
9.999999278047848605e-01
9.999999262641104947e-01
9.999999246734406766e-01
9.999999230305818276e-01
9.999999213332182446e-01
9.999999195789037731e-01
9.999999177650531479e-01
9.999999158889321116e-01
9.999999139476472010e-01
9.999999119381339785e-01
9.999999098571453748e-01
9.999999077012379223e-01
9.999999054667573217e-01
9.999999031498230107e-01
9.999999007463106215e-01
9.999998982518336632e-01
9.999998956617230927e-01
9.999998929710050000e-01
9.999998901743760715e-01
9.999998872661773897e-01
9.999998842403652333e-01
9.999998810904784374e-01
9.999998778096044205e-01
9.999998743903388831e-01
9.999998708247442858e-01
9.999998671043026643e-01
9.999998632198630055e-01
9.999998591615842924e-01
9.999998549188712227e-01
9.999998504803031540e-01
9.999998458335561669e-01
9.999998409653143572e-01
9.999998358611718041e-01
9.999998305055237680e-01
9.999998248814426782e-01
9.999998189705415763e-01
9.999998127528179070e-01
9.999998062064794357e-01
9.999997993077465175e-01
9.999997920306284982e-01
9.999997843466699177e-01
9.999997762246617405e-01
9.999997676303113980e-01
9.999997585258664223e-01
9.999997488696813486e-01
9.999997386157197798e-01
9.999997277129802908e-01
9.999997161048301830e-01
9.999997037282325474e-01
9.999996905128432090e-01
9.999996763799545718e-01
9.999996612412531682e-01
9.999996449973528323e-01
9.999996275360544251e-01
9.999996087302724934e-01
9.999995884355492581e-01
9.999995664870626744e-01
9.999995426959975564e-01
9.999995168451218941e-01
9.999994886833536434e-01
9.999994579190408794e-01
9.999994242115809451e-01
9.999993871608758855e-01
9.999993462939394950e-01
9.999993010477000732e-01
9.999992507466541891e-01
9.999991945734338916e-01
9.999991315294176619e-01
9.999990603809330025e-01
9.999989795834145490e-01
9.999988871670653090e-01
9.999987805335879276e-01
9.999986559593374569e-01
9.999985068993481052e-01
9.999983172494135708e-01
9.999980348169188460e-01
9.999974753034045483e-01
9.999960131220598791e-01
9.999917124841586347e-01
9.999792346136012755e-01
9.999456269635237371e-01
9.998635739127922362e-01
9.996837733725985053e-01
9.993319718356610259e-01
9.987194809000445872e-01
9.977733742524006466e-01
9.964798054973131869e-01
9.949157611269245916e-01
9.932376132703095717e-01
9.916151620016372403e-01
9.901417574084164785e-01
9.887815649440767629e-01
9.874005751642003226e-01
9.858716557389974877e-01
9.841894391854565383e-01
9.825226735980612247e-01
9.811736735304554813e-01
9.804705436734475477e-01
9.806488004596628505e-01
9.817733386575755450e-01
9.837239984786154690e-01
9.862388704081235247e-01
9.889910193745184985e-01
9.916690367708833609e-01
9.940373039183161286e-01
9.959637149222704267e-01
9.974156562286096150e-01
9.984345233436080491e-01
9.991024250670292872e-01
9.995124579088432437e-01
9.997486714967667165e-01
9.998765942543796914e-01
9.999418425008776978e-01
9.999732661515295939e-01
9.999876149607684894e-01
9.999938775153344173e-01
9.999965345925463378e-01
9.999976695018484296e-01
9.999981892621314650e-01
9.999984655349607454e-01
9.999986428874396704e-01
9.999987756316502940e-01
9.999988842102185416e-01
9.999989768863803974e-01
9.999990575931274606e-01
9.999991286424791959e-01
9.999991916437326323e-01
9.999992478279307040e-01
9.999992981795416958e-01
9.999993435030284372e-01
9.999993844641535956e-01
9.999994216190055685e-01
9.999994554356521625e-01
9.999994863107635190e-01
9.999995145825816278e-01
9.999995405411610250e-01
9.999995644365321512e-01
9.999995864852657679e-01
9.999996068757941448e-01
9.999996257727542526e-01
9.999996433205571300e-01
9.999996596463381904e-01
9.999996748624122578e-01
9.999996890683242601e-01
9.999997023525732942e-01
9.999997147940684616e-01
9.999997264633618821e-01
9.999997374236999637e-01
9.999997477319216843e-01
9.999997574392289756e-01
9.999997665918507472e-01
9.999997752316162059e-01
9.999997833964525684e-01
9.999997911208169388e-01
9.999997984360731174e-01
9.999998053708221146e-01
9.999998119511903649e-01
9.999998182010847447e-01
9.999998241424162826e-01
9.999998297952978898e-01
9.999998351782201089e-01
9.999998403082062115e-01
9.999998452009506433e-01
9.999998498709423700e-01
9.999998543315751220e-01
9.999998585952452057e-01
9.999998626734403206e-01
9.999998665768181638e-01
9.999998703152784829e-01
9.999998738980262480e-01
9.999998773336260527e-01
9.999998806300272047e-01
9.999998837944352736e-01
9.999998868325061796e-01
9.999998897452975211e-01
9.999998925211399659e-01
9.999998951211441778e-01
9.999998974659891626e-01
9.999998994437676592e-01
9.999999009534943362e-01
9.999999742307961181e-01
9.999999739313054636e-01
9.999999735336797535e-01
9.999999730676305543e-01
9.999999725612587209e-01
9.999999720307520823e-01
9.999999714821909969e-01
9.999999709168287954e-01
9.999999703343885882e-01
9.999999697342353278e-01
9.999999691156480353e-01
9.999999684778636544e-01
9.999999678200772735e-01
9.999999671414417923e-01
9.999999664410651468e-01
9.999999657180058676e-01
9.999999649712718597e-01
9.999999641998155164e-01
9.999999634025307227e-01
9.999999625782483026e-01
9.999999617257324669e-01
9.999999608436753729e-01
9.999999599306924614e-01
9.999999589853167947e-01
9.999999580059930615e-01
9.999999569910715813e-01
9.999999559388005332e-01
9.999999548473188504e-01
9.999999537146475603e-01
9.999999525386809029e-01
9.999999513171767829e-01
9.999999500477444458e-01
9.999999487278345978e-01
9.999999473547251938e-01
9.999999459255073386e-01
9.999999444370701873e-01
9.999999428860829598e-01
9.999999412689766221e-01
9.999999395819223480e-01
9.999999378208097589e-01
9.999999359812197230e-01
9.999999340583975993e-01
9.999999320472208186e-01
9.999999299421651333e-01
9.999999277372648709e-01
9.999999254260703019e-01
9.999999230016001217e-01
9.999999204562860511e-01
9.999999177819137719e-01
9.999999149695542044e-01
9.999999120094877902e-01
9.999999088911176726e-01
9.999999056028729960e-01
9.999999021320982173e-01
9.999998984649277611e-01
9.999998945861434674e-01
9.999998904790124987e-01
9.999998861250996018e-01
9.999998815040544997e-01
9.999998765933654221e-01
9.999998713680741114e-01
9.999998658004474184e-01
9.999998598595941646e-01
9.999998535110182774e-01
9.999998467160959859e-01
9.999998394314612016e-01
9.999998316082792105e-01
9.999998231913862501e-01
9.999998141182637745e-01
9.999998043178107698e-01
9.999997937088651589e-01
9.999997821984151214e-01
9.999997696794189483e-01
9.999997560281345121e-01
9.999997411008196835e-01
9.999997247296310565e-01
9.999997067174783982e-01
9.999996868315134124e-01
9.999996647948101725e-01
9.999996402756164970e-01
9.999996128733037448e-01
9.999995820997467089e-01
9.999995473542782065e-01
9.999995078893979539e-01
9.999994627628328026e-01
9.999994107685585831e-01
9.999993503321176203e-01
9.999992793277349135e-01
9.999991946267741127e-01
9.999990903500036721e-01
9.999989494644927479e-01
9.999987041508796581e-01
9.999980700805660705e-01
9.999959566395779653e-01
9.999887272138933136e-01
9.999660775037548799e-01
9.999036307891397968e-01
9.997543235750658841e-01
9.994469206794411864e-01
9.989045583290514507e-01
9.980877798123395372e-01
9.970402858760980536e-01
9.958921871992244546e-01
9.947929070746219793e-01
9.938099536222404495e-01
9.928814433077814972e-01
9.918798950517414559e-01
9.907469069768543024e-01
9.895907126274158250e-01
9.886694909727105074e-01
9.882751117583936651e-01
9.885968352554601601e-01
9.896410204165655422e-01
9.912359329502733463e-01
9.931034046661131320e-01
9.949547839467682842e-01
9.965694286179254124e-01
9.978317840626858004e-01
9.987259960930536806e-01
9.993037457206692675e-01
9.996457478495459625e-01
9.998318459294475158e-01
9.999251859767724904e-01
9.999684583423311679e-01
9.999870705702658125e-01
9.999945485722410154e-01
9.999973973395444027e-01
9.999984628931013475e-01
9.999988846581904234e-01
9.999990828216915872e-01
9.999992016429271047e-01
9.999992883018181677e-01
9.999993583088921945e-01
9.999994173758980365e-01
9.999994681818823450e-01
9.999995123576526090e-01
9.999995510700855350e-01
9.999995852164539345e-01
9.999996155084021066e-01
9.999996425197705818e-01
9.999996667187113220e-01
9.999996884908561867e-01
9.999997081565715762e-01
9.999997259840456287e-01
9.999997421993518376e-01
9.999997569942786768e-01
9.999997705324827901e-01
9.999997829543728622e-01
9.999997943810174927e-01
9.999998049172973413e-01
9.999998146544668565e-01
9.999998236722492662e-01
9.999998320405605323e-01
9.999998398209375416e-01
9.999998470677273765e-01
9.999998538290805206e-01
9.999998601477882998e-01
9.999998660619890956e-01
9.999998716057666437e-01
9.999998768096614032e-01
9.999998817011066521e-01
9.999998863048028541e-01
9.999998906430400680e-01
9.999998947359771684e-01
9.999998986018826530e-01
9.999999022573452523e-01
9.999999057174568939e-01
9.999999089959723531e-01
9.999999121054510276e-01
9.999999150573783968e-01
9.999999178622760443e-01
9.999999205297972482e-01
9.999999230688121354e-01
9.999999254874815113e-01
9.999999277933055986e-01
9.999999299930304453e-01
9.999999320917475343e-01
9.999999340888727772e-01
9.999999359667897103e-01
9.999999376727353173e-01
9.999999391130102167e-01
9.999999401893564510e-01
9.999986882977340841e-01
9.999986307237643812e-01
9.999985522988312781e-01
9.999984546823812437e-01
9.999983397209328828e-01
9.999982078651576956e-01
9.999980577660743108e-01
9.999978865266072603e-01
9.999976898915399204e-01
9.999974619809154364e-01
9.999971939836527213e-01
9.999968690513112435e-01
9.999964413496413851e-01
9.999957534955066230e-01
9.999942416738936135e-01
9.999900076157280937e-01
9.999772932085064792e-01
9.999406585205055098e-01
9.998439670963727988e-01
9.996143724945529829e-01
9.991277717187641016e-01
9.982113987518013154e-01
9.966830751235616903e-01
9.944320598666811506e-01
9.915099736995582891e-01
9.881650166582531813e-01
9.847616120519961935e-01
9.816006583400556096e-01
9.787482746227831321e-01
9.760061715711843000e-01
9.730707171746091344e-01
9.697895801040843367e-01
9.663497573726971268e-01
9.632787878712920637e-01
9.612642001291841209e-01
9.608963594010540010e-01
9.624592203232056331e-01
9.658456570262157204e-01
9.706067882949882542e-01
9.760945596307043504e-01
9.816355002433101440e-01
9.866777517575172629e-01
9.908749013122584159e-01
9.940985298709663631e-01
9.963957555045268588e-01
9.979204436005748580e-01
9.988655657453278103e-01
9.994139456418612566e-01
9.997123451095539792e-01
9.998649221301174617e-01
9.999384126683695806e-01
9.999718894928120161e-01
9.999864210229885142e-01
9.999925279009806989e-01
9.999950968157755860e-01
9.999962478395716392e-01
9.999968444385323174e-01
9.999972193431827527e-01
9.999974953151034018e-01
9.999977159253210512e-01
9.999978950314574178e-01
9.999980352284318919e-01
9.999981364596828293e-01
9.999988433390771814e-01
9.999988017744361191e-01
9.999987458512813454e-01
9.999986772264517487e-01
9.999985978086989302e-01
9.999985086389088229e-01
9.999984096367432462e-01
9.999982998652869881e-01
9.999981778235296215e-01
9.999980415710141290e-01
9.999978887072049627e-01
9.999977162631015215e-01
9.999975205243520904e-01
9.999972967581404193e-01
9.999970387184407006e-01
9.999967373895152223e-01
9.999963765052639619e-01
9.999959141400502904e-01
9.999952083615273324e-01
9.999937422600646553e-01
9.999897205340239070e-01
9.999774801993484008e-01
9.999411288001589515e-01
9.998414689557694190e-01
9.995945029788857461e-01
9.990461656918285804e-01
9.979604126107536333e-01
9.960493856991762263e-01
9.930678192157565976e-01
9.889540157316947244e-01
9.839397516533787691e-01
9.785243191974271060e-01
9.732688526424937425e-01
9.685027720083324576e-01
9.641394810823469275e-01
9.597600047468067830e-01
9.549435044370362391e-01
9.496416492114581054e-01
9.443595317428712388e-01
9.400384563646694280e-01
9.377189468266842187e-01
9.381646985307410258e-01
9.416103030233244908e-01
9.477068567667066290e-01
9.556485902281272038e-01
9.644075864545591514e-01
9.729870304382157720e-01
9.806174872241846252e-01
9.868541799074780352e-01
9.915728551409600522e-01
9.948933768610928041e-01
9.970738856444115727e-01
9.984134363584369343e-01
9.991848437690489249e-01
9.996020025783076690e-01
9.998142239946485876e-01
9.999160145087934159e-01
9.999622050970613518e-01
9.999821649182580874e-01
9.999904915862801724e-01
9.999939452256962902e-01
9.999954536069384226e-01
9.999962078786053254e-01
9.999966665420296774e-01
9.999969989696122497e-01
9.999972670940633357e-01
9.999974947921639323e-01
9.999976927495985990e-01
9.999978669200686454e-01
9.999980213247473548e-01
9.999981590024906719e-01
9.999982823736563997e-01
9.999983934135807662e-01
9.999984937562867993e-01
9.999985847658081628e-01
9.999986675864143137e-01
9.999987431684560502e-01
9.999988122452363459e-01
9.999988752121293789e-01
9.999989318870439181e-01
9.999989812951717294e-01
9.999990218424450461e-01
9.999990521395001331e-01
