9.999998823050066932e-01
9.999998800994216452e-01
9.999998771675917553e-01
9.999998736750407291e-01
9.999998697930212455e-01
9.999998656285715715e-01
9.999998612225544647e-01
9.999998565775067849e-01
9.999998516802385273e-01
9.999998465118324908e-01
9.999998410504399304e-01
9.999998352716122918e-01
9.999998291480216572e-01
9.999998226490127706e-01
9.999998157400344923e-01
9.999998083819149342e-01
9.999998005298675885e-01
9.999997921319803140e-01
9.999997831265599046e-01
9.999997734367713775e-01
9.999997629587620285e-01
9.999997515341872978e-01
9.999997388863399728e-01
9.999997244740816971e-01
9.999997071671345994e-01
9.999996845488835495e-01
9.999996514760330912e-01
9.999995972232423869e-01
9.999995000637245113e-01
9.999993174442916022e-01
9.999989690168975542e-01
9.999983088137568421e-01
9.999970821197103898e-01
9.999948626901138393e-01
9.999909677464687840e-01
9.999843526597236298e-01
9.999734952047725223e-01
9.999562907610273221e-01
9.999299933785796846e-01
9.998912497179466286e-01
9.998362779631546626e-01
9.997612353522178363e-01
9.996627906203437997e-01
9.995388703286038901e-01
9.993894868053528890e-01
9.992174945766116867e-01
9.990290822433578466e-01
9.988338088225517941e-01
9.986440509301346413e-01
9.984738375271775546e-01
9.983371900634603335e-01
9.982462171561803377e-01
9.982092822182753178e-01
9.982295167754975385e-01
9.983037600473723128e-01
9.984217121173217802e-01
9.985649160314643558e-01
9.987055807371366667e-01
9.988066077212316429e-01
9.988259827153822545e-01
9.987287803683678744e-01
9.985056383085080256e-01
9.981880683866209969e-01
9.978451011336814114e-01
9.975518618072504173e-01
9.973398079229012225e-01
9.971568209161538743e-01
9.968649803276212751e-01
9.962817648085765532e-01
9.952445168031788247e-01
9.936689856030843648e-01
9.915833457765104164e-01
9.891347060503570265e-01
9.865723609396316318e-01
9.842110439144653444e-01
9.823768136348075553e-01
9.813430277010337655e-01
9.812711005079822746e-01
9.821737717687526459e-01
9.839135997960692936e-01
9.862379146851996126e-01
9.888389206677800081e-01
9.914198047656512802e-01
9.937477173119868556e-01
9.956815381382151386e-01
9.971725538095972396e-01
9.982448984407296111e-01
9.989667863919909907e-01
9.994228082339977615e-01
9.996936646427106998e-01
9.998451807787062107e-01
9.999251367188363160e-01
9.999650157120196781e-01
9.999838679645225437e-01
9.999923578032254845e-01
9.999960371498237688e-01
9.999976047958258896e-01
9.999982899994352969e-01
9.999986194267518336e-01
9.999988065034237650e-01
9.999989338636079417e-01
9.999990327231205178e-01
9.999991150985811927e-01
9.999991860780228503e-01
9.999992482420353435e-01
9.999993031949547806e-01
9.999993520921031109e-01
9.999993958327781929e-01
9.999994351430094852e-01
9.999994706198171990e-01
9.999995027597377018e-01
9.999995319792838178e-01
9.999995586303832562e-01
9.999995830123229457e-01
9.999996053811244234e-01
9.999996259569865487e-01
9.999996449302466228e-01
9.999996624661959821e-01
9.999996787089974193e-01
9.999996937848948386e-01
9.999997078048612487e-01
9.999997208667924520e-01
9.999997330573395793e-01
9.999997444534429736e-01
9.999997551236259330e-01
9.999997651290883915e-01
9.999997745246373970e-01
9.999997833594804764e-01
9.999997916779060914e-01
9.999997995198668388e-01
9.999998069214854901e-01
9.999998139154901988e-01
9.999998205315945299e-01
9.999998267968271959e-01
9.999998327358206041e-01
9.999998383710630989e-01
9.999998437231218951e-01
9.999998488108368111e-01
9.999998536514940195e-01
9.999998582609781472e-01
9.999998626539068347e-01
9.999998668437520832e-01
9.999998708429458372e-01
9.999998746629763513e-01
9.999998783144734560e-01
9.999998818072841633e-01
9.999998851505420561e-01
9.999998883527284610e-01
9.999998914217278490e-01
9.999998943648780170e-01
9.999998971890149413e-01
9.999998999005141886e-01
9.999999025053268875e-01
9.999999050090144781e-01
9.999999074167782442e-01
9.999999097334875131e-01
9.999999119637047462e-01
9.999999141117086321e-01
9.999999161815152915e-01
9.999999181768969292e-01
9.999999201013999306e-01
9.999999219583608490e-01
9.999999237509215044e-01
9.999999254820417516e-01
9.999999271545130242e-01
9.999999287709685492e-01
9.999999303338954482e-01
9.999999318456433972e-01
9.999999333084337305e-01
9.999999347243684333e-01
9.999999360954372474e-01
9.999999374235247762e-01
9.999999387104172577e-01
9.999999399578092252e-01
9.999999411673078376e-01
9.999999423404396515e-01
9.999999434786546182e-01
9.999999445833305245e-01
9.999999456557779887e-01
9.999999466972441242e-01
9.999999477089154265e-01
9.999999486919225467e-01
9.999999496473426230e-01
9.999999505762020569e-01
9.999999514794805089e-01
9.999999523581091232e-01
9.999999532129526525e-01
9.999999540446751212e-01
9.999999548530938975e-01
9.999999556350180896e-01
9.999999563794061963e-01
9.999999570613382627e-01
9.999999576421534364e-01
9.999999580838976332e-01
9.999997005870786548e-01
9.999996954306167307e-01
9.999996886551312247e-01
9.999996805871841365e-01
9.999996715915755452e-01
9.999996619248563423e-01
9.999996517076333857e-01
9.999996409678204579e-01
9.999996296887918579e-01
9.999996178364591870e-01
9.999996053692898901e-01
9.999995922406905713e-01
9.999995783990087705e-01
9.999995637869203424e-01
9.999995483405900165e-01
9.999995319886374467e-01
9.999995146508315891e-01
9.999994962363534245e-01
9.999994766412578784e-01
9.999994557442903886e-01
9.999994333990815942e-01
9.999994094181368087e-01
9.999993835382672280e-01
9.999993553447259487e-01
9.999993241058213744e-01
9.999992884193957821e-01
9.999992454773483086e-01
9.999991895827324839e-01
9.999991092601405729e-01
9.999989818250388796e-01
9.999987635583228451e-01
9.999983726252206218e-01
9.999976606044218563e-01
9.999963671102668483e-01
9.999940508763696112e-01
9.999899905031390812e-01
9.999830498590420724e-01
9.999715080914400867e-01
9.999528634882066669e-01
9.999236345474238341e-01
9.998791997076759142e-01
9.998137363205459316e-01
9.997203341876679250e-01
9.995913618356544461e-01
9.994191466190498474e-01
9.991969868549803735e-01
9.989204452093713993e-01
9.985887857233000098e-01
9.982063300109560444e-01
9.977834464070403087e-01
9.973368756154703529e-01
9.968891567093081107e-01
9.964670508523123527e-01
9.960990475186376480e-01
9.958122377500038258e-01
9.956289929113769643e-01
9.955639298703058415e-01
9.956215152108921496e-01
9.957943398695777715e-01
9.960616705910678714e-01
9.963876735857102318e-01
9.967192915362559358e-01
9.969856399889904797e-01
9.971034582491582476e-01
9.969941214477060498e-01
9.966132874804312092e-01
9.959832286427943160e-01
9.952061570818178105e-01
9.944364476014909693e-01
9.938087604148828635e-01
9.933498875528858907e-01
9.929218303490108255e-01
9.922330174420088689e-01
9.909182600760002568e-01
9.886525614301708842e-01
9.852536660484823017e-01
9.807442837206714614e-01
9.753682153292108081e-01
9.695672459930820830e-01
9.639257249093968749e-01
9.590872767879455862e-01
9.556516277818595251e-01
9.540684235475842545e-01
9.545520768604727202e-01
9.570406840842176077e-01
9.612116173600301350e-01
9.665503703232101174e-01
9.724539114061387934e-01
9.783409187512688288e-01
9.837417635290286455e-01
9.883501199797064540e-01
9.920315413685434347e-01
9.947969052561425052e-01
9.967560931370627042e-01
9.980681971157242538e-01
9.989003456828972061e-01
9.994008651242278773e-01
9.996867683857724174e-01
9.998420815014424923e-01
9.999224612025197079e-01
9.999621960332480963e-01
9.999810446167862743e-01
9.999897006512266096e-01
9.999936176729911086e-01
9.999954239658628286e-01
9.999963203365016540e-01
9.999968291189498260e-01
9.999971682242231319e-01
9.999974260918758073e-01
9.999976386488764746e-01
9.999978212839020220e-01
9.999979814655386434e-01
9.999981235176738092e-01
9.999982503855812110e-01
9.999983642987249066e-01
9.999984670404051812e-01
9.999985600764202953e-01
9.999986446295179299e-01
9.999987217295700503e-01
9.999987922504816051e-01
9.999988569385498405e-01
9.999989164347465875e-01
9.999989712924617358e-01
9.999990219917764822e-01
9.999990689510389608e-01
9.999991125363226763e-01
9.999991530692073916e-01
9.999991908332188650e-01
9.999992260791905618e-01
9.999992590297510642e-01
9.999992898831000510e-01
9.999993188161980795e-01
9.999993459874757518e-01
9.999993715391428672e-01
9.999993955991651751e-01
9.999994182829621270e-01
9.999994396948708175e-01
9.999994599294128594e-01
9.999994790723927274e-01
9.999994972018545480e-01
9.999995143889186533e-01
9.999995306985114407e-01
9.999995461900078597e-01
9.999995609177969591e-01
9.999995749317798222e-01
9.999995882778103251e-01
9.999996009980862688e-01
9.999996131314967673e-01
9.999996247139301131e-01
9.999996357785506662e-01
9.999996463560446580e-01
9.999996564748400152e-01
9.999996661613057558e-01
9.999996754399280707e-01
9.999996843334716390e-01
9.999996928631228466e-01
9.999997010486210147e-01
9.999997089083756396e-01
9.999997164595729737e-01
9.999997237182738363e-01
9.999997306994998780e-01
9.999997374173150710e-01
9.999997438848978737e-01
9.999997501146076218e-01
9.999997561180455907e-01
9.999997619061098408e-01
9.999997674890466204e-01
9.999997728764966620e-01
9.999997780775370382e-01
9.999997831007221283e-01
9.999997879541178136e-01
9.999997926453358943e-01
9.999997971815637321e-01
9.999998015695934495e-01
9.999998058158463543e-01
9.999998099263986973e-01
9.999998139070032099e-01
9.999998177631088669e-01
9.999998214998808699e-01
9.999998251222184109e-01
9.999998286347704379e-01
9.999998320419510867e-01
9.999998353479537805e-01
9.999998385567646642e-01
9.999998416721747052e-01
9.999998446977909072e-01
9.999998476370468570e-01
9.999998504932132715e-01
9.999998532694069908e-01
9.999998559685989719e-01
9.999998585936233919e-01
9.999998611471840881e-01
9.999998636318632173e-01
9.999998660501262515e-01
9.999998684043290842e-01
9.999998706967236917e-01
9.999998729294636846e-01
9.999998751046087486e-01
9.999998772241279754e-01
9.999998792898824318e-01
9.999998813035031464e-01
9.999998832657781556e-01
9.999998851744289485e-01
9.999998870182488231e-01
9.999998887666867731e-01
9.999998903603076750e-01
9.999998917161381229e-01
9.999998927583021446e-01
9.999998208478502182e-01
9.999998172212938297e-01
9.999998123511624204e-01
9.999998065522841539e-01
9.999998001259050584e-01
9.999997932382015398e-01
9.999997859379898824e-01
9.999997782159250059e-01
9.999997700418187252e-01
9.999997613777007466e-01
9.999997521804023792e-01
9.999997424013362668e-01
9.999997319856483990e-01
9.999997208710972307e-01
9.999997089866048405e-01
9.999996962502640807e-01
9.999996825662590405e-01
9.999996678192786259e-01
9.999996518626783626e-01
9.999996344906958434e-01
9.999996153704551194e-01
9.999995938755734670e-01
9.999995686882372503e-01
9.999995368802877538e-01
9.999994918772054930e-01
9.999994191468271065e-01
9.999992875003582693e-01
9.999990324133497532e-01
9.999985257296266639e-01
9.999975237250839921e-01
9.999955835069607168e-01
9.999919375791775922e-01
9.999853204107759241e-01
9.999737517748694682e-01
9.999543016904121062e-01
9.999228908365385138e-01
9.998742135789461249e-01
9.998018973514042340e-01
9.996990156066469790e-01
9.995590340487638947e-01
9.993771801974085101e-01
9.991520898004030427e-01
9.988874290374982756e-01
9.985930699195699756e-01
9.982853677561553951e-01
9.979861991207527039e-01
9.977206705264065612e-01
9.975137487996721397e-01
9.973863852161674037e-01
9.973518625852275665e-01
9.974129433342491247e-01
9.975598705642261255e-01
9.977685793498300981e-01
9.979983948829801443e-01
9.981903175962609787e-01
9.982710629941877745e-01
9.981709353524186312e-01
9.978579599772388065e-01
9.973728577546838725e-01
9.968315626215218384e-01
9.963691795064738566e-01
9.960412478756714982e-01
9.957439907096099496e-01
9.952160026402558923e-01
9.941303275438568843e-01
9.922263584284272131e-01
9.894173648876917193e-01
9.858403972321254649e-01
9.818490311514403990e-01
9.779591590670899670e-01
9.747545154944352586e-01
9.727633014826868596e-01
9.723330154353644339e-01
9.735423869087664883e-01
9.761831637168598697e-01
9.798202607205617198e-01
9.839087660017455939e-01
9.879260080115909171e-01
9.914756714247555669e-01
9.943375266715295258e-01
9.964606531328242811e-01
9.979178329369662315e-01
9.988465291696277948e-01
9.993976572287253113e-01
9.997028747778675672e-01
9.998609313688261446e-01
9.999376337002392479e-01
9.999726219776502445e-01
9.999877055742603105e-01
9.999939202659904325e-01
9.999964282891233847e-01
9.999974716751052206e-01
9.999979587753489163e-01
9.999982352699821053e-01
9.999984263770909099e-01
9.999985765430465801e-01
9.999987022065675024e-01
9.999988103741399570e-01
9.999989047883913740e-01
9.999989879094525191e-01
9.999990615656654258e-01
9.999991271954422611e-01
9.999991859604122624e-01
9.999992388123861708e-01
9.999992865392759445e-01
9.999993297988367669e-01
9.999993691442579102e-01
9.999994050439169335e-01
9.999994378968212194e-01
9.999994680448029971e-01
9.999994957822431196e-01
9.999995213638863678e-01
9.999995450111740514e-01
9.999995669174089885e-01
9.999995872519974460e-01
9.999996061639537803e-01
9.999996237848139957e-01
9.999996402310666888e-01
9.999996556061966357e-01
9.999996700024071927e-01
9.999996835020801278e-01
9.999996961790167394e-01
9.999997080994996734e-01
9.999997193232015302e-01
9.999997299039677934e-01
9.999997398904925117e-01
9.999997493269037196e-01
9.999997582532715867e-01
9.999997667060520623e-01
9.999997747184737884e-01
9.999997823208776060e-01
9.999997895410150939e-01
9.999997964043109144e-01
9.999998029340944061e-01
9.999998091518054188e-01
9.999998150771758354e-01
9.999998207283911089e-01
9.999998261222352580e-01
9.999998312742182094e-01
9.999998361986914830e-01
9.999998409089509988e-01
9.999998454173290030e-01
9.999998497352781124e-01
9.999998538734444775e-01
9.999998578417371720e-01
9.999998616493870340e-01
9.999998653050031772e-01
9.999998688166229499e-01
9.999998721917555677e-01
9.999998754374256338e-01
9.999998785602084439e-01
9.999998815662650697e-01
9.999998844613735560e-01
9.999998872509572312e-01
9.999998899401099095e-01
9.999998925336206490e-01
9.999998950359948457e-01
9.999998974514747729e-01
9.999998997840574555e-01
9.999999020375116565e-01
9.999999042153934203e-01
9.999999063210605055e-01
9.999999083576853742e-01
9.999999103282675161e-01
9.999999122356446613e-01
9.999999140825031052e-01
9.999999158713873681e-01
9.999999176047088545e-01
9.999999192847548457e-01
9.999999209136956058e-01
9.999999224935911535e-01
9.999999240263989231e-01
9.999999255139790932e-01
9.999999269580989170e-01
9.999999283604268374e-01
9.999999297224259065e-01
9.999999310446865408e-01
9.999999323240696958e-01
9.999999335457308014e-01
9.999999346704179226e-01
9.999999356302357034e-01
9.999999363535263530e-01
9.999992234028127758e-01
9.999992076477448588e-01
9.999991868126869576e-01
9.999991618643739866e-01
9.999991338740021884e-01
9.999991035637565417e-01
9.999990712314987817e-01
9.999990368901705562e-01
9.999990004132588428e-01
9.999989616111077950e-01
9.999989202538007715e-01
9.999988760677130939e-01
9.999988287151858612e-01
9.999987777484035112e-01
9.999987225072868302e-01
9.999986618930469806e-01
9.999985938726551060e-01
9.999985144201090081e-01
9.999984153211960436e-01
9.999982797722780647e-01
9.999980738692896276e-01
9.999977307648699743e-01
9.999971223349770622e-01
9.999960105980466585e-01
9.999939680542292431e-01
9.999902531638472647e-01
9.999836255972733845e-01
9.999720876641143841e-01
9.999525461482443589e-01
9.999204054971315703e-01
9.998691309198839416e-01
9.997898579329239643e-01
9.996711684260182196e-01
9.994991918911049211e-01
9.992582080072044404e-01
9.989319043824822497e-01
9.985053647896419138e-01
9.979677232718263680e-01
9.973152311680841819e-01
9.965542832336258261e-01
9.957037909085028060e-01
9.947962377205248341e-01
9.938768531025732322e-01
9.930006111505458311e-01
9.922271646064803052e-01
9.916142739099294001e-01
9.912106583426815165e-01
9.910493332925971455e-01
9.911422658335685698e-01
9.914765127380131826e-01
9.920110617063682135e-01
9.926730392273601655e-01
9.933530716127142446e-01
9.939036150423192773e-01
9.941500463886207006e-01
9.939267612953158748e-01
9.931409514305107322e-01
9.918421821881029388e-01
9.902497045046692037e-01
9.886892282371134710e-01
9.874348383124360584e-01
9.865206834702033856e-01
9.856280591587096573e-01
9.841248918468716855e-01
9.812509355878027417e-01
9.763656766927498731e-01
9.691595110064600282e-01
9.597691474994828331e-01
9.487901512219091282e-01
9.372055862489757638e-01
9.262494428726448792e-01
9.172195755192076305e-01
9.112627329650508923e-01
9.091697018869137059e-01
9.112273515685156422e-01
9.171668090547562269e-01
9.262238814797958408e-01
9.372974950655924564e-01
9.491650390326453746e-01
9.606993088837157968e-01
9.710351701350440345e-01
9.796536393841759338e-01
9.863789031281923192e-01
9.913088449693894244e-01
9.947131359032459486e-01
9.969323106403615853e-01
9.983003545531315970e-01
9.990991313279844466e-01
9.995415353632033373e-01
9.997743480212832878e-01
9.998910185717764243e-01
9.999468985806441168e-01
9.999726504754702372e-01
9.999842226306726589e-01
9.999894291113810008e-01
9.999918878404905342e-01
9.999931878363766957e-01
9.999939951087725154e-01
9.999945790358989450e-01
9.999950471551022346e-01
9.999954437326744605e-01
9.999957889123752830e-01
9.999960935430771691e-01
9.999963646165620501e-01
9.999966072592716415e-01
9.999968255048230503e-01
9.999970226385528349e-01
9.999972013844632412e-01
9.999973640259605112e-01
9.999975124926721026e-01
9.999976484263392029e-01
9.999977732321867485e-01
9.999978881195916713e-01
9.999979941346286427e-01
9.999980921863463879e-01
9.999981830681470285e-01
9.999982674753049583e-01
9.999983460194155072e-01
9.999984192403811312e-01
9.999984876164140779e-01
9.999985515724234553e-01
9.999986114870853537e-01
9.999986676988275036e-01
9.999987205109165389e-01
9.999987701957711028e-01
9.999988169984070918e-01
9.999988611377808034e-01
9.999989028001129432e-01
9.999989421054480410e-01
9.999989790113139598e-01
9.999990131330156462e-01
9.999990435719747772e-01
9.999990690068958354e-01
9.999990882473689391e-01
9.999988812932366633e-01
9.999988561883556004e-01
9.999988229201903778e-01
9.999987828863137196e-01
9.999987376586336740e-01
9.999986882776279451e-01
9.999986351039378274e-01
9.999985779886739756e-01
9.999985164253004655e-01
9.999984495092837378e-01
9.999983756130172985e-01
9.999982915856473475e-01
9.999981910302435661e-01
9.999980607559593171e-01
9.999978737253950589e-01
9.999975755318012416e-01
9.999970594303658755e-01
9.999961220201067924e-01
9.999943877760564259e-01
9.999911860534541619e-01
9.999853598308556801e-01
9.999749831474404882e-01
9.999569668493641927e-01
9.999265437982680638e-01
9.998766492868660372e-01
9.997972529872827252e-01
9.996747547328682648e-01
9.994916210355233588e-01
9.992264975096110113e-01
9.988550612145883356e-01
9.983518487171183509e-01
9.976931861684743552e-01
9.968611473406793211e-01
9.958481910220580158e-01
9.946618299391656315e-01
9.933284381184561695e-01
9.918952032049196399e-01
9.904293496246141526e-01
9.890141252074843292e-01
9.877416154173556118e-01
9.867031084966322307e-01
9.859783056572515303e-01
9.856249466381198365e-01
9.856702011718009304e-01
9.861043323894187473e-01
9.868757937658363399e-01
9.878858161685495354e-01
9.889813452395717075e-01
9.899499292264195560e-01
9.905287181819302234e-01
9.904461810599143323e-01
9.895075484287032541e-01
9.877047410083613643e-01
9.852896075993402558e-01
9.827314832684453938e-01
9.805225868538005596e-01
9.788910717869256928e-01
9.775672064587425103e-01
9.757472718062051298e-01
9.722987497596937700e-01
9.661200134765725034e-01
9.565013459576870991e-01
9.433642235336925363e-01
9.273360663800596093e-01
9.096802582880363364e-01
8.921192080485256248e-01
8.765819658532487679e-01
8.649070872182906822e-01
8.585436199830208670e-01
8.583053590079736672e-01
8.642316996461700818e-01
8.755891042070778063e-01
8.910160751940685575e-01
9.087803501966440489e-01
9.270888676464209555e-01
9.443778467168795210e-01
9.595183501914428259e-01
9.719009250536028155e-01
9.814010634730258031e-01
9.882600506906018545e-01
9.929313034451632269e-01
9.959379752085120163e-01
9.977700081884992578e-01
9.988283390567902487e-01
9.994088097841611340e-01
9.997115737111100797e-01
9.998620634498058823e-01
9.999335864891758519e-01
9.999662915846412314e-01
9.999808597182469061e-01
9.999873407804018566e-01
9.999903554224174318e-01
9.999919206557661422e-01
9.999928769328179090e-01
9.999935619232755979e-01
9.999941091594293230e-01
9.999945727932282313e-01
9.999949769400960919e-01
9.999953342883154406e-01
9.999956528819251567e-01
9.999959385777302812e-01
9.999961959794809729e-01
9.999964288427046766e-01
9.999966402874012061e-01
9.999968329266406553e-01
9.999970089281736696e-01
9.999971699583540818e-01
9.999973168963978143e-01
9.999974492723030517e-01
9.999975647650801713e-01
9.999976596120488948e-01
9.999977305356433366e-01
