9.999996438283667022e-01
9.999996379439981542e-01
9.999996301457427794e-01
9.999996208929345931e-01
9.999996106593584955e-01
9.999995997451899266e-01
9.999995882725603025e-01
9.999995762614120043e-01
9.999995636910260499e-01
9.999995505274663632e-01
9.999995367315781536e-01
9.999995222604107781e-01
9.999995070671030550e-01
9.999994911004697062e-01
9.999994743044968715e-01
9.999994566177611288e-01
9.999994379727608074e-01
9.999994182951454924e-01
9.999993975028238502e-01
9.999993755049254585e-01
9.999993522005904412e-01
9.999993274775467178e-01
9.999993012104357870e-01
9.999992732588257605e-01
9.999992434648432571e-01
9.999992116503308992e-01
9.999991776134087296e-01
9.999991411242732386e-01
9.999991019199836462e-01
9.999990596978125534e-01
9.999990141062953253e-01
9.999989647319400543e-01
9.999989110763266575e-01
9.999988525096148440e-01
9.999987881637664167e-01
9.999987166720356591e-01
9.999986355263275062e-01
9.999985395196165916e-01
9.999984170921194515e-01
9.999982421007969080e-01
9.999979560989008531e-01
9.999974319884191720e-01
9.999964031969921230e-01
9.999943329898631772e-01
9.999901869439389301e-01
9.999820610726285475e-01
9.999666152684065779e-01
9.999382775082571451e-01
9.998882324163815838e-01
9.998033002198624120e-01
9.996649500996457327e-01
9.994488545314553773e-01
9.991255261914578911e-01
9.986626037466918016e-01
9.980291735068149706e-01
9.972020653248716560e-01
9.961733587272921797e-01
9.949575170207456409e-01
9.935958975797384296e-01
9.921562028984507453e-01
9.907250408787829921e-01
9.893932859978264993e-01
9.882362184192077237e-01
9.872929520461365405e-01
9.865515890517047026e-01
9.859468042736994065e-01
9.853742595002763505e-01
9.847211650299637631e-01
9.839055201426667452e-01
9.829106259869974105e-01
9.817997012825367964e-01
9.807002940026348092e-01
9.797593570164233601e-01
9.790834289285559322e-01
9.786880160383701899e-01
9.784802944783359546e-01
9.782878441004901893e-01
9.779270751225966896e-01
9.772865210829497773e-01
9.763911348030623882e-01
9.754191520211404898e-01
9.746612238679903673e-01
9.744344274667066097e-01
9.749812786061351488e-01
9.763886868061195656e-01
9.785527898894489374e-01
9.811977756048236854e-01
9.839382775440439488e-01
9.863630082152465839e-01
9.881153537465335868e-01
9.889532879949319844e-01
9.887813552175561682e-01
9.876562794835963555e-01
9.857718879127510547e-01
9.834287835474554429e-01
9.809923050609274942e-01
9.788416863689937131e-01
9.773151195531024626e-01
9.766584563348177372e-01
9.769870780311982195e-01
9.782689757661799934e-01
9.803321380785847694e-01
9.828930709007817068e-01
9.855992081136072391e-01
9.880788120244055062e-01
9.899967502601919600e-01
9.911174397036743855e-01
9.913700183811170463e-01
9.908949305617533732e-01
9.900379389253507467e-01
9.892662974943570164e-01
9.890195039374249930e-01
9.895536013241564843e-01
9.908559761052391224e-01
9.926750407254807396e-01
9.946444143909548563e-01
9.964307532912289878e-01
9.978328256202226854e-01
9.988010027366929222e-01
9.993949521796861024e-01
9.997207290923797451e-01
9.998812441284559149e-01
9.999525960614621400e-01
9.999813703993347680e-01
9.999920094325744913e-01
9.999957096884097840e-01
9.999970019985884306e-01
9.999975211179952250e-01
9.999977985652509505e-01
9.999979931371419939e-01
9.999981505801520676e-01
9.999982851864859246e-01
9.999984027846700041e-01
9.999985066995737970e-01
9.999985992680584523e-01
9.999986822781931073e-01
9.999987571453947677e-01
9.999988250109305143e-01
9.999988868075259107e-01
9.999989433061412525e-01
9.999989951503625019e-01
9.999990428821896593e-01
9.999990869616854905e-01
9.999991277821550506e-01
9.999991656820148567e-01
9.999992009541790461e-01
9.999992338535551584e-01
9.999992646030853027e-01
9.999992933986565635e-01
9.999993204131214508e-01
9.999993457996148027e-01
9.999993696943070276e-01
9.999993922187047080e-01
9.999994134815819447e-01
9.999994335806139389e-01
9.999994526037601084e-01
9.999994706304466963e-01
9.999994877325788512e-01
9.999995039754101533e-01
9.999995194182939029e-01
9.999995341153357087e-01
9.999995481159589250e-01
9.999995614653995890e-01
9.999995742051387415e-01
9.999995863732830115e-01
9.999995980048992372e-01
9.999996091323095637e-01
9.999996197853537883e-01
9.999996299916210640e-01
9.999996397766570677e-01
9.999996491641477414e-01
9.999996581760846048e-01
9.999996668329115268e-01
9.999996751536579520e-01
9.999996831560569177e-01
9.999996908566538556e-01
9.999996982709018489e-01
9.999997054132496732e-01
9.999997122972215102e-01
9.999997189354883353e-01
9.999997253399333097e-01
9.999997315217111771e-01
9.999997374913027759e-01
9.999997432585643331e-01
9.999997488327700967e-01
9.999997542226417568e-01
9.999997594362582953e-01
9.999997644802878227e-01
9.999997693562354684e-01
9.999997740478305808e-01
9.999997784928136291e-01
9.999997825479634006e-01
9.999997859903287933e-01
9.999997886020002280e-01
9.654514563256235693e-01
9.648928206545086539e-01
9.640406044801088647e-01
9.628157403758288435e-01
9.611563686761421810e-01
9.590635757603181988e-01
9.566449039131883492e-01
9.541212066579518591e-01
9.517800444231016010e-01
9.498870686092560911e-01
9.485882736612392119e-01
9.478431531656159592e-01
9.474205283525015675e-01
9.469675493602391914e-01
9.461347885632069854e-01
9.447166842864149761e-01
9.427569451774896470e-01
9.405780264276618619e-01
9.387195094074051172e-01
9.378019695542818557e-01
9.383580014212651310e-01
9.406813008000143306e-01
9.447361915902985352e-01
9.501488519638563446e-01
9.562765409901481384e-01
9.623308774174876845e-01
9.675211450394618495e-01
9.711849368744784883e-01
9.728834456698018940e-01
9.724520602074124831e-01
9.700081771932067554e-01
9.659240679532695717e-01
9.607734020801144137e-01
9.552583573162862773e-01
9.501233019732796548e-01
9.460623865440676017e-01
9.436312714855061845e-01
9.431753725019604850e-01
9.447861832032540264e-01
9.482926108024221090e-01
9.532870688115406832e-01
9.591793724574029234e-01
9.652688969205773795e-01
9.708287657306491347e-01
9.752022681534902038e-01
9.779134581633923684e-01
9.787828304986165850e-01
9.780158178556201953e-01
9.762123335666414992e-01
9.742535917423911229e-01
9.730695943683260740e-01
9.733581561720703323e-01
9.753700875596820197e-01
9.788575187330559313e-01
9.832055763557422390e-01
9.876775483258138921e-01
9.916567359370958012e-01
9.947891473382575178e-01
9.969976419932363720e-01
9.984028133352430556e-01
9.992137232085385179e-01
9.996397055308019475e-01
9.998439244013741511e-01
9.999333899908919854e-01
9.808482473898656462e-01
9.802964739427004748e-01
9.796375300006344711e-01
9.788980312542636675e-01
9.780216213780230650e-01
9.769006931894296253e-01
9.754696756569465332e-01
9.737844803476483069e-01
9.720349678368336299e-01
9.704808625581731185e-01
9.693382990053496240e-01
9.686694397934205725e-01
9.683328113741200838e-01
9.680295570433790076e-01
9.674367470380600409e-01
9.663735517431251143e-01
9.649237631842033647e-01
9.634528583300474569e-01
9.625038857530170411e-01
9.626108268978128546e-01
9.641034716590897169e-01
9.669783804354536993e-01
9.708792206005685266e-01
9.751845413098315651e-01
9.791634747473197953e-01
9.821443841158582488e-01
9.836498944292122459e-01
9.834744153647727583e-01
9.817030173669624160e-01
9.786831479006878887e-01
9.749619785364800340e-01
9.711984836708000834e-01
9.680582376316647641e-01
9.661032118843677630e-01
9.656951762169323494e-01
9.669333458670579251e-01
9.696405137014418862e-01
9.733985960777344904e-01
9.776215837792987529e-01
9.816501795563672417e-01
9.848605245072672432e-01
9.867888941323098573e-01
9.872656033795911279e-01
9.865168819263814282e-01
9.851594665314429289e-01
9.840295228606157352e-01
9.838769524845176750e-01
9.850648339022579636e-01
9.874429270061773067e-01
9.904672567130596850e-01
9.934820025043364922e-01
9.959903917271504259e-01
9.977810390977244204e-01
9.988934670037974417e-01
9.994992951844260398e-01
9.997890107299449713e-01
9.999938280849678396e-01
9.999936181359618814e-01
9.999933314850917299e-01
9.999929697034501963e-01
9.999925259224613505e-01
9.999919666040505417e-01
9.999912030406941099e-01
9.999900357789799354e-01
9.999880423183256095e-01
9.999843606932341533e-01
9.999772948251441917e-01
9.999636323239480262e-01
9.999375284404327102e-01
9.998887861527387955e-01
9.998003779472606212e-01
9.996451465578152229e-01
9.993818302268353548e-01
9.989509097745491450e-01
9.982712555284758427e-01
9.972390747920825138e-01
9.957310444846659836e-01
9.936134978109125715e-01
9.907588435615550804e-01
9.870688669836679141e-01
9.825022854138097950e-01
9.771013654745557275e-01
9.710103463638055654e-01
9.644777968158372294e-01
9.578366294089384336e-01
9.514595794849775023e-01
9.456941230308986146e-01
9.407879629229021212e-01
9.368226437169517862e-01
9.336763215547064787e-01
9.310346954692212407e-01
9.284595772005287406e-01
9.255075550051289346e-01
9.218704669728563506e-01
9.174928362261468573e-01
9.126185525250531949e-01
9.077359646589644449e-01
9.034248862596094831e-01
9.001491786615445356e-01
8.980678545190966533e-01
8.969416259502215327e-01
8.961849374636028376e-01
8.950623192374496107e-01
8.929702117623596891e-01
8.897050332416815976e-01
8.856150099690524025e-01
8.815719408520337197e-01
8.787643727109357705e-01
8.783771355365971312e-01
8.812576412659485214e-01
8.876663721751418823e-01
8.971751812317358965e-01
9.087297635100219928e-01
9.208487546341801444e-01
9.319023049859355146e-01
9.404024493767080273e-01
9.452457085258088032e-01
9.458697555978625715e-01
9.423115770361322197e-01
9.351752042101748597e-01
9.255279948687762381e-01
9.147468843845754094e-01
9.043349650499674652e-01
8.957284577305143491e-01
8.901154189504616454e-01
8.882881468742340747e-01
8.905483655791979203e-01
8.966766446977443294e-01
9.059665369897591525e-01
9.173136009595864726e-01
9.293453129722981654e-01
9.405833819819560127e-01
9.496410793114151705e-01
9.554603028821317956e-01
9.575690020706788541e-01
9.562891877720993694e-01
9.527816665104776872e-01
9.488282447476169557e-01
9.463524111312503484e-01
9.468257382425373514e-01
9.508042678629976541e-01
9.578052392036224827e-01
9.665730677997446119e-01
9.755906798012092818e-01
9.835886830536701986e-01
9.898461967230558489e-01
9.942186701312185626e-01
9.969681441158617652e-01
9.985320248023394907e-01
9.993398275978592205e-01
9.997201477949893000e-01
9.998841032460994427e-01
9.999493434271367054e-01
9.999737367899883544e-01
9.999826869052448330e-01
9.999862303180229173e-01
9.999879657969124036e-01
9.999890794629339164e-01
9.999899406651329148e-01
9.999906655647319287e-01
9.999912964073014443e-01
9.999918536775627143e-01
9.999923504241412520e-01
9.999927962701151696e-01
9.999931987359391705e-01
9.999935637829044932e-01
9.999938959270260330e-01
9.999941978004653897e-01
9.999944690695127258e-01
9.999947053888194048e-01
9.999948992038103501e-01
9.999950437819840054e-01
9.999810899601025982e-01
9.999736214477259466e-01
9.999584407321042701e-01
9.999287359079951365e-01
9.998724344765379524e-01
9.997689891239506244e-01
9.995849681184040270e-01
9.992684873544226409e-01
9.987429307337626350e-01
9.979010411721842555e-01
9.966012428269345191e-01
9.946687748405449447e-01
9.919045444435838910e-01
9.881041264253624945e-01
9.830876936674463051e-01
9.767387888938650065e-01
9.690461595752255519e-01
9.601393472934784956e-01
9.503066828702230184e-01
9.399850447218920380e-01
9.297148537283188574e-01
9.200610483644799942e-01
9.115100540672506080e-01
9.043622245406828242e-01
8.986465977942907912e-01
8.940872422649913664e-01
8.901447353746692048e-01
8.861399660676119172e-01
8.814413511352705566e-01
8.756674690472108225e-01
8.688375213946422093e-01
8.614051257558135166e-01
8.541424939232418190e-01
8.478945473009896761e-01
8.432766428425000349e-01
8.404226505436162009e-01
8.388860375361415489e-01
8.377520696575939674e-01
8.359455789510248369e-01
8.326407218824596335e-01
8.276289957876519221e-01
8.215058057798918512e-01
8.155978661623159987e-01
8.116479449783648992e-01
8.113571464483129159e-01
8.159236909681819583e-01
8.257036389841458934e-01
8.400707989411850818e-01
8.574952571803227119e-01
8.758097543633125426e-01
8.925972443854404137e-01
9.056139067510813323e-01
9.131620879782642586e-01
9.143471937129508120e-01
9.091852350439902919e-01
8.985621239862449094e-01
8.840714271632335031e-01
8.677700628328153254e-01
8.518938228361072618e-01
8.385713533453038604e-01
8.295694498560395314e-01
8.260950615853229761e-01
8.286703990056476510e-01
8.370876515881285895e-01
8.504403877332671335e-01
8.672219591461149957e-01
8.854806352251717305e-01
9.030293830605129468e-01
9.177207296184112240e-01
9.277970554526522307e-01
9.322917668098860133e-01
9.313843728996351601e-01
9.265431673813637747e-01
9.202950631009851890e-01
9.155886216474171668e-01
9.149222759102983993e-01
9.195721438268378289e-01
9.292514285046528100e-01
9.423437940986734151e-01
9.565796526636416441e-01
9.698287051010086035e-01
9.806735645567393744e-01
9.885924850414736786e-01
9.937942655106548617e-01
9.968850208800834611e-01
9.985528022586462882e-01
9.993728332995024388e-01
9.997415187626764732e-01
9.998938472639324893e-01
9.999522491795086454e-01
9.999735098386086651e-01
9.999812829672307668e-01
9.999844789062179995e-01
9.999861508802998511e-01
9.999872516954311230e-01
9.999880480252127946e-01
9.999886086407345775e-01
