3.065541933764850910e+03 1.004055257908640808e+00 2.133382339368572467e-02 1.651760701719837243e+03
3.065550296597764827e+03 8.716202255408521671e-01 2.134560027501820195e-02 1.434080643260015677e+03
3.065558659430678290e+03 7.392361810280160261e-01 2.135820336344116874e-02 1.216400584812030957e+03
3.065567022263592207e+03 8.617321414427804305e-01 2.128980823203819803e-02 1.418088778342111709e+03
3.065575385096505670e+03 9.880565286673742564e-01 2.121646323127549666e-02 1.626078307801968549e+03
3.065583747929419587e+03 9.996452904975308140e-01 2.133454428408947112e-02 1.645224455714807846e+03
3.065592110762333505e+03 1.004690208585601763e+00 2.148232434696556101e-02 1.653568619360210050e+03
3.065600473595246967e+03 1.003808526065874007e+00 2.141825502881535698e-02 1.652126215573265199e+03
3.065608836428160885e+03 1.001997988725112032e+00 2.132105857457327822e-02 1.649123464891296862e+03
3.065617199261074802e+03 9.931984610452594398e-01 2.115526465336536877e-02 1.634587768121424915e+03
3.065625562093988265e+03 9.839738682645012835e-01 2.098100652425440374e-02 1.619324104641017811e+03
3.065633924926902182e+03 9.938626023222288941e-01 2.119487941373469908e-02 1.635486314664884048e+03
3.065642287759815645e+03 1.007095523925495062e+00 2.149487585050324778e-02 1.657120682843556324e+03
3.065650650592729562e+03 9.971581094459326389e-01 2.136655157701803504e-02 1.640601777402106109e+03
3.065659013425643479e+03 9.821598861910261213e-01 2.113050801082430596e-02 1.615734558421522706e+03
3.065667376258556942e+03 9.864525248815495528e-01 2.111720168012232515e-02 1.622579126162659122e+03
3.065675739091470859e+03 9.958379777866142035e-01 2.117196546068657315e-02 1.637772880571929818e+03
3.065684101924384777e+03 9.898746618899130212e-01 2.113847643751292499e-02 1.627699121261989603e+03
3.065692464757298239e+03 9.796230713610731833e-01 2.108211710391034652e-02 1.610555546368624618e+03
3.065700827590212157e+03 9.863993629023871668e-01 2.116054242021889881e-02 1.621385682760947020e+03
3.065709190423125619e+03 9.983414409755124730e-01 2.128363293998307079e-02 1.640679600671564913e+03
3.065717553256039537e+03 1.002965641037046440e+00 2.137563791055651849e-02 1.647920891286212736e+03
3.065725916088953454e+03 1.005965402834726685e+00 2.146427958198054292e-02 1.652470382033810210e+03
3.065734278921866917e+03 9.989527061749797765e-01 2.127232862293661556e-02 1.640555126863135683e+03
3.065742641754780834e+03 9.863204072987473703e-01 2.093574577695687597e-02 1.619400695286129121e+03
3.065751004587694752e+03 9.908350985815402856e-01 2.101755895256054302e-02 1.626385307344326066e+03
3.065759367420608214e+03 1.004676268448377652e+00 2.132457369500423069e-02 1.648654043110389011e+03
3.065767730253522132e+03 1.008266481395687642e+00 2.138688954004417872e-02 1.654077415490163276e+03
3.065776093086435594e+03 1.004709453298451516e+00 2.128889921471788238e-02 1.647760567878854545e+03
3.065784455919349512e+03 9.960703260522489888e-01 2.118489295576922102e-02 1.633100646947520545e+03
3.065792818752263429e+03 9.853412746754030005e-01 2.108656262039985269e-02 1.615010638208230603e+03
3.065801181585176892e+03 9.890369130430237687e-01 2.106938246401325945e-02 1.620554437097078335e+03
3.065809544418090809e+03 1.000796030794571134e+00 2.109657200641591041e-02 1.639290691751557006e+03
3.065817907251004726e+03 9.987416021842271396e-01 2.100541020625485908e-02 1.635384563662935989e+03
3.065826270083918189e+03 9.882104547277090756e-01 2.083311467182188265e-02 1.617595197415903613e+03
3.065834632916832106e+03 9.935039867846990891e-01 2.092923842042202984e-02 1.625702908988307172e+03
3.065842995749745569e+03 1.011655637578219302e+00 2.127496359382683236e-02 1.654829172478546752e+03
3.065851358582659486e+03 1.020168991658361612e+00 2.150795186804322148e-02 1.668166600650801001e+03
3.065859721415573404e+03 1.019950669149253475e+00 2.162437932921331546e-02 1.667214484544828110e+03
3.065868084248486866e+03 1.013167379971223303e+00 2.159675475983902082e-02 1.655529381928206021e+03
3.065876447081400784e+03 1.000087378824174200e+00 2.142689829494803799e-02 1.633562018414153499e+03
3.065884809914314246e+03 1.003834759566575974e+00 2.140699672272163706e-02 1.639082129304205637e+03
3.065893172747228164e+03 1.022998495271228547e+00 2.153557817939913757e-02 1.669757188705152657e+03
3.065901535580142081e+03 1.029510394943549345e+00 2.157177369683807924e-02 1.679763577872749465e+03
3.065909898413055544e+03 1.024372955466642310e+00 2.151412903359466861e-02 1.670760120658198502e+03
3.065918261245969461e+03 1.013565708577631286e+00 2.132348499557376945e-02 1.652517898446852996e+03
3.065926624078883378e+03 9.944927133655795393e-01 2.095712054683393152e-02 1.620817248312532229e+03
3.065934986911796841e+03 9.922023742710782690e-01 2.091809217161813908e-02 1.616482554555930619e+03
3.065943349744710758e+03 1.010219697160931629e+00 2.131943058422000603e-02 1.645224859160431379e+03
3.065951712577624221e+03 1.016135646167487083e+00 2.152741054887775604e-02 1.654247033896922403e+03
3.065960075410538138e+03 1.007936767140431567e+00 2.147605772111969846e-02 1.640295183202373892e+03
3.065968438243452056e+03 1.004305773037464933e+00 2.141440703794371750e-02 1.633788158856279551e+03
3.065976801076365518e+03 1.004809849176607317e+00 2.130413784112008060e-02 1.634014747456895975e+03
3.065985163909279436e+03 1.004119847737337423e+00 2.118255186350639224e-02 1.632305358243863793e+03
3.065993526742193353e+03 1.002174035465012158e+00 2.104797493559340538e-02 1.628562584556019374e+03
3.066001889575106816e+03 1.006677860040104733e+00 2.109430741822454491e-02 1.635306574189693038e+03
3.066010252408020733e+03 1.023171819000666449e+00 2.147558025700748580e-02 1.661524408810273599e+03
3.066018615240934196e+03 1.030421315328808873e+00 2.165971961528632972e-02 1.672726103543362569e+03
3.066026978073848113e+03 1.019945759528942730e+00 2.145426618813639497e-02 1.655165782538892472e+03
3.066035340906762030e+03 1.006352167477439385e+00 2.120101806577318754e-02 1.632569329550965904e+03
3.066043703739675493e+03 9.865811768342870325e-01 2.085182676191040321e-02 1.599980619856315570e+03
3.066052066572589410e+03 9.786024998081928050e-01 2.066584346934498967e-02 1.586542527275871180e+03
3.066060429405503328e+03 9.957256929163739168e-01 2.084488562141912499e-02 1.613808821804130957e+03
3.066068792238416790e+03 1.005083035168619965e+00 2.095616755735715472e-02 1.628489595974562462e+03
3.066077155071330708e+03 9.954061645990475160e-01 2.087488285621742420e-02 1.612344980713783571e+03
3.066085517904244170e+03 9.900863225644280785e-01 2.081881954541751900e-02 1.603280285839131466e+03
3.066093880737158088e+03 9.952629439675066969e-01 2.084135689820068582e-02 1.611229288796905166e+03
3.066102243570072005e+03 9.991727986836084208e-01 2.084784409708901817e-02 1.617140810816972589e+03
3.066110606402985468e+03 9.984364387565434207e-01 2.078235983389860667e-02 1.615549258043274904e+03
3.066118969235899385e+03 9.996572238821315182e-01 2.078050733855918084e-02 1.617143232189170249e+03
3.066127332068813303e+03 1.008986436530987518e+00 2.100899643941795542e-02 1.631870081934569043e+03
3.066135694901726765e+03 1.012191249482195632e+00 2.113037382327180233e-02 1.636708000553569718e+03
3.066144057734640683e+03 9.945442035133553738e-01 2.086732451490551019e-02 1.607854772919694369e+03
3.066152420567554145e+03 9.830186449687371431e-01 2.064929470051244872e-02 1.588929170086418253e+03
3.066160783400468063e+03 9.908288865585817007e-01 2.057612495884957385e-02 1.601281456314515481e+03
3.066169146233381980e+03 9.958981979003328489e-01 2.051822690917266823e-02 1.609224353326668279e+03
3.066177509066295443e+03 9.943074957819290072e-01 2.057457921427444797e-02 1.606429336280537427e+03
3.066185871899209360e+03 9.925344106086398943e-01 2.061882214945370828e-02 1.603365748578292823e+03
3.066194234732122823e+03 9.868829538339087826e-01 2.055610716712222286e-02 1.594064430709123371e+03
3.066202597565036740e+03 9.825122113714105376e-01 2.050699486349456813e-02 1.586860233847464315e+03
3.066210960397950657e+03 9.877058336996914489e-01 2.055681515239386054e-02 1.595131025544228578e+03
3.066219323230864120e+03 9.923769737106652444e-01 2.060079302300388618e-02 1.602585450993298309e+03
3.066227686063778037e+03 9.916544787060604937e-01 2.059546823652214087e-02 1.601358769014222844e+03
3.066236048896691955e+03 9.930489138480054212e-01 2.059073526454000685e-02 1.603580809246435365e+03
3.066244411729605417e+03 1.002787652727155532e+00 2.056342457267907112e-02 1.619308337851615761e+03
3.066252774562519335e+03 1.009991559787853710e+00 2.054382324763055420e-02 1.630975080483772217e+03
3.066261137395432797e+03 1.008692363273378190e+00 2.062761667603007013e-02 1.628944113042227855e+03
3.066269500228346715e+03 1.007865920358856471e+00 2.070520625710128848e-02 1.627710509541884448e+03
3.066277863061260632e+03 1.002593057522470854e+00 2.067499815645018266e-02 1.619329997979122936e+03
3.066286225894174095e+03 9.967866925169622805e-01 2.063637669420622170e-02 1.610121636042958698e+03
3.066294588727088012e+03 9.931128265601781857e-01 2.061257038416468290e-02 1.604392327132207129e+03
3.066302951560001929e+03 9.907962473933252801e-01 2.060246489234839051e-02 1.600891253618666724e+03
3.066311314392915392e+03 9.957147640427409518e-01 2.062678179928142258e-02 1.609118765186367455e+03
3.066319677225829309e+03 1.000117697637900926e+00 2.065078235349987121e-02 1.616554422024402811e+03
3.066328040058742772e+03 1.000392092549298173e+00 2.066492623607711285e-02 1.617357020174482386e+03
3.066336402891656689e+03 1.000327589150440843e+00 2.067086324621584745e-02 1.617649273761320046e+03
3.066344765724570607e+03 9.993520280208814111e-01 2.065440576640940537e-02 1.616504026116895602e+03
3.066353128557484069e+03 9.977665873095776794e-01 2.063449609808554533e-02 1.614406055348110385e+03
3.066361491390397987e+03 9.861097024932639066e-01 2.044660092498209319e-02 1.596039354536179189e+03
3.066369854223311904e+03 9.761733559315343145e-01 2.027363797050866362e-02 1.580478259385187812e+03
3.066378217056225367e+03 9.875363017406607602e-01 2.046211199422108204e-02 1.599433488959249416e+03
3.066386579889139284e+03 9.975417360145450996e-01 2.063936546285607965e-02 1.616232045907911925e+03
3.066394942722052747e+03 9.941611639840167713e-01 2.053461119840692753e-02 1.611374900402346157e+03
3.066403305554966664e+03 9.917087890849860532e-01 2.043738793120842070e-02 1.608045828876569885e+03
3.066411668387880582e+03 9.951427617667076841e-01 2.042794769704831329e-02 1.614288156101398044e+03
3.066420031220794044e+03 9.987223157765926507e-01 2.042039335979745421e-02 1.620796344846875627e+03
3.066428394053707962e+03 1.007548539017400158e+00 2.046645694146259284e-02 1.635851824519502316e+03
3.066436756886621879e+03 1.015917599553674000e+00 2.050833270456915020e-02 1.650200388724023924e+03
3.066445119719535342e+03 1.007204274699440516e+00 2.047378511269666232e-02 1.636822404068365813e+03
3.066453482552449259e+03 9.981971034533955178e-01 2.043694084381205561e-02 1.622973195686813597e+03
3.066461845385362722e+03 9.941164008698937238e-01 2.030702570077055902e-02 1.617142247465134005e+03
3.066470208218276639e+03 9.907198247232545940e-01 2.018117457596713821e-02 1.612435459999546538e+03
3.066478571051190556e+03 1.008790920987102213e+00 2.044495093558556381e-02 1.642696662454915895e+03
3.066486933884104019e+03 1.026365039373752230e+00 2.071088243634415169e-02 1.672194011773735383e+03
3.066495296717017936e+03 1.010241110160899680e+00 2.051438945921544091e-02 1.646804315521169428e+03
3.066503659549931854e+03 9.935681538160449078e-01 2.030390478747801791e-02 1.620503491135758395e+03
3.066512022382845316e+03 1.001597897456722785e+00 2.038148255878722767e-02 1.634496245913851908e+03
3.066520385215759234e+03 1.009756361180547790e+00 2.046403359411143666e-02 1.648723640665604762e+03
3.066528748048672696e+03 1.013801160666607082e+00 2.054549265048124726e-02 1.656254184722184618e+03
3.066537110881586614e+03 1.018206065228062229e+00 2.063036922870377377e-02 1.664388393126780556e+03
3.066545473714500531e+03 1.014488607011440502e+00 2.059590990341963676e-02 1.659252534736016742e+03
3.066553836547413994e+03 1.010146725378402888e+00 2.055360063094633510e-02 1.653092978147253234e+03
3.066562199380327911e+03 1.013064685757446570e+00 2.055117002187649422e-02 1.658816542653371471e+03
3.066570562213241374e+03 1.015808630941868351e+00 2.054789902778778390e-02 1.664263017029229104e+03
3.066578925046155291e+03 1.019268972996371314e+00 2.071385366882069409e-02 1.670890315012124574e+03
3.066587287879069208e+03 1.023583672420727231e+00 2.089647399446072779e-02 1.678925480285958201e+03
3.066595650711982671e+03 1.013908990124123610e+00 2.068011353507701738e-02 1.664008371799376619e+03
3.066604013544896588e+03 1.003028992259271002e+00 2.043444871586013595e-02 1.647091332172825787e+03
3.066612376377810506e+03 9.933966626203646344e-01 2.025436570575030182e-02 1.632200194555856797e+03
3.066620739210723968e+03 9.836819379387087281e-01 2.007993747203395268e-02 1.617150733225555086e+03
3.066629102043637886e+03 9.907601337546527720e-01 2.024826621417325639e-02 1.629699828798435192e+03
3.066637464876551348e+03 9.994423623691289782e-01 2.044577732218020444e-02 1.644894434770863882e+03
3.066645827709465266e+03 9.983458633641202340e-01 2.041012121112028774e-02 1.643993304886560509e+03
3.066654190542379183e+03 9.966882587215105671e-01 2.036007835947619554e-02 1.642155752125807112e+03
3.066662553375292646e+03 1.001755594195085974e+00 2.036917574399587511e-02 1.651390094966295919e+03
3.066670916208206563e+03 1.006885669827669361e+00 2.037859334951148266e-02 1.660724312396145706e+03
3.066679279041120481e+03 1.001562296194250301e+00 2.050530593096501833e-02 1.652803034909395819e+03
3.066687641874033943e+03 9.968398460406502348e-01 2.066259548805132740e-02 1.645849872230943220e+03
3.066696004706947861e+03 1.001007373147409618e+00 2.051802829627084879e-02 1.653557953076813192e+03
3.066704367539861323e+03 1.004701448856951673e+00 2.033671442006817001e-02 1.660472883114506658e+03
3.066712730372775241e+03 9.985231472706143085e-01 2.018724389385322809e-02 1.651051003199006573e+03
3.066721093205689158e+03 9.923050669527923029e-01 2.004780575108214627e-02 1.641533736270811232e+03
3.066729456038602621e+03 9.876991137295775269e-01 2.004838349304740794e-02 1.634654055859100481e+03
3.066737818871516538e+03 9.825538739381842746e-01 2.005743673219546191e-02 1.626852469058171209e+03
3.066746181704430455e+03 9.902601106237436390e-01 2.032179194347097026e-02 1.640307943008482198e+03
3.066754544537343918e+03 9.999820432259964864e-01 2.062599583780258192e-02 1.657089581824656079e+03
3.066762907370257835e+03 9.951877076878583583e-01 2.050039865901125830e-02 1.649793282919621106e+03
3.066771270203171298e+03 9.875997561911243894e-01 2.030882313204599235e-02 1.637830616461903901e+03
3.066779633036085215e+03 9.944356142854344771e-01 2.030095697600252033e-02 1.649759302889982337e+03
3.066787995868999133e+03 1.002805959749113240e+00 2.031501432633213075e-02 1.664212698107981851e+03
3.066796358701912595e+03 1.003815540065548628e+00 2.028388874304311307e-02 1.666424465640720427e+03
3.066804721534826513e+03 1.005000900730581126e+00 2.025493262347182605e-02 1.668896595557248020e+03
3.066813084367740430e+03 1.005009641175102164e+00 2.036336000316246730e-02 1.669381561508640061e+03
3.066821447200653893e+03 1.004276864941874514e+00 2.048577713539153147e-02 1.668599378342916680e+03
3.066829810033567810e+03 1.002203045337802578e+00 2.041417525654101381e-02 1.665551559441713152e+03
3.066838172866481273e+03 9.999893506840372703e-01 2.031775645321066623e-02 1.662232127666616634e+03
3.066846535699395190e+03 1.003453189678006563e+00 2.032488116203539155e-02 1.668311787837026031e+03
3.066854898532309107e+03 1.007576897598965848e+00 2.034253465160692359e-02 1.675450706028631657e+03
3.066863261365222570e+03 1.000876083328535282e+00 2.019042726490482415e-02 1.664548091231625222e+03
3.066871624198136487e+03 9.922537249168635887e-01 2.001411498232584518e-02 1.650403980872891225e+03
3.066879987031049950e+03 9.931845659543205862e-01 2.002736134154249267e-02 1.652104677981586519e+03
3.066888349863963867e+03 9.970045495561203897e-01 2.008305216565106979e-02 1.658567212224256309e+03
3.066896712696877785e+03 9.980646682703461225e-01 2.016663256887499603e-02 1.660392995656027779e+03
3.066905075529791247e+03 9.984658174255089946e-01 2.025181190206335261e-02 1.661075228257840990e+03
3.066913438362705165e+03 9.865773601621162792e-01 2.012300629975740177e-02 1.641263922241465252e+03
3.066921801195619082e+03 9.727492757174133198e-01 1.996042259728147625e-02 1.618178152433294144e+03
3.066930164028532545e+03 9.876141315336793847e-01 2.011754842660600992e-02 1.642772732069484391e+03
3.066938526861446462e+03 1.005869045320958222e+00 2.031753435597935184e-02 1.672949033329576423e+03
3.066946889694359925e+03 1.011840670503594941e+00 2.048964063995182758e-02 1.682637056430361099e+03
3.066955252527273842e+03 1.016674788479870362e+00 2.065693787712126125e-02 1.690375007543918855e+03
3.066963615360187760e+03 1.008554175768360928e+00 2.045294408037913458e-02 1.676518073183826345e+03
3.066971978193101222e+03 9.986153675488755876e-01 2.020152590042537805e-02 1.659587759992193241e+03
3.066980341026015140e+03 9.862003013724893741e-01 2.008676360988214879e-02 1.638493463891959891e+03
3.066988703858929057e+03 9.740305480366362456e-01 1.999144047399975879e-02 1.617759872576728412e+03
3.066997066691842520e+03 9.820811344282494026e-01 2.019841144938880340e-02 1.630552179485071292e+03
3.067005429524756437e+03 9.926468441930205167e-01 2.044915393073562168e-02 1.647447409457209233e+03
3.067013792357669900e+03 9.979420281915064583e-01 2.040117697084144893e-02 1.655521519088923242e+03
3.067022155190583817e+03 1.001851032372632400e+00 2.031341654880402040e-02 1.661224412173135079e+03
3.067030518023497734e+03 9.952056975756150559e-01 2.014500342312294454e-02 1.649362850581496332e+03
3.067038880856411197e+03 9.880952231347408521e-01 1.997412513202260001e-02 1.636675432651582241e+03
3.067047243689325114e+03 9.970861423809337376e-01 2.004114147710777186e-02 1.650588081038927839e+03
3.067055606522239032e+03 1.007735132361926134e+00 2.013424256150255984e-02 1.667155754966443510e+03
3.067063969355152494e+03 1.006272418611019903e+00 2.018401796179621413e-02 1.663605034176485788e+03
3.067072332188066412e+03 1.004030017121932516e+00 2.023745196066205690e-02 1.658696757877440859e+03
3.067080695020979874e+03 9.923008980619689723e-01 2.020075663574245201e-02 1.638059665446800182e+03
3.067089057853893792e+03 9.795523618598973581e-01 2.015182471934776759e-02 1.615697449098641755e+03
3.067097420686807709e+03 9.817644159304379503e-01 2.002801085963864039e-02 1.617950985634504377e+03
3.067105783519721172e+03 9.849267031299960840e-01 1.989660129099328142e-02 1.621686624097582353e+03
3.067114146352635089e+03 9.832437581168583796e-01 1.988113923792107079e-02 1.617365001345337987e+03
3.067122509185549006e+03 9.817615450229433272e-01 1.988492518359052247e-02 1.613300104309599192e+03
3.067130872018462469e+03 9.933551633112581714e-01 2.016854063024676666e-02 1.630624962615973800e+03
3.067139234851376386e+03 1.005929278419781081e+00 2.048072143644075888e-02 1.649434432274984829e+03
3.067147597684289849e+03 1.005759828180318616e+00 2.049923441304818753e-02 1.647241398774714980e+03
3.067155960517203766e+03 1.004789642498023827e+00 2.049265830302943528e-02 1.643653769770693543e+03
3.072699462474384745e+03 9.783751630856392101e-01 1.821387230970241203e-02 1.822888243663747744e+03
3.072707264422803746e+03 9.832206928233074850e-01 1.816513521686107316e-02 1.831742405085392647e+03
3.072715066371223202e+03 9.866554616863548732e-01 1.812676899112849668e-02 1.838016323127990290e+03
3.072722868319642203e+03 9.886895832959928798e-01 1.818580845375888932e-02 1.841729092635576080e+03
3.072730670268061203e+03 9.895875568435680281e-01 1.823634904595031886e-02 1.843373242490114535e+03
3.072738472216480659e+03 9.840452960176165886e-01 1.823581881044843145e-02 1.833067814857200119e+03
3.072746274164899660e+03 9.798481339628143383e-01 1.824491649364416712e-02 1.825313805384036186e+03
3.072754076113319115e+03 9.802242854519154225e-01 1.827968887432677297e-02 1.826124153310489874e+03
3.072761878061738116e+03 9.805700710238983708e-01 1.829670350934614609e-02 1.826922430022832714e+03
3.072769680010157117e+03 9.817862527529335193e-01 1.819357054710652247e-02 1.829386288518651327e+03
3.072777481958576573e+03 9.822049425705476899e-01 1.809255247974631345e-02 1.830407397873248101e+03
3.072785283906995573e+03 9.814642355181130151e-01 1.808241178089410248e-02 1.829309894214133237e+03
3.072793085855414574e+03 9.807325113936606886e-01 1.807359122853404582e-02 1.828269969110881675e+03
3.072800887803834030e+03 9.736238812925877006e-01 1.801207095787103751e-02 1.815379876917870433e+03
3.072808689752253031e+03 9.665517173857613997e-01 1.795322971873426765e-02 1.802591612781203821e+03
3.072816491700672032e+03 9.681977907377393722e-01 1.802834385152687902e-02 1.806098767511331289e+03
3.072824293649091487e+03 9.702138088326460741e-01 1.809604995526801693e-02 1.810335365121924269e+03
3.072832095597510488e+03 9.683464633347709238e-01 1.793178907509139844e-02 1.807362845145028132e+03
3.072839897545929944e+03 9.659210419106090129e-01 1.777064482281946398e-02 1.803382399353972687e+03
3.072847699494348944e+03 9.595780609572336362e-01 1.769553699758801349e-02 1.792117826504968889e+03
3.072855501442767945e+03 9.528764255786553727e-01 1.761645766096267551e-02 1.780209507796037769e+03
3.072863303391187401e+03 9.561705758135725652e-01 1.777463523089584455e-02 1.787006904132478667e+03
3.072871105339606402e+03 9.605335309600194771e-01 1.794202248057024177e-02 1.795839620170452008e+03
3.072878907288025403e+03 9.624707116617277070e-01 1.786516308189059141e-02 1.800173441095076669e+03
3.072886709236444858e+03 9.641736487000219791e-01 1.778783475604858375e-02 1.804103058857294855e+03
3.072894511184863859e+03 9.769881332631735749e-01 1.798501101125387844e-02 1.828865990102768819e+03
3.072902313133282860e+03 9.889892332813088327e-01 1.817619773460171437e-02 1.852156690177891505e+03
3.072910115081702315e+03 9.846082499574577707e-01 1.814596546351911893e-02 1.844803257256801999e+03
3.072917917030121316e+03 9.806979797576523827e-01 1.811917261339518470e-02 1.838353199324024445e+03
3.072925718978540772e+03 9.875498387976171522e-01 1.824680318661510772e-02 1.852107761205912993e+03
3.072933520926959773e+03 9.941229008032108627e-01 1.837406644340521325e-02 1.865379210286576381e+03
3.072941322875378773e+03 9.867008769627443332e-01 1.822764138140640922e-02 1.852415756457371117e+03
3.072949124823798229e+03 9.787158768747850068e-01 1.807125784425928777e-02 1.838405716487236759e+03
3.072956926772217230e+03 9.781723346143854636e-01 1.800338044152791778e-02 1.838389629661569415e+03
3.072964728720636231e+03 9.783849672326161429e-01 1.793998341152120563e-02 1.839818157277094997e+03
3.072972530669055686e+03 9.651098426150113152e-01 1.763877038777943509e-02 1.815892387760997735e+03
3.072980332617474687e+03 9.508270306051792575e-01 1.732560852588899483e-02 1.790062570599892751e+03
3.072988134565893688e+03 9.550816298778126434e-01 1.749837674276523078e-02 1.799141879193211935e+03
3.072995936514313144e+03 9.615506806855609323e-01 1.771935320688884305e-02 1.812424960609463596e+03
3.073003738462732144e+03 9.692631350909187704e-01 1.777744422782502609e-02 1.828087566137590329e+03
3.073011540411151145e+03 9.757482357913142001e-01 1.781172993470741747e-02 1.841470795440322036e+03
3.073019342359570601e+03 9.778803019178314848e-01 1.789553718288080728e-02 1.846667231239644934e+03
3.073027144307989602e+03 9.804316604095010268e-01 1.798860847009183667e-02 1.852678600855035938e+03
3.073034946256409057e+03 9.757115041019327473e-01 1.786913730923518975e-02 1.844963306492552420e+03
3.073042748204828058e+03 9.707402308874558683e-01 1.773257931994180400e-02 1.836776986179212372e+03
3.073050550153247059e+03 9.768200921407914628e-01 1.791336144406317429e-02 1.849517431715237308e+03
3.073058352101666514e+03 9.828138586079760985e-01 1.812782832668239849e-02 1.862124527051194946e+03
3.073066154050085515e+03 9.864001868552321195e-01 1.823779187747860339e-02 1.870196183129728979e+03
3.073073955998504516e+03 9.902213488726336887e-01 1.833397153164719254e-02 1.878735556077292131e+03
3.073081757946923972e+03 9.902475265126535753e-01 1.834927346046858962e-02 1.880091868715011969e+03
3.073089559895342973e+03 9.898188036244147670e-01 1.835459896472304772e-02 1.880595258504646154e+03
3.073097361843761973e+03 9.885328772434348599e-01 1.832272631898104395e-02 1.879478205593340590e+03
3.073105163792181429e+03 9.874354923317189003e-01 1.829068667560366721e-02 1.878726090719508193e+03
3.073112965740600430e+03 9.865155659374268415e-01 1.830447917105885655e-02 1.878317747946032341e+03
3.073120767689019885e+03 9.855089792574216467e-01 1.832189250357914995e-02 1.877749839562688521e+03
3.073128569637438886e+03 9.975234493612425979e-01 1.841310529835283455e-02 1.902014150302493363e+03
3.073136371585857887e+03 1.011228363249425000e+00 1.851326846432157711e-02 1.929543710279890547e+03
3.073144173534277343e+03 1.011535172552308959e+00 1.856818633822672829e-02 1.931533285523078121e+03
3.073151975482696344e+03 1.009552938896696617e+00 1.861707030999349907e-02 1.929154584888454792e+03
3.073159777431115344e+03 1.001752607847604226e+00 1.850539118788509588e-02 1.915648600639876804e+03
3.073167579379534800e+03 9.934727119945858664e-01 1.836741808633484199e-02 1.901206388219449764e+03
3.073175381327953801e+03 9.935541760869880390e-01 1.838683397524411289e-02 1.902756316522461020e+03
3.073183183276372802e+03 9.958331571640535174e-01 1.844591633965029717e-02 1.908519733326102141e+03
3.073190985224792257e+03 1.004060963735574408e+00 1.858156169872709346e-02 1.925699780876351269e+03
3.228898760463324834e+03 9.985651727877622452e-01 1.185042886424698093e-02 4.029122312912289544e+03
3.228908153890524773e+03 9.972685908857723547e-01 1.184531434576601566e-02 4.020672064866185792e+03
3.228917547317724711e+03 1.000919310675153717e+00 1.187370673071027997e-02 4.032276990640683834e+03
3.228926940744924650e+03 1.001788651502513172e+00 1.188633433201367016e-02 4.032786760527544175e+03
3.228936334172124134e+03 9.983764755770281329e-01 1.187438898361282275e-02 4.016192642603857166e+03
3.228945727599324073e+03 9.961820360299487032e-01 1.186337763194380591e-02 4.004635266301592310e+03
3.228955121026524012e+03 9.959644141911696558e-01 1.185324849571428411e-02 4.001151531678392985e+03
3.228964514453723950e+03 9.947500335766330526e-01 1.182379430537547176e-02 3.993785528663827790e+03
3.228973907880923889e+03 9.920209268051276563e-01 1.175872539309680970e-02 3.980464183570725254e+03
3.228983301308123828e+03 9.899543033712472351e-01 1.171953406044953794e-02 3.969926664188034010e+03
3.228992694735323767e+03 9.892710187691323709e-01 1.173307115815310463e-02 3.965055201452889378e+03
3.229002088162523705e+03 9.890286299578401330e-01 1.173675418466141318e-02 3.962063401507761228e+03
3.229011481589723644e+03 9.895200671101189727e-01 1.171527379714843407e-02 3.962119619842489556e+03
3.229020875016923583e+03 9.905260745743151851e-01 1.170511913196505167e-02 3.964340465514825155e+03
3.229030268444123067e+03 9.927600211775174932e-01 1.172156773096130929e-02 3.971575525485850449e+03
3.229039661871323005e+03 9.936992864080484988e-01 1.173415837260560583e-02 3.973729620603286094e+03
3.229049055298522944e+03 9.912654596366412552e-01 1.173612808688917659e-02 3.962499258224323967e+03
3.229058448725722883e+03 9.889074139516603745e-01 1.172583655415135144e-02 3.951678919676534861e+03
3.229067842152922822e+03 9.868645281887505893e-01 1.168443721295177838e-02 3.942222042190630418e+03
3.229077235580122760e+03 9.847224482989125338e-01 1.165173320082131883e-02 3.932470293196856801e+03
3.229086629007322699e+03 9.824751697597452482e-01 1.164639244817628448e-02 3.922397670000479593e+03
3.229096022434522638e+03 9.838338557358738967e-01 1.165977642775638430e-02 3.926814630454046892e+03
3.229105415861722577e+03 9.955750968940425549e-01 1.172788159054846506e-02 3.972750059004994455e+03
3.229114809288922061e+03 1.003991444690659263e+00 1.177871489877123888e-02 4.005489575055648857e+03
3.229124202716121999e+03 1.002969232565125379e+00 1.177990474618888748e-02 4.000655771895519138e+03
3.229133596143321938e+03 1.001875968233019387e+00 1.177350314245833966e-02 3.995626908911248393e+03
3.229142989570521877e+03 1.000434736511729872e+00 1.173934521659932700e-02 3.989296828896902298e+03
3.229152382997721816e+03 9.981495484444881106e-01 1.170088755796799135e-02 3.979686438086880571e+03
3.229161776424921754e+03 9.929547882646642121e-01 1.164820465321535735e-02 3.958559762603863419e+03
3.229171169852121693e+03 9.884693148379660732e-01 1.159053581712773257e-02 3.940343300207661741e+03
3.229180563279321632e+03 9.867141326888753117e-01 1.151078707973792088e-02 3.933089312481880825e+03
3.229189956706521571e+03 9.844654645459181008e-01 1.143308294512248788e-02 3.923943947019088682e+03
3.229199350133721509e+03 9.806271667149251137e-01 1.136606240404025234e-02 3.908536245377454179e+03
3.229208743560920993e+03 9.783475569779178649e-01 1.132290462234673140e-02 3.899412422206964948e+03
3.229218136988120932e+03 9.826532831250112121e-01 1.138213130095901658e-02 3.916604979716045818e+03
3.229227530415320871e+03 9.863745315451911688e-01 1.142698144009694598e-02 3.931535903540357140e+03
3.229236923842520810e+03 9.868139943389101498e-01 1.139569414799278778e-02 3.933452503608623374e+03
3.229246317269720748e+03 9.876556591147621633e-01 1.137431484682623582e-02 3.937036728285946992e+03
3.229255710696920687e+03 9.909937498844596515e-01 1.140713147113101358e-02 3.950635951905970614e+03
3.229265104124120626e+03 9.940229486651523949e-01 1.143912598867535997e-02 3.963066716087833356e+03
3.229274497551320565e+03 9.944562271765451378e-01 1.146021621255084375e-02 3.965208359210194430e+03
3.229283890978520503e+03 9.948715189407213444e-01 1.148460890868943478e-02 3.967336182715318046e+03
3.229293284405720442e+03 9.956306781950524654e-01 1.153290418409563985e-02 3.970891634081042866e+03
3.229302677832919926e+03 9.962304483686049705e-01 1.157210161452339008e-02 3.973866155358306059e+03
3.229312071260119865e+03 9.953730246124016245e-01 1.154967005431397319e-02 3.971080129482514167e+03
3.229321464687319803e+03 9.944651906576671418e-01 1.152875514934054157e-02 3.968142238623043340e+03
3.229330858114519742e+03 9.940192122927120622e-01 1.152488900629022178e-02 3.967094889586019235e+03
3.229340251541719681e+03 9.936830101550541139e-01 1.152438719808494307e-02 3.966531839157979903e+03
3.229349644968919620e+03 9.943161983394644965e-01 1.155372476289042404e-02 3.969883587623497078e+03
3.229359038396119558e+03 9.952789938110481183e-01 1.158296131940960566e-02 3.974595900835533939e+03
3.229368431823319497e+03 9.993376946113857739e-01 1.161438912756498909e-02 3.991717574644823344e+03
3.229377825250519436e+03 1.003230572336834214e+00 1.164408024884940052e-02 4.008224158152169366e+03
3.229387218677718920e+03 1.005298168511624679e+00 1.165510499313754562e-02 4.017482123861478613e+03
3.229396612104918859e+03 1.006813203687371150e+00 1.165801938665343707e-02 4.024571961995719903e+03
3.229406005532118797e+03 1.003798205178898062e+00 1.157576124105492814e-02 4.013586794685192217e+03
3.229415398959318736e+03 1.000728806849234154e+00 1.149788432718837523e-02 4.002410354013592951e+03
3.241424125438097235e+03 9.990324091585809363e-01 7.473314120470282186e-03 4.117889328599313558e+03
3.241432475121189327e+03 1.000906268551792211e+00 7.471265894313865522e-03 4.125721312735217907e+03
3.241440824804281419e+03 9.991431855787050731e-01 7.459432786125871212e-03 4.118565627006168143e+03
3.241449174487373057e+03 9.957605591254455879e-01 7.442271805370104243e-03 4.104737197325212946e+03
3.241457524170465149e+03 9.943219462154971877e-01 7.439651158439548190e-03 4.098925608229999852e+03
3.241465873853557241e+03 9.934793018919307883e-01 7.446291855397510484e-03 4.095574301678678239e+03
3.241474223536649333e+03 9.951640610610816839e-01 7.445143850472389115e-03 4.102646005746149058e+03
3.241482573219741425e+03 9.987941873157446526e-01 7.437157058174208302e-03 4.117742150910748023e+03
3.241490922902833063e+03 9.990978611509306884e-01 7.442053100515660588e-03 4.119128649489482086e+03
3.241499272585925155e+03 9.970240271965343792e-01 7.460036245835799384e-03 4.110716664798192141e+03
3.241507622269017247e+03 9.950196574141167982e-01 7.454006378828443441e-03 4.102594383303915492e+03
3.241515971952109339e+03 9.934092335592130674e-01 7.427199939804824888e-03 4.096099756533197251e+03
3.241524321635201431e+03 9.956324216576302177e-01 7.434821528662270522e-03 4.105416162912639265e+03
3.241532671318293524e+03 1.000621716016024676e+00 7.472304390003944863e-03 4.126143429488895890e+03
3.241541021001385161e+03 1.002041283108581426e+00 7.490377496206347165e-03 4.132155595920199630e+03
3.241549370684477253e+03 1.000295819045465384e+00 7.490049503005557704e-03 4.125119929482565567e+03
3.241557720367569345e+03 9.988243582238953699e-01 7.479014651355835562e-03 4.119217692882954907e+03
3.241566070050661438e+03 9.980437344296084756e-01 7.457424855195627679e-03 4.116168143743264409e+03
3.241574419733753530e+03 9.958332465282778712e-01 7.443543138476753016e-03 4.107225001143950976e+03
3.241582769416845622e+03 9.914698916185528121e-01 7.437682774243337125e-03 4.089405419369610627e+03
3.241591119099937259e+03 9.895823173972058129e-01 7.433294574474121064e-03 4.081800323179229053e+03
3.241599468783029351e+03 9.909677672282919403e-01 7.429486100203272665e-03 4.087699655676548900e+03
3.241607818466121444e+03 9.897828998412477874e-01 7.406963962802275321e-03 4.083000635600795249e+03
3.241616168149213536e+03 9.850103587607296207e-01 7.357758209890966419e-03 4.063504853637792621e+03
3.241624517832305628e+03 9.808302486980022827e-01 7.334072005875654637e-03 4.046455367182134978e+03
3.241632867515397265e+03 9.778471942215590795e-01 7.350823736016949030e-03 4.034347020942013842e+03
3.241641217198489358e+03 9.737110428707945742e-01 7.332815022224429234e-03 4.017483910012964770e+03
3.241649566881581450e+03 9.673526310082498636e-01 7.258319169532588544e-03 3.991453741171210822e+03
3.241657916564673542e+03 9.596418568444698982e-01 7.184732122065354450e-03 3.959844571752428237e+03
3.241666266247765634e+03 9.496236232898153107e-01 7.110183293235046442e-03 3.918714146351628187e+03
3.241674615930857726e+03 9.412591854524242629e-01 7.047848820219696636e-03 3.884408225084465812e+03
3.241682965613949364e+03 9.365781566784791012e-01 7.011649941884605039e-03 3.865304143066751749e+03
3.241691315297041456e+03 9.335159162639299346e-01 6.983886875032852513e-03 3.852883107109288176e+03
3.241699664980133548e+03 9.331319148573523625e-01 6.973568577024136239e-03 3.851519125250840261e+03
3.241708014663225640e+03 9.317978442177482501e-01 6.963140385977071092e-03 3.846237327677895337e+03
3.241716364346317732e+03 9.283624108504536787e-01 6.950058720893471063e-03 3.832284481529029563e+03
3.241724714029409824e+03 9.248777143347165497e-01 6.935694611051170660e-03 3.818130601030539765e+03
3.241733063712501462e+03 9.210826976391268683e-01 6.919732103596756660e-03 3.802697843955437747e+03
3.241741413395593554e+03 9.171115094274532309e-01 6.905675332255882537e-03 3.786539808895186979e+03
3.241749763078685646e+03 9.137410980126507987e-01 6.899107478991781811e-03 3.772864366063035504e+03
3.241758112761777738e+03 9.103037152000840182e-01 6.884712630846867229e-03 3.758914630112659324e+03
3.241766462444869831e+03 9.057113851505685931e-01 6.843974433749930135e-03 3.740197646565095511e+03
3.241774812127961468e+03 9.015542701028242956e-01 6.813308396820668029e-03 3.723279552583615441e+03
3.241783161811053560e+03 8.997087306674317331e-01 6.819614419949809186e-03 3.715910274573925562e+03
3.241791511494145652e+03 8.982208625654454215e-01 6.819461002767777079e-03 3.710021322346127818e+03
3.241799861177237744e+03 8.964191780796626485e-01 6.787882579471355739e-03 3.702839282990800712e+03
3.241808210860329837e+03 8.939726298741689225e-01 6.754590648101381142e-03 3.692996320465586905e+03
3.241816560543421929e+03 8.892769745888207122e-01 6.716976325632367795e-03 3.673864247939806774e+03
3.241824910226513566e+03 8.850473575404559368e-01 6.684575624605285787e-03 3.656658887292711370e+03
3.241833259909605658e+03 8.837152066548144003e-01 6.680155201319027541e-03 3.651427048878209007e+03
3.241841609592697750e+03 8.831459085311561541e-01 6.680451337542652260e-03 3.649350720027049192e+03
3.241849959275789843e+03 8.857401118187937517e-01 6.700875563069304090e-03 3.660351386531669959e+03
3.241858308958881935e+03 8.877352188445279957e-01 6.717705484295553343e-03 3.668881835011943622e+03
3.241866658641974027e+03 8.864443224036505642e-01 6.715970528618119689e-03 3.663836053236458156e+03
3.241875008325065664e+03 8.863996071895412499e-01 6.720716033029576313e-03 3.663944667728016157e+03
3.241883358008157757e+03 8.917621891121400024e-01 6.755436358513945173e-03 3.686410356616943318e+03
3.241891707691249849e+03 8.986454906837427759e-01 6.799876394213479405e-03 3.715170809263181127e+03
3.241900057374341941e+03 9.146393186663398511e-01 6.909361352308820287e-03 3.781608011475915191e+03
3.241908407057434033e+03 9.300335490668234506e-01 7.015936867840019860e-03 3.845581397747268056e+03
3.241916756740525670e+03 9.392981670129668670e-01 7.090615367802382933e-03 3.884222639824226462e+03
3.241925106423617763e+03 9.471385123506195214e-01 7.153811005839994658e-03 3.916984762315050830e+03
3.241933456106709855e+03 9.474718980822310899e-01 7.145705664253239678e-03 3.918708591137174608e+03
3.241941805789801947e+03 9.458399635140938289e-01 7.123732284869568714e-03 3.912308004813493881e+03
3.241950155472894039e+03 9.322731701525980297e-01 7.001752188362210354e-03 3.856539773672304818e+03
3.241958505155986131e+03 9.189634994913912225e-01 6.884492865413511554e-03 3.801829588668393626e+03
3.241966854839077769e+03 9.093090067321355496e-01 6.811949262176401551e-03 3.762236909133092922e+03
3.241975204522169861e+03 9.002839417370902542e-01 6.743543216658315700e-03 3.725245696482236781e+03
3.241983554205261953e+03 8.946332111190672398e-01 6.710697775162510412e-03 3.702215677012874949e+03
3.241991903888354045e+03 8.895985898367789746e-01 6.682499991368414174e-03 3.681735442656770829e+03
3.242000253571446137e+03 8.917184565385506412e-01 6.712747841143739541e-03 3.690868355005905869e+03
3.242008603254538230e+03 8.948626540551221087e-01 6.745946661874685328e-03 3.704247578834001160e+03
3.242016952937629867e+03 9.044635575663888538e-01 6.794201682534119213e-03 3.744363771400582664e+03
3.242025302620721959e+03 9.135750499644057498e-01 6.842406868534669194e-03 3.782466151103924858e+03
3.242033652303814051e+03 9.180160357859848963e-01 6.894024632611606661e-03 3.801241537679207795e+03
3.242042001986906143e+03 9.227757898827388949e-01 6.946340429352036196e-03 3.821345380339765143e+03
3.242050351669998236e+03 9.333148812643318193e-01 7.022503451938722809e-03 3.865393532509863689e+03
3.242058701353090328e+03 9.435197853345228536e-01 7.097003196432198797e-03 3.908071381229984581e+03
3.242067051036181965e+03 9.488270440696268127e-01 7.142839032073852908e-03 3.930474732687968753e+03
3.242075400719274057e+03 9.544290084193958190e-01 7.189987409474405886e-03 3.954108587190422440e+03
3.242083750402366150e+03 9.572626618655899478e-01 7.206517252094869243e-03 3.966282268665603624e+03
3.242092100085458242e+03 9.593345883597751422e-01 7.219570412558381362e-03 3.975306987924618625e+03
3.242100449768550334e+03 9.572993470879362921e-01 7.199267730982942225e-03 3.967317299707779966e+03
3.242108799451641971e+03 9.554986245691144964e-01 7.180381394970278275e-03 3.960302679042561977e+03
3.242117149134734063e+03 9.535571664527167091e-01 7.169728538095615153e-03 3.952707931587776329e+03
3.242125498817826156e+03 9.516081495706347759e-01 7.158380863741696000e-03 3.945084955473908849e+03
3.242133848500918248e+03 9.591981019829969313e-01 7.200262910600956426e-03 3.977015424005940076e+03
3.242142198184010340e+03 9.672817937619032636e-01 7.244809303564102299e-03 4.011005687838133326e+03
3.242150547867102432e+03 9.781261145573297844e-01 7.331652939043957311e-03 4.056457799326381064e+03
3.242158897550194069e+03 9.888229187574785195e-01 7.417970618140454046e-03 4.101314010124850938e+03
3.242167247233286162e+03 9.941651449258833706e-01 7.439225957422089357e-03 4.123974465483752283e+03
3.242175596916378254e+03 9.989511074791216361e-01 7.458503252554112180e-03 4.144337862116227370e+03
3.242183946599470346e+03 9.987974645425298226e-01 7.464248489400682023e-03 4.144216054670195263e+03
3.242192296282562438e+03 9.990250067478023688e-01 7.470757802510248971e-03 4.145681224380472486e+03
3.242200645965654530e+03 1.003123364619751934e+00 7.472869388374697892e-03 4.163216488210020543e+03
3.242208995648746168e+03 1.006717641942836527e+00 7.473663645752150718e-03 4.178668072483767901e+03
3.242217345331838260e+03 1.003816225393155737e+00 7.474589671615321750e-03 4.167161408545412087e+03
3.242225695014930352e+03 1.001099349551005879e+00 7.477027312124344405e-03 4.156420721826596491e+03
3.242234044698022444e+03 1.003036367315254473e+00 7.493852582029805059e-03 4.165004103070195015e+03
3.242242394381114536e+03 1.004821207699488239e+00 7.509330758250072797e-03 4.172959074376774879e+03
3.242250744064206174e+03 1.001578993402458151e+00 7.489478527949645741e-03 4.160036986334333051e+03
3.242259093747298266e+03 9.983641106727465520e-01 7.469374956700849597e-03 4.147224982925259610e+03
3.242267443430390358e+03 9.993366703499034776e-01 7.479634158391632905e-03 4.151805841617229817e+03
3.242275793113482450e+03 1.000599372822495114e+00 7.491516801419768369e-03 4.157591973483404217e+03
3.242284142796574542e+03 1.004245675309385355e+00 7.486240007989961032e-03 4.173282787970300888e+03
3.242292492479666635e+03 1.007722071978434331e+00 7.479857742305325193e-03 4.188268578618502943e+03
3.242300842162758272e+03 1.005122695467990379e+00 7.486994048831916229e-03 4.177999375873329882e+03
3.242309191845850364e+03 1.002356469077506640e+00 7.494971293305047362e-03 4.167029586055412437e+03
3.242317541528942456e+03 1.001418961342247949e+00 7.485572150602204551e-03 4.163655359796178345e+03
3.242325891212034549e+03 1.000564574658110439e+00 7.475644239214877980e-03 4.160620198099061781e+03
3.242334240895126641e+03 1.001275285214840105e+00 7.474822663397952781e-03 4.164086755025395178e+03
3.242342590578218733e+03 1.002004046681758131e+00 7.474538884772354529e-03 4.167622095855904263e+03
3.242350940261310370e+03 1.000847890411385999e+00 7.482738348415044274e-03 4.163309587953538539e+03
3.242359289944402462e+03 9.997137999003402609e-01 7.491590386737515504e-03 4.159079315002695694e+03
3.242367639627494555e+03 1.001689118913575482e+00 7.477111085660093429e-03 4.167776292336171537e+03
3.242375989310586647e+03 1.003768621364864444e+00 7.460397524036253315e-03 4.176898818796074011e+03
3.242384338993678739e+03 1.003091716008353895e+00 7.449356252911086031e-03 4.174541418151300604e+03
3.383252504809009224e+03 1.001771429723557150e+00 5.128014408178432210e-03 3.538501468047941671e+03
3.383261125290083783e+03 1.003105077820193980e+00 5.128898833796133490e-03 3.542820636172020841e+03
3.383269745771158341e+03 1.003232427321205877e+00 5.127517566299221764e-03 3.542886630265955318e+03
3.383278366252232900e+03 1.001957388152777240e+00 5.123218974680614560e-03 3.538008404818686358e+03
3.383286986733307458e+03 1.000736743123820327e+00 5.119048036910871236e-03 3.533330993011584269e+03
3.383295607214382471e+03 1.000021585029728488e+00 5.116129792640172758e-03 3.530446811292812981e+03
3.383304227695457030e+03 1.000136968103360946e+00 5.115936979242619899e-03 3.530502726172592702e+03
3.383312848176531588e+03 1.000671719833035711e+00 5.118066904015155377e-03 3.532046539366835077e+03
3.383321468657606147e+03 9.996575723801292002e-01 5.111652704848929606e-03 3.528131125305314526e+03
3.383330089138680705e+03 9.968507932166434937e-01 5.093761421932555336e-03 3.517897866714174597e+03
3.383338709619755264e+03 9.948120015906585234e-01 5.083859306693320514e-03 3.510384078028227577e+03
3.383347330100829822e+03 9.938755300365148537e-01 5.085121500742399540e-03 3.506768605605629546e+03
3.383355950581904381e+03 9.915964651508287764e-01 5.072907944283984102e-03 3.498424540991885806e+03
3.383364571062978939e+03 9.873969478473537675e-01 5.040032540996007386e-03 3.483314484731336961e+03
3.383373191544053498e+03 9.825943071326705969e-01 5.016214720871745719e-03 3.466086894498572292e+03
3.383381812025128511e+03 9.767797543688130357e-01 5.007003249082999340e-03 3.445300285630434701e+03
3.383390432506203069e+03 9.702915307797734812e-01 4.986925733728635700e-03 3.422148316354031522e+03
3.383399052987277628e+03 9.630506990636296116e-01 4.948653635417993302e-03 3.396352990730017609e+03
3.383407673468352186e+03 9.536452668691410839e-01 4.901556220959732771e-03 3.362935478440487714e+03
3.383416293949426745e+03 9.403864451359084109e-01 4.837488148493389491e-03 3.315942314368314328e+03
3.383424914430501303e+03 9.281297967124417791e-01 4.777196290650438659e-03 3.272496345472536632e+03
3.383433534911575862e+03 9.172231534513568540e-01 4.722652585603294081e-03 3.233822881450416389e+03
3.383442155392650420e+03 9.081203396202339739e-01 4.682949420179316306e-03 3.201520627493750453e+03
3.383450775873724979e+03 9.038965764646473833e-01 4.682163832293284242e-03 3.186428931579167511e+03
3.383459396354799537e+03 9.002382877004510009e-01 4.676681771820857467e-03 3.173339073251985610e+03
3.383468016835874096e+03 8.971145024082967101e-01 4.656426757525273380e-03 3.162141422565503944e+03
3.383476637316949109e+03 8.931932854310877801e-01 4.632781820966077116e-03 3.148141032842062032e+03
3.383485257798023667e+03 8.875014354219262769e-01 4.601670634401503097e-03 3.127908330074990317e+03
3.383493878279098226e+03 8.812699879946933601e-01 4.569913437355768888e-03 3.105782627379687256e+03
3.383502498760172784e+03 8.738486589220797462e-01 4.535787317041838421e-03 3.079472447194557390e+03
3.383511119241247343e+03 8.665923223575672241e-01 4.500943186922724132e-03 3.053752637219133248e+03
3.383519739722321901e+03 8.595983951817420810e-01 4.463754685135902338e-03 3.028966204908315831e+03
3.383528360203396460e+03 8.529501717083630696e-01 4.427104094422386858e-03 3.005406343013232799e+03
3.383536980684471018e+03 8.474982733915641386e-01 4.392584852904267770e-03 2.986069801852469936e+03
3.383545601165545577e+03 8.434822969008251015e-01 4.365449086533664327e-03 2.971800069874906967e+03
3.383554221646620135e+03 8.443093653912570051e-01 4.366870501524259748e-03 2.974600122653707331e+03
3.383562842127694694e+03 8.440284336497549944e-01 4.363385600364253110e-03 2.973502536463003253e+03
3.383571462608769707e+03 8.387879330097074426e-01 4.336906441841770384e-03 2.954939145292005833e+03
3.383580083089844265e+03 8.331006208022809778e-01 4.308499569048663581e-03 2.934808951014596005e+03
3.383588703570918824e+03 8.264196034705851845e-01 4.273954019079706512e-03 2.911185454179641056e+03
3.383597324051993382e+03 8.209164218657998280e-01 4.244121618063406015e-03 2.891718171873467327e+03
3.383605944533067941e+03 8.205871147410458422e-01 4.237409316378676870e-03 2.890482493086640716e+03
3.383614565014142499e+03 8.201486077428109533e-01 4.232279970944354680e-03 2.888868012875011118e+03
3.383623185495217058e+03 8.194741598004074978e-01 4.234354529882944015e-03 2.886428314374042657e+03
3.383631805976291616e+03 8.190708199499181497e-01 4.235148337261174928e-03 2.884949361756265716e+03
3.383640426457366175e+03 8.199672576772025767e-01 4.231022352579101413e-03 2.888054208839306284e+03
3.383649046938440733e+03 8.225143574138604752e-01 4.236815143867695213e-03 2.896978458249583127e+03
3.383657667419515292e+03 8.325055718112677194e-01 4.301361005788362918e-03 2.932126696637194982e+03
3.383666287900590305e+03 8.447660693873656479e-01 4.372959639036866006e-03 2.975272199510952305e+03
3.383674908381664864e+03 8.694417952534683192e-01 4.489471092100559037e-03 3.062148632373407054e+03
3.383683528862739422e+03 8.932291512313418336e-01 4.602560415225242542e-03 3.145900640769520578e+03
3.383692149343813981e+03 9.104341541529989978e-01 4.682823296331358777e-03 3.206475031180316364e+03
3.383700769824888539e+03 9.250123934720412278e-01 4.751839572052013287e-03 3.257803788845321833e+03
3.383709390305963097e+03 9.225485587338608795e-01 4.730969834811674449e-03 3.249118125469740335e+03
3.383718010787037656e+03 9.188128780224064096e-01 4.705573246345286405e-03 3.235959467037400827e+03
3.383726631268112214e+03 9.045120691135553059e-01 4.631270744342055705e-03 3.185597750644363259e+03
3.383735251749186773e+03 8.879259765359114320e-01 4.549637328599489237e-03 3.127193369480525234e+03
3.383743872230261331e+03 8.617516190450095204e-01 4.433154575049627621e-03 3.035025332679307212e+03
3.383752492711335890e+03 8.379429909259580311e-01 4.324611920659937950e-03 2.951193951196847593e+03
3.383761113192410903e+03 8.310648321204352484e-01 4.284777200885182651e-03 2.926995661556489722e+03
3.383769733673485462e+03 8.253308576758670023e-01 4.249845143188614102e-03 2.906832291743784481e+03
3.383778354154560020e+03 8.307508336508315772e-01 4.285118723997857412e-03 2.925958893980014182e+03
3.383786974635634579e+03 8.366509796179181224e-01 4.321397989033876758e-03 2.946782758675097284e+03
3.383795595116709137e+03 8.465677592510170157e-01 4.368714491161987921e-03 2.981760106337450452e+03
3.383804215597783696e+03 8.565051819918110265e-01 4.416511010007277693e-03 3.016816980109017095e+03
3.383812836078858254e+03 8.673534745214245278e-01 4.475876815517388155e-03 3.055089219636655798e+03
3.383821456559932813e+03 8.785482963213732122e-01 4.536228396141228116e-03 3.094589389924639363e+03
3.383830077041007371e+03 8.946535583370270883e-01 4.611071569592155132e-03 3.151394033366723306e+03
3.383838697522081929e+03 9.108476206927466068e-01 4.686039107638334360e-03 3.208520152735912234e+03
3.383847318003156488e+03 9.254369340366733754e-01 4.760776984311534607e-03 3.260002267836471219e+03
3.383855938484231501e+03 9.390465452669080060e-01 4.832892259670730321e-03 3.308042069712505054e+03
3.383864558965306060e+03 9.323548125242100415e-01 4.790010173684492931e-03 3.284571722640396729e+03
3.383873179446380618e+03 9.254718129394884363e-01 4.745982834313587986e-03 3.260432035657971937e+03
3.383881799927455177e+03 9.223667282504779408e-01 4.722821317838118114e-03 3.249606685215204379e+03
3.383890420408529735e+03 9.191601254254357922e-01 4.699428901887627366e-03 3.238428788501123563e+03
3.383899040889604294e+03 9.148433249950101986e-01 4.676807977999282093e-03 3.223344261082553658e+03
3.383907661370678852e+03 9.114067259572370405e-01 4.656474946234182011e-03 3.211365772055680281e+03
3.383916281851753411e+03 9.263469920759603848e-01 4.735210203198282099e-03 3.264146179270756420e+03
3.383924902332827969e+03 9.417451665487260870e-01 4.816254271841025232e-03 3.318550589069605849e+03
3.383933522813902528e+03 9.585036596153965194e-01 4.899142700386230342e-03 3.377759575048267834e+03
3.383942143294977086e+03 9.749932951127375791e-01 4.980788448881437111e-03 3.436032616751429487e+03
3.383950763776052099e+03 9.824218259939351272e-01 5.008509437155654956e-03 3.462383051493901803e+03
3.383959384257126658e+03 9.891782556738093479e-01 5.033833423029963200e-03 3.486373432202938602e+03
3.383968004738201216e+03 9.927937633428576270e-01 5.056836324644580632e-03 3.499301645715173436e+03
3.383976625219275775e+03 9.965547371483900463e-01 5.080303735343007394e-03 3.512750152142217303e+03
3.383985245700350333e+03 9.983303964267197239e-01 5.090145721817502383e-03 3.519207885035553318e+03
3.383993866181424892e+03 9.997555453008112325e-01 5.098599107867335389e-03 3.524436816907151297e+03
3.384002486662499450e+03 9.993007637972137758e-01 5.102670245903109629e-03 3.523044358664106312e+03
3.384011107143574009e+03 9.989019018052863741e-01 5.107272477369914805e-03 3.521853916617568757e+03
3.384019727624648567e+03 9.990065246128526644e-01 5.112693494263267219e-03 3.522442933812473257e+03
3.384028348105723126e+03 9.991324594442027029e-01 5.117730924140298163e-03 3.523110842492844768e+03
3.384036968586797684e+03 9.989325989057408206e-01 5.112602735703074795e-03 3.522632941295968521e+03
3.384045589067872697e+03 9.987360078512605988e-01 5.107290724231012408e-03 3.522168817264381232e+03
3.384054209548947256e+03 9.997325208235791072e-01 5.131641707353463283e-03 3.525914170079370706e+03
3.384062830030021814e+03 1.000702671299687818e+00 5.157572896045293544e-03 3.529567983744524554e+03
3.384071450511096373e+03 9.991853763365443619e-01 5.133006496689801988e-03 3.524448530614898118e+03
3.384080070992170931e+03 9.977418556625073931e-01 5.106454811699222447e-03 3.519588240263607986e+03
