3.301989416919710493e+03 1.008038981570247072e+00 4.100942988914915016e-03
3.301998624853245474e+03 1.005166343062045442e+00 4.095111273974437124e-03
3.302007832786780455e+03 1.001285050753635719e+00 4.086323287685890947e-03
3.302017040720314981e+03 1.000208806604901302e+00 4.075076111007649646e-03
3.302026248653849962e+03 1.000101595051150927e+00 4.062978152456687975e-03
3.302035456587384942e+03 9.990599286191207407e-01 4.063587897942305162e-03
3.302044664520919923e+03 9.976692872328032369e-01 4.068942064187095614e-03
3.302053872454454449e+03 9.979403912744381211e-01 4.064830339405099691e-03
3.302063080387989430e+03 9.988801542861713845e-01 4.056909459600122753e-03
3.302072288321524411e+03 1.001240794247228560e+00 4.064438396557772809e-03
3.302081496255059392e+03 1.004296738279181866e+00 4.079526250506688295e-03
3.302090704188593918e+03 1.002118120549158053e+00 4.069966892193679561e-03
3.302099912122128899e+03 9.971995466810007480e-01 4.047506356134096366e-03
3.302109120055663880e+03 9.949414581594731022e-01 4.037658459525576837e-03
3.302118327989198406e+03 9.941709559234414018e-01 4.034862864300482917e-03
3.302127535922733387e+03 9.936484407115044881e-01 4.032120177270015655e-03
3.302136743856268367e+03 9.932738704332090274e-01 4.029408890702073677e-03
3.302145951789803348e+03 9.921204269496656236e-01 4.026415428755571180e-03
3.302155159723337874e+03 9.904714931858503713e-01 4.023242312668930468e-03
3.302164367656872855e+03 9.898218041147340829e-01 4.019149850367885989e-03
3.302173575590407836e+03 9.899270354411285888e-01 4.014362653248696941e-03
3.302182783523942817e+03 9.865069332398063162e-01 3.998520079192422784e-03
3.302191991457477343e+03 9.802551223396742675e-01 3.973797166586068991e-03
3.302201199391012324e+03 9.783026220895785219e-01 3.969805287218406906e-03
3.302210407324547305e+03 9.800198874389464132e-01 3.983508933078948495e-03
3.302219615258081831e+03 9.801768178605175796e-01 3.987386949589795566e-03
3.302228823191616812e+03 9.789187768769734843e-01 3.982354751154447252e-03
3.302238031125151792e+03 9.725619031236255596e-01 3.964032506206976655e-03
3.302247239058686773e+03 9.612935468818835094e-01 3.932908531005988896e-03
3.302256446992221299e+03 9.439588380971470905e-01 3.876666099039549531e-03
3.302265654925756280e+03 9.204177213212428876e-01 3.794725239190087102e-03
3.302274862859291261e+03 8.955391456096207792e-01 3.712371027727799991e-03
3.302284070792826242e+03 8.692074737439645649e-01 3.629568722782493262e-03
3.302293278726360768e+03 8.577008921636180006e-01 3.594708538264635832e-03
3.302302486659895749e+03 8.652446351265020708e-01 3.621454145288847872e-03
3.302311694593430730e+03 8.837786427998475247e-01 3.678299095076102698e-03
3.302320902526965710e+03 9.173292064455944583e-01 3.776269959067741957e-03
3.302330110460500237e+03 9.459602743515589385e-01 3.865117930176450133e-03
3.302339318394035217e+03 9.674366596963427378e-01 3.940695491045506475e-03
3.302348526327570198e+03 9.833727955245192831e-01 3.993163477574250206e-03
3.302357734261104724e+03 9.907303772506677042e-01 4.009849652008984355e-03
3.302366942194639705e+03 9.949331931648652816e-01 4.020039544686229704e-03
3.302376150128174686e+03 9.939305313955840715e-01 4.019510183422399241e-03
3.302385358061709667e+03 9.925263557873448272e-01 4.016966567252660929e-03
3.302394565995244193e+03 9.904156389054883380e-01 4.010877951529013066e-03
3.302403773928779174e+03 9.902378682190341452e-01 4.012343119421896663e-03
3.302412981862314155e+03 9.936938060843159004e-01 4.028008206953482585e-03
3.302422189795849135e+03 9.962772194077037513e-01 4.035417569525866915e-03
3.302431397729383661e+03 9.971060217328087116e-01 4.026227668182244188e-03
3.302440605662918642e+03 9.982156601406035890e-01 4.024392358256344629e-03
3.302449813596453623e+03 9.999298916939924897e-01 4.038395761995109551e-03
3.302459021529988604e+03 1.000774815868597178e+00 4.043855938111090391e-03
3.302468229463523130e+03 9.996107319523532819e-01 4.029572910612171099e-03
3.302477437397058111e+03 9.989075490336151164e-01 4.019781678497494348e-03
3.302486645330593092e+03 9.993497167999634279e-01 4.021153346402042000e-03
3.302495853264127618e+03 9.994715971954177824e-01 4.022358675386523801e-03
3.302505061197662599e+03 9.987357914889214427e-01 4.023118275053971793e-03
3.302514269131197580e+03 9.977212596564770664e-01 4.020627006974840552e-03
3.302523477064732560e+03 9.959005285508309990e-01 4.008730055594664568e-03
3.302532684998267086e+03 9.953222046634638831e-01 4.003136927616814979e-03
3.302541892931802067e+03 9.986404325158765305e-01 4.017315308629243291e-03
3.302551100865337048e+03 1.000881732895481324e+00 4.025725622756669980e-03
3.302560308798872029e+03 9.994487812548287220e-01 4.014457835785992419e-03
3.302569516732406555e+03 9.981040165703619627e-01 4.006384761049044084e-03
3.302578724665941536e+03 9.970883176072525833e-01 4.010215476851608681e-03
3.302587932599476517e+03 9.966288853759073252e-01 4.012127840653750485e-03
3.302597140533011498e+03 9.984432284616578945e-01 4.006198663095164592e-03
3.302606348466546024e+03 1.000652570229265015e+00 4.005803651825041480e-03
3.302615556400081005e+03 1.004364826833064051e+00 4.026478991897571025e-03
3.302624764333615985e+03 1.006679765043004826e+00 4.041777315168192629e-03
3.302633972267150511e+03 1.003149064792577150e+00 4.034577905939761705e-03
3.302643180200685492e+03 1.000309571967467503e+00 4.026800607993194503e-03
3.302652388134220473e+03 1.000666151783868640e+00 4.016356903581549433e-03
3.302661596067755454e+03 1.000682014586498969e+00 4.006508784729687252e-03
3.302670804001289980e+03 9.989459808139772301e-01 3.999729342340809825e-03
3.302680011934824961e+03 9.978948993523760747e-01 3.996542403683820376e-03
3.302689219868359942e+03 1.000795403609708867e+00 4.014079404155432469e-03
3.302698427801894923e+03 1.003527116989721968e+00 4.029062739000163068e-03
3.302707635735429449e+03 1.005153193933427502e+00 4.027341307799564736e-03
3.302716843668964430e+03 1.006654369550193717e+00 4.026119856328173180e-03
3.302726051602499410e+03 1.007412724717955843e+00 4.027868250647951599e-03
3.302735259536033936e+03 1.008368069652430865e+00 4.029597799171675231e-03
3.302744467469568917e+03 1.010651835073584026e+00 4.031198637343707050e-03
3.302753675403103898e+03 1.012262642348863650e+00 4.032060545827577218e-03
3.302762883336638879e+03 1.008641649941865559e+00 4.027178721659285462e-03
3.302772091270173405e+03 1.005067851701267001e+00 4.021443064063356596e-03
3.302781299203708386e+03 1.001928367065338499e+00 4.007938296606511006e-03
3.302790507137243367e+03 9.990572228633443075e-01 3.995467815746583939e-03
3.302799715070778348e+03 9.991216028836996665e-01 3.994314127056189032e-03
3.302808923004312874e+03 9.991728626331980445e-01 3.993126197902744159e-03
3.302818130937847855e+03 9.990995229343422324e-01 3.991614837058454768e-03
3.302827338871382835e+03 9.987828018821758302e-01 3.988929768824062139e-03
3.302836546804917816e+03 9.956771644822101086e-01 3.972797020221371586e-03
3.302845754738452342e+03 9.925169028205133026e-01 3.956903971121058898e-03
3.302854962671987323e+03 9.885798075436708077e-01 3.944481365626181790e-03
3.302864170605522304e+03 9.842914605523070959e-01 3.930403964167337831e-03
3.302873378539056830e+03 9.733579975063306744e-01 3.885003432623586415e-03
3.302882586472591811e+03 9.623409916014469268e-01 3.840455633446880016e-03
3.302891794406126792e+03 9.500748419738249684e-01 3.809004944150771402e-03
3.302901002339661773e+03 9.384565598387607510e-01 3.778494270102540024e-03
3.302910210273196299e+03 9.401588292637390598e-01 3.767352210068906134e-03
3.302919418206731279e+03 9.423300168733222959e-01 3.758156689942888755e-03
3.302928626140266260e+03 9.589402275441567536e-01 3.808983667759629869e-03
3.302937834073801241e+03 9.752644250057727060e-01 3.859015906110178570e-03
3.302947042007335767e+03 9.851499883697329984e-01 3.891141769671951044e-03
3.302956249940870748e+03 9.948747976601831633e-01 3.922723894405268953e-03
3.302965457874405729e+03 9.989290141630110531e-01 3.935132568819940842e-03
3.302974665807940710e+03 1.002932890858216242e+00 3.947270274672484529e-03
3.302983873741475236e+03 1.002990429426067642e+00 3.938277425954646131e-03
3.302993081675010217e+03 1.003045533177018722e+00 3.929290779342605421e-03
3.303002289608545198e+03 1.003002082856970345e+00 3.920609217517533746e-03
3.303011497542079724e+03 1.002969132944089292e+00 3.912082201506747806e-03
3.303020705475614704e+03 1.004076876765589876e+00 3.920478381386069237e-03
3.303029913409149685e+03 1.005157452999997370e+00 3.928780748312473391e-03
3.303039121342684666e+03 1.004936572606772716e+00 3.932555927679797468e-03
3.303048329276219192e+03 1.004713837331522530e+00 3.936278271272401763e-03
3.303057537209754173e+03 1.004162191376278157e+00 3.930350670873600585e-03
3.303066745143289154e+03 1.003610459687279244e+00 3.924422149240028648e-03
3.303075953076824135e+03 1.005951884698864429e+00 3.928828494866248335e-03
3.303085161010358661e+03 1.008317958256476965e+00 3.933331088892250312e-03
3.303094368943893642e+03 1.008749415352990342e+00 3.935590555072803788e-03
3.303103576877428623e+03 1.009180939525021303e+00 3.937850372516238893e-03
3.303112784810963603e+03 1.005866892148995939e+00 3.931384755471334369e-03
3.303121992744498129e+03 1.002502281087493952e+00 3.924801541088537155e-03
3.303131200678033110e+03 1.004806110757114679e+00 3.920558342229746480e-03
3.303140408611568091e+03 1.007120172842587591e+00 3.916318561105014244e-03
3.303149616545102617e+03 1.003424343676977193e+00 3.915420662321997779e-03
3.303158824478637598e+03 9.996251923539053452e-01 3.914579765792693643e-03
3.303168032412172579e+03 1.001892972186652742e+00 3.919488286391390255e-03
3.303177240345707560e+03 1.004193809204951826e+00 3.924428561062707349e-03
3.303186448279242086e+03 1.001231993759986505e+00 3.911316463396839749e-03
5.889054308589239554e+03 9.987963359903527794e-01 1.618297945050717682e-03
5.889065165337946382e+03 9.989831436616429805e-01 1.624502111403496344e-03
5.889076022086653211e+03 1.000576935436911841e+00 1.620984028482709257e-03
5.889086878835360039e+03 1.002319720235240963e+00 1.616438349121309109e-03
5.889097735584066868e+03 1.001579085393238477e+00 1.616316166707406797e-03
5.889108592332773696e+03 1.000501563634151214e+00 1.616793689845320674e-03
5.889119449081481434e+03 1.000820470522217454e+00 1.618628344733193157e-03
5.889130305830188263e+03 1.001372976706918161e+00 1.620690393686329998e-03
5.889141162578895091e+03 9.999301387291166243e-01 1.622276854602246578e-03
5.889152019327601920e+03 9.980865190244720964e-01 1.623768237556914721e-03
5.889162876076308748e+03 9.997771816195416550e-01 1.623305434864159239e-03
5.889173732825015577e+03 1.002302760968744710e+00 1.622381092270784543e-03
5.889184589573722405e+03 1.001115755798143825e+00 1.622099754243145481e-03
5.889195446322429234e+03 9.989122945650449337e-01 1.621994359552667020e-03
5.889206303071136062e+03 9.991339708389095353e-01 1.621966216235457350e-03
5.889217159819842891e+03 1.000116379310244108e+00 1.621962298587987031e-03
5.889228016568549720e+03 1.000324210205760789e+00 1.624113183759662163e-03
5.889238873317256548e+03 1.000256173213171618e+00 1.627032018450456485e-03
5.889249730065963377e+03 1.000701741311686988e+00 1.630851969108678291e-03
5.889260586814670205e+03 1.001353642257718279e+00 1.635034457728216277e-03
5.889271443563377034e+03 1.001878797579607738e+00 1.630969241445651358e-03
5.889282300312083862e+03 1.002346988041266540e+00 1.623191040435452252e-03
5.889293157060790691e+03 1.000755938439681136e+00 1.620476527230830643e-03
5.889304013809497519e+03 9.983264314678425011e-01 1.619822644149763189e-03
5.889314870558204348e+03 9.974141537687073455e-01 1.622083024263311704e-03
5.889325727306911176e+03 9.971934992404549725e-01 1.625672495515848503e-03
5.889336584055618005e+03 9.961607401861657385e-01 1.627450033466573383e-03
5.889347440804324833e+03 9.947149846579215193e-01 1.628306695407366177e-03
5.889358297553031662e+03 9.937488126989476589e-01 1.631465810696978644e-03
5.889369154301738490e+03 9.930533447848574058e-01 1.635925549306349418e-03
5.889380011050445319e+03 9.913109656136370740e-01 1.629654155904217616e-03
5.889390867799152147e+03 9.889136305435095586e-01 1.616670547011494433e-03
5.889401724547859885e+03 9.872365998211081184e-01 1.612166743961944079e-03
5.889412581296566714e+03 9.860571778407694055e-01 1.613522428405074266e-03
5.889423438045273542e+03 9.858782452893740667e-01 1.615102150954194227e-03
5.889434294793980371e+03 9.864618478335321905e-01 1.616852739248488815e-03
5.889445151542687199e+03 9.866589355500257064e-01 1.620194157788236401e-03
5.889456008291394028e+03 9.865858735315163885e-01 1.624647832037756732e-03
5.889466865040100856e+03 9.856469026011879242e-01 1.623161619659670716e-03
5.889477721788807685e+03 9.840404266320478266e-01 1.617096845850679154e-03
5.889488578537514513e+03 9.794669922547468710e-01 1.610579458327499221e-03
5.889499435286221342e+03 9.723745430479753260e-01 1.603677534544742638e-03
5.889510292034928170e+03 9.642954660502622843e-01 1.594250045138906249e-03
5.889521148783634999e+03 9.552944022407703351e-01 1.582462674740918061e-03
5.889532005532341827e+03 9.453605845506289906e-01 1.571902291289428797e-03
5.889542862281048656e+03 9.344680141890232550e-01 1.562603284433186071e-03
5.889553719029755484e+03 9.278682204791028898e-01 1.558160191134598006e-03
5.889564575778462313e+03 9.261243066634239351e-01 1.559209868660982323e-03
5.889575432527169141e+03 9.269035257054274446e-01 1.555924372465265207e-03
5.889586289275875970e+03 9.303052534749284286e-01 1.548132979937373241e-03
5.889597146024582798e+03 9.210661083333563370e-01 1.529825919729272841e-03
5.889608002773289627e+03 8.973694448026265924e-01 1.499492408232016823e-03
5.889618859521996455e+03 8.474292204766985526e-01 1.442167531388283261e-03
5.889629716270703284e+03 7.644429849505779417e-01 1.350855455160530991e-03
5.889640573019410112e+03 6.770952990641583291e-01 1.256126879361359324e-03
5.889651429768116941e+03 5.837032413633476136e-01 1.156666482735817019e-03
5.889662286516823769e+03 5.256683214275915672e-01 1.097524008189047643e-03
5.889673143265531507e+03 5.218264669768591935e-01 1.100177065290454609e-03
5.889684000014238336e+03 5.366333438461636796e-01 1.122782693446539026e-03
5.889694856762945165e+03 5.776212396923581238e-01 1.173399008024698193e-03
5.889705713511651993e+03 5.931965060763471076e-01 1.195088370032439552e-03
5.889716570260358822e+03 5.693713702994512849e-01 1.171927995237689044e-03
5.889727427009065650e+03 5.247791627674492920e-01 1.119727227005653473e-03
5.889738283757772479e+03 4.445678165495660084e-01 1.017715010874187384e-03
5.889749140506479307e+03 3.674012452326441691e-01 9.179586068423847963e-04
5.889759997255186136e+03 2.960517866133212661e-01 8.225232371564547649e-04
5.889770854003892964e+03 2.292959231674561726e-01 7.288639787319048250e-04
5.889781710752599793e+03 1.723005928815777577e-01 6.390008524659164611e-04
5.889792567501306621e+03 1.200322263828662445e-01 5.493594947502735424e-04
5.889803424250013450e+03 7.688839581008626023e-02 4.601698734568792173e-04
5.889814280998720278e+03 4.210767776625996134e-02 3.855582505513214815e-04
5.889825137747427107e+03 2.529581174733837312e-02 3.422733806690578338e-04
5.889835994496133935e+03 1.566859672283201291e-02 3.178744054563543086e-04
5.889846851244840764e+03 2.330836262503207038e-02 3.388638152159593108e-04
5.889857707993547592e+03 4.329041946922996403e-02 3.847322933124007233e-04
5.889868564742254421e+03 9.663005791564828473e-02 4.978387856720292931e-04
5.889879421490961249e+03 1.749646210975424054e-01 6.369915261936592290e-04
5.889890278239668078e+03 3.141305233813649345e-01 8.395100797657597700e-04
5.889901134988374906e+03 4.602791307009685973e-01 1.039928294496500179e-03
5.889911991737081735e+03 6.254983705315932951e-01 1.234485488253761866e-03
5.889922848485788563e+03 7.708363828838499243e-01 1.403413679587900116e-03
5.889933705234495392e+03 8.542798965914945031e-01 1.492564714781842699e-03
5.889944561983202220e+03 9.255140044311519487e-01 1.568739062452865997e-03
5.889955418731909958e+03 9.532861483085053322e-01 1.598719797324634883e-03
5.889966275480616787e+03 9.770719023176102080e-01 1.624755011550835454e-03
5.889977132229323615e+03 9.882620583071091147e-01 1.638322183575551027e-03
5.889987988978030444e+03 9.973388943526740880e-01 1.648127615371229983e-03
5.889998845726737272e+03 9.987724792933547757e-01 1.644332819347902762e-03
5.890009702475444101e+03 9.998761342595813284e-01 1.641186701640372312e-03
5.890020559224150929e+03 9.995982865738269885e-01 1.640757681152408849e-03
5.890031415972857758e+03 9.994275296903653016e-01 1.639259266050022189e-03
5.890042272721564586e+03 9.996502491010395008e-01 1.633834162582684102e-03
5.890053129470271415e+03 1.000020908754675197e+00 1.627694586652432421e-03
5.890063986218978243e+03 1.001021360981191322e+00 1.618517611989757571e-03
5.890074842967685072e+03 1.001580040936097982e+00 1.612125111334359760e-03
5.890085699716391900e+03 9.999228858169274536e-01 1.619702321693335155e-03
5.890096556465098729e+03 9.989402278524208700e-01 1.626176930935528111e-03
5.890107413213805557e+03 1.000883849588496632e+00 1.627863174314364385e-03
5.890118269962512386e+03 1.002416067505833563e+00 1.630166661816760633e-03
5.890129126711219214e+03 1.001841719673690623e+00 1.635625138448406094e-03
5.890139983459926043e+03 1.001209574207432063e+00 1.641210035505836053e-03
5.890150840208632872e+03 1.000222297334824262e+00 1.647565332460333709e-03
5.890161696957339700e+03 9.995290842336476134e-01 1.652687100450426962e-03
5.890172553706046529e+03 1.000372054474360617e+00 1.651362188931912401e-03
5.890183410454753357e+03 1.001050915601396474e+00 1.650378596573743618e-03
5.890194267203460186e+03 1.000693921260837227e+00 1.651548739549657486e-03
5.890205123952167014e+03 1.000303569184736840e+00 1.652195723444346061e-03
5.890215980700873843e+03 9.996522153293355695e-01 1.648735698486209541e-03
5.890226837449580671e+03 9.991908487066484268e-01 1.645999919678607778e-03
5.890237694198288409e+03 9.999567872639147925e-01 1.647944293200670702e-03
5.890248550946995238e+03 1.000323657752727469e+00 1.649628739688557139e-03
5.890259407695702066e+03 9.974694352457628144e-01 1.649212166019031365e-03
5.890270264444408895e+03 9.948700467920484902e-01 1.649294982257878484e-03
5.890281121193115723e+03 9.949727168650437381e-01 1.654658333550128096e-03
5.890291977941822552e+03 9.951184083027293514e-01 1.659115063694181725e-03
5.890302834690529380e+03 9.956209812490941502e-01 1.656034768674989133e-03
5.890313691439236209e+03 9.960936301827767458e-01 1.653253087453937682e-03
5.890324548187943037e+03 9.962370207267957634e-01 1.653751420165999178e-03
5.890335404936649866e+03 9.963087465826933053e-01 1.654320096385047218e-03
5.890346261685356694e+03 9.952529007926926852e-01 1.655992781405341919e-03
5.890357118434063523e+03 9.943404155622678209e-01 1.657157887560549176e-03
5.890367975182770351e+03 9.950600520822352468e-01 1.652550658027937720e-03
5.890378831931477180e+03 9.958054263975547604e-01 1.648670618720173052e-03
5.890389688680184008e+03 9.969730959020641770e-01 1.656836355061236995e-03
5.890400545428890837e+03 9.978500545163396795e-01 1.664137421015628822e-03
5.890411402177597665e+03 9.952930580721510712e-01 1.661209809053361712e-03
5.890422258926304494e+03 9.928477262163937223e-01 1.658343514063137817e-03
5.890433115675011322e+03 9.923609773108934551e-01 1.656560101596972001e-03
5.890443972423718151e+03 9.919364257199252410e-01 1.654980557230053021e-03
5.890454829172424979e+03 9.935002592366507512e-01 1.659920184723348005e-03
5.890465685921131808e+03 9.950352540961847625e-01 1.664647611755208992e-03
5.890476542669838636e+03 9.960310612397054175e-01 1.665441385796983479e-03
5.890487399418545465e+03 9.970106839803901666e-01 1.666239470596050974e-03
5.890498256167252293e+03 9.974107598601335001e-01 1.667181219412865482e-03
5.890509112915960031e+03 9.977906400498374184e-01 1.668119061539064668e-03
5.890519969664666860e+03 9.977741375356233844e-01 1.668975494775885035e-03
5.890530826413373688e+03 9.977553780354978530e-01 1.669749652210904961e-03
5.890541683162080517e+03 9.976483128310585924e-01 1.667288254250626255e-03
5.895114075646588390e+03 1.004397835946342799e+00 1.808067973947433777e-03
5.895124559169676104e+03 1.003589501617763391e+00 1.807121311449467853e-03
5.895135042692763818e+03 1.004083408451553083e+00 1.807733011231420477e-03
5.895145526215851532e+03 1.004828802819679012e+00 1.808645659509119626e-03
5.895156009738939247e+03 1.004688966513035631e+00 1.815179122921958300e-03
5.895166493262026961e+03 1.004374665454848659e+00 1.822820114682724858e-03
5.895176976785115585e+03 1.003430718749798389e+00 1.822020034967201160e-03
5.895187460308203299e+03 1.002315394687858019e+00 1.818921994509650015e-03
5.895197943831291013e+03 1.003500076014322229e+00 1.821586786589269669e-03
5.895208427354378728e+03 1.005321209032153051e+00 1.825846266975011218e-03
5.895218910877466442e+03 1.003719171856030323e+00 1.825971991878759049e-03
5.895229394400554156e+03 1.001154369772803587e+00 1.824935020401651474e-03
5.895239877923642780e+03 1.000188224740309995e+00 1.823031921925560113e-03
5.895250361446730494e+03 9.998100009729864457e-01 1.820810379631091283e-03
5.895260844969818208e+03 9.995906593048631272e-01 1.824080868711627432e-03
5.895271328492905923e+03 9.994305783905131912e-01 1.829399440761878383e-03
5.895281812015993637e+03 9.987908486956814658e-01 1.827262708894199922e-03
5.895292295539082261e+03 9.979697472958661830e-01 1.822306608855929749e-03
5.895302779062169975e+03 9.972449119475791379e-01 1.820768856438476730e-03
5.895313262585257689e+03 9.965661833622272425e-01 1.820867647581546865e-03
5.895323746108345404e+03 9.966276604544977991e-01 1.819179045506240898e-03
5.895334229631433118e+03 9.970480028551863549e-01 1.816623925068788347e-03
5.895344713154520832e+03 9.972978824390292818e-01 1.816732086775328181e-03
5.895355196677609456e+03 9.974640662268426938e-01 1.818147787497705710e-03
5.895365680200697170e+03 9.964990225156847847e-01 1.821389052207005727e-03
5.895376163723784884e+03 9.948446843318778932e-01 1.825742658268595005e-03
5.895386647246872599e+03 9.941354392608318102e-01 1.825529174606577241e-03
5.895397130769960313e+03 9.940089115059898006e-01 1.822499829480133011e-03
5.895407614293048027e+03 9.937314085862091195e-01 1.822194412665194838e-03
5.895418097816136651e+03 9.933597291459361767e-01 1.823588257593490494e-03
5.895428581339224365e+03 9.935030463208452955e-01 1.825699109198872022e-03
5.895439064862312080e+03 9.940404739516188748e-01 1.828358638973555253e-03
5.895449548385399794e+03 9.933295435031721521e-01 1.826640417331620901e-03
5.895460031908487508e+03 9.916524627190363983e-01 1.821534083069717425e-03
5.895470515431575222e+03 9.884888405335153783e-01 1.817451781321675636e-03
5.895480998954663846e+03 9.841617369246720148e-01 1.814171039214838464e-03
5.895491482477751561e+03 9.793754797943781121e-01 1.810116933093423993e-03
5.895501966000839275e+03 9.741509046209197997e-01 1.805324546925476991e-03
5.895512449523926989e+03 9.687749450286127217e-01 1.801789551605949107e-03
5.895522933047014703e+03 9.632528662253039275e-01 1.799468304385413824e-03
5.895533416570103327e+03 9.606986400037296203e-01 1.795315832091730606e-03
5.895543900093191041e+03 9.610411618061679428e-01 1.789376015034810927e-03
5.895554383616278756e+03 9.612152320501570202e-01 1.788187487947885982e-03
5.895564867139366470e+03 9.612230549939315694e-01 1.791688075635448907e-03
5.895575350662454184e+03 9.519554832187395732e-01 1.782617412908707238e-03
5.895585834185541898e+03 9.315304569365113752e-01 1.758424719754933573e-03
5.895596317708630522e+03 8.946311123823320610e-01 1.714178893393075893e-03
5.895606801231718237e+03 8.376916525860365059e-01 1.645539525191824825e-03
5.895617284754805951e+03 7.826690070377601005e-01 1.580572597949418852e-03
5.895627768277893665e+03 7.300035697996131168e-01 1.520122367257206253e-03
5.895638251800981379e+03 6.999104588843466646e-01 1.484694817058367089e-03
5.895648735324069094e+03 7.038075680401802980e-01 1.486947262027058870e-03
5.895659218847157717e+03 7.163421379962376934e-01 1.502973535685575871e-03
5.895669702370245432e+03 7.420352312723769161e-01 1.539983092142184267e-03
5.895680185893333146e+03 7.508269940124859820e-01 1.552964572171924851e-03
5.895690669416420860e+03 7.335716541423220605e-01 1.528915740680701499e-03
5.895701152939508574e+03 7.003409518279666290e-01 1.486727764136155146e-03
5.895711636462596289e+03 6.422012224651576506e-01 1.416256823923624057e-03
5.895722119985684913e+03 5.794713257885830693e-01 1.335813333889834115e-03
5.895732603508772627e+03 5.094988603381226389e-01 1.239636448187528229e-03
5.895743087031860341e+03 4.350404790743593875e-01 1.135204441141572825e-03
5.895753570554948055e+03 3.518172781799447923e-01 1.014644811269597600e-03
5.895764054078035770e+03 2.667005050450712567e-01 8.831672925291966358e-04
5.895774537601123484e+03 1.778350005582398363e-01 7.300943576178658013e-04
5.895785021124212108e+03 1.035209616688071294e-01 5.922894173271148893e-04
5.895795504647299822e+03 5.833649724305881024e-02 4.850451978798212818e-04
5.895805988170387536e+03 2.949504992572945378e-02 4.176802261808238792e-04
5.895816471693475251e+03 3.378380876368414221e-02 4.311577579962083814e-04
5.895826955216562965e+03 5.238043514105672482e-02 4.758321123175555728e-04
5.895837438739651589e+03 1.075915008960593583e-01 6.003408033093663885e-04
5.895847922262739303e+03 1.859670133188319752e-01 7.502730468270352822e-04
5.895858405785827017e+03 3.244461789236481319e-01 9.661760123134821706e-04
5.895868889308914731e+03 4.691971204009704466e-01 1.181772110927358649e-03
5.895879372832002446e+03 6.304586602685491314e-01 1.396579891314386670e-03
5.895889856355090160e+03 7.714948938201029449e-01 1.581332080876472800e-03
5.895900339878178784e+03 8.585952908350568125e-01 1.685931296705833835e-03
5.895910823401266498e+03 9.284538250814384774e-01 1.769194276622495067e-03
5.895921306924354212e+03 9.516794219056948778e-01 1.794750244295881172e-03
5.895931790447441927e+03 9.720216441023079579e-01 1.818236505891127367e-03
5.895942273970529641e+03 9.821769010159360214e-01 1.834411703851292772e-03
5.895952757493617355e+03 9.907343993108909119e-01 1.846260680004160794e-03
5.895963241016705979e+03 9.935545507946177413e-01 1.842573170230054789e-03
5.895973724539793693e+03 9.956637772629890470e-01 1.840957374958283009e-03
5.895984208062881407e+03 9.951778878464243583e-01 1.846904681147229456e-03
5.895994691585969122e+03 9.945707527676055371e-01 1.851165691029998733e-03
5.896005175109056836e+03 9.935135326690025526e-01 1.849168726337209771e-03
5.896015658632144550e+03 9.934859440917946927e-01 1.848744268653115200e-03
5.896026142155233174e+03 9.973439072163992059e-01 1.854253971383878433e-03
5.896036625678320888e+03 1.000762137027850995e+00 1.859371230647734489e-03
5.896047109201408603e+03 1.002493326463850254e+00 1.862983192494291037e-03
5.896057592724496317e+03 1.003625623916264642e+00 1.864703459865312603e-03
5.896068076247584031e+03 1.002420389517381549e+00 1.859039975877686433e-03
5.896078559770672655e+03 1.001320925844950249e+00 1.855706176235453250e-03
5.896089043293760369e+03 1.000799617587123214e+00 1.865111722370485503e-03
5.896099526816848083e+03 1.000183177362396814e+00 1.871509410204127109e-03
5.896110010339935798e+03 9.990351196273209444e-01 1.861104929444799046e-03
5.896120493863023512e+03 9.981762085146423935e-01 1.852250641877736023e-03
5.896130977386111226e+03 9.989678180596439638e-01 1.852244166776881437e-03
5.896141460909199850e+03 9.995577231430052834e-01 1.852707962646118296e-03
5.896151944432287564e+03 9.989706304634374812e-01 1.855916389124719849e-03
5.896162427955375279e+03 9.986697314749516385e-01 1.859780680207205779e-03
5.896172911478462993e+03 1.000076739049364116e+00 1.867560163157077572e-03
5.896183395001550707e+03 1.001386573262428081e+00 1.873467655058894685e-03
5.896193878524638421e+03 1.002103518000871496e+00 1.867948160583861230e-03
5.896204362047727045e+03 1.002422366222256001e+00 1.863008645267165203e-03
5.896214845570814759e+03 1.000254127877053811e+00 1.861691257391364035e-03
5.896225329093902474e+03 9.983668527379319091e-01 1.861125789636604516e-03
5.896235812616990188e+03 9.982761086981396526e-01 1.865369538999662362e-03
5.896246296140077902e+03 9.983232540398010446e-01 1.869037393402285833e-03
5.896256779663165617e+03 9.998385646257047510e-01 1.866575458176548226e-03
5.896267263186254240e+03 1.001165678002214232e+00 1.864483123103586682e-03
5.896277746709341955e+03 1.000416660930927293e+00 1.866468373750840640e-03
5.896288230232429669e+03 9.997424935492001952e-01 1.868460598770125885e-03
5.896298713755517383e+03 9.999250133955871478e-01 1.870533801605675246e-03
5.896309197278605097e+03 1.000030300997257759e+00 1.871950181035600186e-03
5.896319680801692812e+03 9.992169613636462389e-01 1.865554378700227381e-03
5.896330164324781435e+03 9.985325819960720883e-01 1.860004075907422663e-03
5.896340647847869150e+03 9.994433767483376085e-01 1.864911531204465310e-03
5.896351131370956864e+03 1.000319071816026639e+00 1.869429531412255489e-03
5.896361614894044578e+03 1.000742993457320873e+00 1.868931478093832643e-03
5.896372098417132293e+03 1.001150138128169775e+00 1.868412278884738070e-03
5.896382581940220916e+03 1.001332029408064983e+00 1.867608478115409228e-03
5.896393065463308631e+03 1.001401112261535165e+00 1.866386869757981175e-03
5.896403548986396345e+03 9.998859254232591587e-01 1.859296581014231384e-03
5.896414032509484059e+03 9.984023492375594389e-01 1.852582070933694001e-03
5.896424516032571773e+03 9.973823089350166704e-01 1.851385977098745760e-03
