9.999957125855476470e-01
9.999955794039541157e-01
9.999954036818811121e-01
9.999951895521443923e-01
9.999949424467476922e-01
9.999946662154380883e-01
9.999943619699923625e-01
9.999940283686209463e-01
9.999936623476437525e-01
9.999932596259301087e-01
9.999928148106129733e-01
9.999923211084407182e-01
9.999917694587276973e-01
9.999911463124201427e-01
9.999904278466550389e-01
9.999895649315335699e-01
9.999884450885914156e-01
9.999867999851779210e-01
9.999839908036254332e-01
9.999785351724832516e-01
9.999671200334728782e-01
9.999426582171963007e-01
9.998906930093551804e-01
9.997831806580226299e-01
9.995685168385951558e-01
9.991568701058921587e-01
9.984008043737221394e-01
9.970731776876911034e-01
9.948475114375250339e-01
9.912899265615240374e-01
9.858748874620281155e-01
9.780370302335852362e-01
9.672658175424302396e-01
9.532376451751567448e-01
9.359634617986269944e-01
9.159147857260291348e-01
8.940849371814761914e-01
8.719509908532072640e-01
8.513249259345587738e-01
8.341121326577094486e-01
8.220206056970061903e-01
8.162760257357294380e-01
8.173946546794128576e-01
8.250524952448408111e-01
8.380729630445316047e-01
8.545414407517277766e-01
8.720437277334347481e-01
8.880127097675754033e-01
9.001486974904107097e-01
9.068523403173002206e-01
9.075812119588761995e-01
9.030276860205852518e-01
8.950352222781372546e-01
8.862310033323030911e-01
8.794412626248342413e-01
8.770372373267518729e-01
8.803963709488236145e-01
8.896346545702632502e-01
9.036798228100453301e-01
9.206437170454351282e-01
9.383579347179142882e-01
9.548959068469097256e-01
9.689312230833575512e-01
9.798611461893382835e-01
9.877171526377197530e-01
9.929494572381154516e-01
9.961880355264665088e-01
9.980552841944005937e-01
9.990602346049819449e-01
9.995662026290905722e-01
9.998051697087861900e-01
9.999115175359484242e-01
9.999565042791009883e-01
9.999749375869406709e-01
9.999825575671302813e-01
9.999859838338576168e-01
9.999878201314125192e-01
9.999890334341638987e-01
9.999899695707592517e-01
9.999907529718068400e-01
9.999914326696359712e-01
9.999920322117141769e-01
9.999925658975821197e-01
9.999930439906051793e-01
9.999934745005749637e-01
9.999938639142547103e-01
9.999942175801790345e-01
9.999945399514915678e-01
9.999948347354178368e-01
9.999951049244641954e-01
9.999953526232839840e-01
9.999955785849734546e-01
9.999957815722118060e-01
9.999959580985677832e-01
9.999961033797106769e-01
9.999962137364226678e-01
9.999981407958442592e-01
9.999980879226260111e-01
9.999980185580026326e-01
9.999979344209801724e-01
9.999978377836575838e-01
9.999977303644314031e-01
9.999976128631307137e-01
9.999974850566525353e-01
9.999973460913946788e-01
9.999971947113688309e-01
9.999970293565515478e-01
9.999968481646794860e-01
9.999966489129796798e-01
9.999964289009958263e-01
9.999961847180955932e-01
9.999959117164398670e-01
9.999956026984473390e-01
9.999952445398523349e-01
9.999948095723054653e-01
9.999942342373698834e-01
9.999933683163059195e-01
9.999918596704759910e-01
9.999889054376822628e-01
9.999827429505216969e-01
9.999696655405374557e-01
9.999422315800430283e-01
9.998862122345266723e-01
9.997757543625099830e-01
9.995663299165877813e-01
9.991854566995057585e-01
9.985220613079317520e-01
9.974167661086559278e-01
9.956571239724344435e-01
9.929833267765371119e-01
9.891102310588946178e-01
9.837696154394647285e-01
9.767717842078575963e-01
9.680784420969326121e-01
9.578711644920103740e-01
9.465949002147923119e-01
9.349568167828193888e-01
9.238687523408041224e-01
9.143350529214637756e-01
9.073025353142488703e-01
9.035006978299379155e-01
9.033043806051983537e-01
9.066469540172910069e-01
9.130018024568617996e-01
9.214371051796681478e-01
9.307373587287649519e-01
9.395766796150397671e-01
9.467230878084013090e-01
9.512473318451588611e-01
9.527027291694263322e-01
9.512360758831220897e-01
9.475906350760974206e-01
9.429782713312369058e-01
9.388309391963431949e-01
9.364831681003158437e-01
9.368691669731838978e-01
9.403229803332849857e-01
9.465408777092769732e-01
9.547112635168348849e-01
9.637609799135410382e-01
9.726319689637060728e-01
9.805026477848793887e-01
9.869007806695251350e-01
9.917013361076365552e-01
9.950418749015800257e-01
9.972050618259582500e-01
9.985119158548243501e-01
9.992500194571163341e-01
9.996404944874233145e-01
9.998343881915585651e-01
9.999250216916957257e-01
9.999651051339657482e-01
9.999820513105530662e-01
9.999890554796364572e-01
9.999920217202458161e-01
9.999934162666831439e-01
9.999942065071283359e-01
9.999947525428619644e-01
9.999951844762993147e-01
9.999955502213018210e-01
9.999958694463894071e-01
9.999961520818136940e-01
9.999964043967297656e-01
9.999966309866541447e-01
9.999968354755561784e-01
9.999970208161530483e-01
9.999971894543577822e-01
9.999973434372995129e-01
9.999974844887031811e-01
9.999976140534356794e-01
9.999977332930984897e-01
9.999978429930791446e-01
9.999979433482844016e-01
9.999980336884513044e-01
9.999981123878827205e-01
9.999981773009596342e-01
9.999982268002226560e-01
