3.065536688922702979e+03 1.019660655317158771e+00 1.638202280607391204e-02 1.887963092803955078e+03
3.065545065906329910e+03 9.744250105199137035e-01 1.621723600856135941e-02 1.804552822604177663e+03
3.065553442889956841e+03 9.292067216222045234e-01 1.605251243603688163e-02 1.721142552404400249e+03
3.065561819873583772e+03 9.704290321799829977e-01 1.617785405377891728e-02 1.797842267546696576e+03
3.065570196857210703e+03 1.015251671346707685e+00 1.631528191947298131e-02 1.881242620846164073e+03
3.065578573840837635e+03 1.016218560063806509e+00 1.631626639906851375e-02 1.883395348203975345e+03
3.065586950824464566e+03 1.014820216714006351e+00 1.630989293633716003e-02 1.881164350400950525e+03
3.065595327808091042e+03 1.031963583171346510e+00 1.638713453193333530e-02 1.913309570789849886e+03
3.065603704791717973e+03 1.050964308651674228e+00 1.647275203333005075e-02 1.948911266502160970e+03
3.065612081775344905e+03 1.023515956720921549e+00 1.639169822787883354e-02 1.898374656394354588e+03
3.065620458758971836e+03 9.907817695092745458e-01 1.629167155958960791e-02 1.838012714630918481e+03
3.065628835742598767e+03 9.852172377220874688e-01 1.622288567633177817e-02 1.828039960622419358e+03
3.065637212726225698e+03 9.831280254447940514e-01 1.615811669292143565e-02 1.824512834278485798e+03
3.065645589709852629e+03 1.000221121575735728e+00 1.624822325995133737e-02 1.856590032563909972e+03
3.065653966693479560e+03 1.020787399856946998e+00 1.636638687300054004e-02 1.895127462455110162e+03
3.065662343677106492e+03 1.032616384079598992e+00 1.638519155721295320e-02 1.917455311991988310e+03
3.065670720660733423e+03 1.042721165432466623e+00 1.638442447114766762e-02 1.936589299889448057e+03
3.065679097644360354e+03 1.029027456096423432e+00 1.633381302842940030e-02 1.911522370311409077e+03
3.065687474627987285e+03 1.009213017989510242e+00 1.627038835475401457e-02 1.875073662515709657e+03
3.065695851611614216e+03 1.003130534199047741e+00 1.625573516172646588e-02 1.864129123306825932e+03
3.065704228595241148e+03 1.000826302307808557e+00 1.625449917693218282e-02 1.860202773374347998e+03
3.065712605578867624e+03 9.914758079061090079e-01 1.617308658173176317e-02 1.843175626815011128e+03
3.065720982562494555e+03 9.797049731599140054e-01 1.606412763543903915e-02 1.821641508409182279e+03
3.065729359546121486e+03 1.000878624539574213e+00 1.615510627471464580e-02 1.861366971619198466e+03
3.065737736529748418e+03 1.034039813224727933e+00 1.631884548232907794e-02 1.923405360318098928e+03
3.065746113513375349e+03 1.031993767939916928e+00 1.629396029302385834e-02 1.919966241338116106e+03
3.065754490497002280e+03 1.014348661313278610e+00 1.618550536569900167e-02 1.887498950904501498e+03
3.065762867480629211e+03 1.003330357181151822e+00 1.610998717727922872e-02 1.867352622590806504e+03
3.065771244464256142e+03 9.954050333885136048e-01 1.604984604140174270e-02 1.852956076600590904e+03
3.065779621447883073e+03 1.000919781544770126e+00 1.605401845012833367e-02 1.863577497689813072e+03
3.065787998431510005e+03 1.013025665253143748e+00 1.608973513331050237e-02 1.886476984567306545e+03
3.065796375415136936e+03 1.021094980692481391e+00 1.613435094098713066e-02 1.901866660968603810e+03
3.065804752398763867e+03 1.026800042867825447e+00 1.618416918112696237e-02 1.912857631329168953e+03
3.065813129382390798e+03 1.028200891788686455e+00 1.615702711018172574e-02 1.915832674380081926e+03
3.065821506366017729e+03 1.026960512950262139e+00 1.608266696996910397e-02 1.913886410852608151e+03
3.065829883349644206e+03 1.026031283285351536e+00 1.606244631041637769e-02 1.912519246949206490e+03
3.065838260333271137e+03 1.025302189320727031e+00 1.607702971520950930e-02 1.911524546128980319e+03
3.065846637316898068e+03 1.022402268273917558e+00 1.605249859343282903e-02 1.906481369212082882e+03
3.065855014300524999e+03 1.017855249318732724e+00 1.599828709099012855e-02 1.898364189987778218e+03
3.065863391284151930e+03 1.018465303278277334e+00 1.600703252127525997e-02 1.899863877821683445e+03
3.065871768267778862e+03 1.023168168921136267e+00 1.606574240796599176e-02 1.909000259600672734e+03
3.065880145251405793e+03 1.018472505824089103e+00 1.604722085902285378e-02 1.900601116203351012e+03
3.065888522235032724e+03 1.005978070573935401e+00 1.596461241184997382e-02 1.877642349356669456e+03
3.065896899218659655e+03 1.000342567360190671e+00 1.591415579463387880e-02 1.867479229734478167e+03
3.065905276202286586e+03 1.001394438469579207e+00 1.589504703976651195e-02 1.869798737327957269e+03
3.065913653185913518e+03 1.009337541173281005e+00 1.591519480411357143e-02 1.884988714683994203e+03
3.065922030169540449e+03 1.024302428938281162e+00 1.597534261081736545e-02 1.913300369506474681e+03
3.065930407153167380e+03 1.025613274402573438e+00 1.599747142662487701e-02 1.916113343943654172e+03
3.065938784136794311e+03 1.012384040246227190e+00 1.597911458572948140e-02 1.891757418757020559e+03
3.065947161120420787e+03 1.009228822847274776e+00 1.596345716461531825e-02 1.886220144470331434e+03
3.065955538104047719e+03 1.017285789813695773e+00 1.595080350525583668e-02 1.901639867629484343e+03
3.065963915087674650e+03 1.031633431998652428e+00 1.597886647938463051e-02 1.928826881474766651e+03
3.065972292071301581e+03 1.054217161361249655e+00 1.606023021176142956e-02 1.971425885739397927e+03
3.065980669054928512e+03 1.064840961621693394e+00 1.610459035995657345e-02 1.991671171001570656e+03
3.065989046038555443e+03 1.059089548155658811e+00 1.609828780990295305e-02 1.981290101088997289e+03
3.065997423022182375e+03 1.040784331056195500e+00 1.603994057522141123e-02 1.947415474618571125e+03
3.066005800005809306e+03 1.004488413821197579e+00 1.590701163783326752e-02 1.879858979667573067e+03
3.066014176989436237e+03 9.889609319908281293e-01 1.586475976483000400e-02 1.851151347291967568e+03
3.066022553973063168e+03 1.004581090607960636e+00 1.595850645794635869e-02 1.880746350826638491e+03
3.066030930956690099e+03 1.016286821337942348e+00 1.600823697742336307e-02 1.903022590707196969e+03
3.066039307940317030e+03 1.021846480417068825e+00 1.598883961855300864e-02 1.913796292138663375e+03
3.066047684923943962e+03 1.031513367980283702e+00 1.600501075872950291e-02 1.932267752046410578e+03
3.066056061907570893e+03 1.048850998586311034e+00 1.608758811164092556e-02 1.965117918021524019e+03
3.066064438891197369e+03 1.056537430065316752e+00 1.611503641099178499e-02 1.979894574990535148e+03
3.066072815874824300e+03 1.045306232757787113e+00 1.603441846217220842e-02 1.959219348910484769e+03
3.066081192858451232e+03 1.043738276365704820e+00 1.601076789058370961e-02 1.956651404611435737e+03
3.066089569842078163e+03 1.062079025222358863e+00 1.610447863909012997e-02 1.991411416612067114e+03
3.066097946825705094e+03 1.064739237983156839e+00 1.612264608639319904e-02 1.996777690319629528e+03
3.066106323809332025e+03 1.033417947849423868e+00 1.597710498797143275e-02 1.938405963096585765e+03
3.066114700792958956e+03 1.001937109404103632e+00 1.581185488312107992e-02 1.879712651471510753e+03
3.066123077776585887e+03 9.700769158856986651e-01 1.560155252901312961e-02 1.820285132522950107e+03
3.066131454760212819e+03 9.587133730929960906e-01 1.551230085774404389e-02 1.799302863175946413e+03
3.066139831743839750e+03 9.966384716520453324e-01 1.571413001475552990e-02 1.870834419787764773e+03
3.066148208727466681e+03 1.022393669633764546e+00 1.585119711165203574e-02 1.919543942522793941e+03
3.066156585711093612e+03 1.012331228357344681e+00 1.579766084298181439e-02 1.901011429806293108e+03
3.066164962694720543e+03 1.008722952335767697e+00 1.576515790234659167e-02 1.894594046958203080e+03
3.066173339678347020e+03 1.025275121733677075e+00 1.579833868237822542e-02 1.926046823955995706e+03
3.066181716661973951e+03 1.028270658974615559e+00 1.576667888185367267e-02 1.932039520859877257e+03
3.066190093645600882e+03 9.862530856678104474e-01 1.551968361099047462e-02 1.853442264950311710e+03
3.066198470629227813e+03 9.574603615953490854e-01 1.533153352387059583e-02 1.799672996121631968e+03
3.066206847612854745e+03 9.754125754811798776e-01 1.535132172578422029e-02 1.833763149729003544e+03
3.066215224596481676e+03 9.880846516437417071e-01 1.537181380707077806e-02 1.857937593993454357e+03
3.066223601580108607e+03 9.808341486522911268e-01 1.539498499073787413e-02 1.844652691849315261e+03
3.066231978563735538e+03 9.792963010094847265e-01 1.542510089820786634e-02 1.842108445608631428e+03
3.066240355547362469e+03 1.000842217082889674e+00 1.548331589642941257e-02 1.882993096702411094e+03
3.066248732530989400e+03 1.020518974755545427e+00 1.553502504002608926e-02 1.920375745169333868e+03
3.066257109514616332e+03 1.032112394925638332e+00 1.555857788911113940e-02 1.942558572558886226e+03
3.066265486498243263e+03 1.037741982679357911e+00 1.557269555850391250e-02 1.953522876328622488e+03
3.066273863481870194e+03 1.015517949964588329e+00 1.554275417455638908e-02 1.912047551695222182e+03
3.066282240465497125e+03 9.976021054241044350e-01 1.551809516763663285e-02 1.878669549338020261e+03
3.066290617449123602e+03 1.001415888451590464e+00 1.552007528270977869e-02 1.886207449659108761e+03
3.066298994432750533e+03 1.001058798359787172e+00 1.551131494287956263e-02 1.885890569555117736e+03
3.066307371416377464e+03 9.778334803436429246e-01 1.544365314681611819e-02 1.842483948830297322e+03
3.066315748400004395e+03 9.584539433801444464e-01 1.538164375226276984e-02 1.806308606730740848e+03
3.066324125383631326e+03 9.620428562933956984e-01 1.535332961022726345e-02 1.813414145364860133e+03
3.066332502367258257e+03 9.674645459529492841e-01 1.534147007198095533e-02 1.823977600169245306e+03
3.066340879350885189e+03 9.849284853999309419e-01 1.543759838797894440e-02 1.857252648381584322e+03
3.066349256334512120e+03 1.002042797641684357e+00 1.552263139183813687e-02 1.889880701100128590e+03
3.066357633318139051e+03 1.016661690671355700e+00 1.552739323370960420e-02 1.917813599486097928e+03
3.066366010301765982e+03 1.029676102892684186e+00 1.553419380995749340e-02 1.942729651271297371e+03
3.066374387285392913e+03 1.029762456913270174e+00 1.555748368700455783e-02 1.943258491786815057e+03
3.066382764269019845e+03 1.029682243435921185e+00 1.557587823442735213e-02 1.943473005968390453e+03
3.066391141252646776e+03 1.028087790799595780e+00 1.554983333926775527e-02 1.940828875472668187e+03
3.066399518236273707e+03 1.026826662282741331e+00 1.552451543349964679e-02 1.938812981093163216e+03
3.066407895219900183e+03 1.029011878187615192e+00 1.550663462688062905e-02 1.943304664593375037e+03
3.066416272203527114e+03 1.029850323808660040e+00 1.548298115776439512e-02 1.945254026241569363e+03
3.066424649187154046e+03 1.014561223477686847e+00 1.539008759039764765e-02 1.916735405207716894e+03
3.066433026170780977e+03 9.999945204383693387e-01 1.530121717217223024e-02 1.889570947011674889e+03
3.066441403154407908e+03 9.955743213528177593e-01 1.526881598818994289e-02 1.881572386202813277e+03
3.066449780138034839e+03 9.922897433203683448e-01 1.524527287445552604e-02 1.875717339434579571e+03
3.066458157121661770e+03 1.008498111934152952e+00 1.537379126764806467e-02 1.906714245601137463e+03
3.066466534105288702e+03 1.022844527651114221e+00 1.549874979516277333e-02 1.934201712781947890e+03
3.066474911088915633e+03 9.968169903758781203e-01 1.554727804407164335e-02 1.885337777106897875e+03
3.066483288072542564e+03 9.720912593659759571e-01 1.558905684106501668e-02 1.838917988579029043e+03
3.066491665056169495e+03 9.853225003782862812e-01 1.543311974740679826e-02 1.864297825385441683e+03
3.066500042039796426e+03 9.987045137668763006e-01 1.528853257456833266e-02 1.889972390563183353e+03
3.066508419023423357e+03 1.014976455106169073e+00 1.535388605071177567e-02 1.921126461909902446e+03
3.066516796007050289e+03 1.029613142530040104e+00 1.541164584574618128e-02 1.949196341424433740e+03
3.066525172990676765e+03 1.005170621684630117e+00 1.528784418050475012e-02 1.903280532334369354e+03
3.066533549974303696e+03 9.817262078152447780e-01 1.516834033958982045e-02 1.859237612818192474e+03
3.066541926957930627e+03 9.914033915628226445e-01 1.519123114070392196e-02 1.877916984894691041e+03
3.066550303941557559e+03 1.000835909623624564e+00 1.521332229200916993e-02 1.896139701449928907e+03
3.066558680925184490e+03 9.970954713396654734e-01 1.519218399020293500e-02 1.889407536818938979e+03
3.066567057908811421e+03 9.934226209384207085e-01 1.517133996276826859e-02 1.882800811016506259e+03
3.066575434892438352e+03 9.992109967109786828e-01 1.519143140049102579e-02 1.894126383833560794e+03
3.066583811876065283e+03 1.004997202809917001e+00 1.521151530728211479e-02 1.905451956650615102e+03
3.066592188859692214e+03 1.006544063380689691e+00 1.521105407274333902e-02 1.908742431981516120e+03
3.066600565843319146e+03 1.007989884166269556e+00 1.520988186834313499e-02 1.911842365674120629e+03
3.066608942826946077e+03 1.003601128211821569e+00 1.516469483099533791e-02 1.903874881664769873e+03
3.066617319810573008e+03 9.992574558190437939e-01 1.511982468913422237e-02 1.895989820170013672e+03
3.066625696794199939e+03 1.009252184501728822e+00 1.517397309985584961e-02 1.915312430590561689e+03
3.066634073777826416e+03 1.019243171038870965e+00 1.522810123676712236e-02 1.934635041010060604e+03
3.066642450761453347e+03 1.043198055788925993e+00 1.531674876214337774e-02 1.980474720085032232e+03
3.066650827745080278e+03 1.067256647501124478e+00 1.540564172988967244e-02 2.026528344151332931e+03
3.066659204728707209e+03 1.047616786341635686e+00 1.533000744935688990e-02 1.989608038933547959e+03
3.066667581712334140e+03 1.027137006921714946e+00 1.525121144678310073e-02 1.951078325603441954e+03
3.066675958695961071e+03 1.015995638507476873e+00 1.516037564032315064e-02 1.930275974928348660e+03
3.066684335679588003e+03 1.005147471918598434e+00 1.506919994033546241e-02 1.910022860618179720e+03
3.066692712663214934e+03 9.845458619675787615e-01 1.502379852122536635e-02 1.871224673951408249e+03
3.066701089646841865e+03 9.638341642103465112e-01 1.497896623805507373e-02 1.832202574596154136e+03
3.066709466630468796e+03 9.682287079478245628e-01 1.497004862944497673e-02 1.840900439537403372e+03
3.066717843614095727e+03 9.732111393940729993e-01 1.496197754724344457e-02 1.850719391738683726e+03
3.066726220597722659e+03 1.005634533182609758e+00 1.510887410222794963e-02 1.912735092102695717e+03
3.066734597581349590e+03 1.039010873421893688e+00 1.526116529250582353e-02 1.976586694974351531e+03
3.066742974564976521e+03 1.037022703666290457e+00 1.526057211953315423e-02 1.973172946514716614e+03
3.066751351548602997e+03 1.033369725756147606e+00 1.525277896470821244e-02 1.966589515151447586e+03
3.066759728532229929e+03 1.008695680479644752e+00 1.514751581590449529e-02 1.919991158649267845e+03
3.066768105515856860e+03 9.834502601563603896e-01 1.503960000920149392e-02 1.872287486088040168e+03
3.066776482499483791e+03 9.975407988800162329e-01 1.514257038979903956e-02 1.899467443857203307e+03
3.066784859483110722e+03 1.013175148729905883e+00 1.525380754973035616e-02 1.929597612148971621e+03
3.066793236466737653e+03 9.873814768149891119e-01 1.510891978134095391e-02 1.880824276419524949e+03
3.066801613450364584e+03 9.594668632807166198e-01 1.495091432826107028e-02 1.827991757566884417e+03
3.066809990433991516e+03 9.547894533461395161e-01 1.495350372507090776e-02 1.819419552991177397e+03
3.066818367417618447e+03 9.508519274836094715e-01 1.496119393611288970e-02 1.812254189194306264e+03
3.066826744401245378e+03 9.678956149009131371e-01 1.505881581218784966e-02 1.845082139584703100e+03
3.066835121384872309e+03 9.858486794308922718e-01 1.516032678914962066e-02 1.879656054990811072e+03
3.066843498368499240e+03 9.982438844353020979e-01 1.516514578560756131e-02 1.903643930915937517e+03
3.066851875352126171e+03 1.010324753662606989e+00 1.516457034454873724e-02 1.927041068030780480e+03
3.066860252335753103e+03 1.008833726687969001e+00 1.521031971459628832e-02 1.924555636754293573e+03
3.066868629319379579e+03 1.006855157456136185e+00 1.525771860821911220e-02 1.921138886527629211e+03
3.066877006303006510e+03 1.021067235482299385e+00 1.523500944663281134e-02 1.948619190993510756e+03
3.066885383286633441e+03 1.036050193863317315e+00 1.520894848710078323e-02 1.977581028546284188e+03
3.066893760270260373e+03 1.020768054870325958e+00 1.518398988392608874e-02 1.948773664480257139e+03
3.066902137253887304e+03 1.004631771085999548e+00 1.515907161799517726e-02 1.918324467224793125e+03
3.066910514237514235e+03 1.024684854546189516e+00 1.519007847380915432e-02 1.956979541671882771e+03
3.066918891221141166e+03 1.046185271247976667e+00 1.522332195498423378e-02 1.998413550076867068e+03
3.066927268204768097e+03 1.040280095927621273e+00 1.522526991611809766e-02 1.987503188474575609e+03
3.066935645188395029e+03 1.032945028355162220e+00 1.522558196386816949e-02 1.973856246905077796e+03
3.066944022172021960e+03 1.007714553935892488e+00 1.512359379862137330e-02 1.926001373054300984e+03
3.066952399155648891e+03 9.819102666872374652e-01 1.501831020353092648e-02 1.877031660929815189e+03
3.066960776139275822e+03 9.858112413022781517e-01 1.497855494645289332e-02 1.884839107202087916e+03
3.066969153122902753e+03 9.910313692019279141e-01 1.494172684906880204e-02 1.895171972820866131e+03
3.066977530106529684e+03 1.013846187244753061e+00 1.509392020618727757e-02 1.939161529019979980e+03
3.066985907090156161e+03 1.037093725533494215e+00 1.525079596778660014e-02 1.983995107487444557e+03
3.066994284073783092e+03 1.018353286750981246e+00 1.518354913859624317e-02 1.948505878012038011e+03
3.067002661057410023e+03 9.980755276940754817e-01 1.510808470471398067e-02 1.910061292360940115e+03
3.067011038041036954e+03 1.002667418932243093e+00 1.504444936468731474e-02 1.919205282942093618e+03
3.067019415024663886e+03 1.007696919144267289e+00 1.498104617199730662e-02 1.929190319514849079e+03
3.067027792008290817e+03 9.874555502452768696e-01 1.497260213208471101e-02 1.890790011171052811e+03
3.067036168991917748e+03 9.664834750153519227e-01 1.496576613394419962e-02 1.850975894177883674e+03
3.067044545975544679e+03 9.763872537137502361e-01 1.498028397856701957e-02 1.870290217195887635e+03
3.067052922959171610e+03 9.866075661633659788e-01 1.499501792399338465e-02 1.890218018079403691e+03
3.067061299942798541e+03 9.949983737038612386e-01 1.500437591858842443e-02 1.906647327158179223e+03
3.067069676926425473e+03 1.003346357213199758e+00 1.501361362510472697e-02 1.923000523392619471e+03
3.067078053910052404e+03 9.800592261091026769e-01 1.490031623848228279e-02 1.878716963712495726e+03
3.067086430893679335e+03 9.566801132864523050e-01 1.478667110502801703e-02 1.834240498128493527e+03
3.067094807877306266e+03 9.907288519128724102e-01 1.492373746579691782e-02 1.899874106395158606e+03
3.067103184860932743e+03 1.025352731635115200e+00 1.506340318741167424e-02 1.966635037626859912e+03
3.067111561844559674e+03 9.993684559990377858e-01 1.495984746895318018e-02 1.917152094521423805e+03
3.067119938828186605e+03 9.733938046837110614e-01 1.485633010651676335e-02 1.867669151415987926e+03
3.067128315811813536e+03 9.828013894261607986e-01 1.488624204754604267e-02 1.886068888687057324e+03
3.067136692795440467e+03 9.924916398576738574e-01 1.491708730043617148e-02 1.905017868591502065e+03
3.067145069779067398e+03 1.005168937578866828e+00 1.494711801501256987e-02 1.929708223617650447e+03
3.067153446762694330e+03 1.017841543229161649e+00 1.497713761474060018e-02 1.954398578643798828e+03
3.072165835535726728e+03 1.001033849388914820e+00 1.186199328874216335e-02 2.378286441802978516e+03
3.072173648319006588e+03 9.971787857504696984e-01 1.185397047685295135e-02 2.369564208104099180e+03
3.072181461102286448e+03 9.933251429313746383e-01 1.184595062184524462e-02 2.360841974405220299e+03
3.072189273885566308e+03 1.006687791410452615e+00 1.193698322226074797e-02 2.393041970824745022e+03
3.072197086668846623e+03 1.020600732909018760e+00 1.203117684072076143e-02 2.426562039185921094e+03
3.072204899452126483e+03 1.000835940896503518e+00 1.189744613644911492e-02 2.380007968020414410e+03
3.072212712235406343e+03 9.788340008171078077e-01 1.174857483947152302e-02 2.328115620890238006e+03
3.072220525018686203e+03 9.774070483698320544e-01 1.173987875751617352e-02 2.325149757623737059e+03
3.072228337801966063e+03 9.781078385201750214e-01 1.174567842236359447e-02 2.327245254755084716e+03
3.072236150585245923e+03 9.845117779326244545e-01 1.180312900564552993e-02 2.342913560661917927e+03
3.072243963368526238e+03 9.915032596648918339e-01 1.186590088221780616e-02 2.359985950235663495e+03
3.072251776151806098e+03 1.003071914324364489e+00 1.194087601853648616e-02 2.387961101415136000e+03
3.072259588935085958e+03 1.015290442096791201e+00 1.201756987399940635e-02 2.417493789966686563e+03
3.072267401718365818e+03 1.021727435615194191e+00 1.201825509227421977e-02 2.433268319350141155e+03
3.072275214501645678e+03 1.027092436423260091e+00 1.200487219608445746e-02 2.446495041480490272e+03
3.072283027284925538e+03 1.015737808501261163e+00 1.194354647522761353e-02 2.419893621826171966e+03
3.072290840068205853e+03 1.000530143122982940e+00 1.187118046785582207e-02 2.384101092527374021e+03
3.072298652851485713e+03 9.975999079015307469e-01 1.188907098345514703e-02 2.377555744464661984e+03
3.072306465634765573e+03 9.981062335154488041e-01 1.193221466178409282e-02 2.379199607144943002e+03
3.072314278418045433e+03 9.882425670996954903e-01 1.190312699986577523e-02 2.356120278357775987e+03
3.072322091201325293e+03 9.749265568864369236e-01 1.184998261468451011e-02 2.324799885750044723e+03
3.072329903984605153e+03 9.888114408933197375e-01 1.191049115814806457e-02 2.358342716157365430e+03
3.072337716767885468e+03 1.011754896404212456e+00 1.200884833142853297e-02 2.413506620907925480e+03
3.072345529551165328e+03 1.002811451007807442e+00 1.193871956040104716e-02 2.392611548378163661e+03
3.072353342334445188e+03 9.813993911100454826e-01 1.180271347712368891e-02 2.341954267353751220e+03
3.072361155117725048e+03 9.689331246625541016e-01 1.176017052980031334e-02 2.312629868081460245e+03
3.072368967901004908e+03 9.605333849585412365e-01 1.176009595796361634e-02 2.293002233240802980e+03
3.072376780684284768e+03 9.723130018261314511e-01 1.182676910931292590e-02 2.321548594535277516e+03
3.072384593467564628e+03 9.946548846138957289e-01 1.192837447133465734e-02 2.375328953803465993e+03
3.072392406250844942e+03 9.941911607359282810e-01 1.193647805453921379e-02 2.374656972149993635e+03
3.072400219034124802e+03 9.817882940580993090e-01 1.189563003806373351e-02 2.345462335732691827e+03
3.072408031817404662e+03 9.840751200948124611e-01 1.191030186084447544e-02 2.351356497251191286e+03
3.072415844600684522e+03 9.951705806509387742e-01 1.195826512123212594e-02 2.378303937530517487e+03
3.072423657383964382e+03 9.956626442325803295e-01 1.196472655388963399e-02 2.379915972313584462e+03
3.072431470167244242e+03 9.889036823640161566e-01 1.194280685790927860e-02 2.364193255967501045e+03
3.072439282950524557e+03 9.839986298757089633e-01 1.191599099600588324e-02 2.352897611975298332e+03
3.072447095733804417e+03 9.805351139470804833e-01 1.188537127982657038e-02 2.345045246481523918e+03
3.072454908517084277e+03 9.812535281458122371e-01 1.188196764139600771e-02 2.347193171985777099e+03
3.072462721300364137e+03 9.852227098934192018e-01 1.189972071495752279e-02 2.357119101598112593e+03
3.072470534083643997e+03 9.906565908031310652e-01 1.194510277836180988e-02 2.370553403297177738e+03
3.072478346866923857e+03 9.973819098417506801e-01 1.201484802446045955e-02 2.387083327425235893e+03
3.072486159650204172e+03 9.887726545562197655e-01 1.202124500004814189e-02 2.366911433218254388e+03
3.072493972433484032e+03 9.648372404639508071e-01 1.196432847025020660e-02 2.310037720678581536e+03
3.072501785216763892e+03 9.658783829092417728e-01 1.194392397049947110e-02 2.312953484228791694e+03
3.072509598000043752e+03 9.918823799275763298e-01 1.196001147055119306e-02 2.375658723861924500e+03
3.072517410783323612e+03 1.003235047893186405e+00 1.196921843386945621e-02 2.403288908444701065e+03
3.072525223566603472e+03 9.979925356308428919e-01 1.197063218069103173e-02 2.391167363973601368e+03
3.072533036349883332e+03 9.987438851079649682e-01 1.199728299312787481e-02 2.393405008554420874e+03
3.072540849133163647e+03 1.007197482121549248e+00 1.205636645662643350e-02 2.414104467630951149e+03
3.072548661916443507e+03 1.008707774735779328e+00 1.207652047812651092e-02 2.418166209587529011e+03
3.072556474699723367e+03 1.001296011317484691e+00 1.204665189173955223e-02 2.400836600963808451e+03
3.072564287483003227e+03 9.914276249177376155e-01 1.201519744903594387e-02 2.377609107553901140e+03
3.072572100266283087e+03 9.779690930338967858e-01 1.198142118431151301e-02 2.345761628687323991e+03
3.072579913049562947e+03 9.740089664502236122e-01 1.197209892450172217e-02 2.336689443969726653e+03
3.072587725832843262e+03 9.839228554741246136e-01 1.199849599153102880e-02 2.360904227624873783e+03
3.072595538616123122e+03 9.895695065376356458e-01 1.200197367649189981e-02 2.374886669921723751e+03
3.072603351399402982e+03 9.881093611675655364e-01 1.196727414721883258e-02 2.371815209960800075e+03
3.072611164182682842e+03 9.901753753857668316e-01 1.196838402830500796e-02 2.377208057165832088e+03
3.072618976965962702e+03 9.989701504071409888e-01 1.203782028930806651e-02 2.398760036230145943e+03
3.072626789749242562e+03 1.003430067494021305e+00 1.207138288470584880e-02 2.409908816880602444e+03
3.072634602532522877e+03 9.996203519267448101e-01 1.203650797894667036e-02 2.401196946011744785e+03
3.072642415315802737e+03 9.970045002159406700e-01 1.202230844738957395e-02 2.395350051879897819e+03
3.072650228099082597e+03 9.970125685724120501e-01 1.205356365636664831e-02 2.395806106567397819e+03
3.072658040882362457e+03 9.990926580507158983e-01 1.208252668550853677e-02 2.401242111206568552e+03
3.072665853665642317e+03 1.005729611948841473e+00 1.210646234018578071e-02 2.417634005737745156e+03
3.072673666448922177e+03 1.009073796122234912e+00 1.212351870993347465e-02 2.426114911675271742e+03
3.072681479232202491e+03 1.004009617086601747e+00 1.212301395537650726e-02 2.414378846764041555e+03
3.072689292015482351e+03 9.992522854315906145e-01 1.212570914141965391e-02 2.403376367422046314e+03
3.072697104798762211e+03 9.952759963232558071e-01 1.213657901347641940e-02 2.394248606755019864e+03
3.072704917582042071e+03 9.909488032662363555e-01 1.213340613216391806e-02 2.384273070335205830e+03
3.072712730365321931e+03 9.855663229616417054e-01 1.208812568280460617e-02 2.371754206657227314e+03
3.072720543148601791e+03 9.815532414392612592e-01 1.205244536819134737e-02 2.362526670602660488e+03
3.072728355931881651e+03 9.816431935724848623e-01 1.204552377292860722e-02 2.363173117417561571e+03
3.072736168715161966e+03 9.809932324999356412e-01 1.204668182048963115e-02 2.362038078069257153e+03
3.072743981498441826e+03 9.777015581203924999e-01 1.207668107465267524e-02 2.354540588140276213e+03
3.072751794281721686e+03 9.781834697818506674e-01 1.211321885067311380e-02 2.356129570711728320e+03
3.072759607065001546e+03 9.921355745958699845e-01 1.217312991619431441e-02 2.390170240783691497e+03
3.072767419848281406e+03 1.003815434982342936e+00 1.222170796525926841e-02 2.418748035430890468e+03
3.072775232631561266e+03 1.005668422015376873e+00 1.222126190647705377e-02 2.423653369903546718e+03
3.072783045414841581e+03 1.005719418189452430e+00 1.220946158140204067e-02 2.424216753797284127e+03
3.072790858198121441e+03 9.979661048142075552e-01 1.214847195934661353e-02 2.405965018520923422e+03
3.072798670981401301e+03 9.927124378278125993e-01 1.210055669641676122e-02 2.393733905137415150e+03
3.072806483764681161e+03 1.000941111590835320e+00 1.212312793509496937e-02 2.414014149964095395e+03
3.072814296547961021e+03 1.006870974571421273e+00 1.213922667265924724e-02 2.428756451827032834e+03
3.072822109331240881e+03 1.000403492954649698e+00 1.212041865718662716e-02 2.413593861682869829e+03
3.072829922114521196e+03 9.946801810941128252e-01 1.210775854870584957e-02 2.400221331357925465e+03
3.072837734897801056e+03 9.941507582349253802e-01 1.213808279097434648e-02 2.399379219770401050e+03
3.072845547681080916e+03 9.936562682149557846e-01 1.216308693891050147e-02 2.398620970010751989e+03
3.072853360464360776e+03 9.934050985589750749e-01 1.215092512386971996e-02 2.398449753046035312e+03
3.072861173247640636e+03 9.921918747989367793e-01 1.213943761275572408e-02 2.395955137928135628e+03
3.072868986030920496e+03 9.842452958678199471e-01 1.213264266370720976e-02 2.377196735734709819e+03
3.072876798814200811e+03 9.792986720324260430e-01 1.213648596840637486e-02 2.365678322912857766e+03
3.072884611597480671e+03 1.003320300957105671e+00 1.224312187742553591e-02 2.424146474005387063e+03
3.072892424380760531e+03 1.024520531110728827e+00 1.233495512202518497e-02 2.475817581411131414e+03
3.072900237164040391e+03 1.018528654749993434e+00 1.228406217396469345e-02 2.461783933199054900e+03
3.072908049947320251e+03 1.012974709296107445e+00 1.223630902359029715e-02 2.448803707242058408e+03
3.072915862730600111e+03 1.013957988248556763e+00 1.223538504219180527e-02 2.451624815106355982e+03
3.072923675513879971e+03 1.014545001468914132e+00 1.222968365268858187e-02 2.453488489270710488e+03
3.072931488297160286e+03 1.009194233883252689e+00 1.215233116312701249e-02 2.440990657925378400e+03
3.072939301080440146e+03 1.003843298586015065e+00 1.207989224601892925e-02 2.428487733811373346e+03
3.072947113863720006e+03 9.984627288365602871e-01 1.208074975012321702e-02 2.415908418156381686e+03
3.072954926646999866e+03 9.931006934030394140e-01 1.207955723140206883e-02 2.403369243621723399e+03
3.072962739430279726e+03 9.882546958041161789e-01 1.201483555586243049e-02 2.392074443817035899e+03
3.072970552213559586e+03 9.832753998302734555e-01 1.195153446898497736e-02 2.380452691495240288e+03
3.072978364996839900e+03 9.741120573371855329e-01 1.193156074079498863e-02 2.358695411144875834e+03
3.072986177780119760e+03 9.653080825218215422e-01 1.191241913815909922e-02 2.337800427187458354e+03
3.072993990563399620e+03 9.675429495922198697e-01 1.191885177032602459e-02 2.343636631364115146e+03
3.073001803346679480e+03 9.697770086168632231e-01 1.192528207668969165e-02 2.349472835540771484e+03
3.073009616129959340e+03 9.754759499484814134e-01 1.198555686293143255e-02 2.363706863403320312e+03
3.073017428913239200e+03 9.811728314972099074e-01 1.204580986390356781e-02 2.377940891265869141e+03
3.073025241696519515e+03 9.850826753223984600e-01 1.205477262017845379e-02 2.387848115921597127e+03
3.073033054479799375e+03 9.889911065126825163e-01 1.206373213819100093e-02 2.397755340575704849e+03
3.073040867263079235e+03 9.855022555611702151e-01 1.206602550828142148e-02 2.389728439330820947e+03
3.073048680046359095e+03 9.820146646830859583e-01 1.206831805007199665e-02 2.381701538085937500e+03
3.073056492829638955e+03 9.742847881807602528e-01 1.200179819924643634e-02 2.363380816180971578e+03
3.073064305612918815e+03 9.665577024813374329e-01 1.193530236481916279e-02 2.345060094276005202e+03
3.073072118396198675e+03 9.792067115654587983e-01 1.199970440376296743e-02 2.376177962779701375e+03
3.073079931179478990e+03 9.925082402940236248e-01 1.206830417522851417e-02 2.408890624524769464e+03
3.073087743962758850e+03 9.746560074369642335e-01 1.201440300125209727e-02 2.365988818465714758e+03
3.073095556746038710e+03 9.558055913582810259e-01 1.195657114158442738e-02 2.320647836029900645e+03
3.073103369529318570e+03 9.672523121243694622e-01 1.197457946818547385e-02 2.348863533258159805e+03
3.073111182312598430e+03 9.796718360805357628e-01 1.199502664373061633e-02 2.379452026605327774e+03
3.073118995095878290e+03 9.830046286607090344e-01 1.201883875226636075e-02 2.387977333420868490e+03
3.073126807879158605e+03 9.860432966073821026e-01 1.204275104050538461e-02 2.395790924542081484e+03
3.073134620662438465e+03 9.844200771456614874e-01 1.202939383020986373e-02 2.392278140544720372e+03
3.073142433445718325e+03 9.824867791936016115e-01 1.201355782272863458e-02 2.388010264873333654e+03
3.073150246228998185e+03 9.921703881166050731e-01 1.205049169313792030e-02 2.411981576204629164e+03
3.073158059012278045e+03 1.002624782937519221e+00 1.209092923554727465e-02 2.437835500001483979e+03
3.073165871795557905e+03 9.914260441603055529e-01 1.206903152574674738e-02 2.411040511131837775e+03
3.073173684578838220e+03 9.787883070829281884e-01 1.204298773765409905e-02 2.380735594748237872e+03
3.073181497362118080e+03 9.734336058699211147e-01 1.200646149941797004e-02 2.368137540459175852e+03
3.073189310145397940e+03 9.685659773765662450e-01 1.196924908140154994e-02 2.356719943642159251e+03
3.073197122928677800e+03 9.776725150795750885e-01 1.199894444875755986e-02 2.379306219697315100e+03
3.073204935711957660e+03 9.877071022646581877e-01 1.203308795322542528e-02 2.404159420609067183e+03
3.073212748495237520e+03 9.878142644522593940e-01 1.204758456713434477e-02 2.404852903512828561e+03
3.073220561278517835e+03 9.872599194571672898e-01 1.206076722774642243e-02 2.403935738548836980e+03
3.073228374061797695e+03 1.000218208505085915e+00 1.211123948339890358e-02 2.435926693023345706e+03
3.073236186845077555e+03 1.014569424312484092e+00 1.216555092969222665e-02 2.471321935714385745e+03
3.073243999628357415e+03 1.002516153233502960e+00 1.210278990897785921e-02 2.442401257812814947e+03
3.073251812411637275e+03 9.877367411224634575e-01 1.202794470153847016e-02 2.406827208817878727e+03
3.073259625194917135e+03 9.945567365015265393e-01 1.206087040213368704e-02 2.423881148814541120e+03
3.073267437978196995e+03 1.003607751656941494e+00 1.210492819985000724e-02 2.446379363536220808e+03
3.073275250761477309e+03 9.985200396847075943e-01 1.207858951622670617e-02 2.434414962648865185e+03
3.073283063544757169e+03 9.919721274565520552e-01 1.204498084475733727e-02 2.418885463594910107e+03
3.073290876328037029e+03 1.012203624784429934e+00 1.211450789237954358e-02 2.468662506640214360e+03
3.073298689111316889e+03 1.035197400161181447e+00 1.219467602127996889e-02 2.525195398865741936e+03
3.073306501894596749e+03 1.033912064531437247e+00 1.215263314017978220e-02 2.522512863278629084e+03
3.073314314677876609e+03 1.030116862782325615e+00 1.209796807895967795e-02 2.513704593777896662e+03
3.073322127461156924e+03 1.018015557730315823e+00 1.206094395947190229e-02 2.484620700417985063e+03
3.073329940244436784e+03 1.005059356312594909e+00 1.202575569401654124e-02 2.453439328729142289e+03
3.073337753027716644e+03 1.006538822866601013e+00 1.200685455016864238e-02 2.457491680622338663e+03
3.073345565810996504e+03 1.009510355066814080e+00 1.198964345304277639e-02 2.465188900470971475e+03
3.073353378594276364e+03 1.013373862996684416e+00 1.197682143520956838e-02 2.475067287385509644e+03
3.073361191377556224e+03 1.017328352580327611e+00 1.196445733795262027e-02 2.485171312272300383e+03
3.073369004160836539e+03 9.931225315554638167e-01 1.188009437870853405e-02 2.426475308893076090e+03
3.073376816944116399e+03 9.660129203427284539e-01 1.178831437789537757e-02 2.360662061212412027e+03
3.073384629727396259e+03 9.863988805346800559e-01 1.187292458727454321e-02 2.410911597373026325e+03
3.073392442510676119e+03 1.011688985729081836e+00 1.197574507055283906e-02 2.473167628409403278e+03
3.073400255293955979e+03 1.015856431723375142e+00 1.199460890362302572e-02 2.483800260245824120e+03
3.073408068077235839e+03 1.017838610746386818e+00 1.200478617452070164e-02 2.489092540442813515e+03
3.073415880860516154e+03 1.008530600700404234e+00 1.196386221019760283e-02 2.466771807252582221e+03
3.073423693643796014e+03 9.980582554846542109e-01 1.191766788816155456e-02 2.441594555436786322e+03
3.073431506427075874e+03 9.908371538493021546e-01 1.190805300607484553e-02 2.424363216876476145e+03
3.073439319210355734e+03 9.839545245080912883e-01 1.190222325779813871e-02 2.407953869342296457e+03
3.073447131993635594e+03 9.913141231083401061e-01 1.194701174212363902e-02 2.426398605585198311e+03
3.073454944776915454e+03 1.000143903936080436e+00 1.199701941689989594e-02 2.448448936700279319e+03
3.073462757560195314e+03 9.997833883859458259e-01 1.197473685576433931e-02 2.448004243433550982e+03
3.073470570343475629e+03 9.984727782166462617e-01 1.194498715226489753e-02 2.445232478678140978e+03
3.073478383126755489e+03 9.949923259293630418e-01 1.194384607328792015e-02 2.437144731640548798e+03
3.073486195910035349e+03 9.912886433233941696e-01 1.194566328569814269e-02 2.428507055401535126e+03
3.073494008693315209e+03 1.007456406426765261e+00 1.201005413834617050e-02 2.468556870818343214e+03
3.073501821476595069e+03 1.025673553198266807e+00 1.208089402146201793e-02 2.513643323301161672e+03
3.073509634259874929e+03 1.026661461538997511e+00 1.210151884008353260e-02 2.516514070153277316e+03
3.073517447043155244e+03 1.025867673647094414e+00 1.211694517402655234e-02 2.515017675042106021e+03
3.073525259826435104e+03 1.022348451020492544e+00 1.207543933906147365e-02 2.506837713837349384e+03
3.073533072609714964e+03 1.018548564860397798e+00 1.202806041590042535e-02 2.497966349243843524e+03
3.073540885392994824e+03 9.927921963703008057e-01 1.193112119048130894e-02 2.435234284221815415e+03
3.073548698176274684e+03 9.647739289581725997e-01 1.182908881420197122e-02 2.366930422605761123e+03
3.073556510959554544e+03 9.676561369146713387e-01 1.184309683954064621e-02 2.374425306975423155e+03
3.073564323742834858e+03 9.737323120964694878e-01 1.186909813511197696e-02 2.389761440933225003e+03
3.073572136526114718e+03 9.820501711608400353e-01 1.187801885523155632e-02 2.410605483294195437e+03
3.073579949309394578e+03 9.905971437256845258e-01 1.188517071135221370e-02 2.432019309282964969e+03
3.073587762092674438e+03 9.886738334743835344e-01 1.188112981258810687e-02 2.427730399906603907e+03
3.073595574875954298e+03 9.856685849988608972e-01 1.187593295422897759e-02 2.420782586872748197e+03
3.073603387659234158e+03 9.749480622788917472e-01 1.186190121680430823e-02 2.394880201007335927e+03
3.073611200442514019e+03 9.634332614283370733e-01 1.184696050044101688e-02 2.367016997262167934e+03
3.073619013225794333e+03 9.906597935673610023e-01 1.195215924911356177e-02 2.434342559698191963e+03
3.073626826009074193e+03 1.020458643609642335e+00 1.206532801941414580e-02 2.508014039877024970e+03
3.073634638792354053e+03 1.011978421454693633e+00 1.203117617644557970e-02 2.487615149855274012e+03
3.073642451575633913e+03 1.000950444892792168e+00 1.198721956452676943e-02 2.460944901824434055e+03
3.073650264358913773e+03 9.949056271191106804e-01 1.196488524495283208e-02 2.446518810987719917e+03
3.073658077142193633e+03 9.891948518185534889e-01 1.194399906562384518e-02 2.432908997297534370e+03
3.073665889925473948e+03 9.764327672410394454e-01 1.191058226293389283e-02 2.401948509930279215e+03
3.073673702708753808e+03 9.632050871740440723e-01 1.187634163564277312e-02 2.369831310986187418e+03
3.073681515492033668e+03 9.779806449798210677e-01 1.192261245747145391e-02 2.406612837553550889e+03
3.073689328275313528e+03 9.946171806065232657e-01 1.197423247383694322e-02 2.447987612485208501e+03
3.073697141058593388e+03 9.918887984779445333e-01 1.195592716138246282e-02 2.441706846146487351e+03
3.073704953841873248e+03 9.878710167632268613e-01 1.193296872649960393e-02 2.432249043722088572e+03
3.073712766625153563e+03 9.918921022743998339e-01 1.197797978602473980e-02 2.442583833873501590e+03
3.073720579408433423e+03 9.961709837843771842e-01 1.202516674850284510e-02 2.453557094752698504e+03
3.073728392191713283e+03 1.004230046569240420e+00 1.203831143694667795e-02 2.473846300184539359e+03
3.073736204974993143e+03 1.012408212909742922e+00 1.205035405066319509e-02 2.494436019956878226e+03
3.073744017758273003e+03 1.021486023617733663e+00 1.213160701120869107e-02 2.517249898731500252e+03
3.073751830541552863e+03 1.030589717500803415e+00 1.221506342799981784e-02 2.540135524570733651e+03
3.073759643324833178e+03 1.014066110395946962e+00 1.209814645766081956e-02 2.499853271180565571e+03
3.073767456108113038e+03 9.967219376689480104e-01 1.197480947126501258e-02 2.457533344268798828e+03
3.073775268891392898e+03 9.968432433658127589e-01 1.200288046995854306e-02 2.458269033432006836e+03
3.073783081674672758e+03 9.969645059818206256e-01 1.203094149943622834e-02 2.459004722595214844e+03
3.228337757863610477e+03 1.001186118955913029e+00 5.842323797688848963e-03 6.905538101196289062e+03
3.228347166290470341e+03 9.979065572495383618e-01 5.836679552536232045e-03 6.885168321591556378e+03
3.228356574717329750e+03 9.946427054600814888e-01 5.831118530909576436e-03 6.864798541987807766e+03
3.228365983144189613e+03 9.987934348317134559e-01 5.846220877770673049e-03 6.895511420688428188e+03
3.228375391571049022e+03 1.003137779730848722e+00 5.861900622603925630e-03 6.927486149417850356e+03
3.228384799997908885e+03 9.996253501122920326e-01 5.845130741537477720e-03 6.905113997941643902e+03
3.228394208424768294e+03 9.957293930571126106e-01 5.826799212575842039e-03 6.879988875777771682e+03
3.228403616851628158e+03 9.990876864535186419e-01 5.837307237272772523e-03 6.904896999770984621e+03
3.228413025278487567e+03 1.003021334264105890e+00 5.850125750944352131e-03 6.933705606112433998e+03
3.228422433705347430e+03 9.992729591940492373e-01 5.825226344408097716e-03 6.909323067586626166e+03
3.228431842132206839e+03 9.947178443456414776e-01 5.796378600560214006e-03 6.879264135698024802e+03
3.228441250559066702e+03 9.977550674977041512e-01 5.810213434134754024e-03 6.901625202471848752e+03
3.228450658985926111e+03 1.001841682563639147e+00 5.829950886908248642e-03 6.931170564450174425e+03
3.228460067412785975e+03 9.986121931382828665e-01 5.817664703643017285e-03 6.910018156512954192e+03
3.228469475839645384e+03 9.941568855597182619e-01 5.800026647948802912e-03 6.880292849818099057e+03
3.228478884266505247e+03 9.958598229653118361e-01 5.781677278505308916e-03 6.893103374230160625e+03
3.228488292693364656e+03 9.988211076688957579e-01 5.763240702627233508e-03 6.914548773942351545e+03
3.228497701120224519e+03 1.001320658803994235e+00 5.754426525468261770e-03 6.932723817040780887e+03
3.228507109547083928e+03 1.003718039437420995e+00 5.747961236214355583e-03 6.950117467834151284e+03
3.228516517973943792e+03 1.001146282156042622e+00 5.737238100373612606e-03 6.933025762858640519e+03
3.228525926400803201e+03 9.972063724306103882e-01 5.725382268284748798e-03 6.906379078830721483e+03
3.228535334827663064e+03 9.959565587128343944e-01 5.720748415635108254e-03 6.898285302558616422e+03
3.228544743254522473e+03 9.955683385574674027e-01 5.718449815902994053e-03 6.896084639737559883e+03
3.228554151681382336e+03 9.976981634443807812e-01 5.719677929904885133e-03 6.911254019777254143e+03
3.228563560108241745e+03 1.000742938615760247e+00 5.722216056784920103e-03 6.932691632187719733e+03
3.228572968535101609e+03 1.000399197140987129e+00 5.707676982505040068e-03 6.930585141045249657e+03
3.228582376961961018e+03 9.986823506622539703e-01 5.686222143708907079e-03 6.918895654841605392e+03
3.228591785388820881e+03 9.958477661489597565e-01 5.671230541135664251e-03 6.899392918936369824e+03
3.228601193815680745e+03 9.925082945234420251e-01 5.659218595674079220e-03 6.876324036430893102e+03
3.228610602242540153e+03 9.939557101573350817e-01 5.658702330849227184e-03 6.886353209933557991e+03
3.228620010669400017e+03 9.978462389065397842e-01 5.664068124882909970e-03 6.913243122584703087e+03
3.228629419096259426e+03 1.001715582830971840e+00 5.669737689690535799e-03 6.939920802980932422e+03
3.228638827523119289e+03 1.005578859924581181e+00 5.675586378958005426e-03 6.966491257392475745e+03
3.228648235949978698e+03 1.003004523454517516e+00 5.662802116792837320e-03 6.948399678666303771e+03
3.228657644376838562e+03 9.968161667708052009e-01 5.639567765900650037e-03 6.905212290845095595e+03
3.228667052803697970e+03 9.914687865418826407e-01 5.621326288138835982e-03 6.867793952799542240e+03
3.228676461230557834e+03 9.866482446375708371e-01 5.606212629806106747e-03 6.833969819064183866e+03
3.228685869657417243e+03 9.868675798774795282e-01 5.603387276406770340e-03 6.834998146644554254e+03
3.228695278084277106e+03 9.905631260144831529e-01 5.609045427042422260e-03 6.860043367927755753e+03
3.228704686511136515e+03 9.947088565917421299e-01 5.623083216108720403e-03 6.888145476082284404e+03
3.228714094937996379e+03 9.991992437568221197e-01 5.643509003688642819e-03 6.918573260717854282e+03
3.228723503364855787e+03 9.995516170263909483e-01 5.636329314735460602e-03 6.920290994623804181e+03
3.228732911791715651e+03 9.964328672426253641e-01 5.605991419263902514e-03 6.897925225741085342e+03
3.228742320218575060e+03 9.939639576091969797e-01 5.590704828738976041e-03 6.880009982249825953e+03
3.228751728645434923e+03 9.920372989255169527e-01 5.587960454191897956e-03 6.865800425699040716e+03
3.228761137072294332e+03 9.920672150201582662e-01 5.587294101611885166e-03 6.865083513148081693e+03
3.228770545499154196e+03 9.938931698252307934e-01 5.588537324592532732e-03 6.876744028780625740e+03
3.228779953926013604e+03 9.961838085347602956e-01 5.590375761867596646e-03 6.891567152780004108e+03
3.228789362352873468e+03 9.989439333850488323e-01 5.592814603167969335e-03 6.909585340649882710e+03
3.228798770779732877e+03 1.000376702515406890e+00 5.592250204121199976e-03 6.918371154638989537e+03
3.228808179206592740e+03 1.000330951358317844e+00 5.588337583974693767e-03 6.916884638912377341e+03
3.228817587633452149e+03 9.996454538585497485e-01 5.587568565293674072e-03 6.910930761593170246e+03
3.228826996060312013e+03 9.982522090847805174e-01 5.590268741863116744e-03 6.900042922693645778e+03
3.228836404487171876e+03 9.976944376511970303e-01 5.588795525665653935e-03 6.894889906734795659e+03
3.228845812914031285e+03 9.981524914175005092e-01 5.582232580300592641e-03 6.896715670909111395e+03
3.228855221340891148e+03 9.998417851906351572e-01 5.581835695854189643e-03 6.907005183917870454e+03
3.228864629767750557e+03 1.003182140601663885e+00 5.589707125829385288e-03 6.928653716865570459e+03
3.228874038194610421e+03 1.004935675285940189e+00 5.594980780776687493e-03 6.939296572871295211e+03
3.228883446621469830e+03 1.004332517597517738e+00 5.596384647562544640e-03 6.933626544116645164e+03
3.228892855048329693e+03 1.004293223608537566e+00 5.593043808786240904e-03 6.931813511661882330e+03
3.228902263475189102e+03 1.005081234750766939e+00 5.582705096212204308e-03 6.935673804528009896e+03
3.228911671902048965e+03 1.004784981367706997e+00 5.574355008496756705e-03 6.932016528659455616e+03
3.228921080328908374e+03 1.002719716275472184e+00 5.569227440420519877e-03 6.916124997860260919e+03
3.228930488755768238e+03 1.001051986040763619e+00 5.563550729437797063e-03 6.902948969918317744e+03
3.228939897182627647e+03 1.000099030498357910e+00 5.556862191129023285e-03 6.894674673070657263e+03
3.228949305609487510e+03 9.993686148956315574e-01 5.547720073876020661e-03 6.887906946712126228e+03
3.228958714036346919e+03 9.990336248697656574e-01 5.534164334961580445e-03 6.883836977166160978e+03
3.228968122463206782e+03 9.995959660773467981e-01 5.531104981040227582e-03 6.885921191775647458e+03
3.228977530890066191e+03 1.001942604572344075e+00 5.548948109678382423e-03 6.900264165234049869e+03
3.228986939316926055e+03 1.002839413100197641e+00 5.551829898784662459e-03 6.904589887706637455e+03
3.228996347743785464e+03 1.000503030764773316e+00 5.521374515986702050e-03 6.886632150626569455e+03
3.229005756170645327e+03 1.000215551387012347e+00 5.506803663363511910e-03 6.882757820245939911e+03
3.229015164597504736e+03 1.004446322749936948e+00 5.527279372143127471e-03 6.909943803187799858e+03
3.229024573024364599e+03 1.007454307959299022e+00 5.544689729923156854e-03 6.928681326489491767e+03
3.229033981451224008e+03 1.007427255203636740e+00 5.554468699512842521e-03 6.926518276234918631e+03
3.229043389878083872e+03 1.007216535455225159e+00 5.557851020828979104e-03 6.923072348749693447e+03
3.229052798304943281e+03 1.006550796724324792e+00 5.545509001212020617e-03 6.916481080076664512e+03
3.229062206731803144e+03 1.007060206285299131e+00 5.540073476667871366e-03 6.917946605183281463e+03
3.229071615158662553e+03 1.010816439294102365e+00 5.553730397567696424e-03 6.941689831832630261e+03
3.229081023585522416e+03 1.013340366852779173e+00 5.562448903765149742e-03 6.956940933419306020e+03
3.229090432012382280e+03 1.011981724201015842e+00 5.555602045692490353e-03 6.945518883525997808e+03
3.229099840439241689e+03 1.009514860373019962e+00 5.544651309735178744e-03 6.926484234752313569e+03
3.229109248866101552e+03 1.003597302621967113e+00 5.520916300879709880e-03 6.883777775005519288e+03
3.229118657292960961e+03 9.990563915171919440e-01 5.497934003134159059e-03 6.850523501748049057e+03
3.229128065719820825e+03 9.994252096369566907e-01 5.477644700117258701e-03 6.850932707658448635e+03
3.229137474146680233e+03 1.000093557036983105e+00 5.467704788524059729e-03 6.853382645913467968e+03
3.229146882573540097e+03 1.001813270540866441e+00 5.494258013690278206e-03 6.863022925907321223e+03
3.229156291000399506e+03 1.003580966718295331e+00 5.515949652081972646e-03 6.872976139470488306e+03
3.229165699427259369e+03 1.005537195276427154e+00 5.517738767937502981e-03 6.884205193787082862e+03
3.229175107854118778e+03 1.007126418419615588e+00 5.518021629551293598e-03 6.892907669680980689e+03
3.229184516280978642e+03 1.007229251139153403e+00 5.512211941229273708e-03 6.891428142661409765e+03
3.229193924707838050e+03 1.006551398310452150e+00 5.503884221280257692e-03 6.884604169001133414e+03
3.229203333134697914e+03 1.002181178368750425e+00 5.483656042724668368e-03 6.852532890593880438e+03
3.229212741561557323e+03 9.987994651306266736e-01 5.466403889815713187e-03 6.827235287108562261e+03
3.229222149988417186e+03 1.000039356611496233e+00 5.463078864413995796e-03 6.833531844481341068e+03
3.229231558415276595e+03 1.001223850804223492e+00 5.458523286004019794e-03 6.839444374629643789e+03
3.229240966842136459e+03 1.002096312467449568e+00 5.447130999487245252e-03 6.843221713411533528e+03
3.229250375268995867e+03 1.002432329355028129e+00 5.433968954756705078e-03 6.843334912672601604e+03
3.229259783695855731e+03 9.998250361938744168e-01 5.411139842823944023e-03 6.823362700075500470e+03
3.229269192122715140e+03 9.978043584845475156e-01 5.392153380842043889e-03 6.807407766788812296e+03
3.229278600549575003e+03 9.997175012018236773e-01 5.398952922364528770e-03 6.818295961272297063e+03
3.229288008976434412e+03 1.001310118310915209e+00 5.403418729075020084e-03 6.826996378269800516e+03
3.229297417403294276e+03 1.000792396176849230e+00 5.392535737168856723e-03 6.821312922021919803e+03
3.229306825830153684e+03 1.000642553349368358e+00 5.383748214864213059e-03 6.818146220018903477e+03
3.229316234257013548e+03 1.003545701275462720e+00 5.392384616128837252e-03 6.835784906920006506e+03
3.229325642683873411e+03 1.006078169572960590e+00 5.401510286075452381e-03 6.850897014609002326e+03
3.229335051110732820e+03 1.005600145687165492e+00 5.414622494790552291e-03 6.845515757576469696e+03
3.229344459537592684e+03 1.004916918849134921e+00 5.424382050386185837e-03 6.838752037219172053e+03
3.229353867964452093e+03 1.002613703406247669e+00 5.407450775528843678e-03 6.820983065620952402e+03
3.229363276391311956e+03 1.000470808834287739e+00 5.392636805636417084e-03 6.804328025964501649e+03
3.229372684818171365e+03 1.000033138319580184e+00 5.400114889604623603e-03 6.799290736793382166e+03
3.229382093245031228e+03 9.993431176407894245e-01 5.406608799146801932e-03 6.792555975952914196e+03
3.229391501671890637e+03 9.961036900323455567e-01 5.403141016639858088e-03 6.768517781693400138e+03
3.229400910098750501e+03 9.934077910000068679e-01 5.400671912864283414e-03 6.748202757152635058e+03
3.229410318525609910e+03 9.985642034068319406e-01 5.412736502074301861e-03 6.781242373473251064e+03
3.229419726952469773e+03 1.003154719266111439e+00 5.423294692710342590e-03 6.810439651369925741e+03
3.229429135379329182e+03 9.998704827900782854e-01 5.413007457601373522e-03 6.786193494809258482e+03
3.229438543806189045e+03 9.968447195190143217e-01 5.403089861782616431e-03 6.763735868437180216e+03
3.229447952233048454e+03 9.973761063969996954e-01 5.398460507917891664e-03 6.765441800134959522e+03
3.229457360659908318e+03 9.980585836122914944e-01 5.394382657153655794e-03 6.768194296438136007e+03
3.229466769086767727e+03 1.002028409648590079e+00 5.402505108384216687e-03 6.793255840792029630e+03
3.229476177513627590e+03 1.005789494180547194e+00 5.410478926579580239e-03 6.816914088659015761e+03
3.229485585940486999e+03 1.005316519972693223e+00 5.415731678258514474e-03 6.811896463303431119e+03
3.229494994367346862e+03 1.004609400886330883e+00 5.419253812604908453e-03 6.805322640051722374e+03
3.229504402794206271e+03 9.993892070171669362e-01 5.389177400347836683e-03 6.768216396103826810e+03
3.229513811221066135e+03 9.944354620582417370e-01 5.360262985161456072e-03 6.732962328004095980e+03
3.229523219647925544e+03 1.000419782142425218e+00 5.379374497036373132e-03 6.771795293838451471e+03
3.229532628074785407e+03 1.006149524743582324e+00 5.397286020751530106e-03 6.808917629487813429e+03
3.229542036501644816e+03 1.002491990800442601e+00 5.371225096328843644e-03 6.782543221898745287e+03
3.229551444928504679e+03 9.991025044314041370e-01 5.346464014726610113e-03 6.758027857974841936e+03
3.229560853355364088e+03 1.005222333419726777e+00 5.368035582505518814e-03 6.797865450053959648e+03
3.229570261782223952e+03 1.010881021781067091e+00 5.387730944330084912e-03 6.834602861562187172e+03
3.229579670209083815e+03 1.001666833551245750e+00 5.347176323926635874e-03 6.770826835526672767e+03
3.229589078635943224e+03 9.925178359547803808e-01 5.306880983270347886e-03 6.707556472272081010e+03
3.229598487062803088e+03 9.961566175841275461e-01 5.319041924820730460e-03 6.730754444374010745e+03
3.229607895489662496e+03 9.997863897381774612e-01 5.331100655612186143e-03 6.753921569206825552e+03
3.229617303916522360e+03 1.002819620520438271e+00 5.333342943790697968e-03 6.773091116602663533e+03
3.229626712343381769e+03 1.005789715150268826e+00 5.335497289313151370e-03 6.791868798411502212e+03
3.229636120770241632e+03 1.002703490046806589e+00 5.331835731298179178e-03 6.769793030717196416e+03
3.229645529197101041e+03 9.996912606315622174e-01 5.328110062845500990e-03 6.748268589677736600e+03
3.229654937623960905e+03 1.003790361006746013e+00 5.321919647152078929e-03 6.774792266628188372e+03
3.229664346050820313e+03 1.007744169498196563e+00 5.315506737694807374e-03 6.800372760165490945e+03
3.229673754477680177e+03 1.001231850502105170e+00 5.295287451488773535e-03 6.755376765864677509e+03
3.229683162904539586e+03 9.947103870603819509e-01 5.275024123138187700e-03 6.710380771566039584e+03
3.229692571331399449e+03 9.999723370090990437e-01 5.292380660603893811e-03 6.744927000361443788e+03
3.229701979758258858e+03 1.005358474112139078e+00 5.310118337729152760e-03 6.780351329682777759e+03
3.229711388185118722e+03 1.005146824402305183e+00 5.303366428434502615e-03 6.778069910201190396e+03
3.229720796611978130e+03 1.004876106395734769e+00 5.296347726804572116e-03 6.775443160448788149e+03
3.229730205038837994e+03 1.000742648721866690e+00 5.270254388304876358e-03 6.746828519662108192e+03
3.229739613465697403e+03 9.965721611627692544e-01 5.243974364481295176e-03 6.718024565572044594e+03
3.229749021892557266e+03 1.002875585558141713e+00 5.265610719832432805e-03 6.759880677588505932e+03
3.229758430319416675e+03 1.009228555408746342e+00 5.287466813550086020e-03 6.802119607184255983e+03
3.229767838746276539e+03 1.006247427375053682e+00 5.264419641291297192e-03 6.781503248841205277e+03
3.229777247173135947e+03 1.003223963404607177e+00 5.241163882636988743e-03 6.760663269862144261e+03
3.229786655599995811e+03 1.003538180582620898e+00 5.234640658552306043e-03 6.762376571095396685e+03
3.229796064026855220e+03 1.003848872879509857e+00 5.228096560490782044e-03 6.764126505054518930e+03
3.229805472453715083e+03 1.002255955563982504e+00 5.208576428375849901e-03 6.753111543919503674e+03
3.229814880880574947e+03 1.000653634275741943e+00 5.189006591834829756e-03 6.742096582784487509e+03
3.229824289307434356e+03 1.006101895821131631e+00 5.222177554297362072e-03 6.778649262799327516e+03
3.229833697734294219e+03 1.011714083076639792e+00 5.256595977046647772e-03 6.816369882864692954e+03
3.229843106161153628e+03 1.006729193294350067e+00 5.222293827979715419e-03 6.782759097926695176e+03
3.229852514588013491e+03 1.001494880617487926e+00 5.186386810662167030e-03 6.747534667515134061e+03
3.229861923014872900e+03 1.003617878764452964e+00 5.192134647290624905e-03 6.761947437087203070e+03
3.229871331441732764e+03 1.005883065764684670e+00 5.198692657980765776e-03 6.777387579592085785e+03
3.229880739868592173e+03 1.005952876295002296e+00 5.185084046380663593e-03 6.778106149412614286e+03
3.229890148295452036e+03 1.005971124083275381e+00 5.171044609654945091e-03 6.778548237804459859e+03
3.229899556722311445e+03 1.004257632120708177e+00 5.168168544394054903e-03 6.767392603993065677e+03
3.229908965149171308e+03 1.002504514710676364e+00 5.165426447778218889e-03 6.756041305653794552e+03
3.229918373576030717e+03 1.003234064691348904e+00 5.169614333966301989e-03 6.761494408792220383e+03
3.229927782002890581e+03 1.003989713239193726e+00 5.173848893282347386e-03 6.767199045862487765e+03
3.229937190429749990e+03 1.006040882984387874e+00 5.175411226528758846e-03 6.781713616364082554e+03
3.229946598856609853e+03 1.008097270292195979e+00 5.176880286584820134e-03 6.796343357666964948e+03
3.229956007283469262e+03 1.002592229127933443e+00 5.170247362715889652e-03 6.760070962697203868e+03
3.229965415710329125e+03 9.969925148821708882e-01 5.163465981273612608e-03 6.723229257913932997e+03
3.229974824137188534e+03 9.992413825316275311e-01 5.159263700481709833e-03 6.739391006637928513e+03
3.229984232564048398e+03 1.001550716231588645e+00 5.155025600253521079e-03 6.756045846029409404e+03
3.229993640990907807e+03 1.005289975244094025e+00 5.176879640064431694e-03 6.782434936287698292e+03
3.230003049417767670e+03 1.009026310118066538e+00 5.198856757678826761e-03 6.808896338125258808e+03
3.230012457844627079e+03 1.003255390948003756e+00 5.174816504413598181e-03 6.771284295778520573e+03
3.230021866271486942e+03 9.974214487099639648e-01 5.150465659167257140e-03 6.733315934547620600e+03
3.230031274698346351e+03 1.002389757888636490e+00 5.164974729395001990e-03 6.768355221219409032e+03
3.230040683125206215e+03 1.007382941609680893e+00 5.179554879055245538e-03 6.803664675678416643e+03
3.230050091552065624e+03 1.002020533618497078e+00 5.146784816680601352e-03 6.769121786422805599e+03
3.230059499978925487e+03 9.966286041847054467e-01 5.113876546449381243e-03 6.734449890136718750e+03
3.241820228418271654e+03 1.000425579875323656e+00 3.422938304227266578e-03 6.970447993232996851e+03
3.241828589635846129e+03 1.001169795784883298e+00 3.422626407312140840e-03 6.974472262782939652e+03
3.241836950853420149e+03 1.000727159507789343e+00 3.425711735114807689e-03 6.970242367128236765e+03
3.241845312070994169e+03 1.000255477141868354e+00 3.428645113638504119e-03 6.965826049340831560e+03
3.241853673288568643e+03 9.996224307465231274e-01 3.430706724809468467e-03 6.960302733858598003e+03
3.241862034506142663e+03 9.987681116540546578e-01 3.430903811158266328e-03 6.953256524032755806e+03
3.241870395723717138e+03 9.964380339449582236e-01 3.418586048700542664e-03 6.935956610686916065e+03
3.241878756941291158e+03 9.947013909465329817e-01 3.408866399413653173e-03 6.922809265706798215e+03
3.241887118158865633e+03 9.975766896386725202e-01 3.419326776869298801e-03 6.941776507232098993e+03
3.241895479376439653e+03 9.998119048639845241e-01 3.427334131904651460e-03 6.956303132178300075e+03
3.241903840594013673e+03 9.977305353875650651e-01 3.418793537687878862e-03 6.940815946868734500e+03
3.241912201811588147e+03 9.960213690295993683e-01 3.410969410799236448e-03 6.927941952896473595e+03
3.241920563029162167e+03 9.972270571349213242e-01 3.408794313733088267e-03 6.935363854825611270e+03
3.241928924246736642e+03 9.983396362822374304e-01 3.406970481370290901e-03 6.942157455444391417e+03
3.241937285464310662e+03 9.986292165168503265e-01 3.408424732583944638e-03 6.943248994025648244e+03
3.241945646681885137e+03 9.987585647735796046e-01 3.409454336052937778e-03 6.943248911938007041e+03
3.241954007899459157e+03 9.971816843229573957e-01 3.405984882161968395e-03 6.931412091256615895e+03
3.241962369117033177e+03 9.957608474170133173e-01 3.402753500350884971e-03 6.920686643991275560e+03
3.241970730334607651e+03 9.964732909836416797e-01 3.402861019951656293e-03 6.924813186929888616e+03
3.241979091552181671e+03 9.967838814084990506e-01 3.402391178546320359e-03 6.926171717715651539e+03
3.241987452769756146e+03 9.902196137661264386e-01 3.392164873519184966e-03 6.879791120276304355e+03
3.241995813987330166e+03 9.839411507510197330e-01 3.382351756754412627e-03 6.835432617048178145e+03
3.242004175204904641e+03 9.846460724617822624e-01 3.382812492997277782e-03 6.839618922282112180e+03
3.242012536422478661e+03 9.852705675563990795e-01 3.383394504771695867e-03 6.843273382504106849e+03
3.242020897640052681e+03 9.845592373889137106e-01 3.386309153517778024e-03 6.837678241920646542e+03
3.242029258857627156e+03 9.837807281261573555e-01 3.388718702039806262e-03 6.831646590624080090e+03
3.242037620075201175e+03 9.814714504781738569e-01 3.379185462994010580e-03 6.815016459226911138e+03
3.242045981292775650e+03 9.792020535803703796e-01 3.369781763038748584e-03 6.798696241684740016e+03
3.242054342510349670e+03 9.786874799829050620e-01 3.366123943363764220e-03 6.794592395902585849e+03
3.242062703727924145e+03 9.781544892304953054e-01 3.362383128411174094e-03 6.790392755216559635e+03
3.242071064945498165e+03 9.762401725636038474e-01 3.351959279337790587e-03 6.776637225851072799e+03
3.242079426163072185e+03 9.743208847364654979e-01 3.341517850241949340e-03 6.762881696485586872e+03
3.242087787380646660e+03 9.768429458888095995e-01 3.365250670532338173e-03 6.779987265386913350e+03
3.242096148598220680e+03 9.794019381070908636e-01 3.389000422489945024e-03 6.797381235034666133e+03
3.242104509815795154e+03 9.840116837179690990e-01 3.398451794789103704e-03 6.829040413014650767e+03
3.242112871033369174e+03 9.886167219415696872e-01 3.407886310219601037e-03 6.860699590992913727e+03
3.242121232250943649e+03 9.899378060785863909e-01 3.415602360494881563e-03 6.869603834804826874e+03
3.242129593468517669e+03 9.912360824517761904e-01 3.423291378487971180e-03 6.878386324087920002e+03
3.242137954686091689e+03 9.895496386040598669e-01 3.412727069405084926e-03 6.866495142516655505e+03
3.242146315903666164e+03 9.877963341366282624e-01 3.401768344389330748e-03 6.854179076340884421e+03
3.242154677121240184e+03 9.891839626927474427e-01 3.401832276768221655e-03 6.863696676623991152e+03
3.242163038338814658e+03 9.906798668911293015e-01 3.402276456042121252e-03 6.874005092371238788e+03
3.242171399556388678e+03 9.863639615323478438e-01 3.395877759841725834e-03 6.844027783349177298e+03
3.242179760773963153e+03 9.819202014340792095e-01 3.389315418051771969e-03 6.813204409024165216e+03
3.242188121991537173e+03 9.828927662035910062e-01 3.387583307571333854e-03 6.820004499657717133e+03
3.242196483209111193e+03 9.840581401042676202e-01 3.386008237837506013e-03 6.828184753184755209e+03
3.242204844426685668e+03 9.886925992202357794e-01 3.388588529001103876e-03 6.860479920423330441e+03
3.242213205644259688e+03 9.935042232973122500e-01 3.391367849800507039e-03 6.894049675708985887e+03
3.242221566861834162e+03 9.945198393691738747e-01 3.402603408271205609e-03 6.901324172207976517e+03
3.242229928079408182e+03 9.953880953596020431e-01 3.414130752559895940e-03 6.907621864373980316e+03
3.242238289296982657e+03 9.960281722433103058e-01 3.406828575551890635e-03 6.912382535351685874e+03
3.242246650514556677e+03 9.966496443440293618e-01 3.398501179097553147e-03 6.917061231865779519e+03
3.242255011732130697e+03 9.986995997213207188e-01 3.405600044425204781e-03 6.931702531876624562e+03
3.242263372949705172e+03 1.000842873069273331e+00 3.413756178936055638e-03 6.947041536150399224e+03
3.242271734167279192e+03 9.996304858040089281e-01 3.407503853275941751e-03 6.939137570562451401e+03
3.242280095384853666e+03 9.982310227867532415e-01 3.400454365980327444e-03 6.929982846401715506e+03
3.242288456602427686e+03 9.984095413748608205e-01 3.401344441132236364e-03 6.931830126205385568e+03
3.242296817820002161e+03 9.986931502833353846e-01 3.402773251369223609e-03 6.934453340381342059e+03
3.242305179037576181e+03 1.002855883256142944e+00 3.411416131888397353e-03 6.964058564586984176e+03
3.242313540255150201e+03 1.007352686247944273e+00 3.420671571700896387e-03 6.996032261273164295e+03
3.242321901472724676e+03 1.005882382147746945e+00 3.417200321640365829e-03 6.986607402569895385e+03
3.242330262690298696e+03 1.003983597690557783e+00 3.412808768971941492e-03 6.974242359915524503e+03
3.383543216254017807e+03 9.975336599460820075e-01 2.438787420130998120e-03 5.502532731924623477e+03
3.383551847586753411e+03 9.978598333443743362e-01 2.441146729998824785e-03 5.504093855853072455e+03
3.383560478919489469e+03 9.993208435324936190e-01 2.441930306710251089e-03 5.511914957752926057e+03
3.383569110252225528e+03 1.000717169369197190e+00 2.443563254962009997e-03 5.519379363677438960e+03
3.383577741584961132e+03 1.001829886543018855e+00 2.448921705751545917e-03 5.525279714180970586e+03
3.383586372917697190e+03 1.002739710553087304e+00 2.453020846040558124e-03 5.530061354973086054e+03
3.383595004250433249e+03 1.002708633558612394e+00 2.451278626180324483e-03 5.529654526993360378e+03
3.383603635583168852e+03 1.002494071287597377e+00 2.449714183215555546e-03 5.528236649210859468e+03
3.383612266915904911e+03 1.001378006914234398e+00 2.449025634091879337e-03 5.521848525792128385e+03
3.383620898248640515e+03 1.000600513011232096e+00 2.448026020821152376e-03 5.517328566763349045e+03
3.383629529581376573e+03 1.002042783987039387e+00 2.444990365005462671e-03 5.525049036746879210e+03
3.383638160914112632e+03 1.002772687119117823e+00 2.440735921244365381e-03 5.528841921904865558e+03
3.383646792246848236e+03 9.984734832212028843e-01 2.427880605338543930e-03 5.504908134456613880e+03
3.383655423579584294e+03 9.950538789316045740e-01 2.417640805162627957e-03 5.485826398396375225e+03
3.383664054912320353e+03 9.983579806873332796e-01 2.427393690194349501e-03 5.503813876681751935e+03
3.383672686245055957e+03 1.001097885941096388e+00 2.435232314164699312e-03 5.518690393651074373e+03
3.383681317577792015e+03 9.991478382382439349e-01 2.427158322981110179e-03 5.507713476374857237e+03
3.383689948910528074e+03 9.973824352554374606e-01 2.419766827087123460e-03 5.497755998879169056e+03
3.383698580243263677e+03 9.972986519157388541e-01 2.418590202682639745e-03 5.497069095827268029e+03
3.383707211575999736e+03 9.972471928525182827e-01 2.417466153774113728e-03 5.496561151317009717e+03
3.383715842908735340e+03 9.975209763595469514e-01 2.416872871066397428e-03 5.497846565445356646e+03
3.383724474241471398e+03 9.975785441750935068e-01 2.415817927045511328e-03 5.497940988600658784e+03
3.383733105574207457e+03 9.952293910813744260e-01 2.409625550821025818e-03 5.484772552074003215e+03
3.383741736906943061e+03 9.928254025245061287e-01 2.403259602120808112e-03 5.471303726651614852e+03
3.383750368239679119e+03 9.897395969430737850e-01 2.394733146711479355e-03 5.454079485798190035e+03
3.383758999572415178e+03 9.866712098481884574e-01 2.386543647067723272e-03 5.436953342353098378e+03
3.383767630905150781e+03 9.838554950717035563e-01 2.383157296273035082e-03 5.421221568930849571e+03
3.383776262237886840e+03 9.809893570289679454e-01 2.379450478735199020e-03 5.405213947535376974e+03
3.383784893570622899e+03 9.773005904561697932e-01 2.370489370900973058e-03 5.384675851585140663e+03
3.383793524903358502e+03 9.736396659830760525e-01 2.361717141418624363e-03 5.364293501311059117e+03
3.383802156236094561e+03 9.713110790618123547e-01 2.361897670842330859e-03 5.351253739917273379e+03
3.383810787568830619e+03 9.689947022192979542e-01 2.362053954949095303e-03 5.338282990025149957e+03
3.383819418901566223e+03 9.676729001531998442e-01 2.360309099426672295e-03 5.330792966750508640e+03
3.383828050234302282e+03 9.663431386828643666e-01 2.358560080053605668e-03 5.323260400731835944e+03
3.383836681567037886e+03 9.631369234923354838e-01 2.355911174234370450e-03 5.305392784215004212e+03
3.383845312899773944e+03 9.599303272762829131e-01 2.353261738344027566e-03 5.287525167697232064e+03
3.383853944232510003e+03 9.628070328992403004e-01 2.356068214321699501e-03 5.303166630411992628e+03
3.383862575565245606e+03 9.657097086162352850e-01 2.358897794259527496e-03 5.318950645816205906e+03
3.383871206897981665e+03 9.668385823101290910e-01 2.360674612138272468e-03 5.324964770604881778e+03
3.383879838230717723e+03 9.679448230206697534e-01 2.362437837125374879e-03 5.330854507081917291e+03
3.383888469563453327e+03 9.712059774954275859e-01 2.372312825304398291e-03 5.348612027117329490e+03
3.383897100896189386e+03 9.745132633722397575e-01 2.382361461770585252e-03 5.366622969468253359e+03
3.383905732228925444e+03 9.770759627879282982e-01 2.382924468406573317e-03 5.380533011121121490e+03
3.383914363561661048e+03 9.796380070248029703e-01 2.383478105609866844e-03 5.394439126319363822e+03
3.383922994894397107e+03 9.793612947129487489e-01 2.387577785489679479e-03 5.392713719650593703e+03
3.383931626227132710e+03 9.790577994544393814e-01 2.391710705254454679e-03 5.390841700086569290e+03
3.383940257559868769e+03 9.783341039577674314e-01 2.387320654084358357e-03 5.386656948171928889e+03
3.383948888892604828e+03 9.776026822178337516e-01 2.382777005870169353e-03 5.382430696400025226e+03
3.383957520225340431e+03 9.764498348868826394e-01 2.384963853553898928e-03 5.375885308802463442e+03
3.383966151558076490e+03 9.752855392821175862e-01 2.387329961512567149e-03 5.369278103611023653e+03
3.383974782890812548e+03 9.778485974736929043e-01 2.387224431035835787e-03 5.383191707362906527e+03
3.383983414223548152e+03 9.805441055918788784e-01 2.387030779954535040e-03 5.397834152636934050e+03
3.383992045556284211e+03 9.828179732976033423e-01 2.392878744411277604e-03 5.410155243838074057e+03
3.384000676889020269e+03 9.850730896903411304e-01 2.398995880142970345e-03 5.422372957581085757e+03
3.384009308221755873e+03 9.888113136608557285e-01 2.408738735584148825e-03 5.442754052760885315e+03
3.384017939554491932e+03 9.926293256858641501e-01 2.418676689311013896e-03 5.463573584410523836e+03
3.384026570887227535e+03 9.924807665927565248e-01 2.419066174537467476e-03 5.462560571457080187e+03
3.384035202219963594e+03 9.920819708773446211e-01 2.418853327501073024e-03 5.460171131374611832e+03
3.384043833552699653e+03 9.940530800590510196e-01 2.423750473300682190e-03 5.470825502603310269e+03
3.384052464885435256e+03 9.961961432430475050e-01 2.429018393177100055e-03 5.482426185805245041e+03
3.384061096218171315e+03 9.992272306322678155e-01 2.433088143136647417e-03 5.498913739013493796e+03
3.384069727550907373e+03 1.002331411563811780e+00 2.437059318099587136e-03 5.515803111169489057e+03
3.384078358883642977e+03 1.001681813740808114e+00 2.440534147517657224e-03 5.512035826201924465e+03
3.384086990216379036e+03 1.000809227516828326e+00 2.443979425772276580e-03 5.507042538133730886e+03
3.384095621549115094e+03 1.000263182358894110e+00 2.443056367374416785e-03 5.503847103443016749e+03
3.384104252881850698e+03 9.997394382231219456e-01 2.441832409428337704e-03 5.500775341739246869e+03
3.384112884214586757e+03 1.001083703770589084e+00 2.446372621721516327e-03 5.507982364726898595e+03
3.384121515547322360e+03 1.002574387762398489e+00 2.451364748162575442e-03 5.515995210504945135e+03
3.384130146880058419e+03 1.004273117115291880e+00 2.453830715941117749e-03 5.525152849035223880e+03
3.384138778212794477e+03 1.005990172361388435e+00 2.456073752104452092e-03 5.534411433602991565e+03
3.384147409545530081e+03 1.002136938364939445e+00 2.449925783697802333e-03 5.513026473719605747e+03
3.384156040878266140e+03 9.977366253985756606e-01 2.442953565227740792e-03 5.488634179191062685e+03
3.384164672211002198e+03 9.992523803798848414e-01 2.446578224556320621e-03 5.496787972731547598e+03
3.384173303543737802e+03 1.001209462043733733e+00 2.450993361896776704e-03 5.507369580184155893e+03
3.384181934876473861e+03 9.994340205334986127e-01 2.450184383779594258e-03 5.497420361384611169e+03
3.384190566209209919e+03 9.973436286712601406e-01 2.448934563623771186e-03 5.485740213537530508e+03
