9.999999814887581273e-01
9.999999812739798211e-01
9.999999809911639392e-01
9.999999806585575524e-01
9.999999802947605598e-01
9.999999799117160748e-01
9.999999795146530257e-01
9.999999791050087072e-01
9.999999786827689086e-01
9.999999782475070820e-01
9.999999777986925409e-01
9.999999773357549637e-01
9.999999768580917214e-01
9.999999763650674334e-01
9.999999758560118579e-01
9.999999753302175609e-01
9.999999747869373623e-01
9.999999742253815604e-01
9.999999736447150456e-01
9.999999730440541912e-01
9.999999724224634123e-01
9.999999717789511688e-01
9.999999711124656354e-01
9.999999704218915930e-01
9.999999697060437676e-01
9.999999689636631661e-01
9.999999681934104157e-01
9.999999673938599898e-01
9.999999665634923263e-01
9.999999657006886089e-01
9.999999648037198874e-01
9.999999638707404159e-01
9.999999628997761070e-01
9.999999618887143171e-01
9.999999608352925229e-01
9.999999597370835547e-01
9.999999585914828293e-01
9.999999573956910304e-01
9.999999561466961229e-01
9.999999548412548123e-01
9.999999534758686748e-01
9.999999520467610648e-01
9.999999505498489150e-01
9.999999489807116504e-01
9.999999473345582146e-01
9.999999456061865466e-01
9.999999437899417254e-01
9.999999418796656769e-01
9.999999398686425511e-01
9.999999377495355501e-01
9.999999355143152080e-01
9.999999331541786773e-01
9.999999306594563597e-01
9.999999280195049911e-01
9.999999252225860724e-01
9.999999222557242051e-01
9.999999191045436664e-01
9.999999157530787830e-01
9.999999121835529969e-01
9.999999083761195173e-01
9.999999043085572303e-01
9.999998999559113200e-01
9.999998952900663873e-01
9.999998902792370803e-01
9.999998848873563606e-01
9.999998790733357623e-01
9.999998727901602269e-01
9.999998659837654458e-01
9.999998585916045624e-01
9.999998505407217131e-01
9.999998417449198485e-01
9.999998321000194146e-01
9.999998214746925740e-01
9.999998096906399514e-01
9.999997964769740122e-01
9.999997813633292321e-01
9.999997634316488693e-01
9.999997407535874405e-01
9.999997091559762463e-01
9.999996596104089308e-01
9.999995729305322101e-01
9.999994094481940987e-01
9.999990897923859423e-01
9.999984607501015699e-01
9.999972375901040600e-01
9.999949117292492584e-01
9.999906113952734543e-01
9.999829049389614699e-01
9.999695442715055282e-01
9.999471621960427381e-01
9.999109636176475302e-01
9.998544852067895450e-01
9.997695346356607615e-01
9.996464467293244560e-01
9.994747928214540167e-01
9.992446339747640405e-01
9.989483082738160880e-01
9.985825925738844866e-01
9.981509072340393196e-01
9.976650870104784019e-01
9.971461815462048239e-01
9.966238246793888145e-01
9.961339407196002638e-01
9.957149062917296511e-01
9.954026758902522198e-01
9.952256922837121600e-01
9.952005232004264013e-01
9.953290153593781220e-01
9.955973355384702961e-01
9.959766964386613797e-01
9.964251241851391772e-01
9.968897297456233986e-01
9.973099101710236614e-01
9.976234176193136127e-01
9.977779071239094577e-01
9.977484202540056746e-01
9.975556850633854333e-01
9.972741795659446629e-01
9.970187594260424557e-01
9.969083356619656833e-01
9.970205263157656539e-01
9.973607701831868066e-01
9.978634652027164043e-01
9.984238452885710879e-01
9.989414921255698188e-01
9.993525528547566594e-01
9.996385941785488338e-01
9.998153048346354321e-01
9.999132850285525898e-01
9.999624664199308066e-01
9.999849028682288310e-01
9.999941942993049171e-01
9.999976875703718848e-01
9.999989001572631153e-01
9.999993130592341739e-01
9.999994707570873942e-01
9.999995495728843942e-01
9.999996015156079610e-01
9.999996415964738095e-01
9.999996746474879572e-01
9.999997026917466503e-01
9.999997268627908165e-01
9.999997479234457032e-01
9.999997664331591318e-01
9.999997828196596217e-01
9.999997974181926708e-01
9.999998104962484202e-01
9.999998222703071482e-01
9.999998329176678080e-01
9.999998425850424866e-01
9.999998513949404089e-01
9.999998594504919680e-01
9.999998668391496537e-01
9.999998736355644180e-01
9.999998799038440911e-01
9.999998856993491669e-01
9.999998910701303201e-01
9.999998960580911422e-01
9.999999006999341633e-01
9.999999050279384516e-01
9.999999090706004345e-01
9.999999128531672499e-01
9.999999163980819450e-01
9.999999197253577332e-01
9.999999228528950734e-01
9.999999257967475685e-01
9.999999285713530028e-01
9.999999311897271870e-01
9.999999336636324898e-01
9.999999360037230556e-01
9.999999382196691489e-01
9.999999403202673998e-01
9.999999423135343957e-01
9.999999442067900590e-01
9.999999460067303669e-01
9.999999477194910780e-01
9.999999493507036874e-01
9.999999509055449431e-01
9.999999523887814767e-01
9.999999538048083281e-01
9.999999551576833623e-01
9.999999564511592443e-01
9.999999576887094177e-01
9.999999588735544176e-01
9.999999600086828533e-01
9.999999610968692831e-01
9.999999621406681083e-01
9.999999631422824553e-01
9.999999641028736175e-01
9.999999650202114898e-01
9.999999658833849114e-01
9.999999666662258146e-01
9.999999673275750123e-01
9.999999678273671089e-01
9.999999520506255291e-01
9.999999515345114887e-01
9.999999508621021382e-01
9.999999500704699340e-01
9.999999492002316082e-01
9.999999482804138307e-01
9.999999473258180949e-01
9.999999463417280632e-01
9.999999453290361329e-01
9.999999442871206901e-01
9.999999432149333511e-01
9.999999421112963915e-01
9.999999409749611434e-01
9.999999398046149901e-01
9.999999385988773692e-01
9.999999373562973304e-01
9.999999360753473177e-01
9.999999347544203943e-01
9.999999333918230260e-01
9.999999319857708624e-01
9.999999305343819644e-01
9.999999290356711423e-01
9.999999274875418509e-01
9.999999258877796393e-01
9.999999242340436023e-01
9.999999225238570544e-01
9.999999207545990920e-01
9.999999189234931585e-01
9.999999170275962745e-01
9.999999150637863821e-01
9.999999130287500204e-01
9.999999109189663393e-01
9.999999087306927770e-01
9.999999064599468523e-01
9.999999041024876245e-01
9.999999016537952645e-01
9.999998991090482958e-01
9.999998964630987253e-01
9.999998937104452867e-01
9.999998908452031321e-01
9.999998878610711905e-01
9.999998847512958644e-01
9.999998815086309500e-01
9.999998781252931179e-01
9.999998745929131738e-01
9.999998709024813248e-01
9.999998670442865611e-01
9.999998630078492656e-01
9.999998587818459406e-01
9.999998543540254969e-01
9.999998497111137752e-01
9.999998448387089622e-01
9.999998397211620205e-01
9.999998343414426838e-01
9.999998286809872461e-01
9.999998227195272538e-01
9.999998164348942176e-01
9.999998098027973459e-01
9.999998027965688596e-01
9.999997953868742240e-01
9.999997875413766391e-01
9.999997792243526806e-01
9.999997703962451023e-01
9.999997610131450276e-01
9.999997510261888767e-01
9.999997403808495999e-01
9.999997290161053431e-01
9.999997168634555678e-01
9.999997038457517640e-01
9.999996898757967934e-01
9.999996748546520209e-01
9.999996586695594214e-01
9.999996411913252281e-01
9.999996222708691374e-01
9.999996017343095733e-01
9.999995793751441653e-01
9.999995549401581307e-01
9.999995281011735404e-01
9.999994983945501570e-01
9.999994650879924230e-01
9.999994268871690295e-01
9.999993812994647513e-01
9.999993232877594229e-01
9.999992425057739887e-01
9.999991178051348406e-01
9.999989067005430332e-01
9.999985259027793782e-01
9.999978167222390857e-01
9.999964860540053735e-01
9.999940099827149265e-01
9.999894834704909918e-01
9.999813975087759044e-01
9.999673268015629723e-01
9.999435195879989857e-01
9.999043999782429859e-01
9.998420246827441904e-01
9.997455801413155374e-01
9.996010579420826492e-01
9.993912947577316963e-01
9.990965898961950975e-01
9.986960969641340835e-01
9.981701059250276398e-01
9.975031784745697072e-01
9.966878835751740162e-01
9.957286375434228898e-01
9.946449448953462724e-01
9.934732350796575684e-01
9.922665599276914161e-01
9.910916864847345575e-01
9.900235653294311433e-01
9.891376920741938861e-01
9.885013810983039884e-01
9.881652926285979799e-01
9.881565769869138371e-01
9.884746633343219901e-01
9.890900624792553497e-01
9.899457556750217435e-01
9.909601713513060961e-01
9.920309252261829691e-01
9.930398123438856084e-01
9.938616970836765541e-01
9.943814011648695050e-01
9.945209270853823114e-01
9.942727807816327257e-01
9.937258737092624639e-01
9.930651795845384378e-01
9.925324671613431349e-01
9.923539411947772670e-01
9.926614609525683530e-01
9.934416593799140216e-01
9.945353042913749331e-01
9.956900035493497780e-01
9.966582421276217740e-01
9.973154630296218182e-01
9.977276915147470504e-01
9.980845002537572785e-01
9.985253049711364515e-01
9.990280328972391821e-01
9.994702104666872700e-01
9.997645772461785096e-01
9.999146392398865490e-01
9.999740758800814699e-01
9.999926803440133405e-01
9.999974325425234900e-01
9.999985229550826249e-01
9.999988220969067143e-01
9.999989631330590267e-01
9.999990638273945631e-01
9.999991463112828383e-01
9.999992165948519141e-01
9.999992775004260537e-01
9.999993308486155863e-01
9.999993779653844062e-01
9.999994198666368739e-01
9.999994573523491859e-01
9.999994910642142631e-01
9.999995215243304703e-01
9.999995491625011113e-01
9.999995743361199674e-01
9.999995973449962161e-01
9.999996184426103163e-01
9.999996378447870704e-01
9.999996557364676519e-01
9.999996722770546631e-01
9.999996876046759464e-01
9.999997018396142856e-01
9.999997150870927332e-01
9.999997274395491242e-01
9.999997389785115764e-01
9.999997497761502485e-01
9.999997598965728596e-01
9.999997693969098211e-01
9.999997783282292829e-01
9.999997867363115134e-01
9.999997946623084832e-01
9.999998021433063045e-01
9.999998092128095095e-01
9.999998159011560528e-01
9.999998222358785771e-01
9.999998282420141660e-01
9.999998339423787908e-01
9.999998393578021227e-01
9.999998445073360331e-01
9.999998494084365586e-01
9.999998540771251054e-01
9.999998585281292263e-01
9.999998627750085189e-01
9.999998668302654270e-01
9.999998707054446045e-01
9.999998744112206239e-01
9.999998779574768015e-01
9.999998813533754749e-01
9.999998846074211745e-01
9.999998877275166898e-01
9.999998907210154719e-01
9.999998935947659318e-01
9.999998963551538500e-01
9.999998990081393480e-01
9.999999015592879736e-01
9.999999040137806938e-01
9.999999063763066465e-01
9.999999086504378631e-01
9.999999108362909173e-01
9.999999129243192231e-01
9.999999148842664276e-01
9.999999166551098995e-01
9.999999181510167423e-01
9.999999192943814785e-01
9.999999723170264199e-01
9.999999719734325998e-01
9.999999715168141901e-01
9.999999709808755632e-01
9.999999703975520626e-01
9.999999697852172131e-01
9.999999691507079902e-01
9.999999684953377876e-01
9.999999678186590746e-01
9.999999671198029905e-01
9.999999663977914288e-01
9.999999656515842217e-01
9.999999648800810270e-01
9.999999640821176650e-01
9.999999632564622321e-01
9.999999624018091060e-01
9.999999615167749489e-01
9.999999605998920460e-01
9.999999596496023102e-01
9.999999586642501770e-01
9.999999576420762759e-01
9.999999565812075497e-01
9.999999554796502599e-01
9.999999543352789955e-01
9.999999531458269031e-01
9.999999519088733635e-01
9.999999506218318901e-01
9.999999492819359181e-01
9.999999478862231506e-01
9.999999464315191267e-01
9.999999449144179042e-01
9.999999433312618535e-01
9.999999416781183426e-01
9.999999399507544240e-01
9.999999381446086355e-01
9.999999362547596915e-01
9.999999342758912890e-01
9.999999322022530279e-01
9.999999300276164460e-01
9.999999277452263913e-01
9.999999253477455108e-01
9.999999228271920781e-01
9.999999201748704936e-01
9.999999173812917919e-01
9.999999144360831593e-01
9.999999113278867924e-01
9.999999080442432131e-01
9.999999045714578205e-01
9.999999008944490120e-01
9.999998969965723239e-01
9.999998928594187042e-01
9.999998884625803663e-01
9.999998837833783405e-01
9.999998787965462821e-01
9.999998734738587691e-01
9.999998677836959837e-01
9.999998616905270143e-01
9.999998551542998992e-01
9.999998481297116548e-01
9.999998405653334199e-01
9.999998324025544116e-01
9.999998235742983965e-01
9.999998140034505045e-01
9.999998036009046798e-01
9.999997922630967651e-01
9.999997798687692008e-01
9.999997662744316562e-01
9.999997513071882116e-01
9.999997347514681945e-01
9.999997163204721318e-01
9.999996955884336014e-01
9.999996718235705240e-01
9.999996435766971281e-01
9.999996076917497811e-01
9.999995570081641194e-01
9.999994752422810551e-01
9.999993260894308733e-01
9.999990311137143539e-01
9.999984271174250372e-01
9.999971882610501073e-01
9.999946917570738947e-01
9.999898003128311341e-01
9.999805334596657547e-01
9.999636095521060586e-01
9.999338680776821420e-01
9.998836343046362263e-01
9.998021655245674655e-01
9.996754084827672582e-01
9.994863726102531931e-01
9.992164392552757013e-01
9.988478341452966536e-01
9.983672561813049517e-01
9.977702913593682332e-01
9.970658210903624585e-01
9.962792962612997405e-01
9.954536553567838730e-01
9.946469421088608431e-01
9.939263420486652567e-01
9.933592738335250694e-01
9.930030704637463623e-01
9.928953378695009047e-01
9.930470074929398372e-01
9.934393039878205434e-01
9.940245311367705838e-01
9.947293797482226196e-01
9.954594561173457645e-01
9.961058530538930977e-01
9.965581566253626233e-01
9.967295961479181177e-01
9.965938647269292350e-01
9.962188781736829313e-01
9.957706104477490605e-01
9.954667157078953554e-01
9.954901348160635211e-01
9.959073402762420590e-01
9.966418184033670746e-01
9.975192803228762894e-01
9.983532018421186205e-01
9.990176024113914810e-01
9.994724840718093306e-01
9.997442333947399451e-01
9.998875629876542437e-01
9.999549097789084406e-01
9.999832370163692641e-01
9.999939204026701001e-01
9.999975615005780583e-01
9.999987253320929970e-01
9.999991136870192143e-01
9.999992765981553511e-01
9.999993715447097475e-01
9.999994408459546014e-01
9.999994965808400860e-01
9.999995431640738008e-01
9.999995828529940622e-01
9.999996171001135359e-01
9.999996469446954528e-01
9.999996731673209682e-01
9.999996963708768227e-01
9.999997170303054350e-01
9.999997355256577958e-01
9.999997521650532128e-01
9.999997672011240457e-01
9.999997808430656221e-01
9.999997932656352617e-01
9.999998046159775944e-01
9.999998150188762480e-01
9.999998245808411346e-01
9.999998333933259875e-01
9.999998415352870929e-01
9.999998490752358693e-01
9.999998560728973196e-01
9.999998625805650576e-01
9.999998686442097551e-01
9.999998743043974070e-01
9.999998795970523879e-01
9.999998845540933878e-01
9.999998892039698717e-01
9.999998935721141624e-01
9.999998976813249119e-01
9.999999015520935064e-01
9.999999052028855084e-01
9.999999086503779111e-01
9.999999119096696365e-01
9.999999149944581722e-01
9.999999179171965569e-01
9.999999206892281611e-01
9.999999233209053706e-01
9.999999258216930587e-01
9.999999282002600687e-01
9.999999304645580400e-01
9.999999326218947937e-01
9.999999346789939514e-01
9.999999366420528890e-01
9.999999385167912536e-01
9.999999403084942617e-01
9.999999420220524460e-01
9.999999436619830817e-01
9.999999452323472537e-01
9.999999467360800587e-01
9.999999481720300842e-01
9.999999495266327365e-01
9.999999507606375238e-01
9.999999518048319214e-01
9.999999525865610472e-01
9.999983398252834110e-01
9.999980984780583171e-01
9.999976350814645532e-01
9.999967525161805870e-01
9.999950714955058162e-01
9.999918848682127770e-01
9.999859237283619251e-01
9.999749962225447097e-01
9.999554564808587065e-01
9.999214689301514358e-01
9.998640588181710864e-01
9.997699905225447825e-01
9.996205959391952778e-01
9.993907828880520539e-01
9.990485720181182527e-01
9.985556079612076807e-01
9.978691196966678056e-01
9.969457140256776650e-01
9.957471347042768928e-01
9.942477034969990912e-01
9.924426296654212942e-01
9.903558459762864530e-01
9.880456637166157297e-01
9.856065016829171910e-01
9.831653437954659402e-01
9.808724144984354298e-01
9.788866905928360618e-01
9.773580347016821435e-01
9.764086249271086704e-01
9.761166795057564238e-01
9.765050520078610852e-01
9.775360961639528723e-01
9.791125285873925055e-01
9.810824929804875527e-01
9.832467097470674045e-01
9.853675939150308150e-01
9.871846102595260852e-01
9.884444179631802774e-01
9.889532158801976891e-01
9.886471561444454270e-01
9.876565155647637484e-01
9.863232436238029699e-01
9.851376550347654693e-01
9.845958888386638908e-01
9.850286030962298600e-01
9.864786114516141957e-01
9.886867241582781851e-01
9.911937329153335252e-01
9.935198319731193273e-01
9.953537708604505152e-01
9.966567239857704319e-01
9.975976636646149975e-01
9.983604277343277600e-01
9.990023220557586736e-01
9.994832026376589962e-01
9.997770473173741568e-01
9.999194988782305060e-01
9.999743121315767258e-01
9.999913821644303979e-01
9.999959239487332674e-01
9.999971089333357099e-01
9.999974905236950207e-01
9.999987224748363435e-01
9.999986665662883301e-01
9.999985873511927359e-01
9.999984804287449514e-01
9.999983341682547877e-01
9.999981198119867187e-01
9.999977740936715209e-01
9.999971666087770217e-01
9.999960389025489560e-01
9.999938950952881322e-01
9.999898139850564860e-01
9.999821404188118379e-01
9.999680015903419372e-01
9.999425864323484570e-01
9.998981309601540080e-01
9.998225796460021852e-01
9.996979541844422945e-01
9.994985652495248507e-01
9.991893502141829808e-01
9.987247943210169066e-01
9.980490561054207177e-01
9.970980082548306367e-01
9.958038462346922026e-01
9.941026393915188830e-01
9.919446721559419533e-01
9.893066883701344683e-01
9.862043443885262217e-01
9.827025134330782397e-01
9.789208135746407802e-01
9.750320529067904030e-01
9.712522584571928741e-01
9.678224489811260156e-01
9.649840122876152115e-01
9.629510337240656526e-01
9.618837766352309471e-01
9.618674313922743746e-01
9.628991099944297360e-01
9.648840198226771303e-01
9.676393591766402347e-01
9.709028700424660041e-01
9.743437892642627940e-01
9.775784088228121060e-01
9.801995157411049764e-01
9.818333452064330613e-01
9.822309724572448886e-01
9.813784393142117590e-01
9.795793135978807520e-01
9.774477068793205881e-01
9.757729342900562930e-01
9.752794680502738789e-01
9.763722573545752237e-01
9.789775323230370807e-01
9.825463033548542668e-01
9.862288753740742209e-01
9.892038763657515776e-01
9.910889242761289353e-01
9.921813184672397812e-01
9.932070389629512608e-01
9.946730573493945959e-01
9.964596745969990232e-01
9.980684220047540967e-01
9.991461311491696140e-01
9.996943549707517640e-01
9.999097583666191058e-01
9.999761925566310605e-01
9.999926995299817101e-01
9.999962629247081125e-01
9.999971236755393900e-01
9.999974814792541578e-01
9.999977266385497998e-01
9.999979259538984699e-01
9.999980947848279289e-01
9.999982384644932054e-01
9.999983583312715973e-01
9.999984534547692316e-01
9.999985228040370044e-01
