3.065530169900972396e+03 9.912508462910601947e-01 8.555978323201885935e-03 1.093042300415039062e+04
3.065538548689163690e+03 9.927410615920879700e-01 8.570496769626912911e-03 1.095237111994860425e+04
3.065546927477354529e+03 9.942327902701667552e-01 8.585026622038541277e-03 1.097431923574562643e+04
3.065555306265545823e+03 9.928650539020836829e-01 8.587178333161894772e-03 1.096467210709665233e+04
3.065563685053736663e+03 9.913833085394189171e-01 8.588841306822444024e-03 1.095371711429857351e+04
3.065572063841927957e+03 9.879584246980852580e-01 8.543565030381963799e-03 1.092123271277480853e+04
3.065580442630119251e+03 9.844366483368398590e-01 8.495869631664492924e-03 1.088760662584755664e+04
3.065588821418310090e+03 9.863397635359925086e-01 8.546408260950053362e-03 1.091393666956136985e+04
3.065597200206501384e+03 9.887803654265261422e-01 8.606640390822855452e-03 1.094620423122015018e+04
3.065605578994692223e+03 9.900719464934789604e-01 8.585250069455171648e-03 1.096573839824261813e+04
3.065613957782883517e+03 9.912365891104165661e-01 8.554772408390374019e-03 1.098384645892131448e+04
3.065622336571074811e+03 9.974947928831552346e-01 8.576821406683990401e-03 1.105840166655410212e+04
3.065630715359265650e+03 1.004581830944950349e+00 8.607446627913423881e-03 1.114218154701543790e+04
3.065639094147456944e+03 1.010122462073692606e+00 8.641117578574598196e-03 1.120884138353877461e+04
3.065647472935648238e+03 1.015386571095600043e+00 8.675325639382121257e-03 1.127245450919734321e+04
3.065655851723839078e+03 1.008035120736799017e+00 8.629279245140357782e-03 1.119596984179239735e+04
3.065664230512030372e+03 9.977201058677359624e-01 8.564384599812206386e-03 1.108644641506934386e+04
3.065672609300221211e+03 9.997137975385298470e-01 8.586145492344312777e-03 1.111361912426868548e+04
3.065680988088412505e+03 1.004809012181930195e+00 8.629739973790356497e-03 1.117527281984712317e+04
3.065689366876603799e+03 1.003168955127031747e+00 8.609605678961608499e-03 1.116200192018607777e+04
3.065697745664794638e+03 9.997220736528881213e-01 8.572376352587052911e-03 1.112856830468278167e+04
3.065706124452985932e+03 1.002307371323957419e+00 8.594851219683818586e-03 1.116224509573598880e+04
3.065714503241176772e+03 1.006920505393732013e+00 8.637395988352791071e-03 1.121850647536758152e+04
3.065722882029368066e+03 1.007923736174993090e+00 8.631386060960285003e-03 1.123454200652744476e+04
3.065731260817559360e+03 1.007645790690845589e+00 8.608145022876659974e-03 1.123626704540217906e+04
3.065739639605750199e+03 1.001581239495609177e+00 8.561784207872057476e-03 1.117340172522184184e+04
3.065748018393941493e+03 9.930190229827828841e-01 8.505462548605296699e-03 1.108257030097015195e+04
3.065756397182132332e+03 9.931604472422090879e-01 8.499324353139756094e-03 1.108880272679122572e+04
3.065764775970323626e+03 9.972594609285785339e-01 8.516012497492954705e-03 1.113920880736489562e+04
3.065773154758514920e+03 1.000940828213986666e+00 8.537720708008459530e-03 1.118495256384961249e+04
3.065781533546705759e+03 1.004395101350587405e+00 8.562162191228392394e-03 1.122815802757273741e+04
3.065789912334897053e+03 1.000785104187390084e+00 8.499087863575177301e-03 1.119235763919275450e+04
3.065798291123088347e+03 9.931548215651853084e-01 8.386209463532683095e-03 1.111151168051761488e+04
3.065806669911279187e+03 9.929589520640117462e-01 8.367573496603424726e-03 1.111377406464302476e+04
3.065815048699470481e+03 9.971955321895625834e-01 8.405125562476170945e-03 1.116563176380646837e+04
3.065823427487661320e+03 1.000149346908367542e+00 8.432046360770779903e-03 1.120312484491711257e+04
3.065831806275852614e+03 1.002200137585285589e+00 8.451482677243948166e-03 1.123049132777622253e+04
3.065840185064043908e+03 1.003277149621301767e+00 8.439342918983445616e-03 1.124692595486612845e+04
3.065848563852234747e+03 1.003638504084132688e+00 8.403987339258945505e-03 1.125531060617289040e+04
3.065856942640426041e+03 1.003646171409690036e+00 8.396756888644376846e-03 1.125969684535439228e+04
3.065865321428616880e+03 1.003382866643298232e+00 8.411135952003063326e-03 1.126100843984302810e+04
3.065873700216808174e+03 1.000855188015007169e+00 8.403046252411523059e-03 1.123686152005977237e+04
3.065882079004999468e+03 9.962860840346904334e-01 8.374698505359970749e-03 1.118973172202462410e+04
3.065890457793190308e+03 9.975454270599503070e-01 8.371676499172340385e-03 1.120801657859481747e+04
3.065898836581381602e+03 1.004288990536203574e+00 8.392485490879385626e-03 1.128791953407840811e+04
3.065907215369572441e+03 1.005791687465219963e+00 8.392060466996791729e-03 1.130891695831620927e+04
3.065915594157763735e+03 1.002149239515470081e+00 8.370789500138897318e-03 1.127202115377821428e+04
3.065923972945955029e+03 1.002352538510800972e+00 8.375367413500008421e-03 1.127833425622292816e+04
3.065932351734145868e+03 1.006982734069450158e+00 8.409699996373337649e-03 1.133444392144934136e+04
3.065940730522337162e+03 1.010419750806243577e+00 8.436213106139123230e-03 1.137712167842464623e+04
3.065949109310528456e+03 1.012423078690358080e+00 8.453330080006439193e-03 1.140364400657822443e+04
3.065957488098719296e+03 1.011038482058757459e+00 8.456098204858104872e-03 1.139197431906511338e+04
3.065965866886910590e+03 1.005403795662525912e+00 8.440864403459147347e-03 1.133235543764043177e+04
3.065974245675101429e+03 1.002896725145553392e+00 8.438738974702033810e-03 1.130792441529211646e+04
3.065982624463292723e+03 1.004483610638634783e+00 8.453769963616103444e-03 1.132961670545681227e+04
3.065991003251484017e+03 1.004463198446366556e+00 8.445449571941944164e-03 1.133315253074444263e+04
3.065999382039674856e+03 1.001961181470619966e+00 8.401082484419794896e-03 1.130864593766034341e+04
3.066007760827866150e+03 1.000108053798243857e+00 8.378114757656606598e-03 1.129141339724394675e+04
3.066016139616056989e+03 9.992993229063800165e-01 8.389650223198760054e-03 1.128592906303394011e+04
3.066024518404248283e+03 9.987525325050810032e-01 8.383266702399664802e-03 1.128336468207153303e+04
3.066032897192439577e+03 9.986456331844283385e-01 8.346614322625380000e-03 1.128573417709511705e+04
3.066041275980630417e+03 9.993376476375085415e-01 8.336449505788134581e-03 1.129710088976375118e+04
3.066049654768821711e+03 1.001439458095195967e+00 8.373065706565454430e-03 1.132438117522332504e+04
3.066058033557012550e+03 1.003247700589710023e+00 8.399288813202033036e-03 1.134832194251453802e+04
3.066066412345203844e+03 1.004511050965202212e+00 8.406269280803825572e-03 1.136607620258099814e+04
3.066074791133395138e+03 1.003996557848779503e+00 8.394433855081841894e-03 1.136368309558863621e+04
3.066083169921585977e+03 9.995396078522268413e-01 8.340876476579979146e-03 1.131661707664969435e+04
3.066091548709777271e+03 9.964283870308573432e-01 8.309314628006136613e-03 1.128472824645798573e+04
3.066099927497968110e+03 9.964448774117725671e-01 8.328921113021843167e-03 1.128821760188575718e+04
3.066108306286159404e+03 9.975844718412888446e-01 8.349597783535004508e-03 1.130440048794074210e+04
3.066116685074350698e+03 1.001473397968604351e+00 8.372879329698785372e-03 1.135172116791000190e+04
3.066125063862541538e+03 1.003963422450919962e+00 8.382134784803140296e-03 1.138317239547263125e+04
3.066133442650732832e+03 1.002838844074313673e+00 8.355141892172424437e-03 1.137361124604376892e+04
3.066141821438924126e+03 1.001281211712342412e+00 8.323485362543814672e-03 1.135909662110317549e+04
3.066150200227114965e+03 9.985374148855138410e-01 8.279052797753514575e-03 1.133107853508267362e+04
3.066158579015306259e+03 9.975915085057706078e-01 8.257294186743114120e-03 1.132341746169125508e+04
3.066166957803497098e+03 1.001811762763045621e+00 8.300701930333826209e-03 1.137437278349196094e+04
3.066175336591688392e+03 1.005605462764547875e+00 8.338461967317535237e-03 1.142047586447752292e+04
3.066183715379879686e+03 1.008099071520161871e+00 8.359024594523640009e-03 1.145179926635865559e+04
3.066192094168070525e+03 1.009995841184382570e+00 8.375237582180517990e-03 1.147632198943354160e+04
3.066200472956261819e+03 1.009608102712622468e+00 8.374796678292661944e-03 1.147485710416782604e+04
3.066208851744452659e+03 1.007948352548318161e+00 8.359037101193882852e-03 1.145889528626420724e+04
3.066217230532643953e+03 1.001089381959028524e+00 8.280704957822928453e-03 1.138376793081694268e+04
3.066225609320835247e+03 9.950635011225008597e-01 8.213735546078123478e-03 1.131804399383103191e+04
3.066233988109026086e+03 9.926560981670626838e-01 8.196198426078916965e-03 1.129342039145779927e+04
3.066242366897217380e+03 9.910111757932820176e-01 8.181969426919101507e-03 1.127742709128341630e+04
3.066250745685408219e+03 9.929300055014674831e-01 8.183147198591764551e-03 1.130195581428625519e+04
3.066259124473599513e+03 9.940735940214594502e-01 8.176471714531169735e-03 1.131763545626172163e+04
3.066267503261790807e+03 9.912863556975388679e-01 8.129963745389504060e-03 1.128852464099424287e+04
3.066275882049981647e+03 9.904115496755430126e-01 8.103840520784711537e-03 1.128114931023710415e+04
3.066284260838172941e+03 9.999914092885043848e-01 8.189151458562833955e-03 1.139284571891246560e+04
3.066292639626364235e+03 1.007956457889927382e+00 8.264042568626846219e-03 1.148615619032075119e+04
3.066301018414555074e+03 1.006312850341689824e+00 8.276959565293418378e-03 1.146995375058410718e+04
3.066309397202746368e+03 1.004153577959516097e+00 8.285881274607201710e-03 1.144783061667082802e+04
3.066317775990937207e+03 9.986176786334047817e-01 8.268695739147237725e-03 1.138715984314143861e+04
3.066326154779128501e+03 9.939352041118418857e-01 8.254833295837942300e-03 1.133616237357169302e+04
3.066334533567319795e+03 9.953298444891213181e-01 8.264566464103853538e-03 1.135443519774001470e+04
3.066342912355510634e+03 9.973186007254476459e-01 8.275885908900607740e-03 1.137946020108021366e+04
3.066351291143701928e+03 1.004004000315187106e+00 8.299648595369713347e-03 1.145806090646903795e+04
3.066359669931892768e+03 1.009319369515425446e+00 8.318955031154567914e-03 1.152102028511927347e+04
3.066368048720084062e+03 1.002483259709599395e+00 8.298627066957598580e-03 1.144523786586541246e+04
3.066376427508275356e+03 9.961191906676070129e-01 8.277440876870104797e-03 1.137478173746773064e+04
3.066384806296466195e+03 9.944354907134455024e-01 8.247362077808788328e-03 1.135772013930497451e+04
3.066393185084657489e+03 9.934236854430829045e-01 8.219683785169566714e-03 1.134829332981446896e+04
3.066401563872848328e+03 1.000089745368086369e+00 8.219196775689564458e-03 1.142655263794229177e+04
3.066409942661039622e+03 1.005643367753352724e+00 8.215676897608652218e-03 1.149209389768777692e+04
3.066418321449230916e+03 9.962969952396415474e-01 8.171250671105285621e-03 1.138732271164224949e+04
3.066426700237421755e+03 9.879675868395155769e-01 8.131369012338868912e-03 1.129410589987483036e+04
3.066435079025613049e+03 9.957975475112634811e-01 8.163522460885485471e-03 1.138558312160332571e+04
3.066443457813804343e+03 1.003165286434642089e+00 8.193380518835254381e-03 1.147177193926628934e+04
3.066451836601995183e+03 1.001416249892812305e+00 8.177745277845512376e-03 1.145368259762479829e+04
3.066460215390186477e+03 9.995641209087405832e-01 8.161135365437898609e-03 1.143437382018334574e+04
3.066468594178377316e+03 9.949917331620530270e-01 8.118907145326112115e-03 1.138390168345336861e+04
3.066476972966568610e+03 9.905651220301252557e-01 8.078049281123824213e-03 1.133504768657466411e+04
3.066485351754759904e+03 9.912288061149648888e-01 8.085176755928361048e-03 1.134440202447580305e+04
3.066493730542950743e+03 9.920120873012745477e-01 8.093145867855621942e-03 1.135509450493101758e+04
3.066502109331142037e+03 9.997920853355971582e-01 8.150206404562760146e-03 1.144585656984408160e+04
3.066510488119332877e+03 1.007142644907755180e+00 8.203272278865313821e-03 1.153169447552175188e+04
3.066518866907524171e+03 1.002626774170007895e+00 8.145924818300826972e-03 1.148163400384806300e+04
3.066527245695715465e+03 9.982212986691300083e-01 8.090616507622182263e-03 1.143278968702278326e+04
3.066535624483906304e+03 9.980726442726236547e-01 8.115409879385132932e-03 1.143265871372456968e+04
3.066544003272097598e+03 9.979439223522406088e-01 8.139890772201105462e-03 1.143272223682890763e+04
3.066552382060288437e+03 9.990359235827673823e-01 8.140758573270345799e-03 1.144673876272663438e+04
3.066560760848479731e+03 1.000125116288832938e+00 8.141688226210173213e-03 1.146069293670132538e+04
3.066569139636671025e+03 9.994886865051804126e-01 8.154809573749855628e-03 1.145483998300796156e+04
3.066577518424861864e+03 9.988553322824694769e-01 8.167951464026849615e-03 1.144898702931491607e+04
3.066585897213053158e+03 9.949168032890121083e-01 8.122320704868997085e-03 1.140521008664027613e+04
3.066594276001244452e+03 9.909572090728050453e-01 8.076281915991101804e-03 1.136114765774877014e+04
3.066602654789435292e+03 9.941765524713781499e-01 8.095678910929932429e-03 1.139935621390171582e+04
3.066611033577626586e+03 9.975289683307237976e-01 8.116280435348869823e-03 1.143906581088854546e+04
3.066619412365817425e+03 9.981778606196233250e-01 8.094737326968677246e-03 1.144774471574123891e+04
3.066627791154008719e+03 9.988295261185170526e-01 8.073222425861613025e-03 1.145642362059440347e+04
3.066636169942200013e+03 9.957908693699968339e-01 8.066250478837282828e-03 1.142273889113060795e+04
3.066644548730390852e+03 9.927178208083161648e-01 8.059452452682254464e-03 1.138861926928877801e+04
3.066652927518582146e+03 9.954399199478352056e-01 8.039886574323685392e-03 1.142094881412194263e+04
3.066661306306772985e+03 9.982872437043123215e-01 8.020076525564865180e-03 1.145468785600324372e+04
3.066669685094964279e+03 1.003595299292757481e+00 8.032677709614504530e-03 1.151663734475405181e+04
3.066678063883155573e+03 1.008984971747446835e+00 8.046349137868414117e-03 1.157950077886875260e+04
3.066686442671346413e+03 1.008312656592024847e+00 8.093031076490640741e-03 1.157276551459137772e+04
3.066694821459537707e+03 1.007377623489567497e+00 8.141174669075268433e-03 1.156297967564058854e+04
3.066703200247728546e+03 1.009735406727530149e+00 8.147089956149024259e-03 1.159095731429946318e+04
3.066711579035919840e+03 1.012174795675581995e+00 8.152013250395445318e-03 1.161984220100696257e+04
3.066719957824111134e+03 1.011430151129498078e+00 8.131811811676641771e-03 1.161214178412569163e+04
3.066728336612301973e+03 1.010576168967266542e+00 8.110750004033178209e-03 1.160315092027471837e+04
3.066736715400493267e+03 1.000987159211226274e+00 8.077012733162308375e-03 1.149382503228503083e+04
3.066745094188684106e+03 9.909936733408444276e-01 8.042709398354297781e-03 1.137980648479390766e+04
3.066753472976875400e+03 9.950464913224175145e-01 8.049644497701168369e-03 1.142704717308270483e+04
3.066761851765066694e+03 9.999235029100523864e-01 8.059013963364601921e-03 1.148372568440861141e+04
3.066770230553257534e+03 9.981761303682683550e-01 8.040901659165220275e-03 1.146429447082077786e+04
3.066778609341448828e+03 9.961789700229027877e-01 8.021765143729474648e-03 1.144195866642692999e+04
3.066786988129640122e+03 1.002059628902492117e+00 8.038499821087195796e-03 1.151007510515713875e+04
3.066795366917830961e+03 1.008334194607973355e+00 8.057038666657124343e-03 1.158268932600969674e+04
3.066803745706022255e+03 1.003569664157683672e+00 8.069396057429387148e-03 1.152846518346522134e+04
3.066812124494213094e+03 9.981289059830085186e-01 8.081394118042196234e-03 1.146643436500286407e+04
3.066820503282404388e+03 9.994413838993964072e-01 8.068026996038873619e-03 1.148194886497297375e+04
3.066828882070595682e+03 1.001033887055243543e+00 8.053641700291781433e-03 1.150064817578170005e+04
3.066837260858786522e+03 1.005765918663647840e+00 8.089162995430759090e-03 1.155538571016595233e+04
3.066845639646977816e+03 1.010665881355190976e+00 8.127334264629287180e-03 1.161202238013532224e+04
3.066854018435168655e+03 1.009363553306625194e+00 8.144152934724046417e-03 1.159736541465457958e+04
3.066862397223359949e+03 1.007663472861634268e+00 8.159614000347337540e-03 1.157810373775460721e+04
3.066870776011551243e+03 1.006962449064820797e+00 8.127645695569694906e-03 1.157028693409440166e+04
3.066879154799742082e+03 1.006308203149118619e+00 8.093614703370640220e-03 1.156297363343847428e+04
3.066887533587933376e+03 1.000598989598024735e+00 8.079981719928481382e-03 1.149754151327817090e+04
3.066895912376124215e+03 9.946111840810898386e-01 8.067507141824477312e-03 1.142887292943922876e+04
3.066904291164315509e+03 9.958307221920779106e-01 8.077621770505413051e-03 1.144298848584204825e+04
3.066912669952506803e+03 9.975404763746821279e-01 8.089286202172663379e-03 1.146270399047078718e+04
3.066921048740697643e+03 1.000352320795263150e+00 8.075098477705136904e-03 1.149505042049568328e+04
3.066929427528888937e+03 1.003218658116363127e+00 8.059719874400480752e-03 1.152798966616954749e+04
3.066937806317080231e+03 1.001925641280838830e+00 8.057560111872797554e-03 1.151310023845440810e+04
3.066946185105271070e+03 1.000391231602314912e+00 8.056198277631534607e-03 1.149540359070725390e+04
3.066954563893462364e+03 1.001946244238162587e+00 8.077355906495621227e-03 1.151317368717275167e+04
3.066962942681653203e+03 1.003622495759324051e+00 8.099399631053223747e-03 1.153230302115792438e+04
3.066971321469844497e+03 1.003472184640664899e+00 8.115185517222952422e-03 1.153041013786459916e+04
3.066979700258035791e+03 1.003233513554245837e+00 8.130682117389778640e-03 1.152746845239055619e+04
3.066988079046226630e+03 1.001816362333958432e+00 8.125444594852525640e-03 1.151095247088836004e+04
3.066996457834417924e+03 1.000329153648747083e+00 8.118949338733338558e-03 1.149359872940564492e+04
3.067004836622608764e+03 1.000613755615737066e+00 8.126971420971825302e-03 1.149656960963164420e+04
3.067013215410800058e+03 1.000974227889888546e+00 8.135615248963794580e-03 1.150037852078274409e+04
3.067021594198991352e+03 9.964810109958552875e-01 8.094856455675923310e-03 1.144839053168682403e+04
3.067029972987182191e+03 9.917336499372370051e-01 8.051505558287850445e-03 1.139345292672249889e+04
3.067038351775373485e+03 9.978478237574366361e-01 8.080311042297996446e-03 1.146326326810573664e+04
3.067046730563564324e+03 1.004320659957035344e+00 8.111502417312338800e-03 1.153715486945634802e+04
3.067055109351755618e+03 9.988352548945281795e-01 8.093863344870335166e-03 1.147364204254093784e+04
3.067063488139946912e+03 9.928240522625277897e-01 8.074088813072272802e-03 1.140406189572868789e+04
3.067071866928137752e+03 9.944733068230713346e-01 8.022015966111724003e-03 1.142244255474506826e+04
3.067080245716329046e+03 9.963120192168998246e-01 7.969174554727655180e-03 1.144296400177793112e+04
3.067088624504520340e+03 9.989873177154086070e-01 7.992245432212155207e-03 1.147305777757837313e+04
3.067097003292711179e+03 1.001695497313983330e+00 8.018043662119587328e-03 1.150349225836265396e+04
3.067105382080902473e+03 9.992315027434159891e-01 8.002443678228858201e-03 1.147449578765964725e+04
3.067113760869093312e+03 9.966868095325172039e-01 7.986198300641962622e-03 1.144454279086426686e+04
3.067122139657284606e+03 9.961057512696062100e-01 7.974273677300804455e-03 1.143710637018078887e+04
3.067130518445475900e+03 9.955807984281638268e-01 7.962487483254124948e-03 1.143028168149671365e+04
3.067138897233666739e+03 9.977515656303241887e-01 7.951750658904703853e-03 1.145437190517704039e+04
3.067147276021858033e+03 9.999470620099912832e-01 7.941043624329293185e-03 1.147870892662175538e+04
3.067155654810048873e+03 1.001550054606403561e+00 7.957181135452831913e-03 1.149620760474982490e+04
3.067164033598240167e+03 1.003144974667390388e+00 7.973850867703075398e-03 1.151357717895507812e+04
3.072161576338733084e+03 9.991318784644948048e-01 7.232878796115163253e-03 1.210438278198242188e+04
3.072169392734055236e+03 9.979839969621344675e-01 7.234165732796369458e-03 1.209377695916055018e+04
3.072177209129377388e+03 9.968351251698810422e-01 7.235440232667272702e-03 1.208317113633867666e+04
3.072185025524699995e+03 1.002705884679697901e+00 7.245413941050484960e-03 1.215768943657277850e+04
3.072192841920022147e+03 1.008791307577301621e+00 7.255642802195199671e-03 1.223487034942952596e+04
3.072200658315344299e+03 1.003048047246052787e+00 7.208288641362790329e-03 1.216861093864149734e+04
3.072208474710666451e+03 9.965430384433158206e-01 7.157232861320981035e-03 1.209308839370466012e+04
3.072216291105989058e+03 9.989049095706437065e-01 7.206694661431726698e-03 1.212517130777351485e+04
3.072224107501311209e+03 1.002150941482826907e+00 7.266174006301268778e-03 1.216802548541361102e+04
3.072231923896633361e+03 9.999520987291807828e-01 7.252035674369894554e-03 1.214479175600706185e+04
3.072239740291955513e+03 9.972143238202161308e-01 7.230611781514110874e-03 1.211501499501033504e+04
3.072247556687278120e+03 9.981194693264385798e-01 7.215071113515244931e-03 1.212950879258136956e+04
3.072255373082600272e+03 9.995210601169278730e-01 7.200332866129180789e-03 1.215006330480698671e+04
3.072263189477922424e+03 1.000453066974829941e+00 7.197798247092328412e-03 1.216493749895895598e+04
3.072271005873244576e+03 1.001300014377436209e+00 7.197419595523644326e-03 1.217880340637403424e+04
3.072278822268567183e+03 9.976914237927949625e-01 7.191605798829743025e-03 1.213848641787901215e+04
3.072286638663889335e+03 9.930989175732169993e-01 7.184584893816463487e-03 1.208618868955075413e+04
3.072294455059211487e+03 9.963602893442116137e-01 7.196502229226748280e-03 1.212948883154154646e+04
3.072302271454533638e+03 1.001722665679706692e+00 7.213478327136012454e-03 1.219841710523683651e+04
3.072310087849856245e+03 9.998492303416131044e-01 7.192116573418737974e-03 1.217926408132519646e+04
3.072317904245178397e+03 9.956707274289837706e-01 7.158544397765586285e-03 1.213203021388491288e+04
3.072325720640500549e+03 9.968369968254404689e-01 7.173060148485680548e-03 1.214992973808596253e+04
3.072333537035822701e+03 9.999976359729031428e-01 7.205519893385193587e-03 1.219217327247053254e+04
3.072341353431145308e+03 9.973012715675544371e-01 7.206144605509478759e-03 1.216302836882621159e+04
3.072349169826467460e+03 9.924278513152524628e-01 7.194928461974881700e-03 1.210732341898431696e+04
3.072356986221789612e+03 9.939223805169120629e-01 7.202522145408386985e-03 1.212931238736113482e+04
3.072364802617111764e+03 9.981614938370312329e-01 7.218217824420093687e-03 1.218483612536191140e+04
3.072372619012434370e+03 9.970155432913718752e-01 7.220020210684889410e-03 1.217465423522512538e+04
3.072380435407756522e+03 9.931973674781111594e-01 7.214923062715431629e-03 1.213184211106455223e+04
3.072388251803078674e+03 9.945177657087708178e-01 7.228603338323569792e-03 1.215180730345124175e+04
3.072396068198400826e+03 9.987519174189311011e-01 7.252926132902045089e-03 1.220741611062016091e+04
3.072403884593723433e+03 9.998195775762044324e-01 7.259290956605788346e-03 1.222436214592102260e+04
3.072411700989045585e+03 9.990971227899405616e-01 7.255502391234677079e-03 1.221944220535460772e+04
3.072419517384367737e+03 9.981827408332020202e-01 7.271950130936740732e-03 1.221218811449550049e+04
3.072427333779689889e+03 9.971445950578738948e-01 7.301401418812459437e-03 1.220343176172923631e+04
3.072435150175012495e+03 9.956854947423141589e-01 7.300917209443127422e-03 1.218953330325743264e+04
3.072442966570334647e+03 9.939192959476880196e-01 7.278603208947644586e-03 1.217188195323066975e+04
3.072450782965656799e+03 9.959498334746037518e-01 7.290610100595103747e-03 1.220074739423102255e+04
3.072458599360978951e+03 1.001111431419494435e+00 7.330921686911954192e-03 1.226801802054676773e+04
3.072466415756301558e+03 1.002817894594821846e+00 7.335447532491872792e-03 1.229299547466120384e+04
3.072474232151623710e+03 1.001684465384335754e+00 7.310562330509015605e-03 1.228318225824326692e+04
3.072482048546945862e+03 1.001128999617835635e+00 7.304192556016057131e-03 1.228046913431066241e+04
3.072489864942268014e+03 1.001109988570537457e+00 7.315010666010791918e-03 1.228435382557752928e+04
3.072497681337590620e+03 1.000315719921800461e+00 7.319838588045709735e-03 1.227874185722356015e+04
3.072505497732912772e+03 9.987089557472802470e-01 7.318388871904842052e-03 1.226316632483583089e+04
3.072513314128234924e+03 9.968633226787174673e-01 7.319160357218269623e-03 1.224466297733930696e+04
3.072521130523557076e+03 9.947682621372668788e-01 7.322252006612366484e-03 1.222309897867863583e+04
3.072528946918879683e+03 9.947389602089451444e-01 7.318812924043015776e-03 1.222692839816884953e+04
3.072536763314201835e+03 9.971463769986219638e-01 7.307672952680511168e-03 1.226073859565305611e+04
3.072544579709523987e+03 9.971689709665432222e-01 7.295447492958724231e-03 1.226525531132998913e+04
3.072552396104846139e+03 9.940114385658026519e-01 7.281775451959815806e-03 1.223066244188986821e+04
3.072560212500168745e+03 9.934982503693411404e-01 7.286114028073736697e-03 1.222861035805522442e+04
3.072568028895490897e+03 9.964992181334267896e-01 7.314389535943845860e-03 1.226984301118988515e+04
3.072575845290813049e+03 1.000423632598950396e+00 7.344757478872349261e-03 1.232249553047912559e+04
3.072583661686135201e+03 1.005740746964787435e+00 7.378292766748210767e-03 1.239236210453787135e+04
3.072591478081457808e+03 1.007927878306942304e+00 7.389850926885870898e-03 1.242371464841059969e+04
3.072599294476779960e+03 1.004758911951493472e+00 7.363799790550907588e-03 1.238906341820035050e+04
3.072607110872102112e+03 1.002811611841503137e+00 7.347673303216140442e-03 1.236947306328729792e+04
3.072614927267424264e+03 1.002947752186587937e+00 7.348471347299096249e-03 1.237559324671524882e+04
3.072622743662746871e+03 1.000589179347135760e+00 7.337002292005115854e-03 1.235094044440150901e+04
3.072630560058069022e+03 9.933729199312283376e-01 7.301650573418253659e-03 1.226630291689567639e+04
3.072638376453391174e+03 9.887047264635934196e-01 7.281640730463518479e-03 1.221309559842644376e+04
3.072646192848713326e+03 9.889763144671555040e-01 7.291380717386664913e-03 1.222090724768998552e+04
3.072654009244035933e+03 9.915446227228998932e-01 7.302464884879432579e-03 1.225713205450274108e+04
3.072661825639358085e+03 9.992321474453448316e-01 7.316566809060767208e-03 1.235670490993619751e+04
3.072669642034680237e+03 1.004438257146791136e+00 7.327233948495852009e-03 1.242567044837227877e+04
3.072677458430002389e+03 1.003257379655921433e+00 7.329079098758531363e-03 1.241566216402480677e+04
3.072685274825324996e+03 1.001506877027770859e+00 7.324101292850202817e-03 1.239861081637438292e+04
3.072693091220647148e+03 9.982953025530919566e-01 7.301629666625889491e-03 1.236346823988949291e+04
3.072700907615969300e+03 9.970215289648242107e-01 7.295796357088488344e-03 1.235232337188809288e+04
3.072708724011291451e+03 1.001559398573144577e+00 7.339866474112963744e-03 1.241321510343950467e+04
3.072716540406613603e+03 1.003572319717771943e+00 7.365100567974416056e-03 1.244286318677249074e+04
3.072724356801936210e+03 9.980570037142693085e-01 7.334189127712573662e-03 1.237917510077731458e+04
3.072732173197258362e+03 9.939071607283600507e-01 7.316699679496744754e-03 1.233239743453209303e+04
3.072739989592580514e+03 9.945760663824588788e-01 7.346611201801020626e-03 1.234541390134295216e+04
3.072747805987902666e+03 9.952006986547483613e-01 7.364725695152825845e-03 1.235790651316554431e+04
3.072755622383225273e+03 9.956749460025032805e-01 7.341457319213613893e-03 1.236855652666594688e+04
3.072763438778547425e+03 9.961502637980209629e-01 7.330154619991193984e-03 1.237924396129313027e+04
3.072771255173869577e+03 9.966363849672935649e-01 7.369472455798372311e-03 1.239008985931994903e+04
3.072779071569191728e+03 9.973872107664887299e-01 7.401311374291956631e-03 1.240425211127889634e+04
3.072786887964514335e+03 9.992580402616187962e-01 7.401818098763423767e-03 1.243237590042992269e+04
3.072794704359836487e+03 1.000685402475125496e+00 7.404701229954318252e-03 1.245501794663694454e+04
3.072802520755158639e+03 9.998261814186755192e-01 7.419956261828368135e-03 1.244922249165118956e+04
3.072810337150480791e+03 9.986224190828316694e-01 7.430069217027420424e-03 1.243914654373609301e+04
3.072818153545803398e+03 9.956478854525850908e-01 7.413797051412230991e-03 1.240701234534948344e+04
3.072825969941125550e+03 9.938813399707947527e-01 7.400435894881686461e-03 1.238992730574664529e+04
3.072833786336447702e+03 1.000036800042412688e+00 7.406169004752194071e-03 1.247164102431396350e+04
3.072841602731769854e+03 1.005471183927812318e+00 7.415834216513570581e-03 1.254443953476808747e+04
3.072849419127092460e+03 1.006247013036355886e+00 7.451187687343144815e-03 1.255916789714928564e+04
3.072857235522414612e+03 1.006590728669558343e+00 7.476136736480838534e-03 1.256852837169125269e+04
3.072865051917736764e+03 1.004155304502640789e+00 7.434098697170396161e-03 1.254319705761545629e+04
3.072872868313058916e+03 1.001950184261090282e+00 7.396675317110142089e-03 1.252073876727830248e+04
3.072880684708381523e+03 1.001732329263603338e+00 7.398960617026262981e-03 1.252312146822621798e+04
3.072888501103703675e+03 1.001307578770479267e+00 7.399986272787948370e-03 1.252293408207096763e+04
3.072896317499025827e+03 9.991226863585020990e-01 7.390333362975955514e-03 1.250073962973879316e+04
3.072904133894347979e+03 9.974011757677778700e-01 7.383334553823599905e-03 1.248434242538669059e+04
3.072911950289670585e+03 1.001452446027383480e+00 7.409457346610825480e-03 1.254023407544374822e+04
3.072919766684992737e+03 1.004948829294951773e+00 7.431650186363188484e-03 1.258923621930925947e+04
3.072927583080314889e+03 1.001675040460180188e+00 7.405875283117452357e-03 1.255344763340515783e+04
3.072935399475637041e+03 9.989089708604440565e-01 7.382618321813448799e-03 1.252401016033117594e+04
3.072943215870959648e+03 1.002295192119214473e+00 7.389826599138512621e-03 1.257173114732991780e+04
3.072951032266281800e+03 1.005368714198190405e+00 7.395448512551319742e-03 1.261558366734000992e+04
3.072958848661603952e+03 1.002006416121353105e+00 7.368326305168847352e-03 1.257869630216531368e+04
3.072966665056926104e+03 9.988196607116734960e-01 7.342199596934329865e-03 1.254399758582853792e+04
3.072974481452248710e+03 9.991957970030781455e-01 7.336197101820703809e-03 1.255404930109237284e+04
3.072982297847570862e+03 9.997190366440958931e-01 7.330763543925555327e-03 1.256597369435812834e+04
3.072990114242893014e+03 1.003224383919101514e+00 7.336846331669083857e-03 1.261542298778567601e+04
3.072997930638215166e+03 1.006665898615683785e+00 7.342897395605283914e-03 1.266412669930934499e+04
3.073005747033537773e+03 1.006718383814607432e+00 7.348072062635598728e-03 1.267023413940115825e+04
3.073013563428859925e+03 1.006699972354332617e+00 7.353229474045912956e-03 1.267546927183902335e+04
3.073021379824182077e+03 1.002924942001408359e+00 7.358299010410469798e-03 1.263340352179369256e+04
3.073029196219504229e+03 9.992536171980139770e-01 7.363432852986194314e-03 1.259262316543369525e+04
3.073037012614826835e+03 1.000844294095986964e+00 7.372685743905134891e-03 1.261816300239423799e+04
3.073044829010148987e+03 1.002432023994963339e+00 7.381919075138932210e-03 1.264370283935329462e+04
3.073052645405471139e+03 1.002130164631145792e+00 7.388269601690307213e-03 1.264543601939989821e+04
3.073060461800793291e+03 1.001805422926998590e+00 7.394570289898851935e-03 1.264689668734866427e+04
3.073068278196115898e+03 9.984733250070640942e-01 7.348157115388690049e-03 1.261039151427952311e+04
3.073076094591438050e+03 9.951110010266992489e-01 7.301219282552295214e-03 1.257348688359841435e+04
3.073083910986760202e+03 9.992362128378036168e-01 7.328924914775391403e-03 1.263121312598821351e+04
3.073091727382082354e+03 1.003428024954776454e+00 7.357310346967716429e-03 1.268984761715871355e+04
3.073099543777404961e+03 1.000207983878077300e+00 7.339486679430896193e-03 1.265477327425435942e+04
3.073107360172727113e+03 9.966821077818305286e-01 7.319752715138284210e-03 1.261581096463882932e+04
3.073115176568049264e+03 9.990824072891518748e-01 7.327654322023880069e-03 1.265187431208306589e+04
3.073122992963371416e+03 1.001718886550950538e+00 7.336656174770811098e-03 1.269097685241646104e+04
3.073130809358694023e+03 9.988463407453166409e-01 7.337896344806985917e-03 1.266030274196201390e+04
3.073138625754016175e+03 9.957573302800928339e-01 7.338818111732810928e-03 1.262687040154795977e+04
3.073146442149338327e+03 9.957749978527642432e-01 7.344128715332642193e-03 1.263283475193764934e+04
3.073154258544660479e+03 9.959107723882208996e-01 7.349592702979816997e-03 1.264031792162448801e+04
3.073162074939983086e+03 9.965883937205618492e-01 7.360912845480334886e-03 1.265470262640371948e+04
3.073169891335305238e+03 9.972842664876594432e-01 7.372431802594862568e-03 1.266934666552109229e+04
3.073177707730627390e+03 9.972611075545730897e-01 7.377989383866436629e-03 1.267487975862753228e+04
3.073185524125949541e+03 9.971853474242070581e-01 7.383107217419797308e-03 1.267976333230467571e+04
3.073193340521272148e+03 9.953332905006605502e-01 7.373604350393510830e-03 1.266206857399267392e+04
3.073201156916594300e+03 9.933567839591973536e-01 7.363073369925944404e-03 1.264278764410277290e+04
3.073208973311916452e+03 9.915243421897381726e-01 7.349657485826975763e-03 1.262533728600943869e+04
3.073216789707238604e+03 9.897020228486407278e-01 7.336043275523770023e-03 1.260801363254673197e+04
3.073224606102561211e+03 9.958503301002299413e-01 7.353586693727718129e-03 1.269227467899441581e+04
3.073232422497883363e+03 1.002534528736495956e+00 7.373225636243651258e-03 1.278346195497879125e+04
3.073240238893205515e+03 1.001252874498463896e+00 7.373641945258652824e-03 1.277312749099662869e+04
3.073248055288527667e+03 9.994367574167798418e-01 7.372758318959238451e-03 1.275597586670435521e+04
3.073255871683849819e+03 1.002686641208571539e+00 7.389686214471198958e-03 1.280351078881719513e+04
3.073263688079172425e+03 1.006266695946132605e+00 7.407764534896538362e-03 1.285532276539935447e+04
3.073271504474494577e+03 1.005097195788597020e+00 7.363664223052712385e-03 1.284649228990915071e+04
3.073279320869816729e+03 1.003444751383534062e+00 7.313274107083331602e-03 1.283149170957050774e+04
3.073287137265138881e+03 1.003320501998577585e+00 7.315383612471610709e-03 1.283604172294046111e+04
3.073294953660461488e+03 1.003348562580054004e+00 7.322757585756426921e-03 1.284255945924436310e+04
3.073302770055783640e+03 1.003961873418921735e+00 7.299348090383676879e-03 1.285659189618901109e+04
3.073310586451105792e+03 1.004631443978417638e+00 7.272888677745894918e-03 1.287137243673108242e+04
3.073318402846427944e+03 9.988721338430894825e-01 7.259103037636130580e-03 1.280377413260381945e+04
3.073326219241750550e+03 9.924844117684233913e-01 7.246565433676923317e-03 1.272806493277824666e+04
3.073334035637072702e+03 9.992707634961937035e-01 7.255095599763319338e-03 1.282132808279269375e+04
3.073341852032394854e+03 1.007330621613625965e+00 7.265656558352483717e-03 1.293104358280695487e+04
3.073349668427717006e+03 1.008017631665192981e+00 7.267387174608853570e-03 1.294618880656833244e+04
3.073357484823039613e+03 1.007993837909114454e+00 7.268257290590494565e-03 1.295222900125276101e+04
3.073365301218361765e+03 1.006402682067242260e+00 7.257920482293856064e-03 1.293813897573745999e+04
3.073373117613683917e+03 1.004662572255744735e+00 7.246517614166544073e-03 1.292213273689710513e+04
3.073380934009006069e+03 1.002427587567418898e+00 7.232378246181100055e-03 1.289975586246444436e+04
3.073388750404328675e+03 1.000146717169288602e+00 7.217984403730251693e-03 1.287677947304156805e+04
3.073396566799650827e+03 1.001738516497017173e+00 7.230563301626492627e-03 1.290367858311774580e+04
3.073404383194972979e+03 1.003687206715003333e+00 7.245626210964269294e-03 1.293521727454114625e+04
3.073412199590295131e+03 1.003365973200392336e+00 7.238037465599461880e-03 1.293753203772808411e+04
3.073420015985617738e+03 1.002835252157575630e+00 7.228366053076770367e-03 1.293715987523396325e+04
3.073427832380939890e+03 9.986886199745802495e-01 7.216976414908900586e-03 1.289012980063078612e+04
3.073435648776262042e+03 9.942163291814551940e-01 7.205431298147804177e-03 1.283886019228608166e+04
3.073443465171584194e+03 9.982561320248733994e-01 7.231646689101449942e-03 1.289752872969377677e+04
3.073451281566906800e+03 1.003053968854222822e+00 7.261213293868033075e-03 1.296606837836966406e+04
3.073459097962228952e+03 1.002684190210594961e+00 7.263978640943725973e-03 1.296785700839480160e+04
3.073466914357551104e+03 1.001855623472670320e+00 7.264357348319776600e-03 1.296372391178285397e+04
3.073474730752873256e+03 1.004439348527331521e+00 7.273147864557710784e-03 1.300377616923835922e+04
3.073482547148195863e+03 1.007317881476519794e+00 7.282656231586883550e-03 1.304770089987277788e+04
3.073490363543518015e+03 1.002266768964001464e+00 7.247623362118879066e-03 1.298891896523365176e+04
3.073498179938840167e+03 9.965335666774568502e-01 7.208763151166508107e-03 1.292124555343011525e+04
3.073505996334162319e+03 9.959093165490021660e-01 7.208694424196099119e-03 1.291979310189813987e+04
3.073513812729484926e+03 9.957204356281904589e-01 7.211927479434819890e-03 1.292400278652595625e+04
3.073521629124807077e+03 9.971413899382892687e-01 7.243324142577693345e-03 1.294913525092148666e+04
3.073529445520129229e+03 9.986953375914467967e-01 7.277055425876598899e-03 1.297603439087817787e+04
3.073537261915451381e+03 1.000879149363763876e+00 7.277954992489664779e-03 1.301116217001588848e+04
3.073545078310773988e+03 1.003111926354801176e+00 7.276110560802829218e-03 1.304697600538945335e+04
3.073552894706096140e+03 1.003681599162119298e+00 7.278132157437704024e-03 1.306119737113057636e+04
3.073560711101418292e+03 1.004112654907316937e+00 7.280459456999293852e-03 1.307364140473237239e+04
3.073568527496740444e+03 9.999388045534334246e-01 7.247339164709874423e-03 1.302612330888772522e+04
3.073576343892063051e+03 9.953940177849598392e-01 7.211365061337152334e-03 1.297373310658443916e+04
3.073584160287385203e+03 9.949554292504142472e-01 7.219876454792832805e-03 1.297484757681862357e+04
3.073591976682707354e+03 9.948446663449064253e-01 7.231931497863590234e-03 1.298025288631597687e+04
3.073599793078029506e+03 9.959666148106914862e-01 7.253320956296267601e-03 1.300176856040945677e+04
3.073607609473352113e+03 9.971834908630244909e-01 7.275417054977690971e-03 1.302455921206417770e+04
3.073615425868674265e+03 9.992634122632644278e-01 7.268607789109184959e-03 1.305866487132127077e+04
3.073623242263996417e+03 1.001407193338659685e+00 7.259541594696473053e-03 1.309365408412388933e+04
3.073631058659318569e+03 1.001911678168812214e+00 7.276704853740443950e-03 1.310724721960792158e+04
3.073638875054641176e+03 1.002288194391731002e+00 7.295858459917618430e-03 1.311919209560232048e+04
3.073646691449963328e+03 9.994213103419006261e-01 7.283185743000696738e-03 1.308868552955615996e+04
3.073654507845285480e+03 9.964231775205123487e-01 7.269212843679821040e-03 1.305643849439885889e+04
3.073662324240607632e+03 9.994719818977059189e-01 7.288988738156454081e-03 1.310344633724310188e+04
3.073670140635930238e+03 1.002757792467559472e+00 7.310082078197301797e-03 1.315362586776898752e+04
3.073677957031252390e+03 1.005959354458516808e+00 7.309399016968079130e-03 1.320276599006426841e+04
3.073685773426574542e+03 1.009152852778107068e+00 7.307857370147463963e-03 1.325186553339302554e+04
3.073693589821896694e+03 1.008794158865497170e+00 7.294269259391748458e-03 1.325435886770053185e+04
3.073701406217219301e+03 1.008299399232220228e+00 7.280227089372735133e-03 1.325507818747259080e+04
3.073709222612541453e+03 1.004697675542358004e+00 7.276474149115725633e-03 1.321494385553326720e+04
3.073717039007863605e+03 1.000983250616351183e+00 7.273095686400306639e-03 1.317329429425889066e+04
3.073724855403185757e+03 1.003993253446016309e+00 7.283103499337605959e-03 1.322015525083960347e+04
3.073732671798508363e+03 1.007241090161098862e+00 7.293572917657866264e-03 1.327021288184474906e+04
3.073740488193830515e+03 1.000593739888846700e+00 7.277569477565888970e-03 1.318989833709245431e+04
3.073748304589152667e+03 9.939253034130111075e-01 7.261500829344782679e-03 1.310922871606162153e+04
3.073756120984474819e+03 9.960689060403474793e-01 7.265652885063174707e-03 1.314477081112215637e+04
3.073763937379797426e+03 9.982246188873838966e-01 7.269826175896000955e-03 1.318052372108803320e+04
3.073771753775119578e+03 1.000565097899178690e+00 7.303834159418352151e-03 1.321876884898652133e+04
3.073779570170441730e+03 1.002901657947434799e+00 7.337820511327385054e-03 1.325701623535156250e+04
3.228348154288967635e+03 1.000344777993692480e+00 5.261897679567873951e-03 2.320491864013671875e+04
3.228357564249200550e+03 9.996561784525357375e-01 5.263345139108679439e-03 2.319100535263384518e+04
3.228366974209433465e+03 9.989766480121843317e-01 5.264839493084596048e-03 2.317709206513097160e+04
3.228376384169666835e+03 9.979385570935195293e-01 5.259691265553225609e-03 2.315466241024486590e+04
3.228385794129899750e+03 9.968994691868736657e-01 5.254421912759940118e-03 2.313202516108857162e+04
3.228395204090132665e+03 9.983610331780952141e-01 5.263710825354329589e-03 2.316724538659261452e+04
3.228404614050365581e+03 9.999537096675117365e-01 5.273759495775959608e-03 2.320535674418494091e+04
3.228414024010598496e+03 1.001553698781531443e+00 5.295713785381517269e-03 2.324349899216271297e+04
3.228423433970831866e+03 1.003159233916043114e+00 5.318608561710764550e-03 2.328164361485859263e+04
3.228432843931064781e+03 1.001377983479002198e+00 5.302588722925857638e-03 2.324107024669206658e+04
3.228442253891297696e+03 9.992445013729363001e-01 5.282497202532619729e-03 2.319221602524240370e+04
3.228451663851530611e+03 9.990828253749353127e-01 5.277214168334701770e-03 2.318903563932606266e+04
3.228461073811763526e+03 9.991902039401586721e-01 5.273945723153638902e-03 2.319202337633513162e+04
3.228470483771996442e+03 9.997978652250105736e-01 5.262796139955175194e-03 2.320655980456131874e+04
3.228479893732229812e+03 1.000490550002718138e+00 5.250343354469883331e-03 2.322301972717836543e+04
3.228489303692462727e+03 1.000921456327076964e+00 5.260694854607246736e-03 2.323336629770441868e+04
3.228498713652695642e+03 1.001300762608049677e+00 5.275607460347958404e-03 2.324249103900305636e+04
3.228508123612928557e+03 1.002318080321166649e+00 5.261152770133050056e-03 2.326641467822005870e+04
3.228517533573161472e+03 1.003485190657709358e+00 5.239792570446022944e-03 2.329381794499341413e+04
3.228526943533394842e+03 1.002238394355918771e+00 5.220222118137976021e-03 2.326520238052498098e+04
3.228536353493627757e+03 1.000332759643219216e+00 5.201134435394780611e-03 2.322132010064479255e+04
3.228545763453860673e+03 9.990184430744777355e-01 5.181495481583215518e-03 2.319120444245675026e+04
3.228555173414093588e+03 9.978870174440929164e-01 5.161675675024659550e-03 2.316538761647482534e+04
3.228564583374326503e+03 9.982298314809185946e-01 5.161434651758662132e-03 2.317386135182414728e+04
3.228573993334559873e+03 9.990928759855030039e-01 5.168122500592183845e-03 2.319449325513530130e+04
3.228583403294792788e+03 9.999642813532697572e-01 5.175466494392405581e-03 2.321541388698605806e+04
3.228592813255025703e+03 1.000836005800492590e+00 5.183056946366061159e-03 2.323644991756331729e+04
3.228602223215258618e+03 1.001814137113875347e+00 5.176123471063672800e-03 2.326007789429941477e+04
3.228611633175491534e+03 1.002836450854416972e+00 5.162668157681602615e-03 2.328486681329589919e+04
3.228621043135724449e+03 1.002749518445083421e+00 5.148109168983472719e-03 2.328404753013618756e+04
3.228630453095957819e+03 1.002166742560908208e+00 5.133040969704343905e-03 2.327187331686388279e+04
3.228639863056190734e+03 1.001922132922101971e+00 5.126985401230344658e-03 2.326772327643687458e+04
3.228649273016423649e+03 1.001840499057965683e+00 5.125366347210184338e-03 2.326754319853322886e+04
3.228658682976656564e+03 1.001882590010138685e+00 5.124249914621117549e-03 2.327043533323024167e+04
3.228668092936889479e+03 1.001988276372875353e+00 5.123387304072642146e-03 2.327501680944847249e+04
3.228677502897122849e+03 1.001249044066583771e+00 5.119710053764580868e-03 2.326019537816504817e+04
3.228686912857355765e+03 9.999909477373025712e-01 5.114296710047883283e-03 2.323355316747857796e+04
3.228696322817588680e+03 9.991436564116277230e-01 5.104501175163420230e-03 2.321670068322183943e+04
3.228705732777821595e+03 9.985688628530292599e-01 5.091736336760438464e-03 2.320643965065276643e+04
3.228715142738054510e+03 9.989644125214235393e-01 5.088093053490560201e-03 2.321900530415677713e+04
3.228724552698287880e+03 1.000076646957716919e+00 5.091203241085861218e-03 2.324852417717222852e+04
3.228733962658520795e+03 1.001094153017255239e+00 5.093764220685237203e-03 2.327615231653673618e+04
3.228743372618753710e+03 1.002031165124561252e+00 5.095860928569608157e-03 2.330223367119294562e+04
3.228752782578986626e+03 1.001260358939828787e+00 5.091048562453040667e-03 2.328893029935632512e+04
3.228762192539219541e+03 9.991021680501577240e-01 5.080620274656454799e-03 2.324368562804871181e+04
3.228771602499452456e+03 9.983977094573112110e-01 5.075250731164958340e-03 2.323260115218286592e+04
3.228781012459685826e+03 9.989888406057958470e-01 5.074388061227496152e-03 2.325200692130358584e+04
3.228790422419918741e+03 9.991911720423688470e-01 5.067541788699654257e-03 2.326267714172265914e+04
3.228799832380151656e+03 9.990132752608951172e-01 5.054831719453049300e-03 2.326477064159871952e+04
3.228809242340384571e+03 9.981846028416717642e-01 5.045811656332448332e-03 2.325194396635465455e+04
3.228818652300617487e+03 9.966560151514539667e-01 5.040784562786396021e-03 2.322300492549195405e+04
3.228828062260850857e+03 9.962942819207916134e-01 5.037152765652313721e-03 2.322141493326639466e+04
3.228837472221083772e+03 9.973206084868772026e-01 5.035191502032161995e-03 2.325232123848136689e+04
3.228846882181316687e+03 9.983683366329156872e-01 5.039153260910931957e-03 2.328384633203206249e+04
3.228856292141549602e+03 9.994436113736595573e-01 5.050097507577641295e-03 2.331610033235470837e+04
3.228865702101782517e+03 9.994598600577868641e-01 5.054790773186926787e-03 2.332369341493755928e+04
3.228875112062015887e+03 9.981057560431594311e-01 5.051394620042895349e-03 2.329930119788673255e+04
3.228884522022248802e+03 9.974585568316447493e-01 5.046824578772080711e-03 2.329136552943442439e+04
3.228893931982481718e+03 9.978218834872252252e-01 5.040580905542816313e-03 2.330695968752080807e+04
3.228903341942714633e+03 9.984209600412813357e-01 5.033824694593358635e-03 2.332796865085975514e+04
3.228912751902947548e+03 9.993536914940018834e-01 5.026339415889998115e-03 2.335665140265442824e+04
3.228922161863180463e+03 1.000352871117337505e+00 5.026175300821017315e-03 2.338673351635647850e+04
3.228931571823413833e+03 1.001453712993610079e+00 5.037443785080612454e-03 2.341900521986843160e+04
3.228940981783646748e+03 1.001202282562523749e+00 5.036272522034391033e-03 2.341942428269259108e+04
3.228950391743879663e+03 9.986050786322406836e-01 5.013548593823640917e-03 2.336469362856399675e+04
3.228959801704112579e+03 9.975516499618514166e-01 4.997885158122070647e-03 2.334580006087510264e+04
3.228969211664345494e+03 9.994510022375757696e-01 4.995716240211950897e-03 2.339575932090338029e+04
3.228978621624578864e+03 1.000053981043217632e+00 4.993825485742503859e-03 2.341513498582376269e+04
3.228988031584811779e+03 9.981819404684955099e-01 4.992413378909960064e-03 2.337630891106517811e+04
3.228997441545044694e+03 9.972737486207960966e-01 4.991843997529666656e-03 2.335980143260121258e+04
3.229006851505277609e+03 9.983940504864198262e-01 4.993000092150861637e-03 2.339057505732690333e+04
3.229016261465510524e+03 9.992283670343666824e-01 4.990528401057293430e-03 2.341442792212326094e+04
3.229025671425743894e+03 9.994525074960617372e-01 4.980394987822208547e-03 2.342376317150621981e+04
3.229035081385976810e+03 9.996419719128014636e-01 4.973889382937950014e-03 2.343206850323443723e+04
3.229044491346209725e+03 9.997375030793125283e-01 4.975817057527293259e-03 2.343795950259021629e+04
3.229053901306442640e+03 9.999750529331924431e-01 4.975283869154550898e-03 2.344697292003629991e+04
3.229063311266675555e+03 1.000571811637418707e+00 4.968199662363042418e-03 2.346420870512051260e+04
3.229072721226908470e+03 1.000911380931863048e+00 4.965199772452016415e-03 2.347521843332021308e+04
3.229082131187141840e+03 1.000567585329323217e+00 4.972766387616051227e-03 2.347000823761464926e+04
3.229091541147374755e+03 1.000414141454773809e+00 4.975999475164385316e-03 2.346907464577720384e+04
3.229100951107607671e+03 1.000805006992840029e+00 4.966404721729668001e-03 2.348072911292175922e+04
3.229110361067840586e+03 1.000798746348930512e+00 4.957812808499678474e-03 2.348289085069774228e+04
3.229119771028073501e+03 9.996224763902413768e-01 4.952062692183152072e-03 2.345742576623151763e+04
3.229129180988306871e+03 9.987504825759997429e-01 4.950335293565734374e-03 2.343893120402354907e+04
3.229138590948539786e+03 9.988689481004334736e-01 4.961843150582169633e-03 2.344351949611955570e+04
3.229148000908772701e+03 9.989362939800821017e-01 4.967278192491447579e-03 2.344675365888180750e+04
3.229157410869005616e+03 9.987905234946179434e-01 4.949524092934982043e-03 2.344483616156127755e+04
3.229166820829238532e+03 9.988142120994194517e-01 4.937541876131589305e-03 2.344675224535681627e+04
3.229176230789471902e+03 9.994570387468277861e-01 4.947141817818188556e-03 2.346306451072779237e+04
3.229185640749704817e+03 1.000209977287456198e+00 4.956254945500099436e-03 2.348182995465776185e+04
3.229195050709937732e+03 1.001424092409344269e+00 4.963152363093787864e-03 2.351129623511848695e+04
3.229204460670170647e+03 1.002451945410254508e+00 4.966697762627105515e-03 2.353626855853515735e+04
3.229213870630403562e+03 1.002661549999043000e+00 4.955742129842713797e-03 2.354191276882954844e+04
3.229223280590636477e+03 1.002889895884564009e+00 4.948901615737875091e-03 2.354788492238400067e+04
3.229232690550869847e+03 1.003193545919471852e+00 4.962808037820428189e-03 2.355551846501145337e+04
3.229242100511102763e+03 1.003079082310732728e+00 4.968537737561277111e-03 2.355323286752427884e+04
3.229251510471335678e+03 1.000861659823811145e+00 4.933398545044072672e-03 2.350147076943889988e+04
3.229260920431568593e+03 9.990254258643976870e-01 4.903856988507942008e-03 2.345856760208257401e+04
3.229270330391801508e+03 9.994500610755908676e-01 4.907705419368955414e-03 2.346866726653241494e+04
3.229279740352034878e+03 9.995992106405753308e-01 4.907674869216414881e-03 2.347221794979772676e+04
3.229289150312267793e+03 9.981117233127537736e-01 4.884754364570365048e-03 2.343726269044409855e+04
3.229298560272500708e+03 9.970258828778461035e-01 4.863967222001439224e-03 2.341166903114354864e+04
3.229307970232733624e+03 9.988238294070987955e-01 4.858505607733725265e-03 2.345372617977442496e+04
3.229317380192966539e+03 9.999937539396431818e-01 4.852134153113590517e-03 2.348097631854807332e+04
3.229326790153199909e+03 9.966992213749941154e-01 4.839242067073188693e-03 2.340334204102730655e+04
3.229336200113432824e+03 9.938162619768602379e-01 4.827183313886160634e-03 2.333532438936137987e+04
3.229345610073665739e+03 9.937796515219075033e-01 4.820852661452663945e-03 2.333409738056718925e+04
3.229355020033898654e+03 9.938639159011887214e-01 4.817173225405302177e-03 2.333566954276273100e+04
3.229364429994131569e+03 9.949984824043216491e-01 4.836756850545499697e-03 2.336186811939263862e+04
3.229373839954364485e+03 9.961826416067024459e-01 4.854519762231423660e-03 2.338920122911737781e+04
3.229383249914597855e+03 9.977832217034389162e-01 4.856580052420540229e-03 2.342628632964493227e+04
3.229392659874830770e+03 9.990361920979131671e-01 4.857238271081805274e-03 2.345519004449476779e+04
3.229402069835063685e+03 9.963049386801294816e-01 4.841821133053616361e-03 2.339054012460012746e+04
3.229411479795296600e+03 9.937788150619079053e-01 4.827342322295550582e-03 2.333070049133993598e+04
3.229420889755529515e+03 9.935293870867244470e-01 4.823278066120309168e-03 2.332430848736669941e+04
3.229430299715762885e+03 9.933223599184969332e-01 4.819554577581490647e-03 2.331891395374964486e+04
3.229439709675995800e+03 9.935740844479189482e-01 4.819517202239554689e-03 2.332429581306700857e+04
3.229449119636228716e+03 9.938473275375889759e-01 4.819480202844771480e-03 2.333019455569812271e+04
3.229458529596461631e+03 9.944592614360149296e-01 4.819483733934346731e-03 2.334406059853822080e+04
3.229467939556694546e+03 9.951589220244239087e-01 4.819929774828649732e-03 2.336000752688200373e+04
3.229477349516927916e+03 9.971742927581970228e-01 4.827011746805950389e-03 2.340686506353241202e+04
3.229486759477160831e+03 9.989529803899392935e-01 4.832757292590252399e-03 2.344819774721854628e+04
3.229496169437393746e+03 9.973567358313566444e-01 4.819433796296824189e-03 2.341034896679388476e+04
3.229505579397626661e+03 9.959045303462492615e-01 4.807104262003322227e-03 2.337592497853087843e+04
3.229514989357859577e+03 9.978264015333031534e-01 4.817976651579528903e-03 2.342074522964865173e+04
3.229524399318092492e+03 9.996484527127281750e-01 4.828598135644431369e-03 2.346327454467289499e+04
3.229533809278325862e+03 9.993258680761357704e-01 4.833935021221263603e-03 2.345552384117195106e+04
3.229543219238558777e+03 9.989923942025290549e-01 4.838091154194060391e-03 2.344758098801481901e+04
3.229552629198791692e+03 9.984851608406969392e-01 4.817863804903441127e-03 2.343562829077124479e+04
3.229562039159024607e+03 9.979848818119694265e-01 4.798066312066592322e-03 2.342391236025987382e+04
3.229571449119257522e+03 9.979311057687498820e-01 4.798096997502374061e-03 2.342275498802230504e+04
3.229580859079490892e+03 9.978940715727883104e-01 4.798230043784356032e-03 2.342207428300435640e+04
3.229590269039723808e+03 9.986762144980850797e-01 4.803187924267367931e-03 2.344070994958655865e+04
3.229599678999956723e+03 9.994610352894411909e-01 4.807859150354043716e-03 2.345950301486214812e+04
3.229609088960189638e+03 1.000490514533442843e+00 4.802589733760908274e-03 2.348413875403604106e+04
3.229618498920422553e+03 1.001529348753728677e+00 4.797640927318136926e-03 2.350909963269334548e+04
3.229627908880655923e+03 1.003037609019117316e+00 4.804368176938428152e-03 2.354519079125624557e+04
3.229637318840888838e+03 1.004523930103846663e+00 4.810967617619082808e-03 2.358088420143458279e+04
3.229646728801121753e+03 1.002328373760519531e+00 4.794993781486093717e-03 2.353026621317840181e+04
3.229656138761354669e+03 1.000141666717542455e+00 4.779026782477943137e-03 2.347997689175353662e+04
3.229665548721587584e+03 1.000013440340481008e+00 4.767607467640377905e-03 2.347814145287008068e+04
3.229674958681820499e+03 9.998778844424729417e-01 4.756170555617195150e-03 2.347626880320320561e+04
3.229684368642053869e+03 9.995596441070457860e-01 4.745670776861954550e-03 2.347024655100328528e+04
3.229693778602286784e+03 9.992586438093590262e-01 4.735410996198730071e-03 2.346477355518792683e+04
3.229703188562519699e+03 1.001046837266990730e+00 4.749135514349289537e-03 2.350851250462225653e+04
3.229712598522752614e+03 1.002806665789758078e+00 4.762619518168862039e-03 2.355174768286880499e+04
3.229722008482985530e+03 1.002954451034632433e+00 4.760588883150369301e-03 2.355728763436029476e+04
3.229731418443218899e+03 1.003095122674689144e+00 4.758524982135002752e-03 2.356282758585205011e+04
3.229740828403451815e+03 1.001673987017451584e+00 4.736562763536576563e-03 2.353184902894255720e+04
3.229750238363684730e+03 1.000228974411192961e+00 4.714356718397759959e-03 2.350047893775171542e+04
3.229759648323917645e+03 1.000468470081552708e+00 4.710425784785620892e-03 2.350886487850370395e+04
3.229769058284150560e+03 1.000714397917410237e+00 4.706614553962693882e-03 2.351758992665565165e+04
3.229778468244383930e+03 1.000548414595632041e+00 4.693145434440167997e-03 2.351682669620275556e+04
3.229787878204616845e+03 1.000371540486829858e+00 4.679579683841234190e-03 2.351600324009224278e+04
3.229797288164849761e+03 1.001810731121390852e+00 4.680719140672225456e-03 2.355337550784803898e+04
3.229806698125082676e+03 1.003247437694033239e+00 4.681878565637607494e-03 2.359090722227051447e+04
3.229816108085315591e+03 1.002848245293700202e+00 4.677948561531453629e-03 2.358548523504524928e+04
3.229825518045548506e+03 1.002436311819221659e+00 4.673965014287431892e-03 2.357997819074206927e+04
3.229834928005781876e+03 1.002406159260978757e+00 4.659165291746157449e-03 2.358367274508715491e+04
3.229844337966014791e+03 1.002366206810583860e+00 4.644369427166985566e-03 2.358736449783212811e+04
3.229853747926247706e+03 1.002264583082303373e+00 4.648338615551792820e-03 2.358983755460098109e+04
3.229863157886480622e+03 1.002158742693276317e+00 4.652276064514024659e-03 2.359244866218760944e+04
3.229872567846713537e+03 1.003356063842229196e+00 4.659946679769844460e-03 2.362598760626554576e+04
3.229881977806946907e+03 1.004542262958881382e+00 4.667564662423319237e-03 2.365952655034510462e+04
3.229891387767179822e+03 1.001291032970088368e+00 4.650298498333110646e-03 2.358879472548204285e+04
3.229900797727412737e+03 9.979431518592111194e-01 4.632500226132809859e-03 2.351600522574665592e+04
3.229910207687645652e+03 9.981627723440644750e-01 4.623774708203957050e-03 2.352752591542582377e+04
3.229919617647878567e+03 9.984334903016350848e-01 4.615160822577495797e-03 2.354052227936488271e+04
3.229929027608111937e+03 9.991553699166716429e-01 4.610868086686216102e-03 2.356443593077489641e+04
3.229938437568344852e+03 9.998720815646139348e-01 4.606590173557027941e-03 2.358851641600471339e+04
3.229947847528577768e+03 9.987517517274919765e-01 4.606240133911333572e-03 2.356953897940153547e+04
3.229957257488810683e+03 9.975960740071818655e-01 4.605885922141526000e-03 2.354999877588527306e+04
3.229966667449043598e+03 9.983924587493404612e-01 4.604224475842277550e-03 2.357683137660567809e+04
3.229976077409276513e+03 9.991969737202419655e-01 4.602492257700767538e-03 2.360416795650539643e+04
3.229985487369509883e+03 9.992953972175602217e-01 4.606875467440320684e-03 2.361513623598703998e+04
3.229994897329742798e+03 9.993746536432553951e-01 4.611248617606956111e-03 2.362596251170518372e+04
3.230004307289975714e+03 9.997732024817967966e-01 4.604927984965897017e-03 2.364465604239642198e+04
3.230013717250208629e+03 1.000160076034485757e+00 4.598481154818923056e-03 2.366340065178823352e+04
3.230023127210441544e+03 1.002739261636593771e+00 4.618435294449796738e-03 2.373436885585713026e+04
3.230032537170674914e+03 1.005311796523529422e+00 4.638422280484170296e-03 2.380556261533397628e+04
3.230041947130907829e+03 1.003507152874339781e+00 4.611454355047013565e-03 2.377345004722798694e+04
3.230051357091140744e+03 1.001680342778475952e+00 4.584343719762688091e-03 2.374111486816406250e+04
3.241748700923763408e+03 1.000707588796293956e+00 3.063270413365458498e-03 2.268054067098020823e+04
3.241757065206376865e+03 1.001152108568688970e+00 3.064582085210845915e-03 2.268642006646942173e+04
3.241765429488989867e+03 1.001968763459750944e+00 3.064317195883101402e-03 2.270081318773580279e+04
3.241773793771603323e+03 1.002431930684352990e+00 3.063281743258540381e-03 2.270727752412396148e+04
3.241782158054216779e+03 1.001505310731882092e+00 3.059228722525348786e-03 2.268234588818487100e+04
3.241790522336829781e+03 1.001003231385888759e+00 3.057456598146070931e-03 2.266711763047973363e+04
3.241798886619443238e+03 1.002354250642363720e+00 3.065611065007620151e-03 2.269392997733608718e+04
3.241807250902056694e+03 1.003472222258857682e+00 3.072530784813052619e-03 2.271553713184076696e+04
3.241815615184670150e+03 1.003490969482512485e+00 3.073595206177749499e-03 2.271233628831935494e+04
3.241823979467283152e+03 1.003169014062174513e+00 3.073712625738441243e-03 2.270150335760750386e+04
3.241832343749896609e+03 1.001063867937159291e+00 3.068876386465840128e-03 2.265040247088225078e+04
3.241840708032510065e+03 9.994306521921234587e-01 3.064581740868348256e-03 2.261006794390875439e+04
3.241849072315123067e+03 1.000594920312145586e+00 3.063532502678221851e-03 2.263309661065190085e+04
3.241857436597736523e+03 1.001686433322928282e+00 3.062831265539371108e-03 2.265454528205369934e+04
3.241865800880349980e+03 1.002312152996061911e+00 3.064493639917510639e-03 2.266552584099080923e+04
3.241874165162963436e+03 1.002731841875028174e+00 3.065908486398621468e-03 2.267191491840145318e+04
3.241882529445576438e+03 1.001616426761404943e+00 3.065515527807321713e-03 2.264366679758896862e+04
3.241890893728189894e+03 1.000502812763657046e+00 3.064174403195707962e-03 2.261553444286112790e+04
3.241899258010803351e+03 9.994195826510380298e-01 3.056657096707218572e-03 2.258816242681345466e+04
3.241907622293416352e+03 9.984474100675564401e-01 3.049742977578454636e-03 2.256337217885556311e+04
3.241915986576029809e+03 9.983258439746862667e-01 3.047406568518255376e-03 2.255787200513495918e+04
3.241924350858643265e+03 9.985274543937674441e-01 3.046378758506811373e-03 2.255973742604802828e+04
3.241932715141256267e+03 1.001537088564825151e+00 3.056703172747063206e-03 2.262509830861967566e+04
3.241941079423869724e+03 1.004062926642466991e+00 3.065075908480455365e-03 2.267957686302047659e+04
3.241949443706483180e+03 1.001705728290459119e+00 3.053729499166510895e-03 2.262381795038574273e+04
3.241957807989096636e+03 9.995460184585733820e-01 3.043588055149707133e-03 2.257258943197306507e+04
3.241966172271709638e+03 9.998312524752310804e-01 3.048267528141273674e-03 2.257663683253551062e+04
3.241974536554323095e+03 1.000033092418409097e+00 3.052386363943053026e-03 2.257885635483170699e+04
3.241982900836936551e+03 9.990002732746103842e-01 3.048066051852408535e-03 2.255325666748948788e+04
3.241991265119549553e+03 9.980800589752740759e-01 3.044260981571660345e-03 2.253025746151572457e+04
3.241999629402163009e+03 9.994646601079401060e-01 3.050931042834090657e-03 2.255933795576810735e+04
3.242007993684776466e+03 1.000737422756937889e+00 3.057414023604729768e-03 2.258593994841014501e+04
3.242016357967389467e+03 9.988358130792229783e-01 3.058651832468945678e-03 2.254095015844726004e+04
3.242024722250002924e+03 9.970288777677857039e-01 3.059602773341447545e-03 2.249815221845209089e+04
3.242033086532616380e+03 9.971231953030031958e-01 3.055048553351785278e-03 2.249830425355708576e+04
3.242041450815229837e+03 9.972131481941324260e-01 3.050915112664097633e-03 2.249839853383581067e+04
3.242049815097842838e+03 9.972297036854061991e-01 3.058745897760699415e-03 2.249687448569953631e+04
3.242058179380456295e+03 9.972509450623939786e-01 3.066417942696839961e-03 2.249549061974003780e+04
3.242066543663069751e+03 9.975698162680017855e-01 3.066612082228376696e-03 2.250085118299035457e+04
3.242074907945682753e+03 9.978759461299320233e-01 3.066744233883762771e-03 2.250595122085585535e+04
3.242083272228296210e+03 9.963486961964460598e-01 3.057640613481592273e-03 2.246972837980342592e+04
3.242091636510909666e+03 9.948202559193469741e-01 3.048532645486708419e-03 2.243350553875099286e+04
3.242100000793522668e+03 9.917714999120260666e-01 3.036668091780861303e-03 2.236302524471947254e+04
3.242108365076136124e+03 9.887433190225471957e-01 3.024980845331872240e-03 2.229303425953841725e+04
3.242116729358749581e+03 9.903207894265362299e-01 3.041026755912726136e-03 2.232690019281468994e+04
3.242125093641363037e+03 9.918981318989135154e-01 3.057073976510046864e-03 2.236076612609096264e+04
3.242133457923976039e+03 9.901215686009979811e-01 3.053999828959914550e-03 2.231902896471025451e+04
3.242141822206589495e+03 9.883215750671112687e-01 3.050793362542192442e-03 2.227677152396784004e+04
3.242150186489202952e+03 9.867627694467507871e-01 3.048938384308347467e-03 2.223995471772591918e+04
3.242158550771815953e+03 9.852090974405924850e-01 3.047112670901131783e-03 2.220325422522543158e+04
3.242166915054429410e+03 9.847474423000883714e-01 3.033194489201641343e-03 2.219115958971999135e+04
3.242175279337042866e+03 9.843258499573462883e-01 3.018836694324053549e-03 2.217995812830677824e+04
3.242183643619656323e+03 9.862256105974845921e-01 3.024030215718207220e-03 2.222104708633672635e+04
3.242192007902269324e+03 9.881736583273899033e-01 3.029624656229169821e-03 2.226319962982546349e+04
3.242200372184882781e+03 9.884719317587149501e-01 3.026671202183139897e-03 2.226815845673049625e+04
3.242208736467496237e+03 9.887131565409184031e-01 3.023419267325292391e-03 2.227180695075437689e+04
3.242217100750109239e+03 9.888363622168450107e-01 3.020574025815079937e-03 2.227276884424309901e+04
3.242225465032722695e+03 9.889549193058638776e-01 3.017752881440732751e-03 2.227359490063676276e+04
3.242233829315336152e+03 9.883488734635526018e-01 3.008443262830750621e-03 2.225806818656298128e+04
3.242242193597949154e+03 9.876961896284668363e-01 2.998706241527080742e-03 2.224145641924196025e+04
3.242250557880562610e+03 9.900485724678962374e-01 3.012935119022969871e-03 2.229247053967555985e+04
3.242258922163176067e+03 9.925518822791895568e-01 3.028357757644063557e-03 2.234682957476393858e+04
3.242267286445789523e+03 9.914121448163020212e-01 3.018913588136946068e-03 2.231911735024447262e+04
3.242275650728402525e+03 9.900366390233212854e-01 3.007851882438333964e-03 2.228605238166204072e+04
3.242284015011015981e+03 9.913532711752794935e-01 3.017202434576438282e-03 2.231353490608025459e+04
3.242292379293629438e+03 9.928918355738964863e-01 3.028225026002716747e-03 2.234594961771880116e+04
3.242300743576242439e+03 9.938957651258706338e-01 3.025416402136738795e-03 2.236626599198713666e+04
3.242309107858855896e+03 9.948682630463677734e-01 3.021728572631477393e-03 2.238580697281637913e+04
3.242317472141469352e+03 9.965887174617675814e-01 3.027562585252822902e-03 2.242210466646178975e+04
3.242325836424082354e+03 9.983724770671261739e-01 3.034171334603508532e-03 2.245974784604462184e+04
3.242334200706695810e+03 9.986691910967702146e-01 3.036476658051351449e-03 2.246385910610870269e+04
3.242342564989309267e+03 9.988755209165697257e-01 3.038521200642436883e-03 2.246585907836781553e+04
3.242350929271922723e+03 9.996852950908948765e-01 3.040084154512967280e-03 2.248134869592339237e+04
3.242359293554535725e+03 1.000546170721019257e+00 3.041618911778179706e-03 2.249790579462885580e+04
3.242367657837149181e+03 1.000510843891774249e+00 3.038474905940574938e-03 2.249423837756650028e+04
3.242376022119762638e+03 1.000392155916313364e+00 3.034889462694859239e-03 2.248863339572294717e+04
3.242384386402375640e+03 1.000738948660700345e+00 3.039660796109469598e-03 2.249343453102455533e+04
3.242392750684989096e+03 1.001124182981737443e+00 3.045091397862395577e-03 2.249904707193059221e+04
3.242401114967602552e+03 1.000878105015697406e+00 3.039708661339339101e-03 2.249042748538288288e+04
3.242409479250215554e+03 1.000573677696628083e+00 3.033305578829562435e-03 2.248046143665296404e+04
3.242417843532829011e+03 1.000376513795560030e+00 3.037088416176081732e-03 2.247287660339293143e+04
3.242426207815442467e+03 1.000188488553150901e+00 3.041657894184612767e-03 2.246547468778865368e+04
3.242434572098055924e+03 1.000969624803798252e+00 3.048430937254524836e-03 2.247982255481776156e+04
3.242442936380668925e+03 1.001841918853010771e+00 3.055412832176259297e-03 2.249620216240016816e+04
3.242451300663282382e+03 9.999063967798341723e-01 3.048603134906472702e-03 2.244953262548516068e+04
3.242459664945895838e+03 9.977576713634986882e-01 3.040747214325188134e-03 2.239809263714044937e+04
3.242468029228508840e+03 9.998336252319194317e-01 3.045371961111587727e-03 2.244150021309625663e+04
3.242476393511122296e+03 1.002299197180195112e+00 3.051147276009173997e-03 2.249365500610423624e+04
3.242484757793735753e+03 1.002542543737921399e+00 3.051861647556757245e-03 2.249595326179296171e+04
3.242493122076348754e+03 1.002619040697826147e+00 3.052195104730572907e-03 2.249453668674813889e+04
3.242501486358962211e+03 1.003312547481197914e+00 3.048835342969088199e-03 2.250699764413241428e+04
3.242509850641575667e+03 1.004060626847373516e+00 3.045132944297538474e-03 2.252072195929332520e+04
3.242518214924189124e+03 1.002073543610320527e+00 3.038453569048760790e-03 2.247315155329579284e+04
3.242526579206802126e+03 9.998828649797324442e-01 3.031546877093913104e-03 2.242108451484579564e+04
3.242534943489415582e+03 9.993299643155089118e-01 3.028376910490909821e-03 2.240581408078450841e+04
3.242543307772029038e+03 9.989212730992784728e-01 3.025533377458621605e-03 2.239384985931697884e+04
3.242551672054642040e+03 9.967224965954258886e-01 3.017487855599776479e-03 2.234183943555684527e+04
3.242560036337255497e+03 9.943904449429321613e-01 3.009054247673096164e-03 2.228693712573509401e+04
3.242568400619868953e+03 9.977595515133302895e-01 3.024090064942330704e-03 2.235990033667499665e+04
3.242576764902482410e+03 1.001631062152773977e+00 3.041198622251261967e-03 2.244420118176651158e+04
3.383590459315485987e+03 1.000660005126914998e+00 2.172055419609342491e-03 1.564064250804484254e+04
3.383599093088499558e+03 1.000906324363990407e+00 2.172715962448763458e-03 1.564325863004580060e+04
3.383607726861512674e+03 1.000650060982730905e+00 2.171621984166414911e-03 1.563801558528783789e+04
3.383616360634525790e+03 1.000512444131921974e+00 2.171189684331192426e-03 1.563462301643219143e+04
3.383624994407539361e+03 1.001182807477135173e+00 2.175268438349446318e-03 1.564385164219246144e+04
3.383633628180552478e+03 1.001676050260884576e+00 2.178871286678651497e-03 1.565030716812580613e+04
3.383642261953565594e+03 1.000868952598838346e+00 2.178978797955670108e-03 1.563644240284617263e+04
3.383650895726579165e+03 1.000209088329641061e+00 2.178607715201202888e-03 1.562487574429509550e+04
3.383659529499592281e+03 1.000712386212079696e+00 2.174448988933114051e-03 1.563147587105479215e+04
3.383668163272605398e+03 1.001087052352931384e+00 2.169971136198572959e-03 1.563606180535665953e+04
3.383676797045618969e+03 1.000356943647624286e+00 2.162759600082008599e-03 1.562338887487076499e+04
3.383685430818632085e+03 9.997304372967084074e-01 2.156425026982208143e-03 1.561233203128101741e+04
3.383694064591645201e+03 1.000512694400260472e+00 2.162036085189281837e-03 1.562327138837426719e+04
3.383702698364658772e+03 1.001163162227314718e+00 2.166881308432673341e-03 1.563214744128344864e+04
3.383711332137671889e+03 9.997673360802071807e-01 2.159844910675194282e-03 1.560907016183053383e+04
3.383719965910685005e+03 9.983962747611563326e-01 2.153127513352795942e-03 1.558637966758230141e+04
3.383728599683698576e+03 9.974690897594483685e-01 2.152137030676534810e-03 1.557061832533345660e+04
3.383737233456711692e+03 9.966770889488162366e-01 2.151127488201368728e-03 1.555696616796711533e+04
3.383745867229724809e+03 9.987476494148874728e-01 2.149708342209608047e-03 1.558799038124411527e+04
3.383754501002738380e+03 1.000665197744929014e+00 2.148076258673949079e-03 1.561661812421927607e+04
3.383763134775751496e+03 9.986190988912304611e-01 2.140942146735444387e-03 1.558338533157380516e+04
3.383771768548765067e+03 9.966142369809668500e-01 2.133931341315326632e-03 1.555079830134591248e+04
3.383780402321778183e+03 9.959704621799706503e-01 2.131001095782291809e-03 1.553944967954701860e+04
3.383789036094791300e+03 9.953153298857037035e-01 2.128146540329106575e-03 1.552792267375782831e+04
3.383797669867804871e+03 9.941452569869770883e-01 2.128705448291042576e-03 1.550836165694046940e+04
3.383806303640817987e+03 9.929929473135836737e-01 2.129249580367086579e-03 1.548907804934456180e+04
3.383814937413831103e+03 9.930992355140128014e-01 2.128715109507063347e-03 1.548942522364232718e+04
3.383823571186844674e+03 9.932011692160493954e-01 2.128195745143988005e-03 1.548970159071113267e+04
3.383832204959857791e+03 9.925692278254997225e-01 2.130075603643046076e-03 1.547853078915257720e+04
3.383840838732870907e+03 9.919373382177473220e-01 2.131956123764605724e-03 1.546735998759402173e+04
3.383849472505884478e+03 9.917070467897997066e-01 2.134371401557500717e-03 1.546245006703763283e+04
3.383858106278897594e+03 9.914775263192879828e-01 2.136788293597095996e-03 1.545755042707422035e+04
3.383866740051910710e+03 9.901223615785363918e-01 2.134819685386972477e-03 1.543510134860336257e+04
3.383875373824924282e+03 9.887563934394199006e-01 2.132809304080595172e-03 1.541248527092313270e+04
3.383884007597937398e+03 9.866088638152002988e-01 2.130833852736240940e-03 1.537768896048910392e+04
3.383892641370950514e+03 9.844474102485948341e-01 2.128858962883753599e-03 1.534267931820557169e+04
3.383901275143964085e+03 9.826465478234303053e-01 2.123352727976113644e-03 1.531329281771201568e+04
3.383909908916977201e+03 9.808547525074950979e-01 2.117755259293408604e-03 1.528405050034286614e+04
3.383918542689990318e+03 9.795603351369611689e-01 2.118189015611114754e-03 1.526256079077902359e+04
3.383927176463003889e+03 9.782826781769906610e-01 2.118827588401297948e-03 1.524133388147839833e+04
3.383935810236017005e+03 9.752576544119175850e-01 2.107276887264073785e-03 1.519288761588212765e+04
3.383944444009030121e+03 9.721583160169942062e-01 2.095208874640591603e-03 1.514329025405657558e+04
3.383953077782043692e+03 9.739543947020273817e-01 2.102493366262394962e-03 1.516994885648317540e+04
3.383961711555056809e+03 9.759997055783079523e-01 2.110762981244646702e-03 1.520048265433621054e+04
3.383970345328070380e+03 9.758456837583501242e-01 2.108097866438251190e-03 1.519675940144461492e+04
3.383978979101083496e+03 9.755608550450531880e-01 2.104781848257742272e-03 1.519099827797136459e+04
3.383987612874096612e+03 9.765813657305706386e-01 2.109888962785335699e-03 1.520556095787476988e+04
3.383996246647110183e+03 9.776912995595586908e-01 2.115572537195905406e-03 1.522151177846502287e+04
3.384004880420123300e+03 9.776917146522058344e-01 2.114544006748513526e-03 1.522018594287462838e+04
3.384013514193136416e+03 9.776064519112961371e-01 2.112996727821105265e-03 1.521752526629963722e+04
3.384022147966149987e+03 9.772955274385553004e-01 2.113713583830937291e-03 1.521135135037804685e+04
3.384030781739163103e+03 9.769651170620130554e-01 2.114626304133904351e-03 1.520487397567091466e+04
3.384039415512176220e+03 9.785919844617272378e-01 2.119930710745385194e-03 1.522885569787177337e+04
3.384048049285189791e+03 9.804064152186701131e-01 2.125656225758513519e-03 1.525575066104504549e+04
3.384056683058202907e+03 9.835980516074759317e-01 2.132533149399296578e-03 1.530406812039327451e+04
3.384065316831216023e+03 9.868888704204960005e-01 2.139493744552039937e-03 1.535391911811379214e+04
3.384073950604229594e+03 9.872285352362484279e-01 2.145196365349286236e-03 1.535785065231744193e+04
3.384082584377242711e+03 9.873303614080116697e-01 2.150798572564847737e-03 1.535808097201159035e+04
3.384091218150255827e+03 9.881700967849170736e-01 2.150203527315890876e-03 1.536978769446035585e+04
3.384099851923269398e+03 9.890762593541645442e-01 2.149051965747957212e-03 1.538252467905955200e+04
3.384108485696282514e+03 9.922374411193238819e-01 2.160420481292615272e-03 1.543032660274709633e+04
3.384117119469295631e+03 9.956226786900368442e-01 2.173031913261400279e-03 1.548160343030647891e+04
3.384125753242309202e+03 9.984702613373889202e-01 2.179234281897698272e-03 1.552451099605891250e+04
3.384134387015322318e+03 1.001259910443339507e+00 2.184741536393396306e-03 1.556650976872731917e+04
3.384143020788335434e+03 9.997176376343789306e-01 2.179785401000291188e-03 1.554115855870902851e+04
3.384151654561349005e+03 9.976627895792062883e-01 2.173590989787073467e-03 1.550784387685904585e+04
3.384160288334362122e+03 9.976411839115090219e-01 2.169319364431372514e-03 1.550613703556844121e+04
3.384168922107375693e+03 9.978091036541552050e-01 2.165226287708947074e-03 1.550737572780598748e+04
3.384177555880388809e+03 9.993654366655726484e-01 2.167741312025450121e-03 1.553019001602795470e+04
3.384186189653401925e+03 1.001064465179362095e+00 2.170934731230065445e-03 1.555521743587475612e+04
3.384194823426415496e+03 1.001224613021040266e+00 2.170210269015901677e-03 1.555633030641190817e+04
3.384203457199428613e+03 1.001212180594989398e+00 2.169046257240828460e-03 1.555476178263196016e+04
3.384212090972441729e+03 1.001109819110989285e+00 2.172145809298245064e-03 1.555179659096041360e+04
3.384220724745455300e+03 1.000996460451125891e+00 2.175765402415138616e-03 1.554866123055708886e+04
3.384229358518468416e+03 1.000604444516295599e+00 2.176343943656318305e-03 1.554119856602750224e+04
3.384237992291481532e+03 1.000175623846229600e+00 2.176521821407539914e-03 1.553316588555567432e+04
3.384246626064495103e+03 1.001149852676847196e+00 2.175890311360119747e-03 1.554692299797153100e+04
3.384255259837508220e+03 1.002273065417960352e+00 2.175172743441761234e-03 1.556299144834468461e+04
3.384263893610521336e+03 1.001079417628097712e+00 2.174275221774315311e-03 1.554308518745539186e+04
3.384272527383534907e+03 9.996174459163131854e-01 2.173356641341199318e-03 1.551901724300445130e+04
