9.999997393473123442e-01
9.999997357902217221e-01
9.999997310963955055e-01
9.999997255560049148e-01
9.999997194674059564e-01
9.999997130224815844e-01
9.999997063040395595e-01
9.999996993324518080e-01
9.999996921036891084e-01
9.999996846064559408e-01
9.999996768273178294e-01
9.999996687517478389e-01
9.999996603642296034e-01
9.999996516481983733e-01
9.999996425859556393e-01
9.999996331585728759e-01
9.999996233457859596e-01
9.999996131258788168e-01
9.999996024755533064e-01
9.999995913697876659e-01
9.999995797816765286e-01
9.999995676822569513e-01
9.999995550403101285e-01
9.999995418221450105e-01
9.999995279913530544e-01
9.999995135085352205e-01
9.999994983309961061e-01
9.999994824123985548e-01
9.999994657023754119e-01
9.999994481460914297e-01
9.999994296837458885e-01
9.999994102500081583e-01
9.999993897733761017e-01
9.999993681754419939e-01
9.999993453700520840e-01
9.999993212623422556e-01
9.999992957476231403e-01
9.999992687100935917e-01
9.999992400213434385e-01
9.999992095386095459e-01
9.999991771027321175e-01
9.999991425357507291e-01
9.999991056380622689e-01
9.999990661850420848e-01
9.999990239230056588e-01
9.999989785643483842e-01
9.999989297816492817e-01
9.999988772004420046e-01
9.999988203901930550e-01
9.999987588526823012e-01
9.999986920061163520e-01
9.999986191610465980e-01
9.999985394781978343e-01
9.999984518828340940e-01
9.999983548714161952e-01
9.999982460525449479e-01
9.999981210479950144e-01
9.999979709048810728e-01
9.999977761803835463e-01
9.999974939099144366e-01
9.999970300520881761e-01
9.999961837330276770e-01
9.999945395542627624e-01
9.999912695454815648e-01
9.999847874347933541e-01
9.999721779404284749e-01
9.999483106179910541e-01
9.999045555618082393e-01
9.998270671437957668e-01
9.996947141641780998e-01
9.994769248212009849e-01
9.991319744430604555e-01
9.986065246816011598e-01
9.978374263038378711e-01
9.967567836581513463e-01
9.953009035996627230e-01
9.934229354604237061e-01
9.911078143569795884e-01
9.883868037818113184e-01
9.853479226497844357e-01
9.821383180889240450e-01
9.789555532503158020e-01
9.760268423289980566e-01
9.735780999730200280e-01
9.717975682123972669e-01
9.708009200349013712e-01
9.706054472209928452e-01
9.711199025550555364e-01
9.721538815459512817e-01
9.734467684292239520e-01
9.747119845465554988e-01
9.756884785368789004e-01
9.761890287803073329e-01
9.761347611662984924e-01
9.755676723324193667e-01
9.746376046456034503e-01
9.735660612042280615e-01
9.725949863873465384e-01
9.719325856034277678e-01
9.717092292454964086e-01
9.719540706889147064e-01
9.725977229814506408e-01
9.734995205964378506e-01
9.744913802797539049e-01
9.754259332801329396e-01
9.762157620085198939e-01
9.768535460520019198e-01
9.774087871367895808e-01
9.780036474694220328e-01
9.787761071302176763e-01
9.798414425798194216e-01
9.812623586545867749e-01
9.830345679014043103e-01
9.850896284460635144e-01
9.873120829445832802e-01
9.895647185989216998e-01
9.917147494836373589e-01
9.936548096423087895e-01
9.953151406211089292e-01
9.966662750355674838e-01
9.977139430773720452e-01
9.984892948378312205e-01
9.990377297226731290e-01
9.994089310431270023e-01
9.996495852929306869e-01
9.997991683029330279e-01
9.998883921211449977e-01
9.999395189807895878e-01
9.999677026558499993e-01
9.999826811200579479e-01
9.999903845064546104e-01
9.999942449231984387e-01
9.999961545867183110e-01
9.999971093410090495e-01
9.999976105317923691e-01
9.999979002264535177e-01
9.999980909584904598e-01
9.999982334423118679e-01
9.999983501203484337e-01
9.999984509847393843e-01
9.999985407026203976e-01
9.999986216926077809e-01
9.999986954066807376e-01
9.999987628518991478e-01
9.999988248026951965e-01
9.999988818909398836e-01
9.999989346482764940e-01
9.999989835293527918e-01
9.999990289267675081e-01
9.999990711818622646e-01
9.999991105930463586e-01
9.999991474224441124e-01
9.999991819012989946e-01
9.999992142344205082e-01
9.999992446038699079e-01
9.999992731720405148e-01
9.999993000842435364e-01
9.999993254708950952e-01
9.999993494493708557e-01
9.999993721255908685e-01
9.999993935953761515e-01
9.999994139456169773e-01
9.999994332552825105e-01
9.999994515962948860e-01
9.999994690342915993e-01
9.999994856292905299e-01
9.999995014362716983e-01
9.999995165056885238e-01
9.999995308839193520e-01
9.999995446136644706e-01
9.999995577342990494e-01
9.999995702821857790e-01
9.999995822909528709e-01
9.999995937917425248e-01
9.999996048134330850e-01
9.999996153828366596e-01
9.999996255248783106e-01
9.999996352627558149e-01
9.999996446180838827e-01
9.999996536110244971e-01
9.999996622604047092e-01
9.999996705838228861e-01
9.999996785977453007e-01
9.999996863175939499e-01
9.999996937578263800e-01
9.999997009320076291e-01
9.999997078528759520e-01
9.999997145323834546e-01
9.999997209815948418e-01
9.999997272097337353e-01
9.999997332195533772e-01
9.999997389918797719e-01
9.999997444513056832e-01
9.999997494240906448e-01
9.999997536404023890e-01
9.999997568375509349e-01
9.999968772851284271e-01
9.999967812389914945e-01
9.999966527280088613e-01
9.999964958896920830e-01
9.999963154473443527e-01
9.999961140392641390e-01
9.999958913831252794e-01
9.999956443113238169e-01
9.999953661023166518e-01
9.999950436501734430e-01
9.999946504418517623e-01
9.999941313270594989e-01
9.999933711910002909e-01
9.999921330053691548e-01
9.999899400360452439e-01
9.999858608594305309e-01
9.999781335500385060e-01
9.999635380539283469e-01
9.999363980846236455e-01
9.998870763402885053e-01
9.997998373072616296e-01
9.996500153752536644e-01
9.994005703889690118e-01
9.989983590739635044e-01
9.983707968739755634e-01
9.974239857785567320e-01
9.960437364305201324e-01
9.941010556280218680e-01
9.914634125771746298e-01
9.880122839499997367e-01
9.836660807936896678e-01
9.784057629222947527e-01
9.722986713804504522e-01
9.655149449836986086e-01
9.583309029302879978e-01
9.511152878796313992e-01
9.442971529889023774e-01
9.383178665115214923e-01
9.335733397720085147e-01
9.303553052996360595e-01
9.288016899544475624e-01
9.288656119945677414e-01
9.303103403602607235e-01
9.327339066093984776e-01
9.356222820511536087e-01
9.384246541668657127e-01
9.406392336125486420e-01
9.418944245956458738e-01
9.420093978080970043e-01
9.410209601949616198e-01
9.391699808254863058e-01
9.368491935264886550e-01
9.345227938647702182e-01
9.326346045350735192e-01
9.315240822306553037e-01
9.313675659211543278e-01
9.321564870062751806e-01
9.337160964342792191e-01
9.357593325670696682e-01
9.379626313359428202e-01
9.400455725577936406e-01
9.418356274694532626e-01
9.433033319426776808e-01
9.445610263370713966e-01
9.458276986053121282e-01
9.473707056185465269e-01
9.494399382705904777e-01
9.522103046520095093e-01
9.557446805863284434e-01
9.599832658536442409e-01
9.647585416216595267e-01
9.698294716433646379e-01
9.749253364303445135e-01
9.797890163242791717e-01
9.842113522489474020e-01
9.880516044103060391e-01
9.912429236039901337e-01
9.937851053501729481e-01
9.957289895661163293e-01
9.971574559982376851e-01
9.981672742923776154e-01
9.988546208236370738e-01
9.993054576065049099e-01
9.995906333733043381e-01
9.997647379749732277e-01
9.998674284599444739e-01
9.999260202204773851e-01
9.999584236930278980e-01
9.999758514132560672e-01
9.999850208067269097e-01
9.999897904711760876e-01
9.999922891468281394e-01
9.999936467048182731e-01
9.999944412900858559e-01
9.999949589289092167e-01
9.999953370873067016e-01
9.999956404884252636e-01
9.999958994382773803e-01
9.999961283796774403e-01
9.999963344103559582e-01
9.999965207684693436e-01
9.999966878020036809e-01
9.999968330695383489e-01
9.999969521645855064e-01
9.999970412137162423e-01
9.999982471829702568e-01
9.999981862355908913e-01
9.999981027689733848e-01
9.999980006494165741e-01
9.999978834974261321e-01
9.999977526644745485e-01
9.999976072569390917e-01
9.999974445610533280e-01
9.999972594372629198e-01
9.999970415392041012e-01
9.999967679915766627e-01
9.999963858980862597e-01
9.999957725982497880e-01
9.999946496765029780e-01
9.999924062811124115e-01
9.999877554422429426e-01
9.999781033372677763e-01
9.999584620054391415e-01
9.999196995055276149e-01
9.998459345494512540e-01
9.997110002590733346e-01
9.994741856821987014e-01
9.990759523091203853e-01
9.984349816474105133e-01
9.974485783897286684e-01
9.959988206265439903e-01
9.939665019274168678e-01
9.912534937835106863e-01
9.878116134778973656e-01
9.836728801751137841e-01
9.789732205718013613e-01
9.739605849576526975e-01
9.689801306713576867e-01
9.644338194754680238e-01
9.607184756483612142e-01
9.581531504779803310e-01
9.569113996924221155e-01
9.569752133496935986e-01
9.581242465760189120e-01
9.599671047909028587e-01
9.620119879247469585e-01
9.637639199139085289e-01
9.648275536530506180e-01
9.649907870042955249e-01
9.642671354459285693e-01
9.628842569769506810e-01
9.612201375628204314e-01
9.597031484507192456e-01
9.587028007503330951e-01
9.584410189568928207e-01
9.589480062691486673e-01
9.600738403573523261e-01
9.615505324044824054e-01
9.630842870766990194e-01
9.644488870337519781e-01
9.655516145786572357e-01
9.664529781390605034e-01
9.673372854763582218e-01
9.684470019007690444e-01
9.700041558227485705e-01
9.721436561640537377e-01
9.748767393857056263e-01
9.780912654578688414e-01
9.815837573726117204e-01
9.851097557050337850e-01
9.884362301674983753e-01
9.913823254597128320e-01
9.938407928132622082e-01
9.957794365041454654e-01
9.972273839077432367e-01
9.982536101167147624e-01
9.989448721375676632e-01
9.993879968767148680e-01
9.996586459659710933e-01
9.998163279495315692e-01
9.999040686204607731e-01
9.999507754264336246e-01
9.999746224735204247e-01
9.999863537200924801e-01
9.999919629572280311e-01
9.999946146843121664e-01
9.999958940603577151e-01
9.999965564457360401e-01
9.999969454381494316e-01
9.999972110737284092e-01
9.999974169092304965e-01
9.999975896142241361e-01
9.999977407218798575e-01
9.999978757004837071e-01
9.999979975682602440e-01
9.999981082527054088e-01
9.999982089574259714e-01
9.999982999098478986e-01
9.999983797352507420e-01
9.999984453235033488e-01
9.999984933994593428e-01
9.999866060231263898e-01
9.999848398064501431e-01
9.999814319978277410e-01
9.999748870625224662e-01
9.999622923960365117e-01
9.999381667853575184e-01
9.998926079503618336e-01
9.998084413646857183e-01
9.996570690904669210e-01
9.993928247405936549e-01
9.989459170252574793e-01
9.982145463180367440e-01
9.970575219730291039e-01
9.952896136165709784e-01
9.926827161012699019e-01
9.889763197678025364e-01
9.839002867024799759e-01
9.772111410879675830e-01
9.687399044508049339e-01
9.584454140006108958e-01
9.464631474051223847e-01
9.331373183397870807e-01
9.190247093667052170e-01
9.048628400215186218e-01
8.915018629729243305e-01
8.798072287435766414e-01
8.705465649390307092e-01
8.642779253017895957e-01
8.612572703719739708e-01
8.613813361084754483e-01
8.641786079856170755e-01
8.688559807923856848e-01
8.744012413975834619e-01
8.797314101884801119e-01
8.838653571644744522e-01
8.860891781208999340e-01
8.860789710697876131e-01
8.839512839098500052e-01
8.802267050861619646e-01
8.757128455444604942e-01
8.713327265437872393e-01
8.679371713137440381e-01
8.661420778100251683e-01
8.662240555577570555e-01
8.680939208097573356e-01
8.713505420890441666e-01
8.754005400219448951e-01
8.796150777579000435e-01
8.834863896537570316e-01
8.867466467187654633e-01
8.894214831456056514e-01
8.918080498303455617e-01
8.943876075152743521e-01
8.976989370369843346e-01
9.022063668440054585e-01
9.081937426889756804e-01
9.157054905701960124e-01
9.245422304475348074e-01
9.343052783023568786e-01
9.444746738413283271e-01
9.545004981158320412e-01
9.638874341123211398e-01
9.722570594215543816e-01
9.793796996255301757e-01
9.851757006144656881e-01
9.896925649883734355e-01
9.930680654606816038e-01
9.954898209361260353e-01
9.971595930687622289e-01
9.982670419460574207e-01
9.989741936327191096e-01
9.994093135046873133e-01
9.996675629047593326e-01
9.998155901818071012e-01
9.998976806883126400e-01
9.999418517932912032e-01
9.999650238409759639e-01
9.999769668347673335e-01
9.999830766726940379e-01
9.999862044613272438e-01
9.999878002049618075e-01
9.999905048988635414e-01
9.999901646246560638e-01
9.999897026537745148e-01
9.999891246453158633e-01
9.999884287530694804e-01
9.999875840724130605e-01
9.999865007395050132e-01
9.999849729631167250e-01
9.999825606220438257e-01
9.999783526927819022e-01
9.999705180857474396e-01
9.999554913047032922e-01
9.999265612855330332e-01
9.998715388202122911e-01
9.997690920597746000e-01
9.995833035408742129e-01
9.992560859912695825e-01
9.986973915945589475e-01
9.977737577768452937e-01
9.962967083582365824e-01
9.940138178538626690e-01
9.906066036855643020e-01
9.857003486827613514e-01
9.788907850572899916e-01
9.697905941352067405e-01
9.580945488027821089e-01
9.436562753971551309e-01
9.265634794748676129e-01
9.071942973543201116e-01
8.862374184899953766e-01
8.646638326033604383e-01
8.436475450000484599e-01
8.244435254529578483e-01
8.082399900948630256e-01
7.960064352355031847e-01
7.883585205571572718e-01
7.854578961784601798e-01
7.869618234855646488e-01
7.920348793718278158e-01
7.994315798879305657e-01
8.076512606325387811e-01
8.151528890695027840e-01
8.205993481858684380e-01
8.230844650360680248e-01
8.222902586980588291e-01
8.185325419439075656e-01
8.126791472659802285e-01
8.059580959812824297e-01
7.997009392471556843e-01
7.950800171368329616e-01
7.928952598035754473e-01
7.934506901774747156e-01
7.965397250003076746e-01
8.015367776761739282e-01
8.075728070252774504e-01
8.137557288952566026e-01
8.193859053682690519e-01
8.241165865546817848e-01
8.280220762631126386e-01
8.315605796051177556e-01
8.354467824169546919e-01
8.404715626213299373e-01
8.473158198763508508e-01
8.564009772946463706e-01
8.678042881639367323e-01
8.812488729318357361e-01
8.961616413614238441e-01
9.117798580702940470e-01
9.272802142234195522e-01
9.419031484620052908e-01
9.550495642231893179e-01
9.663358967674821054e-01
9.756044268516128604e-01
9.828958416268381848e-01
9.883976760910240245e-01
9.923841753301270163e-01
9.951607718460226959e-01
9.970215021863058080e-01
9.982223561549464774e-01
9.989693341132404036e-01
9.994175880948121815e-01
9.996773563423489994e-01
9.998229304091963421e-01
9.999019824565815728e-01
9.999437251537021121e-01
9.999652919373955839e-01
9.999763187968570000e-01
9.999820111070580886e-01
9.999850743731260039e-01
9.999868643341799368e-01
9.999880379369325833e-01
9.999889045565906187e-01
9.999896070859395358e-01
9.999902113633221123e-01
9.999907485676714503e-01
9.999912345665349367e-01
9.999916784522525637e-01
9.999920862091382645e-01
9.999924622665108398e-01
9.999928101512562950e-01
9.999931327169222506e-01
9.999934320305898794e-01
9.999937087652830403e-01
9.999939610359817044e-01
9.999941833664180990e-01
9.999943674798840165e-01
9.999945061100324883e-01
