9.999999545881299579e-01
9.999999536845187720e-01
9.999999524824833008e-01
9.999999510486139442e-01
9.999999494520999122e-01
9.999999477362331302e-01
9.999999459174306882e-01
9.999999439964621928e-01
9.999999419676467438e-01
9.999999398229557634e-01
9.999999375531807289e-01
9.999999351480912679e-01
9.999999325963495611e-01
9.999999298853634588e-01
9.999999270011128427e-01
9.999999239279422358e-01
9.999999206483189962e-01
9.999999171425446587e-01
9.999999133884138747e-01
9.999999093608017420e-01
9.999999050311705329e-01
9.999999003669677311e-01
9.999998953308908423e-01
9.999998898799796754e-01
9.999998839644841375e-01
9.999998775264353768e-01
9.999998704977999253e-01
9.999998627979949095e-01
9.999998543301621412e-01
9.999998449742871776e-01
9.999998345705215508e-01
9.999998228702700054e-01
9.999998093837660917e-01
9.999997929154651466e-01
9.999997702301448577e-01
9.999997325066154463e-01
9.999996566904928441e-01
9.999994863067690476e-01
9.999990930643227749e-01
9.999982084422802675e-01
9.999963173788283255e-01
9.999925198262227255e-01
9.999853938924780916e-01
9.999729308536726702e-01
9.999526353790501032e-01
9.999218574843770080e-01
9.998783160179074425e-01
9.998205999195336480e-01
9.997482776163242324e-01
9.996612454772363376e-01
9.995582146077371943e-01
9.994347449491913782e-01
9.992817685157409091e-01
9.990857666196983899e-01
9.988314238831724756e-01
9.985066875314243529e-01
9.981090417304784301e-01
9.976509621375138082e-01
9.971623662602349114e-01
9.966885614049794118e-01
9.962835176374682522e-01
9.959998118400952283e-01
9.958777702098531304e-01
9.959367476471214786e-01
9.961709420359313727e-01
9.965508030430261233e-01
9.970294155701118211e-01
9.975518150038626963e-01
9.980645235541716342e-01
9.985228776063449496e-01
9.988947657485212073e-01
9.991607653115687215e-01
9.993118364003437115e-01
9.993463262186823570e-01
9.992679162485256228e-01
9.990854186883078025e-01
9.988142840260608724e-01
9.984786982948101741e-01
9.981126022583959312e-01
9.977581148633163366e-01
9.974607143408027454e-01
9.972618447237737715e-01
9.971908505138656897e-01
9.972587343513347191e-01
9.974558526838078754e-01
9.977544121274879441e-01
9.981150153927518254e-01
9.984952113754059777e-01
9.988575437167064308e-01
9.991750730895483379e-01
9.994334573928027599e-01
9.996298789531793405e-01
9.997699389794905134e-01
9.998638869219060865e-01
9.999232940692037719e-01
9.999587679228284509e-01
9.999788006949480446e-01
9.999895155257338963e-01
9.999949535249327282e-01
9.999975796942115469e-01
9.999987926661593196e-01
9.999993339974715401e-01
9.999995724005075193e-01
9.999996803435473591e-01
9.999997339829098664e-01
9.999997652185340646e-01
9.999997868357809461e-01
9.999998038244057863e-01
9.999998181502354200e-01
9.999998306478410370e-01
9.999998417316784405e-01
9.999998516523126435e-01
9.999998605872056912e-01
9.999998686740132481e-01
9.999998760243306029e-01
9.999998827306090243e-01
9.999998888704034750e-01
9.999998945093525604e-01
9.999998997034147408e-01
9.999999045006012777e-01
9.999999089423428078e-01
9.999999130645806922e-01
9.999999168986473119e-01
9.999999204719796086e-01
9.999999238087050601e-01
9.999999269301231841e-01
9.999999298551075499e-01
9.999999326004371802e-01
9.999999351810792136e-01
9.999999376104242721e-01
9.999999399004868561e-01
9.999999420620766521e-01
9.999999441049434168e-01
9.999999460379030980e-01
9.999999478689455268e-01
9.999999496053278980e-01
9.999999512536557056e-01
9.999999528199530197e-01
9.999999543097248811e-01
9.999999557280105922e-01
9.999999570794315673e-01
9.999999583682328552e-01
9.999999595983204426e-01
9.999999607732936724e-01
9.999999618964741099e-01
9.999999629709311888e-01
9.999999639995063028e-01
9.999999649848317906e-01
9.999999659293508092e-01
9.999999668353323212e-01
9.999999677048874158e-01
9.999999685399815208e-01
9.999999693424470593e-01
9.999999701139941077e-01
9.999999708562197220e-01
9.999999715706182624e-01
9.999999722585877215e-01
9.999999729214386068e-01
9.999999735603992690e-01
9.999999741766231187e-01
9.999999747711937337e-01
9.999999753451296325e-01
9.999999758993897148e-01
9.999999764348764808e-01
9.999999769524410276e-01
9.999999774528856022e-01
9.999999779369679320e-01
9.999999784054035556e-01
9.999999788588687100e-01
9.999999792980029945e-01
9.999999797234120358e-01
9.999999801356691531e-01
9.999999805353176896e-01
9.999999809228732328e-01
9.999999812988242809e-01
9.999999816636353511e-01
9.999999820177474241e-01
9.999999823615794980e-01
9.999999826955299209e-01
9.999999830199783890e-01
9.999999833352855028e-01
9.999999836417952093e-01
9.999999839398352464e-01
9.999999842297180308e-01
9.999999845117415465e-01
9.999999847861890112e-01
9.999999850533232149e-01
9.999999853133434424e-01
9.999999855661800829e-01
9.999999858108145068e-01
9.999999860437619459e-01
9.999999862571979925e-01
9.999999864390218818e-01
9.999999865773736563e-01
9.999998835619718918e-01
9.999998814244785983e-01
9.999998786139610019e-01
9.999998752628755927e-01
9.999998715199676091e-01
9.999998674900510975e-01
9.999998632222411032e-01
9.999998587274296913e-01
9.999998539980237133e-01
9.999998490191414069e-01
9.999998437728009337e-01
9.999998382389486684e-01
9.999998323954983892e-01
9.999998262181254427e-01
9.999998196799866346e-01
9.999998127513906043e-01
9.999998053994136882e-01
9.999997975874532763e-01
9.999997892747023442e-01
9.999997804155332792e-01
9.999997709587655770e-01
9.999997608467976473e-01
9.999997500145652030e-01
9.999997383882865964e-01
9.999997258839408154e-01
9.999997124054025299e-01
9.999996978421377136e-01
9.999996820663148434e-01
9.999996649290898709e-01
9.999996462555684751e-01
9.999996258371197655e-01
9.999996034169754688e-01
9.999995786562090316e-01
9.999995510402064358e-01
9.999995196092477112e-01
9.999994821969313552e-01
9.999994333831516702e-01
9.999993593394402858e-01
9.999992257700037745e-01
9.999989518714988979e-01
9.999983587817875552e-01
9.999970768487075334e-01
9.999943960689051670e-01
9.999890546386737133e-01
9.999789884842680276e-01
9.999611109604957804e-01
9.999312431796802958e-01
9.998843378993902409e-01
9.998150864921331316e-01
9.997188360831757992e-01
9.995924945866127009e-01
9.994348718537930942e-01
9.992458676865075828e-01
9.990242238265204522e-01
9.987642163391101668e-01
9.984524639894595266e-01
9.980665755677896600e-01
9.975772644279023993e-01
9.969546634116568384e-01
9.961780903583604685e-01
9.952469751665282693e-01
9.941896896252200300e-01
9.930670655114450796e-01
9.919685238165956154e-01
9.910006603877570264e-01
9.902702659138022945e-01
9.898654507879557363e-01
9.898392681533336734e-01
9.901997296095934598e-01
9.909085008584066490e-01
9.918883122590602675e-01
9.930369026273847544e-01
9.942438090701105624e-01
9.954059553764889046e-01
9.964388184643641067e-01
9.972816173970278086e-01
9.978968813184938558e-01
9.982663017231180325e-01
9.983855310776260650e-01
9.982604068581190093e-01
9.979060909955694836e-01
9.973491641727816326e-01
9.966312642151772261e-01
9.958118839679088730e-01
9.949678177206719987e-01
9.941876022779606581e-01
9.935609412745511904e-01
9.931650018211406472e-01
9.930509269672973538e-01
9.932343065052826603e-01
9.936924536585134415e-01
9.943694156467677292e-01
9.951873913297822893e-01
9.960614616805874011e-01
9.969138641039843041e-01
9.976846043492197946e-01
9.983366612853887823e-01
9.988557715908688017e-01
9.992461614177650109e-01
9.995242508407033988e-01
9.997122676220923099e-01
9.998331105584642442e-01
9.999070418499107493e-01
9.999501476176095860e-01
9.999741293822098642e-01
9.999868801369093951e-01
9.999933740236639501e-01
9.999965547998790338e-01
9.999980646549353480e-01
9.999987696866101672e-01
9.999991028676149529e-01
9.999992699145322517e-01
9.999993640437253584e-01
9.999994257616793281e-01
9.999994721219613858e-01
9.999995102226703070e-01
9.999995430988530831e-01
9.999995721673257121e-01
9.999995981971638859e-01
9.999996216827835571e-01
9.999996429862229030e-01
9.999996623934908069e-01
9.999996801394239743e-01
9.999996964207014116e-01
9.999997114039735902e-01
9.999997252316081831e-01
9.999997380260359225e-01
9.999997498931538775e-01
9.999997609250377284e-01
9.999997712021311269e-01
9.999997807950254947e-01
9.999997897659238522e-01
9.999997981698472982e-01
9.999998060556387625e-01
9.999998134668034444e-01
9.999998204422142489e-01
9.999998270167089753e-01
9.999998332215965791e-01
9.999998390850896035e-01
9.999998446326745505e-01
9.999998498874305142e-01
9.999998548703037393e-01
9.999998596003457640e-01
9.999998640949209205e-01
9.999998683698865243e-01
9.999998724397510808e-01
9.999998763178127303e-01
9.999998800162810397e-01
9.999998835463852487e-01
9.999998869184680839e-01
9.999998901420714681e-01
9.999998932260107942e-01
9.999998961784417606e-01
9.999998990069196569e-01
9.999999017184532102e-01
9.999999043195518800e-01
9.999999068162688243e-01
9.999999092142398682e-01
9.999999115187171439e-01
9.999999137346020639e-01
9.999999158664720778e-01
9.999999179186076503e-01
9.999999198950150214e-01
9.999999217994469669e-01
9.999999236354226717e-01
9.999999254062451604e-01
9.999999271150171731e-01
9.999999287646559321e-01
9.999999303579059085e-01
9.999999318973522566e-01
9.999999333854309169e-01
9.999999348244394959e-01
9.999999362165463701e-01
9.999999375638001231e-01
9.999999388681367618e-01
9.999999401313872660e-01
9.999999413552850269e-01
9.999999425414713983e-01
9.999999436915021356e-01
9.999999448068523922e-01
9.999999458889214932e-01
9.999999469390387086e-01
9.999999479584660289e-01
9.999999489484034942e-01
9.999999499099921918e-01
9.999999508443178087e-01
9.999999517524137405e-01
9.999999526352647550e-01
9.999999534938089907e-01
9.999999543289410653e-01
9.999999551415144072e-01
9.999999559323431431e-01
9.999999567022048730e-01
9.999999574518425582e-01
9.999999581819658534e-01
9.999999588932533268e-01
9.999999595863540147e-01
9.999999602618891981e-01
9.999999609204519579e-01
9.999999615626034011e-01
9.999999621888318035e-01
9.999999627993586548e-01
9.999999633934368859e-01
9.999999639675172247e-01
9.999999645120114522e-01
9.999999650083617464e-01
9.999999654307445418e-01
9.999999657555860288e-01
9.999999319892058924e-01
9.999999305402704763e-01
9.999999285932883453e-01
9.999999262723180404e-01
9.999999236964898230e-01
9.999999209316171589e-01
9.999999179969352170e-01
9.999999148885072575e-01
9.999999115941005101e-01
9.999999080984459665e-01
9.999999043843267321e-01
9.999999004325528240e-01
9.999998962217083731e-01
9.999998917278259958e-01
9.999998869240016575e-01
9.999998817799351514e-01
9.999998762613828696e-01
9.999998703294984415e-01
9.999998639400388134e-01
9.999998570423944688e-01
9.999998495784003794e-01
9.999998414808666247e-01
9.999998326717395303e-01
9.999998230597810789e-01
9.999998125375926250e-01
9.999998009777090191e-01
9.999997882271933758e-01
9.999997740991077855e-01
9.999997583551109015e-01
9.999997406576902614e-01
9.999997204149295715e-01
9.999996962622796914e-01
9.999996644131190493e-01
9.999996138082710706e-01
9.999995131302246154e-01
9.999992794652622363e-01
9.999987108272142544e-01
9.999973583235584051e-01
9.999943178790534626e-01
9.999879511213055627e-01
9.999756112283912923e-01
9.999535377609846121e-01
9.999171331008617214e-01
9.998617418313635596e-01
9.997837536860423313e-01
9.996814158842668441e-01
9.995544561822726770e-01
9.994018670301275664e-01
9.992181639569466256e-01
9.989897851760121128e-01
9.986942305399573172e-01
9.983041955756373209e-01
9.977970931057990045e-01
9.971676549934116451e-01
9.964390932331180784e-01
9.956678004751415845e-01
9.949382401528656938e-01
9.943479762073408335e-01
9.939864548096615238e-01
9.939137173596817032e-01
9.941456181316827845e-01
9.946500865457463814e-01
9.953552423535751981e-01
9.961662100569924627e-01
9.969848719615705956e-01
9.977265240210356767e-01
9.983293851773156202e-01
9.987561394136903470e-01
9.989897378639533976e-01
9.990273863983452074e-01
9.988764955834631420e-01
9.985546163078700133e-01
9.980928199831843317e-01
9.975396744546924932e-01
9.969619381104585232e-01
9.964389531118620358e-01
9.960503063363166376e-01
9.958596085981896717e-01
9.958996555466623768e-01
9.961644514958545304e-01
9.966112962051760782e-01
9.971723452740615112e-01
9.977715534204116832e-01
9.983413067727000545e-01
9.988339018935217251e-01
9.992256336280562756e-01
9.995141839016293828e-01
9.997119647718205604e-01
9.998385186153220250e-01
9.999142958109044077e-01
9.999568379278191976e-01
9.999792712651357496e-01
9.999904047922592021e-01
9.999956201352550034e-01
9.999979379134885660e-01
9.999989254821584073e-01
9.999993381618401678e-01
9.999995153347175370e-01
9.999995997688424509e-01
9.999996480199522253e-01
9.999996814109308740e-01
9.999997077678965951e-01
9.999997300249424681e-01
9.999997494060286485e-01
9.999997665341067155e-01
9.999997818021268969e-01
9.999997954968582459e-01
9.999998078434438886e-01
9.999998190246497387e-01
9.999998291914035109e-01
9.999998384697252884e-01
9.999998469657477296e-01
9.999998547695199136e-01
9.999998619579533177e-01
9.999998685971362988e-01
9.999998747441719571e-01
9.999998804486522896e-01
9.999998857538496821e-01
9.999998906976886870e-01
9.999998953135418311e-01
9.999998996308899768e-01
9.999999036758677740e-01
9.999999074717222936e-01
9.999999110391979418e-01
9.999999143968600901e-01
9.999999175613718538e-01
9.999999205477281272e-01
9.999999233694574219e-01
9.999999260387942845e-01
9.999999285668286220e-01
9.999999309636340428e-01
9.999999332383806561e-01
9.999999353994325491e-01
9.999999374544328301e-01
9.999999394103784578e-01
9.999999412736864102e-01
9.999999430502507503e-01
9.999999447454946955e-01
9.999999463644153597e-01
9.999999479116244983e-01
9.999999493913837023e-01
9.999999508076365951e-01
9.999999521640378086e-01
9.999999534639776311e-01
9.999999547106055431e-01
9.999999559068509791e-01
9.999999570554409800e-01
9.999999581589178455e-01
9.999999592196537890e-01
9.999999602398643717e-01
9.999999612216220468e-01
9.999999621668652638e-01
9.999999630774111248e-01
9.999999639549626007e-01
9.999999648011188569e-01
9.999999656173810259e-01
9.999999664051610893e-01
9.999999671657873179e-01
9.999999679005102671e-01
9.999999686105085495e-01
9.999999692968937204e-01
9.999999699607146075e-01
9.999999706029618629e-01
9.999999712245719596e-01
9.999999718264299675e-01
9.999999724093737719e-01
9.999999729741971821e-01
9.999999735216514862e-01
9.999999740524498915e-01
9.999999745672684126e-01
9.999999750667489806e-01
9.999999755515011080e-01
9.999999760221042200e-01
9.999999764791087653e-01
9.999999769230338842e-01
9.999999773543335468e-01
9.999999777731813921e-01
9.999999781785577913e-01
9.999999785657182061e-01
9.999999789221820645e-01
9.999999792264293585e-01
9.999999794557876687e-01
9.999932292382445187e-01
9.999873261378284806e-01
9.999753226641263648e-01
9.999525667994959566e-01
9.999121758780833424e-01
9.998449598678682548e-01
9.997400472957284068e-01
9.995863639579423143e-01
9.993746969704140337e-01
9.990994993388202516e-01
9.987591354604843374e-01
9.983533448313388625e-01
9.978776092039209900e-01
9.973157480517844675e-01
9.966338094815296866e-01
9.957792071826730984e-01
9.946882773709466719e-01
9.933028747121224189e-01
9.915930677652398106e-01
9.895798260389709888e-01
9.873501984563108902e-01
9.850586140287070913e-01
9.829113815366925522e-01
9.811361691624329584e-01
9.799427173276014091e-01
9.794838679307540374e-01
9.798262830535430234e-01
9.809378484293109768e-01
9.826943936451908446e-01
9.849033136395239918e-01
9.873374734217400528e-01
9.897706802580710228e-01
9.920065727968412350e-01
9.938956682987712954e-01
9.953394409539219057e-01
9.962842631646153801e-01
9.967105971589487190e-01
9.966233070602925626e-01
9.960473948435399905e-01
9.950304726993766113e-01
9.936498847183492522e-01
9.920197302441813303e-01
9.902921068893708600e-01
9.886481883663090775e-01
9.872780371709651837e-01
9.863522782248630438e-01
9.859923655369323692e-01
9.862476749300300716e-01
9.870862975773551096e-01
9.884025568320562449e-01
9.900393095878327054e-01
9.918188571204719084e-01
9.935742812644967614e-01
9.951737909786264602e-01
9.965336448847013084e-01
9.976190670497226964e-01
9.984358365809673508e-01
9.990169436045848173e-01
9.994086870560243696e-01
9.996593344496323974e-01
9.998117548049911818e-01
9.998999587103759579e-01
9.999485956783770169e-01
9.999741926789904589e-01
9.999870819444427461e-01
9.999933188102040349e-01
9.999962430853154283e-01
9.999975936954024203e-01
9.999982276502141776e-01
9.999985457996101168e-01
9.999987264922293173e-01
9.999988450987206123e-01
9.999989313313071282e-01
9.999989955557584409e-01
9.999990410677923602e-01
9.999979165571240003e-01
9.999971299829364391e-01
9.999953057023061032e-01
9.999912506217254471e-01
9.999826600511450003e-01
9.999654170013616561e-01
9.999327611440609331e-01
9.998745556464507800e-01
9.997770519908468767e-01
9.996236303848611282e-01
9.993968165041591245e-01
9.990813314855679916e-01
9.986670963300461334e-01
9.981503458773366422e-01
9.975308930750543812e-01
9.968046296675763251e-01
9.959525744894701660e-01
9.949304509300609389e-01
9.936645585297150252e-01
9.920592892901934912e-01
9.900185241713229667e-01
9.874781036923738764e-01
9.844414596411659168e-01
9.810074724498372145e-01
9.773801377882154195e-01
9.738538006585530926e-01
9.707742902437941357e-01
9.684831712391732683e-01
9.672573702085580649e-01
9.672581309433029295e-01
9.685011314752797196e-01
9.708542880779320594e-01
9.740627910617176699e-01
9.777942387198554908e-01
9.816922521800035550e-01
9.854259108257580335e-01
9.887249265345273708e-01
9.913957066769589765e-01
9.933195543896998769e-01
9.944392539571976775e-01
9.947427128156325349e-01
9.942516209689703510e-01
9.930196765482979249e-01
9.911400288554034210e-01
9.887568506189413631e-01
9.860730159226800406e-01
9.833459087558564793e-01
9.808666804872214762e-01
9.789239044170592319e-01
9.777586272526601618e-01
9.775220095818570876e-01
9.782473382065051126e-01
9.798447442811366592e-01
9.821205828680390493e-01
9.848163697721297183e-01
9.876569193947674075e-01
9.903956168843107699e-01
9.928469048549659615e-01
9.949009272623394740e-01
9.965208396209720432e-01
9.977276003931969672e-01
9.985789645416210947e-01
9.991488864408355486e-01
9.995114492294469022e-01
9.997309167432919530e-01
9.998574701435105627e-01
9.999270690023202013e-01
9.999636261873983134e-01
9.999820040778460983e-01
9.999908785655892141e-01
9.999950234057889409e-01
9.999969210796343377e-01
9.999977938237991637e-01
9.999982115425238849e-01
9.999984257017316969e-01
9.999985420879227149e-01
