9.999977938363764363e-01
9.999974364593413600e-01
9.999967232645696757e-01
9.999953272251274061e-01
9.999926251771062979e-01
9.999874740152948638e-01
9.999778668735022080e-01
9.999604314640790914e-01
9.999297457572522418e-01
9.998774819310920492e-01
9.997914531626348467e-01
9.996547303572480558e-01
9.994451070120560221e-01
9.991352926586114513e-01
9.986942636808846530e-01
9.980901397879448078e-01
9.972947378492333925e-01
9.962895680950187849e-01
9.950725243865951031e-01
9.936639921101200201e-01
9.921107185128600348e-01
9.904857324686584530e-01
9.888829793924314160e-01
9.874061574807084796e-01
9.861523809363210713e-01
9.851925378294734692e-01
9.845513156044350955e-01
9.841906420145155598e-01
9.840006046507430160e-01
9.838016611347049079e-01
9.833609805875623833e-01
9.824238557251958603e-01
9.807581602014046052e-01
9.782060069127427315e-01
9.747329001634970069e-01
9.704621815883347491e-01
9.656830255969637289e-01
9.608245899195184681e-01
9.563967260915212654e-01
9.529068769025416108e-01
9.507704462525272682e-01
9.502352543535461660e-01
9.513382658357523169e-01
9.539050614895866476e-01
9.575916768726538963e-01
9.619576141681744907e-01
9.665512657176451583e-01
9.709869475062431476e-01
9.749967453302532672e-01
9.784488838756950635e-01
9.813342649886591662e-01
9.837308223614349423e-01
9.857591266292702326e-01
9.875418337724874984e-01
9.891753898674633394e-01
9.907170053422166278e-01
9.921852349042770136e-01
9.935696730646234043e-01
9.948444977963861735e-01
9.959813982410166133e-01
9.969590599091207039e-01
9.977681475380308918e-01
9.984121358805851942e-01
9.989051714185468445e-01
9.992684064295578317e-01
9.995260759015944796e-01
9.997021863994406399e-01
9.998182368553097943e-01
9.998920199223211291e-01
9.999373164174745199e-01
9.999641952947921908e-01
9.999796342103359770e-01
9.999882365196410827e-01
9.999929003819139073e-01
9.999953689288947345e-01
9.999966447208938902e-01
9.999972825103664587e-01
9.999961852959275976e-01
9.999960389077224843e-01
9.999958286159645882e-01
9.999955376224307635e-01
9.999951255643217962e-01
9.999945003924459730e-01
9.999934713946605491e-01
9.999916667405623905e-01
9.999883900441878248e-01
9.999823807967794798e-01
9.999714328936976093e-01
9.999518167213259368e-01
9.999174494483649145e-01
9.998587739404609653e-01
9.997613493266827023e-01
9.996042350416561861e-01
9.993583690237610728e-01
9.989852917831961721e-01
9.984367253283401578e-01
9.976556322192640103e-01
9.965793904791706570e-01
9.951455562997226778e-01
9.933003009424536955e-01
9.910090045773878309e-01
9.882677472730569956e-01
9.851137152165652111e-01
9.816320504188362772e-01
9.779566204085741177e-01
9.742626971983026074e-01
9.707506026038654756e-01
9.676208446794880569e-01
9.650428856873726202e-01
9.631211841321134504e-01
9.618633486724834647e-01
9.611560220616375272e-01
9.607543896142632933e-01
9.602907941650753454e-01
9.593064859058606508e-01
9.573076066550136876e-01
9.538418871490986772e-01
9.485866516570338192e-01
9.414329498697608933e-01
9.325471293717098042e-01
9.223920874133280101e-01
9.116968202546280597e-01
9.013737258931936447e-01
8.923954576697588070e-01
8.856532033317464636e-01
8.818231134267954241e-01
8.812661842698663595e-01
8.839801035280776542e-01
8.896113418054181210e-01
8.975242190292623823e-01
9.069127198284234748e-01
9.169324349795526796e-01
9.268261943539117809e-01
9.360192208293254268e-01
9.441679146737833594e-01
9.511584934119579060e-01
9.570639156805554881e-01
9.620760360692934832e-01
9.664325991062205912e-01
9.703556606146057639e-01
9.740113972822922461e-01
9.774937985510915306e-01
9.808287062387045507e-01
9.839912364153242663e-01
9.869288353862868401e-01
9.895834182306451066e-01
9.919082854258466364e-01
9.938779603050872380e-01
9.954911374032799909e-01
9.967682711935572648e-01
9.977459144122855506e-01
9.984698647493569501e-01
9.989887221346076540e-01
9.993488341442369194e-01
9.995910072900884291e-01
9.997489058304854792e-01
9.998487899821169034e-01
9.999101466971225260e-01
9.999467910370254398e-01
9.999681090458689692e-01
9.999802266178470234e-01
9.999869916914015944e-01
9.999907338735594120e-01
9.999928134844437988e-01
9.999939957918397848e-01
9.999946936459020996e-01
9.999951195221137290e-01
9.999953796142562190e-01
9.999978088994084802e-01
9.999977158349935280e-01
9.999975805026289910e-01
9.999973941251384391e-01
9.999971286344377930e-01
9.999967102658725571e-01
9.999959708167749373e-01
9.999945522443788315e-01
9.999917266423896667e-01
9.999860764402106472e-01
9.999749607271806173e-01
9.999536818648955272e-01
9.999142777305088936e-01
9.998439204805018576e-01
9.997230249976870597e-01
9.995233710509994207e-01
9.992068066735506626e-01
9.987253646445977129e-01
9.980237744007539602e-01
9.970452372124104512e-01
9.957408168212054100e-01
9.940818385396252843e-01
9.920734167318663310e-01
9.897659751108615067e-01
9.872608571515284481e-01
9.847062949151035305e-01
9.822813412730360128e-01
9.801677404303293928e-01
9.785126402544216395e-01
9.773879010099922882e-01
9.767539635968314204e-01
9.764374271992377619e-01
9.761313531482862516e-01
9.754254066073961837e-01
9.738685939861815299e-01
9.710600632800260312e-01
9.667538100342212282e-01
9.609537063093297471e-01
9.539703298189270431e-01
9.464148729531693949e-01
9.391194250077147254e-01
9.329939218665145306e-01
9.288508186460777694e-01
9.272410762651712712e-01
9.283443733023561961e-01
9.319425069694922126e-01
9.374820971063295705e-01
9.442078966594087408e-01
9.513288079574383493e-01
9.581713338416760761e-01
9.642823055292375489e-01
9.694616808015339426e-01
9.737295284153590913e-01
9.772499794937969941e-01
9.802427170980995141e-01
9.829087340462541178e-01
9.853857116333930577e-01
9.877354423677082718e-01
9.899560274627899892e-01
9.920071828842775830e-01
9.938374219394661147e-01
9.954052998177338463e-01
9.966912416647057960e-01
9.977001797684086348e-01
9.984575122931568236e-01
9.990016715872270803e-01
9.993762147471179080e-01
9.996233658519380061e-01
9.997798507309112459e-01
9.998750044040517482e-01
9.999306321092020777e-01
9.999619437705907776e-01
9.999789519608501820e-01
9.999879023552571411e-01
9.999924979849932338e-01
9.999948307473913722e-01
9.999960289335255714e-01
9.999966744223727222e-01
9.999970536962936585e-01
9.999972995721582159e-01
9.999974678060197242e-01
9.999975794449140754e-01
9.999851956745506865e-01
9.999812034420147988e-01
9.999734102992778872e-01
9.999587053590969221e-01
9.999316477978614781e-01
9.998830345492919491e-01
9.997978986186941697e-01
9.996528701250706472e-01
9.994129515830418864e-01
9.990279777057999855e-01
9.984293381447291171e-01
9.975279024777123915e-01
9.962144196858294665e-01
9.943638363446388739e-01
9.918448227904772541e-01
9.885351659515939637e-01
9.843425246701499320e-01
9.792284592774669338e-01
9.732319584849709049e-01
9.664873741099844207e-01
9.592312476496549500e-01
9.517933177012114498e-01
9.445690489991555028e-01
9.379739685410154459e-01
9.323833448089220433e-01
9.280637402033120598e-01
9.251053987146001800e-01
9.233662850715580461e-01
9.224398948054516323e-01
9.216593415937375244e-01
9.201486167487407108e-01
9.169266863340959084e-01
9.110600234179316859e-01
9.018449163840008831e-01
8.889861008085170324e-01
8.727291575410045521e-01
8.539068841938153298e-01
8.338767623298699583e-01
8.143535013829446001e-01
7.971678367377927898e-01
7.840001133516077969e-01
7.761395206347534437e-01
7.743093320452363315e-01
7.785821091068511057e-01
7.883930117990261000e-01
8.026462592718329736e-01
8.198977103659791377e-01
8.385838230191811071e-01
8.572558824748408579e-01
8.747739225867897650e-01
8.904224098084154715e-01
9.039296911302823201e-01
9.153990799761755337e-01
9.251814820812006568e-01
9.337298109902822940e-01
9.414720789189715555e-01
9.487268000643831467e-01
9.556678739615472873e-01
9.623323447899254646e-01
9.686564708238524224e-01
9.745236097304481593e-01
9.798099552422389058e-01
9.844190095332946422e-01
9.883009520282816096e-01
9.914574667985280865e-01
9.939354500304929951e-01
9.958142168945445238e-01
9.971906434853746726e-01
9.981656138784907872e-01
9.988337333184262867e-01
9.992769520274471517e-01
9.995617794714457549e-01
9.997392360116622578e-01
9.998465348219469639e-01
9.999095914331045387e-01
9.999456911277961879e-01
9.999659019681607086e-01
9.999770399343433924e-01
9.999831463901711626e-01
9.999865276342844167e-01
9.999884465940187539e-01
9.999895645854828263e-01
9.999902172511004883e-01
9.999901077924988613e-01
9.999896591318098160e-01
9.999889651777538191e-01
9.999878961751892392e-01
9.999861713783400052e-01
9.999832035993651003e-01
9.999778322230901129e-01
9.999678641080536057e-01
9.999493057022521558e-01
9.999151343927170643e-01
9.998534288851365082e-01
9.997446755677612540e-01
9.995581200138847766e-01
9.992471760628653943e-01
9.987441725352323996e-01
9.979551237692012577e-01
9.967557267260012122e-01
9.949903197086797935e-01
9.924759112529931704e-01
9.890133630098584261e-01
9.844071414676799359e-01
9.784935916307226922e-01
9.711755046498178334e-01
9.624582343212899627e-01
9.524804375637351272e-01
9.415314599857381728e-01
9.300480643690440807e-01
9.185857303296059984e-01
9.077636566353132208e-01
8.981869636292361125e-01
8.903535152056827329e-01
8.845558195544266367e-01
8.807908396939572171e-01
8.786927942756486143e-01
8.775062464845899690e-01
8.761177380334317366e-01
8.731611304080573177e-01
8.672013375308369465e-01
8.569818628539627170e-01
8.416968299035858525e-01
8.212271083061326582e-01
7.962745751225152047e-01
7.683464907752558526e-01
7.395807767459803284e-01
7.124482032678887133e-01
6.893997322142926265e-01
6.725335114516435286e-01
6.633374906592219844e-01
6.625340956775722656e-01
6.700293030234186764e-01
6.849581692317823212e-01
7.058186339401512077e-01
7.306842116843808022e-01
7.574754507262233538e-01
7.842511136152281459e-01
8.094640160679783536e-01
8.321264146462661326e-01
8.518510234903955425e-01
8.687691290406689415e-01
8.833616011469195284e-01
8.962577259215573910e-01
9.080553238588804366e-01
9.191981363845835862e-01
9.299229130732762361e-01
9.402682998482962962e-01
9.501255265132473316e-01
9.593075219794173769e-01
9.676162104135717090e-01
9.748943327695021033e-01
9.810555566120207072e-01
9.860930460077079740e-01
9.900710459045152234e-01
9.931060937944334865e-01
9.953444801680206844e-01
9.969411832082555325e-01
9.980434731336054188e-01
9.987803896126898895e-01
9.992577747095342522e-01
9.995576568986712651e-01
9.997404780828945681e-01
9.998487666361410842e-01
9.999111896429890844e-01
9.999463044804739464e-01
9.999656700793921882e-01
9.999762251366209886e-01
9.999819894041269697e-01
9.999852131341862016e-01
9.999871146993232207e-01
9.999883314590611860e-01
9.999891825095009734e-01
9.999898158073717847e-01
9.999902908176900862e-01
9.999906290734857928e-01
