9.999999082928101579e-01
9.999999072697183244e-01
9.999999059230065823e-01
9.999999043404720345e-01
9.999999026113745026e-01
9.999999007929319950e-01
9.999998989102101277e-01
9.999998969702014184e-01
9.999998949730175557e-01
9.999998929168379957e-01
9.999998907993689068e-01
9.999998886181440394e-01
9.999998863705650276e-01
9.999998840538979472e-01
9.999998816652660993e-01
9.999998792016406846e-01
9.999998766598308109e-01
9.999998740364731686e-01
9.999998713280202622e-01
9.999998685307286417e-01
9.999998656406451358e-01
9.999998626535930857e-01
9.999998595651564681e-01
9.999998563706630206e-01
9.999998530651668105e-01
9.999998496434275852e-01
9.999998460998902328e-01
9.999998424286613563e-01
9.999998386234836278e-01
9.999998346777088098e-01
9.999998305842680013e-01
9.999998263356382200e-01
9.999998219238073194e-01
9.999998173402346868e-01
9.999998125758087220e-01
9.999998076207998743e-01
9.999998024648091288e-01
9.999997970967109406e-01
9.999997915045921726e-01
9.999997856756823733e-01
9.999997795962778380e-01
9.999997732516583415e-01
9.999997666259943241e-01
9.999997597022427520e-01
9.999997524620338751e-01
9.999997448855425519e-01
9.999997369513463630e-01
9.999997286362671822e-01
9.999997199151919869e-01
9.999997107608742386e-01
9.999997011437087302e-01
9.999996910314783438e-01
9.999996803890685015e-01
9.999996691781438685e-01
9.999996573567806468e-01
9.999996448790484660e-01
9.999996316945337638e-01
9.999996177477943338e-01
9.999996029777318274e-01
9.999995873168718852e-01
9.999995706905293602e-01
9.999995530158425350e-01
9.999995342006496868e-01
9.999995141421738065e-01
9.999994927254822752e-01
9.999994698216714273e-01
9.999994452857148275e-01
9.999994189539052059e-01
9.999993906407926847e-01
9.999993601354999484e-01
9.999993271972575926e-01
9.999992915499613666e-01
9.999992528754779730e-01
9.999992108053394890e-01
9.999991649103177060e-01
9.999991146871090031e-01
9.999990595408558836e-01
9.999989987610129472e-01
9.999989314848407584e-01
9.999988566334874207e-01
9.999987727778731905e-01
9.999986778090935724e-01
9.999985680491639828e-01
9.999984357768976206e-01
9.999982624224796890e-01
9.999980005237736336e-01
9.999975283289272987e-01
9.999965425754511195e-01
9.999943228275320894e-01
9.999892534698477942e-01
9.999779374605844984e-01
9.999537135544717126e-01
9.999044622265633731e-01
9.998098404682058682e-01
9.996385734835038228e-01
9.993470750702648786e-01
9.988811737172172966e-01
9.981825947880172967e-01
9.972006251929550480e-01
9.959070451267342250e-01
9.943097444144567421e-01
9.924589847787428365e-01
9.904415559675350256e-01
9.883624706704635665e-01
9.863197766934221900e-01
9.843824427050953396e-01
9.825811836577222902e-01
9.809167992889800125e-01
9.793823969550053965e-01
9.779889820098381925e-01
9.767820217534581850e-01
9.758406992934121060e-01
9.752594570722827871e-01
9.751191359837358963e-01
9.754591201528846067e-01
9.762610812153915685e-01
9.774501236678178051e-01
9.789126398936394136e-01
9.805244351888365850e-01
9.821795097598576829e-01
9.838101508525454175e-01
9.853924711874336717e-01
9.869369522609980905e-01
9.884689016936449857e-01
9.900069678244844962e-01
9.915477664995819840e-01
9.930614848544362383e-01
9.944985911225801001e-01
9.958036163291230647e-01
9.969300251884225528e-01
9.978509029128630470e-01
9.985627575323524630e-01
9.990827279656377957e-01
9.994416032590236476e-01
9.996757129122388896e-01
9.998201366451723304e-01
9.999044551345860343e-01
9.999510908746993554e-01
9.999755650759171166e-01
9.999877848447739082e-01
9.999936193886538316e-01
9.999963111407518257e-01
9.999975366826612255e-01
9.999981100571296855e-01
9.999984036712333824e-01
9.999985787845196983e-01
9.999987020102284463e-01
9.999988000078376960e-01
9.999988834502079316e-01
9.999989568750169422e-01
9.999990225062553861e-01
9.999990816675408123e-01
9.999991352906685282e-01
9.999991841012942917e-01
9.999992286931427277e-01
9.999992695635064877e-01
9.999993071342141437e-01
9.999993417661069417e-01
9.999993737699136576e-01
9.999994034147468014e-01
9.999994309348787525e-01
9.999994565352114950e-01
9.999994803957344969e-01
9.999995026751875571e-01
9.999995235140909378e-01
9.999995430372683458e-01
9.999995613559609087e-01
9.999995785696080830e-01
9.999995947673542274e-01
9.999996100293313539e-01
9.999996244277551405e-01
9.999996380278634023e-01
9.999996508887276647e-01
9.999996630639518269e-01
9.999996746022801197e-01
9.999996855481254610e-01
9.999996959420313081e-01
9.999997058210755574e-01
9.999997152192259264e-01
9.999997241676525928e-01
9.999997326950040843e-01
9.999997408276515287e-01
9.999997485899058125e-01
9.999997560042102052e-01
9.999997630913102231e-01
9.999997698703919635e-01
9.999997763590815492e-01
9.999997825726719691e-01
9.999997885199669589e-01
9.999997941889759989e-01
9.999997995145387675e-01
9.999998043378666157e-01
9.999998084079345650e-01
9.999998114802867155e-01
9.999997653250607410e-01
9.999997629108328123e-01
9.999997597665556404e-01
9.999997560677811315e-01
9.999997520062421374e-01
9.999997477186701733e-01
9.999997432747478321e-01
9.999997386995198578e-01
9.999997339975529309e-01
9.999997291664131094e-01
9.999997242017300003e-01
9.999997190985727702e-01
9.999997138517231487e-01
9.999997084557070703e-01
9.999997029047851260e-01
9.999996971929372425e-01
9.999996913138464727e-01
9.999996852608812326e-01
9.999996790270757607e-01
9.999996726051103568e-01
9.999996659872877336e-01
9.999996591655118117e-01
9.999996521312599640e-01
9.999996448755574807e-01
9.999996373889474821e-01
9.999996296614586111e-01
9.999996216825725037e-01
9.999996134411857085e-01
9.999996049255702735e-01
9.999995961233312247e-01
9.999995870213597149e-01
9.999995776057828412e-01
9.999995678619090222e-01
9.999995577741694897e-01
9.999995473260530066e-01
9.999995365000371450e-01
9.999995252775113475e-01
9.999995136386949923e-01
9.999995015625466888e-01
9.999994890266653558e-01
9.999994760071835298e-01
9.999994624786476827e-01
9.999994484138906570e-01
9.999994337838882252e-01
9.999994185576042138e-01
9.999994027018181963e-01
9.999993861809357565e-01
9.999993689567812094e-01
9.999993509883648990e-01
9.999993322316287347e-01
9.999993126391618636e-01
9.999992921598864770e-01
9.999992707387066471e-01
9.999992483161173062e-01
9.999992248277684848e-01
9.999992002039757022e-01
9.999991743691726276e-01
9.999991472412941285e-01
9.999991187310836027e-01
9.999990887413083840e-01
9.999990571658732286e-01
9.999990238888150085e-01
9.999989887831567392e-01
9.999989517096022906e-01
9.999989125150428038e-01
9.999988710308405082e-01
9.999988270708559668e-01
9.999987804291659010e-01
9.999987308774195283e-01
9.999986781617606901e-01
9.999986219992316183e-01
9.999985620735518665e-01
9.999984980301441784e-01
9.999984294702395360e-01
9.999983559438572200e-01
9.999982769413992001e-01
9.999981918835153527e-01
9.999981001088081856e-01
9.999980008587830982e-01
9.999978932592465952e-01
9.999977762969736172e-01
9.999976487897790367e-01
9.999975093466041409e-01
9.999973563105253316e-01
9.999971876678057647e-01
9.999970008792533616e-01
9.999967925157802195e-01
9.999965573769269422e-01
9.999962862335434188e-01
9.999959599762056062e-01
9.999955347035407449e-01
9.999949050393195371e-01
9.999938180409263522e-01
9.999916820740808454e-01
9.999871682723262545e-01
9.999774352515302667e-01
9.999567328979963587e-01
9.999140976461773356e-01
9.998299164312572929e-01
9.996714153221828436e-01
9.993877100571474381e-01
9.989059163744051784e-01
9.981307114749824461e-01
9.969501451344773280e-01
9.952497572634544376e-01
9.929347277211653111e-01
9.899561399156955321e-01
9.863337775325529133e-01
9.821662346177914005e-01
9.776213082159793677e-01
9.729059367300121330e-01
9.682233333101886164e-01
9.637316587384856525e-01
9.595198431154826624e-01
9.556104882694231861e-01
9.519890756618805128e-01
9.486476330041310190e-01
9.456246951105664600e-01
9.430247527907184013e-01
9.410086830165651506e-01
9.397580444823316892e-01
9.394257536931007735e-01
9.400900135501282229e-01
9.417265342327179045e-01
9.442075246539556321e-01
9.473273266892977551e-01
9.508466505443333716e-01
9.545422581312512644e-01
9.582478632872936108e-01
9.618751877647466753e-01
9.654105936555090750e-01
9.688904864685051743e-01
9.723651625144308364e-01
9.758637329962966955e-01
9.793712599698312093e-01
9.828240695989534093e-01
9.861225251010679038e-01
9.891549232894691901e-01
9.918235270257899083e-01
9.940645779692237616e-01
9.958575499199120440e-01
9.972231753525446774e-01
9.982132075107824631e-01
9.988964818327344952e-01
9.993455674078369766e-01
9.996268095394998943e-01
9.997947487707217196e-01
9.998904598593960635e-01
9.999425964372187225e-01
9.999698079801538908e-01
9.999834767998900809e-01
9.999901418385963581e-01
9.999933496467104943e-01
9.999949211083309919e-01
9.999957436401057942e-01
9.999962292043931278e-01
9.999965609741582329e-01
9.999968177503586464e-01
9.999970329903977717e-01
9.999972212528366322e-01
9.999973894331418700e-01
9.999975413194287510e-01
9.999976793748144299e-01
9.999978054249580861e-01
9.999979209307124917e-01
9.999980271070534332e-01
9.999981249842571085e-01
9.999982154456465988e-01
9.999982992542471028e-01
9.999983770730886956e-01
9.999984494812692581e-01
9.999985169869111123e-01
9.999985800377416689e-01
9.999986390298080119e-01
9.999986943147087803e-01
9.999987462056346699e-01
9.999987949824437061e-01
9.999988408959483710e-01
9.999988841715551358e-01
9.999989250123704210e-01
9.999989636018595807e-01
9.999990001061369593e-01
9.999990346759407567e-01
9.999990674483469899e-01
9.999990985482589689e-01
9.999991280897071455e-01
9.999991561769872028e-01
9.999991829056580350e-01
9.999992083634217099e-01
9.999992326308979607e-01
9.999992557823120798e-01
9.999992778861028775e-01
9.999992990054638042e-01
9.999993191988256758e-01
9.999993385202863294e-01
9.999993570199969817e-01
9.999993747445059533e-01
9.999993917370685326e-01
9.999994080379093209e-01
9.999994236843439133e-01
9.999994387101807103e-01
9.999994531419158506e-01
9.999994669842739992e-01
9.999994801815237366e-01
9.999994925482418306e-01
9.999995037058385661e-01
9.999995131194630016e-01
9.999995203056708526e-01
9.999998572943079589e-01
9.999998555547626733e-01
9.999998532430885989e-01
9.999998505312022168e-01
9.999998475815481402e-01
9.999998444873146042e-01
9.999998412831061501e-01
9.999998379756399602e-01
9.999998345628036134e-01
9.999998310403988011e-01
9.999998274036963064e-01
9.999998236476730362e-01
9.999998197670219025e-01
9.999998157561362788e-01
9.999998116090882405e-01
9.999998073196071369e-01
9.999998028810543893e-01
9.999997982863981782e-01
9.999997935281840222e-01
9.999997885985043578e-01
9.999997834889648995e-01
9.999997781906471150e-01
9.999997726940692555e-01
9.999997669891423913e-01
9.999997610651222280e-01
9.999997549105581474e-01
9.999997485132352537e-01
9.999997418601120902e-01
9.999997349372526934e-01
9.999997277297503206e-01
9.999997202216454051e-01
9.999997123958329626e-01
9.999997042339630049e-01
9.999996957163284073e-01
9.999996868217413404e-01
9.999996775273967131e-01
9.999996678087201829e-01
9.999996576391987357e-01
9.999996469901922813e-01
9.999996358307232658e-01
9.999996241272413044e-01
9.999996118433585046e-01
9.999995989395538132e-01
9.999995853728385065e-01
9.999995710963802686e-01
9.999995560590764221e-01
9.999995402050712023e-01
9.999995234732078631e-01
9.999995057964021772e-01
9.999994871009285635e-01
9.999994673056010752e-01
9.999994463208319306e-01
9.999994240475462703e-01
9.999994003759260508e-01
9.999993751839517664e-01
9.999993483357016988e-01
9.999993196793643957e-01
9.999992890448998750e-01
9.999992562412816088e-01
9.999992210532236969e-01
9.999991832372809863e-01
9.999991425171743664e-01
9.999990985781547215e-01
9.999990510601666216e-01
9.999989995494953376e-01
9.999989435684886185e-01
9.999988825627967870e-01
9.999988158853838627e-01
9.999987427762441206e-01
9.999986623362371319e-01
9.999985734923910741e-01
9.999984749494866820e-01
9.999983651156382214e-01
9.999982419677827528e-01
9.999981027533497713e-01
9.999979432024151960e-01
9.999977552396612790e-01
9.999975201839887973e-01
9.999971889849057494e-01
9.999966275213367783e-01
9.999954747453402293e-01
9.999928019957202707e-01
9.999863628993443943e-01
9.999710955484797381e-01
9.999364473291263433e-01
9.998621916332672832e-01
9.997129238617794567e-01
9.994325362661222734e-01
9.989415241558092795e-01
9.981412010095513931e-01
9.969284455895361940e-01
9.952212464540015624e-01
9.929892581809213192e-01
9.902774915608131279e-01
9.872095853360638440e-01
9.839633074188756101e-01
9.807239978224808752e-01
9.776350249713592344e-01
9.747691541867380405e-01
9.721361063809877967e-01
9.697229557770967734e-01
9.675458845213684711e-01
9.656850678552655332e-01
9.642831140043542915e-01
9.635062452185738646e-01
9.634856600183401287e-01
9.642651719114626596e-01
9.657773965418878781e-01
9.678578289370860510e-01
9.702905946903418455e-01
9.728677139204424673e-01
9.754394671387147664e-01
9.779380664886550001e-01
9.803683148600634834e-01
9.827725252338619377e-01
9.851868263326946096e-01
9.876078335745863690e-01
9.899821025749253600e-01
9.922195161814919562e-01
9.942215299233378989e-01
9.959106074938905984e-01
9.972493701284872447e-01
9.982445875941513558e-01
9.989381456223969113e-01
9.993913216841452396e-01
9.996691021127319665e-01
9.998289609249402243e-01
9.999154301767256836e-01
9.999594673383305210e-01
9.999806456733745241e-01
9.999903190448840018e-01
9.999945665224270197e-01
9.999964062853801128e-01
9.999972334008628838e-01
9.999976507320280650e-01
9.999979032906467502e-01
9.999980857403101275e-01
9.999982336516446413e-01
9.999983606669022862e-01
9.999984726031931892e-01
9.999985724832914924e-01
9.999986622507235356e-01
9.999987433489477828e-01
9.999988169297848728e-01
9.999988839424713838e-01
9.999989451819453201e-01
9.999990013206306871e-01
9.999990529316908905e-01
9.999991005068792349e-01
9.999991444705633725e-01
9.999991851908983653e-01
9.999992229888231554e-01
9.999992581453661655e-01
9.999992909076278469e-01
9.999993214937128450e-01
9.999993500968245019e-01
9.999993768886824563e-01
9.999994020223932356e-01
9.999994256348732069e-01
9.999994478489034888e-01
9.999994687748802180e-01
9.999994885123126842e-01
9.999995071511111888e-01
9.999995247726949366e-01
9.999995414509541547e-01
9.999995572530828714e-01
9.999995722403060006e-01
9.999995864685136127e-01
9.999995999888174891e-01
9.999996128480393986e-01
9.999996250891421967e-01
9.999996367516024165e-01
9.999996478716643988e-01
9.999996584819075274e-01
9.999996686069609897e-01
9.999996782441942234e-01
9.999996873088741189e-01
9.999996955461746273e-01
9.999997025023092956e-01
9.999997077003935919e-01
9.999949414296764871e-01
9.999947436117397892e-01
9.999944752629523759e-01
9.999941430307388579e-01
9.999937539124985619e-01
9.999933089599619684e-01
9.999927996905004779e-01
9.999922026805203590e-01
9.999914629989429260e-01
9.999904485941613075e-01
9.999888367181981597e-01
9.999858492813948896e-01
9.999796736830257604e-01
9.999662785634035878e-01
9.999371676549067001e-01
9.998754634626303428e-01
9.997497087393163451e-01
9.995051390380671474e-01
9.990531636252875103e-01
9.982614981843580537e-01
9.969495066484646006e-01
9.948948736210977417e-01
9.918572375414911324e-01
9.876204826069507892e-01
9.820479199894105449e-01
9.751358186379970316e-01
9.670451101396608795e-01
9.580933013772675588e-01
9.487005410366275981e-01
9.393020513908777458e-01
9.302557048025326125e-01
9.217794503469244338e-01
9.139438884516528638e-01
9.067234037322691176e-01
9.000844764665131281e-01
8.940736837343272736e-01
8.888680201294817396e-01
8.847661323330719974e-01
8.821230731009976900e-01
8.812525153919709142e-01
8.823309038248550173e-01
8.853354319533139893e-01
8.900350201620821355e-01
8.960361776304686110e-01
9.028692070202839481e-01
9.100888215098597023e-01
9.173596483174617511e-01
9.245023976519406439e-01
9.314894356394624042e-01
9.383951370333261099e-01
9.453209240399753632e-01
9.523219824098192454e-01
9.593598238534890577e-01
9.662937119726349167e-01
9.729093153510992575e-01
9.789706206865328442e-01
9.842754270746401080e-01
9.886968035811076749e-01
9.922006611985223490e-01
9.948391192652916715e-01
9.967267804261474851e-01
9.980102049916093065e-01
9.988398389625634533e-01
9.993500443560126012e-01
9.996487921895409468e-01
9.998155420407397465e-01
9.999044210095933138e-01
9.999497978044924462e-01
9.999721157014385131e-01
9.999828087821895917e-01
9.999879082660085849e-01
9.999904211805268339e-01
9.999917652262297896e-01
9.999925693406922500e-01
9.999930928549793929e-01
9.999934368101979221e-01
9.999956653888346647e-01
9.999955303691798747e-01
9.999953496528179997e-01
9.999951294516451483e-01
9.999948768605887439e-01
9.999945961669964856e-01
9.999942880726828687e-01
9.999939506402969469e-01
9.999935803167441239e-01
9.999931723595101296e-01
9.999927206535043078e-01
9.999922168284527402e-01
9.999916479232197064e-01
9.999909902594713573e-01
9.999901933080639349e-01
9.999891379975396344e-01
9.999875327703330319e-01
9.999846663745646236e-01
9.999788516675243155e-01
9.999662499946526673e-01
9.999385525150420451e-01
9.998787453831226024e-01
9.997540177022481434e-01
9.995050280363555473e-01
9.990315814634163072e-01
9.981766090022392568e-01
9.967131671363863576e-01
9.943422225257886327e-01
9.907105258457955532e-01
9.854556079577323491e-01
9.782772528848147076e-01
9.690226103442854955e-01
9.577598981934475342e-01
9.448104446682554780e-01
9.307165752553112625e-01
9.161439204739387776e-01
9.017437446656202393e-01
8.880213242788157491e-01
8.752589397567900331e-01
8.635232201334610558e-01
8.527533935034160573e-01
8.428939370626586935e-01
8.340171081361132943e-01
8.263857859177575760e-01
8.204320107298050946e-01
8.166596882491043985e-01
8.155069069476268417e-01
8.172147553008468623e-01
8.217440706176573073e-01
8.287642199868059389e-01
8.377159374358323918e-01
8.479294908224105365e-01
8.587644337076683065e-01
8.697313089677393139e-01
8.805611158741984967e-01
8.912046215816253891e-01
9.017661599368997916e-01
9.123976491931797828e-01
9.231903013572549943e-01
9.340996138982845531e-01
9.449250473962298447e-01
9.553454244748558200e-01
9.649925600151283422e-01
9.735354589939883008e-01
9.807481721181261491e-01
9.865441546917244064e-01
9.909736476359056745e-01
9.941924906041142984e-01
9.964170413521461489e-01
9.978797509419077283e-01
9.987953217518742433e-01
9.993412700337735988e-01
9.996516774839578900e-01
9.998201736888095992e-01
9.999076739478374165e-01
9.999513014173674330e-01
9.999723321430586953e-01
9.999822691978240696e-01
9.999869951035591509e-01
9.999893625938873765e-01
9.999906876335098449e-01
9.999915503462220023e-01
9.999921971724030634e-01
9.999927306643616731e-01
9.999931939277182380e-01
9.999936059687422052e-01
9.999939752048471187e-01
9.999943035513636502e-01
9.999945872263737989e-01
9.999948184553686392e-01
9.999949903517407757e-01
