9.999995418705769357e-01
9.999995341068044219e-01
9.999995238074401716e-01
9.999995115636512999e-01
9.999994979872943723e-01
9.999994834643659569e-01
9.999994681470993907e-01
9.999994520518316055e-01
9.999994351391583436e-01
9.999994173497259720e-01
9.999993986143543845e-01
9.999993788552783425e-01
9.999993579850896541e-01
9.999993359048640063e-01
9.999993125013318940e-01
9.999992876420600307e-01
9.999992611660071251e-01
9.999992328629603300e-01
9.999992024263615331e-01
9.999991693438249341e-01
9.999991326463162356e-01
9.999990903484254900e-01
9.999990382404333467e-01
9.999989673779277055e-01
9.999988590718325021e-01
9.999986753092799940e-01
9.999983412459323429e-01
9.999977146963682229e-01
9.999965356001643269e-01
9.999943467973082534e-01
9.999903771509682793e-01
9.999833807104001604e-01
9.999714331865119377e-01
9.999517012835363872e-01
9.999202219021607885e-01
9.998717547804597539e-01
9.997997977764208066e-01
9.996968685400149379e-01
9.995551469070531603e-01
9.993675272734756643e-01
9.991290447590761570e-01
9.988385214317926364e-01
9.985001538686149036e-01
9.981246694366141536e-01
9.977296586488637598e-01
9.973387762333901785e-01
9.969796980611216330e-01
9.966809914711123319e-01
9.964683352464999144e-01
9.963607283319190211e-01
9.963673801285339859e-01
9.964858455512837221e-01
9.967016766799047245e-01
9.969894861143383524e-01
9.973149655558488647e-01
9.976371884099184406e-01
9.979105259399542183e-01
9.980857430774190409e-01
9.981102652340545500e-01
9.979281136701358967e-01
9.974804461350866847e-01
9.967078528552973937e-01
9.955554129204060576e-01
9.939809488703730267e-01
9.919659746139222189e-01
9.895276972185860220e-01
9.867294149035241713e-01
9.836861176565370180e-01
9.805623489337624843e-01
9.775605403899364498e-01
9.748999218096593422e-01
9.727883050357937211e-01
9.713909705010501661e-01
9.708020201930460669e-01
9.710235926537573725e-01
9.719572594266330245e-01
9.734100078630613107e-01
9.751148871307822041e-01
9.767640856758315060e-01
9.780502497550591645e-01
9.787104374970126974e-01
9.785663323078945819e-01
9.775543053330516541e-01
9.757397552212279113e-01
9.733120057960510385e-01
9.705589176706688193e-01
9.678239840732538735e-01
9.654523879901941719e-01
9.637353958826246902e-01
9.628636597205348924e-01
9.628989186554965940e-01
9.637702047217324708e-01
9.652955542204657569e-01
9.672245321321860656e-01
9.692920142905536718e-01
9.712709963739118990e-01
9.730125544458827491e-01
9.744644355107536793e-01
9.756651274323473455e-01
9.767160984224529940e-01
9.777398274695610070e-01
9.788346810123320640e-01
9.800396781319121731e-01
9.813222251771179794e-01
9.825977595728324632e-01
9.837790870049131220e-01
9.848361074283213945e-01
9.858328794385360361e-01
9.869127454841017943e-01
9.882295422502110904e-01
9.898597365353420940e-01
9.917484318354721218e-01
9.937234176003914010e-01
9.955675514810102822e-01
9.971044924389700359e-01
9.982515562404397080e-01
9.990218835239160766e-01
9.994901594726526284e-01
9.997497695143652274e-01
9.998823417222911791e-01
9.999455537175476749e-01
9.999742188228593065e-01
9.999868763083101797e-01
9.999924701160185503e-01
9.999950168032494258e-01
9.999962463424029169e-01
9.999968948648270128e-01
9.999972787937623231e-01
9.999975368140217036e-01
9.999977308616552207e-01
9.999978891133324277e-01
9.999980247702372482e-01
9.999981443800464165e-01
9.999982515149246076e-01
9.999983483785563898e-01
9.999984365023787403e-01
9.999985170499177123e-01
9.999985909556304842e-01
9.999986589941074477e-01
9.999987218191894733e-01
9.999987799891234541e-01
9.999988339844367857e-01
9.999988842214593276e-01
9.999989310629253669e-01
9.999989748264593858e-01
9.999990157914599997e-01
9.999990542047363373e-01
9.999990902851612073e-01
9.999991242275388936e-01
9.999991562058405670e-01
9.999991863759256638e-01
9.999992148778436007e-01
9.999992418377903203e-01
9.999992673697792878e-01
9.999992915770751223e-01
9.999993145534274985e-01
9.999993363841385152e-01
9.999993571469891762e-01
9.999993769130460786e-01
9.999993957473657380e-01
9.999994137096124280e-01
9.999994308546007460e-01
9.999994472327753403e-01
9.999994628906325733e-01
9.999994778710959986e-01
9.999994922138493170e-01
9.999995059556328059e-01
9.999995191305082187e-01
9.999995317700949293e-01
9.999995439037823175e-01
9.999995555589205054e-01
9.999995667609909988e-01
9.999995775337617854e-01
9.999995878994261123e-01
9.999995978787298290e-01
9.999996074910842969e-01
9.999996167546707504e-01
9.999996256865343325e-01
9.999996343026703594e-01
9.999996426181019249e-01
9.999996506469512880e-01
9.999996584025054869e-01
9.999996658972754027e-01
9.999996731430511598e-01
9.999996801509521971e-01
9.999996869314720094e-01
9.999996934945208915e-01
9.999996998494452560e-01
9.999997060049098385e-01
9.999997119679480129e-01
9.999997177394157610e-01
9.999997232988537821e-01
9.999997285709016914e-01
9.999997333840384695e-01
9.999997374725662080e-01
9.999997405772507175e-01
9.987266350001102744e-01
9.983887234403331368e-01
9.979101529834359940e-01
9.972933561999304253e-01
9.965544530779170129e-01
9.957196375838355262e-01
9.948242099779760483e-01
9.939127530766624918e-01
9.930378978920124666e-01
9.922566386365849755e-01
9.916246607823868686e-01
9.911897754519853887e-01
9.909856507288234972e-01
9.910269024446282105e-01
9.913063098180676658e-01
9.917944704075865037e-01
9.924416817120590428e-01
9.931813588536995141e-01
9.939339990509961087e-01
9.946106793358860942e-01
9.951153572317871232e-01
9.953457925450572841e-01
9.951936066034312578e-01
9.945446710177467953e-01
9.932814706260018056e-01
9.912891243732879776e-01
9.884662423928498587e-01
9.847407298711564616e-01
9.800891603368999672e-01
9.745567480659588222e-01
9.682736950354566829e-01
9.614632302443986145e-01
9.544373106006172058e-01
9.475777349962033469e-01
9.413030132581199361e-01
9.360241398672821678e-01
9.320947862875343937e-01
9.297628320228569221e-01
9.291303843504146176e-01
9.301285728317499890e-01
9.325117162046210328e-01
9.358732447719733116e-01
9.396832431847348399e-01
9.433447961917490465e-01
9.462636107610690184e-01
9.479228942802089275e-01
9.479536005467307236e-01
9.461894543168090088e-01
9.426971498165390706e-01
9.377750501678978612e-01
9.319183785524551844e-01
9.257545213181018751e-01
9.199574916796599000e-01
9.151546152652512145e-01
9.118402217462777681e-01
9.103102547892077956e-01
9.106284749773263520e-01
9.126298812564926921e-01
9.159608102022114284e-01
9.201487091228640613e-01
9.246888658232084168e-01
9.291316818851839132e-01
9.331535768639180883e-01
9.365978458104706750e-01
9.394782004758259752e-01
9.419456938312990024e-01
9.442272938889223477e-01
9.465501947838721453e-01
9.490697688121783049e-01
9.518209318560248988e-01
9.547113065668044740e-01
9.575664619190965565e-01
9.602196064474695092e-01
9.626134932999801386e-01
9.648640768335197127e-01
9.672414556462625157e-01
9.700611306153426039e-01
9.735312576875569945e-01
9.776347373538999408e-01
9.821112259584099391e-01
9.865484508482962323e-01
9.905315419161337953e-01
9.937738152816097958e-01
9.961747732524788290e-01
9.977988879302539527e-01
9.988075021184379398e-01
9.993861931127537845e-01
9.996954870817529315e-01
9.998511968300025643e-01
9.999261306288267370e-01
9.999612511651586599e-01
9.999776329835636801e-01
9.999854050842713615e-01
9.999892187255189357e-01
9.999911611806661105e-01
9.999921704792067434e-01
9.993059872839551439e-01
9.990808395483966597e-01
9.987487414793282392e-01
9.983123124169721585e-01
9.977861223112485245e-01
9.971943287398301603e-01
9.965710535444187723e-01
9.959601481163244951e-01
9.954119036868873671e-01
9.949768419609765768e-01
9.946980369997893145e-01
9.946037228769282201e-01
9.947017953548779046e-01
9.949773017042171652e-01
9.953931854773685473e-01
9.958936320653754004e-01
9.964086532922409312e-01
9.968583234435026696e-01
9.971554634546566653e-01
9.972064998661192003e-01
9.969114447929930956e-01
9.961650565780193478e-01
9.948618002492635171e-01
9.929068510932124170e-01
9.902338994718442589e-01
9.868280912665721161e-01
9.827496652960966417e-01
9.781516596291877086e-01
9.732844555722184321e-01
9.684815663742712966e-01
9.641248872366945388e-01
9.605926991054238862e-01
9.581985975746274420e-01
9.571327353012377692e-01
9.574174078509929409e-01
9.588869829302206771e-01
9.611980824435638615e-01
9.638707366459162706e-01
9.663558831929258686e-01
9.681198106739969944e-01
9.687324839277957622e-01
9.679446409182004274e-01
9.657387141482727255e-01
9.623416062883483058e-01
9.581933869379959390e-01
9.538744914500562055e-01
9.500033475376143954e-01
9.471241268165153659e-01
9.456081379299395850e-01
9.455907496656346112e-01
9.469585510278942797e-01
9.493900584733216963e-01
9.524402233211697322e-01
9.556476430279853274e-01
9.586371829515727416e-01
9.611920003534701884e-01
9.632776999268481966e-01
9.650147785145632984e-01
9.666093764411829437e-01
9.682632643499708980e-01
9.700909611137092936e-01
9.720746221355172079e-01
9.740821301091779905e-01
9.759529234721270319e-01
9.776176708925827796e-01
9.791808927349069380e-01
9.808972214495734754e-01
9.830331417596579469e-01
9.856934224170217362e-01
9.887305057136078767e-01
9.918012645476198541e-01
9.945290623560281151e-01
9.966613457461599435e-01
9.981352543593893234e-01
9.990420410468175971e-01
9.995426487987617570e-01
9.997933505420135702e-01
9.999089675216736861e-01
9.999591073915442552e-01
9.999801287985394804e-01
9.999889361894510609e-01
9.999927565231687687e-01
9.999945344909835221e-01
9.999954550253032926e-01
9.999960012739592674e-01
9.999963746276185894e-01
9.999966603547887356e-01
9.999968938951966368e-01
9.999970873489008039e-01
9.999972409050099653e-01
9.999973511061681641e-01
9.999950897078585532e-01
9.999948930448855355e-01
9.999945716538851670e-01
9.999940454441560433e-01
9.999931520069673674e-01
9.999915733799905615e-01
9.999887181262500091e-01
9.999835336115170392e-01
9.999742176638251046e-01
9.999577985348426790e-01
9.999295600017176211e-01
9.998823098503708540e-01
9.998055306547932730e-01
9.996845145899164731e-01
9.994996654045045226e-01
9.992262372000682014e-01
9.988348461374148002e-01
9.982931025327498320e-01
9.975686294571961543e-01
9.966335332689832960e-01
9.954700724171705595e-01
9.940768759433020740e-01
9.924746801406127972e-01
9.907103000273839166e-01
9.888575501112539801e-01
9.870141507645128209e-01
9.852942936355375547e-01
9.838173827807280558e-01
9.826943246524807440e-01
9.820133820637688693e-01
9.818278395003825487e-01
9.821474492978967685e-01
9.829348719722297290e-01
9.841072538889119592e-01
9.855419634943387575e-01
9.870846317101147349e-01
9.885572743151623820e-01
9.897645701677466601e-01
9.904973285154774487e-01
9.905336221799527774e-01
9.896396449844355736e-01
9.875736071982914588e-01
9.840964172242635533e-01
9.789921132345850152e-01
9.720988611344163477e-01
9.633480856405725046e-01
9.528056828185857974e-01
9.407063778903286266e-01
9.274712929339216094e-01
9.137004084626727529e-01
9.001357476760170062e-01
8.875967654476766278e-01
8.768949901695105575e-01
8.687389385737800396e-01
8.636419268999278032e-01
8.618448413812380693e-01
8.632640954715889992e-01
8.674728044187558496e-01
8.737209728440202827e-01
8.809977522017694573e-01
8.881346841048132212e-01
8.939427140079463374e-01
8.973681014423309232e-01
8.976449938645612026e-01
8.944181481687365487e-01
8.878106991332919140e-01
8.784200797268610916e-01
8.672388282461902520e-01
8.555124190928553585e-01
8.445588857362553714e-01
8.355814177292950617e-01
8.295043974330071901e-01
8.268571422502095647e-01
8.277207543614907292e-01
8.317441420581699330e-01
8.382260786630914007e-01
8.462506991681189028e-01
8.548542225521363891e-01
8.631927857573820084e-01
8.706783450971412597e-01
8.770543962642616265e-01
8.823958536489900917e-01
8.870345562464185818e-01
8.914286564572300176e-01
8.960070181790439348e-01
9.010278902342483409e-01
9.064944604294293828e-01
9.121647875005478578e-01
9.176716998384850665e-01
9.227243058695969724e-01
9.273088469153335511e-01
9.317773764458516794e-01
9.367457358869326622e-01
9.428201713778163739e-01
9.502818855391483854e-01
9.589014678557952198e-01
9.679891026181881575e-01
9.766505228539634764e-01
9.841062828901415704e-01
9.899163470704823720e-01
9.940304439272620307e-01
9.966898844014264736e-01
9.982683491897168526e-01
9.991350235896185872e-01
9.995796604006370600e-01
9.997957068659228952e-01
9.998968994739236837e-01
9.999435861850755058e-01
9.999653206888703405e-01
9.999757861378752999e-01
9.999811292712446065e-01
9.999840954687352346e-01
9.999859249969004216e-01
9.999871882859932004e-01
9.999881521796409878e-01
9.999889436254734143e-01
9.999896245911803483e-01
9.999902268093893154e-01
9.999907678782553599e-01
9.999912586510193435e-01
9.999917065950401085e-01
9.999921173097156002e-01
9.999924951691538944e-01
9.999928433963118923e-01
9.999931634877354814e-01
9.999934539285522117e-01
9.999937089692320091e-01
9.999939194651640273e-01
9.999940772891737772e-01
9.999773285722699523e-01
9.999657265277477336e-01
9.999443060052395360e-01
9.999066890227337190e-01
9.998430972469305456e-01
9.997390442879185990e-01
9.995739781130251744e-01
9.993201010051064870e-01
9.989417079825557710e-01
9.983955084606557229e-01
9.976324576630812846e-01
9.966015594823828261e-01
9.952558678938423498e-01
9.935604981182647455e-01
9.915019020994612076e-01
9.890970718741965984e-01
9.864008713368245251e-01
9.835095412077241583e-01
9.805587103937294380e-01
9.777150120299683556e-01
9.751615366678219043e-01
9.730786196386124187e-01
9.716225426947958654e-01
9.709053350449798891e-01
9.709787928778863542e-01
9.718250689081211480e-01
9.733548607147776144e-01
9.754126431069454206e-01
9.777869273559463004e-01
9.802225787070049101e-01
9.824320931951783242e-01
9.841035712692465243e-01
9.849048438511371906e-01
9.844854581049008457e-01
9.824804244222000715e-01
9.785210162042170534e-01
9.722577629125308540e-01
9.633986000193366372e-01
9.517609857879933966e-01
9.373314616626928775e-01
9.203211537631303951e-01
9.012029764643896268e-01
8.807173203273428452e-01
8.598381228690312739e-01
8.396991723185247558e-01
8.214887668332218063e-01
8.063267511901777151e-01
7.951399002567467456e-01
7.885499132275246570e-01
7.867848516280313564e-01
7.896220835252580894e-01
7.963700809355638288e-01
8.058972155244801261e-01
8.167156223843936580e-01
8.271242000289092955e-01
8.354050017896887947e-01
8.400526106854147024e-01
8.400009476458224489e-01
8.348028848960665771e-01
8.247208280031258498e-01
8.107028297637093317e-01
7.942446872044661710e-01
7.771651049832242197e-01
7.613390330605938061e-01
7.484383748343742537e-01
7.397205218244790048e-01
7.358898339709654124e-01
7.370424838017157754e-01
7.426950349941108254e-01
7.518908725196923326e-01
7.633722090766661417e-01
7.757957670248298854e-01
7.879584115330200422e-01
7.989903814690408890e-01
8.084748022465045869e-01
8.164657858777633059e-01
8.234004801340932822e-01
8.299255240603304884e-01
8.366787593937928813e-01
8.440803262859950529e-01
8.521936835007544175e-01
8.607131186018392999e-01
8.691089403689200577e-01
8.769046924194683346e-01
8.839831459670295377e-01
8.907633107418587715e-01
8.981157678155398116e-01
9.070065734654830791e-01
9.180229265211068412e-01
9.310272275360611527e-01
9.451316705561277898e-01
9.590074986407775004e-01
9.713589492834602268e-01
9.813225349241228024e-01
9.886295630660781875e-01
9.935215444405463003e-01
9.965266893461210973e-01
9.982316626144154270e-01
9.991328025616603714e-01
9.995816620745443526e-01
9.997955825470559166e-01
9.998949753847281574e-01
9.999409584741997259e-01
9.999626022859882113e-01
9.999731866275987091e-01
9.999786837341725354e-01
9.999817909694950213e-01
9.999837442782125718e-01
9.999851183765731122e-01
9.999861833815231194e-01
9.999870670181221222e-01
9.999878286862147192e-01
9.999884919790547055e-01
9.999890586127141434e-01
9.999895177522490908e-01
9.999898582219932663e-01
