3.065536693070633646e+03 1.001311788345448317e+00 8.574157647843852134e-03 8.231342178344726562e+03
3.065545086924079897e+03 9.998283607264686346e-01 8.594193472074858342e-03 8.220377737597436862e+03
3.065553480777526602e+03 9.983453770248417181e-01 8.614223300563349228e-03 8.209413296849554172e+03
3.065561874630972852e+03 9.973960301513916660e-01 8.585877667037460428e-03 8.202833969359071489e+03
3.065570268484419103e+03 9.964669746676448892e-01 8.555725511700919619e-03 8.196419212186143341e+03
3.065578662337865808e+03 9.981808445323178125e-01 8.556462716401824070e-03 8.211744750333224147e+03
3.065587056191312058e+03 1.000013660932130177e+00 8.558595625733651097e-03 8.228053190930413621e+03
3.065595450044758309e+03 9.973621058198475220e-01 8.538669271988244894e-03 8.207463480892720327e+03
3.065603843898204559e+03 9.943245357306950138e-01 8.516845935849625543e-03 8.183690187786783099e+03
3.065612237751651264e+03 9.933816390884162573e-01 8.526700738870861968e-03 8.177152000776043678e+03
3.065620631605097515e+03 9.927126572069923105e-01 8.540691740627411391e-03 8.172866596038300486e+03
3.065629025458543765e+03 1.002913377222025559e+00 8.617739423372901969e-03 8.258081677703494279e+03
3.065637419311990470e+03 1.014630797156061970e+00 8.703581103851817935e-03 8.355812374548821026e+03
3.065645813165436721e+03 1.075695350772887693e+00 1.129626732124523573e-02 8.860022207109992451e+03
3.065654207018882971e+03 1.146060387693598859e+00 1.436154343216959617e-02 9.440997674675560120e+03
3.065662600872329676e+03 1.106399420715514781e+00 1.239797789110936091e-02 9.115640489240395254e+03
3.065670994725775927e+03 1.044867860286022632e+00 9.434832452891537408e-03 8.609966670106286983e+03
3.065679388579222177e+03 1.020443309804201171e+00 8.738890639550404849e-03 8.409957928545456525e+03
3.065687782432668882e+03 1.005419409325274627e+00 8.617142230480573373e-03 8.287375871714049936e+03
3.065696176286115133e+03 9.997459594723250298e-01 8.560731514885483451e-03 8.241841358125546321e+03
3.065704570139561383e+03 9.969973859668919136e-01 8.524762255476802872e-03 8.220408974696938458e+03
3.065712963993007634e+03 9.963351719423854114e-01 8.515144888198782416e-03 8.216174775033930928e+03
3.065721357846454339e+03 9.963511565887647192e-01 8.514093803407788569e-03 8.217532475345182320e+03
3.065729751699900589e+03 9.959519589598436751e-01 8.510669202285055246e-03 8.215465435711228565e+03
3.065738145553346840e+03 9.953902129101163121e-01 8.506315550680730586e-03 8.212056375054275122e+03
3.065746539406793545e+03 1.000686909398431190e+00 8.541519231961069297e-03 8.256985803838882930e+03
3.065754933260239795e+03 1.008358493478082041e+00 8.592758711222848664e-03 8.321527140942402184e+03
3.065763327113686046e+03 1.004402864647001792e+00 8.572202133685589628e-03 8.290118914268778099e+03
3.065771720967132751e+03 9.948573477432247625e-01 8.517128352106323810e-03 8.212556377339044047e+03
3.065780114820579001e+03 9.961577379359359830e-01 8.521197348650316403e-03 8.224516756710461777e+03
3.065788508674025252e+03 1.002843002301778252e+00 8.554630540492540181e-03 8.280945771693612187e+03
3.065796902527471502e+03 1.001274911357904251e+00 8.566112575138085453e-03 8.269229250774804314e+03
3.065805296380918207e+03 9.949024156601707913e-01 8.564814557062884123e-03 8.217824821750424235e+03
3.065813690234364458e+03 9.932841239919367737e-01 8.553580983661169743e-03 8.205679956002717518e+03
3.065822084087810708e+03 9.945188776941557007e-01 8.536386723854308065e-03 8.217104085186536395e+03
3.065830477941257413e+03 9.974163849700725670e-01 8.532440663723410076e-03 8.242271619195553285e+03
3.065838871794703664e+03 1.001474827364545739e+00 8.537746926444362769e-03 8.277041240188276788e+03
3.065847265648149914e+03 1.004133443608672849e+00 8.551432580187348989e-03 8.300249769702730191e+03
3.065855659501596620e+03 1.005785312132516207e+00 8.571142175990496825e-03 8.315141743129661336e+03
3.065864053355042870e+03 1.005917980420085289e+00 8.568520233373793857e-03 8.317476208708460035e+03
3.065872447208489120e+03 1.004785137065652645e+00 8.547296083619936730e-03 8.309345506101457431e+03
3.065880841061935826e+03 1.004299198891353440e+00 8.546518452064347238e-03 8.306562571107580879e+03
3.065889234915382076e+03 1.004367756797590605e+00 8.563265976758546033e-03 8.308365361813579511e+03
3.065897628768828326e+03 1.002919888757065170e+00 8.555144169550998878e-03 8.297622224791120971e+03
3.065906022622274577e+03 9.999694672523318228e-01 8.522380498228166595e-03 8.274442353288995946e+03
3.065914416475721282e+03 9.992988001579049540e-01 8.500780307321266840e-03 8.270122298919395689e+03
3.065922810329167532e+03 1.000951956072789306e+00 8.490559283797534038e-03 8.285035239191674918e+03
3.065931204182613783e+03 1.002060314038614841e+00 8.475815644110144820e-03 8.295442199681980128e+03
3.065939598036060488e+03 1.002597393064075915e+00 8.456329208025397531e-03 8.301121917022130219e+03
3.065947991889506739e+03 1.001951457029648163e+00 8.442493299539719984e-03 8.297006589419483134e+03
3.065956385742952989e+03 9.998709543400287059e-01 8.435508352677117960e-03 8.281008480477305056e+03
3.065964779596399694e+03 9.984651912555849718e-01 8.420463696011027885e-03 8.270594327655755478e+03
3.065973173449845945e+03 9.979012875864562426e-01 8.395360748120138036e-03 8.267151131917702514e+03
3.065981567303292195e+03 9.991337135768364464e-01 8.398249390726020974e-03 8.278590520027262755e+03
3.065989961156738900e+03 1.002673103552584877e+00 8.437085284111335570e-03 8.309150748472924533e+03
3.065998355010185151e+03 1.002168568428329465e+00 8.439290327787932547e-03 8.306202708705810437e+03
3.066006748863631401e+03 9.956387060350284646e-01 8.386917489373840739e-03 8.253306721089677012e+03
3.066015142717077651e+03 9.923004587569499435e-01 8.360364326398150164e-03 8.226855356215415668e+03
3.066023536570524357e+03 9.938597327156647454e-01 8.373431428958494349e-03 8.241005632219003019e+03
3.066031930423970607e+03 9.966991982335722255e-01 8.381303176332177696e-03 8.265776566616499622e+03
3.066040324277416858e+03 1.001831560015323586e+00 8.379874298956561593e-03 8.309572643398825676e+03
3.066048718130863563e+03 1.003258089510105977e+00 8.379717905433412342e-03 8.322639205209245119e+03
3.066057111984309813e+03 9.978409817081266286e-01 8.381911518042422030e-03 8.278928701807124526e+03
3.066065505837756064e+03 9.959295857304436561e-01 8.388497221599247600e-03 8.264295517778604335e+03
3.066073899691202769e+03 1.000697515111815594e+00 8.403453454605731496e-03 8.305091371822891233e+03
3.066082293544649019e+03 1.004132494989645519e+00 8.413022303569332033e-03 8.334834767389216722e+03
3.066090687398095270e+03 1.004947244334711387e+00 8.411999725721782881e-03 8.342834082082003079e+03
3.066099081251541520e+03 1.005174987336708403e+00 8.410204299776328010e-03 8.345961491755057068e+03
3.066107475104988225e+03 1.004039136317038006e+00 8.406612754148622829e-03 8.337765871673953370e+03
3.066115868958434476e+03 1.004276391486506492e+00 8.402883220011540116e-03 8.340971727325371830e+03
3.066124262811880726e+03 1.007813651180337944e+00 8.398820514638504972e-03 8.371590263983744080e+03
3.066132656665327431e+03 1.011506058375561512e+00 8.405646206881743632e-03 8.403506457216775743e+03
3.066141050518773682e+03 1.015585995872098080e+00 8.439557922038230797e-03 8.438651782183151226e+03
3.066149444372219932e+03 1.018776471628929592e+00 8.466237274995999651e-03 8.466415385487378444e+03
3.066157838225666637e+03 1.019308583135308588e+00 8.471301458254289207e-03 8.472091562901190628e+03
3.066166232079112888e+03 1.022387812305201926e+00 8.556076495650519892e-03 8.498942822637860445e+03
3.066174625932559138e+03 1.033382804429566759e+00 8.888564395601251250e-03 8.591613842913306144e+03
3.066183019786005843e+03 1.037924675929463136e+00 9.054897345073295578e-03 8.630652302297165079e+03
3.066191413639452094e+03 1.021625509386284936e+00 8.684647855012116863e-03 8.496376867499295258e+03
3.066199807492898344e+03 1.009103163796547298e+00 8.402093204217045419e-03 8.393476007611507157e+03
3.066208201346344595e+03 1.009265094111294836e+00 8.414063287980751496e-03 8.396064678351636758e+03
3.066216595199791300e+03 1.009622636906053694e+00 8.423161351219480772e-03 8.400281286203324271e+03
3.066224989053237550e+03 1.010665049461964005e+00 8.422214635864533686e-03 8.410197882814220065e+03
3.066233382906683801e+03 1.009664443695467151e+00 8.414178566041862276e-03 8.403113657647187210e+03
3.066241776760130506e+03 9.997248739525262939e-01 8.375119381267779814e-03 8.321619838935690495e+03
3.066250170613576756e+03 9.922605902830374802e-01 8.342450208793842845e-03 8.260708665384019696e+03
3.066258564467023007e+03 9.961442263785200701e-01 8.339061756303289136e-03 8.294266110877601022e+03
3.066266958320469712e+03 9.996166671418793559e-01 8.333875032910604067e-03 8.324408842327062303e+03
3.066275352173915962e+03 1.001111871883995974e+00 8.320018315618633864e-03 8.338092053001746535e+03
3.066283746027362213e+03 1.002334645507803268e+00 8.309270507644073156e-03 8.349509574937690559e+03
3.066292139880808918e+03 1.002178153312449194e+00 8.314266358102073012e-03 8.349439039240227430e+03
3.066300533734255168e+03 1.002741349453312614e+00 8.324470203680265842e-03 8.355364937768039454e+03
3.066308927587701419e+03 1.007149012188216064e+00 8.362502233237029473e-03 8.393331057020317530e+03
3.066317321441147669e+03 1.010880350074486067e+00 8.392461285175321223e-03 8.425670866081307395e+03
3.066325715294594374e+03 1.009729529885547983e+00 8.364117447173935807e-03 8.417321143975023006e+03
3.066334109148040625e+03 1.008385241446577041e+00 8.335735325720679961e-03 8.407355559274694315e+03
3.066342503001486875e+03 1.005541155723082669e+00 8.307000487734748570e-03 8.384880345320090782e+03
3.066350896854933580e+03 1.003125109197104070e+00 8.281308686759946899e-03 8.365967938956109720e+03
3.066359290708379831e+03 1.004263051476960378e+00 8.280864688970298107e-03 8.376693888438003341e+03
3.066367684561826081e+03 1.005011098516853441e+00 8.276086087383331680e-03 8.384169989481908488e+03
3.066376078415272787e+03 1.002262191481296139e+00 8.232399796732495570e-03 8.362470759427771554e+03
3.066384472268719037e+03 9.993556619562761201e-01 8.190990831164016509e-03 8.339449432706980588e+03
3.066392866122165287e+03 9.949076732047320570e-01 8.171637995803669383e-03 8.303555847650510259e+03
3.066401259975611538e+03 9.912109948524620018e-01 8.156229748669231727e-03 8.273922720795691930e+03
3.066409653829058243e+03 9.954791969609537716e-01 8.182650678712752312e-03 8.310775440811705266e+03
3.066418047682504493e+03 9.996879928186302999e-01 8.209626554939217224e-03 8.347142636584538195e+03
3.066426441535950744e+03 1.003217509658670625e+00 8.243156224153565248e-03 8.377847544881065915e+03
3.066434835389397449e+03 1.005915619664552008e+00 8.271756616859795783e-03 8.401617055147307838e+03
3.066443229242843699e+03 9.978945982072182641e-01 8.236849233485612001e-03 8.335851594615300201e+03
3.066451623096289950e+03 9.909321261434023143e-01 8.208426167272112398e-03 8.278910226505748142e+03
3.066460016949736655e+03 9.992104831318198155e-01 8.273419556090341048e-03 8.349302564228868505e+03
3.066468410803182906e+03 1.006719789338899496e+00 8.332533413234437594e-03 8.413288215498780119e+03
3.066476804656629156e+03 1.001714716679088735e+00 8.295980277793794586e-03 8.372692656076795174e+03
3.066485198510075861e+03 9.967378260535056933e-01 8.260574334967421550e-03 8.332320370706445829e+03
3.066493592363522112e+03 9.922630357345547658e-01 8.246480409465833245e-03 8.296133809342369204e+03
3.066501986216968362e+03 9.881867333477269977e-01 8.233075369786353737e-03 8.263268413280451568e+03
3.066510380070414612e+03 9.928316201941863595e-01 8.234707873361241798e-03 8.303330750806744618e+03
3.066518773923861318e+03 9.972628168398603998e-01 8.235765508979898952e-03 8.341617103915163170e+03
3.066527167777307568e+03 9.960845036787159268e-01 8.221651261388443835e-03 8.332986645476295962e+03
3.066535561630753818e+03 9.948739516910165559e-01 8.207449064904687869e-03 8.324083546112537078e+03
3.066543955484200524e+03 9.925877611221227692e-01 8.190209832744736393e-03 8.306176305422737641e+03
3.066552349337646774e+03 9.904739355704204051e-01 8.173321446293284331e-03 8.289706036595101978e+03
3.066560743191093025e+03 9.958851080947902501e-01 8.171591580833329968e-03 8.336219797997153364e+03
3.066569137044539730e+03 1.001189381350652496e+00 8.169598451780528056e-03 8.381851925528037100e+03
3.066577530897985980e+03 9.996803496160491243e-01 8.150544192327205395e-03 8.370448451706359265e+03
3.066585924751432231e+03 9.982199005735391539e-01 8.131799698215451053e-03 8.359448113262727929e+03
3.066594318604878936e+03 1.002625769850157500e+00 8.150124134672434573e-03 8.397578032685165454e+03
3.066602712458325186e+03 1.007017784195005650e+00 8.168399570002333326e-03 8.435602733626976260e+03
3.066611106311771437e+03 9.995170886863808946e-01 8.145375503213907881e-03 8.374000566992817767e+03
3.066619500165217687e+03 9.920185959122246322e-01 8.122358197919196318e-03 8.312398400358657454e+03
3.066627894018664392e+03 9.908680779552828666e-01 8.149683048752373246e-03 8.303977030283871500e+03
3.066636287872110643e+03 9.897563805115715541e-01 8.177305126918568701e-03 8.295878212427367544e+03
3.066644681725556893e+03 9.987651879594836579e-01 8.160016034041853508e-03 8.372616526768682888e+03
3.066653075579003598e+03 1.007905793355660773e+00 8.142135498503103377e-03 8.450482029647922900e+03
3.066661469432449849e+03 1.006045108359313822e+00 8.145534276470458787e-03 8.436119489449640241e+03
3.066669863285896099e+03 1.003958296912449644e+00 8.149370498462040271e-03 8.419855925134303106e+03
3.066678257139342804e+03 1.003440709324206592e+00 8.153886926869063217e-03 8.416749701891534642e+03
3.066686650992789055e+03 1.002967258229295666e+00 8.158421135382034478e-03 8.414012471325579099e+03
3.066695044846235305e+03 9.983675382273933252e-01 8.137988028373680655e-03 8.376653234729206815e+03
3.066703438699681556e+03 9.936223459106265921e-01 8.116672601927103770e-03 8.338061936735082782e+03
3.066711832553128261e+03 9.953758189941968038e-01 8.099685501935141585e-03 8.354001031882055031e+03
3.066720226406574511e+03 9.974096724563160654e-01 8.082890236643559476e-03 8.372297966356823963e+03
3.066728620260020762e+03 9.947554895796121288e-01 8.089704057838124560e-03 8.351242567031542421e+03
3.066737014113467467e+03 9.920091563118629274e-01 8.096983833381725046e-03 8.329406895485453788e+03
3.066745407966913717e+03 9.952788822282523373e-01 8.094960621913060983e-03 8.358085721064691825e+03
3.066753801820359968e+03 9.987115346272917860e-01 8.092684603228430043e-03 8.388141006079045837e+03
3.066762195673806673e+03 1.004575341765201912e+00 8.105803945243189243e-03 8.438626907377032694e+03
3.066770589527252923e+03 1.010522006011116414e+00 8.119454771221982017e-03 8.489823355683458431e+03
3.066778983380699174e+03 1.000639338382582233e+00 8.071713157801115382e-03 8.408026040009543067e+03
3.066787377234145879e+03 9.900882646234889783e-01 8.021381839015139653e-03 8.320587197810800717e+03
3.066795771087592129e+03 9.980863789915056516e-01 8.049410884653258533e-03 8.389030444930249359e+03
3.066804164941038380e+03 1.007012549853533612e+00 8.081362072022695020e-03 8.465294936483425772e+03
3.066812558794484630e+03 1.005934206281424492e+00 8.107662826820129578e-03 8.457467683679256879e+03
3.066820952647931335e+03 1.004275703137437858e+00 8.133628496518887155e-03 8.444759328187228675e+03
3.066829346501377586e+03 1.003395269633266640e+00 8.131624024063048919e-03 8.438590485330931187e+03
3.066837740354823836e+03 1.002541506138407756e+00 8.128670326107183958e-03 8.432643804506000379e+03
3.066846134208270541e+03 9.991549568801370018e-01 8.105308669084225828e-03 8.405387970418849363e+03
3.066854528061716792e+03 9.956640360318370631e-01 8.081104936091283025e-03 8.377245648794223598e+03
3.066862921915163042e+03 1.000773469651380143e+00 8.089189647246008627e-03 8.421466355438160463e+03
3.066871315768609747e+03 1.006305669975231742e+00 8.098864642664927241e-03 8.469257719180948698e+03
3.066879709622055998e+03 1.008760052920843586e+00 8.125841151345720645e-03 8.491155419676822930e+03
3.066888103475502248e+03 1.011037779254723823e+00 8.153799473837087392e-03 8.511571949824874537e+03
3.066896497328948954e+03 1.004248060432520129e+00 8.109904225913905015e-03 8.455647292586412732e+03
3.066904891182395204e+03 9.971596495540347993e-01 8.063639239422722149e-03 8.397190609044486337e+03
3.066913285035841454e+03 9.896944871865430704e-01 8.012159920487371689e-03 8.335543353616663808e+03
3.066921678889287705e+03 9.822160578315887181e-01 7.960482456907683191e-03 8.273765972904115188e+03
3.066930072742734410e+03 9.939342197592710981e-01 8.035237186337000279e-03 8.373697644055775527e+03
3.066938466596180660e+03 1.006580031321920421e+00 8.116102255970090648e-03 8.481474555239568872e+03
3.066946860449626911e+03 1.006409759444618413e+00 8.105221423176640558e-03 8.481278099546243538e+03
3.066955254303073616e+03 1.005517530547947125e+00 8.089175012003537585e-03 8.474996216071333038e+03
3.066963648156519866e+03 1.004935181756287044e+00 8.119021756039193627e-03 8.471324340224502521e+03
3.066972042009966117e+03 1.004363021838104553e+00 8.150344681954909548e-03 8.467736933272371971e+03
3.066980435863412822e+03 1.010501848696047977e+00 8.177193801074435220e-03 8.520736386163065617e+03
3.066988829716859073e+03 1.016907067622819794e+00 8.203856665364417031e-03 8.575997539563219107e+03
3.066997223570305323e+03 1.010012920692651806e+00 8.148882820043558753e-03 8.519099043145522955e+03
3.067005617423751573e+03 1.002486763244113677e+00 8.090032962353260054e-03 8.456852020869928310e+03
3.067014011277198279e+03 1.008526859903140727e+00 8.137084787749371967e-03 8.509046380480102016e+03
3.067022405130644529e+03 1.014891740119783670e+00 8.186671985570163207e-03 8.563996235625914778e+03
3.067030798984090779e+03 1.002837003680298489e+00 8.110183471835372832e-03 8.463508198854991861e+03
3.067039192837537485e+03 9.902045843503427536e-01 8.029739224444271475e-03 8.358114395275249990e+03
3.067047586690983735e+03 9.909645809427073404e-01 8.033314955519415060e-03 8.365748628166809794e+03
3.067055980544429985e+03 9.922485057120201679e-01 8.040177987837708248e-03 8.377808391069720528e+03
3.067064374397876691e+03 9.919189011750869645e-01 8.018961006200831312e-03 8.376245886754308231e+03
3.067072768251322941e+03 9.915637084432967763e-01 7.997303155664037960e-03 8.374466460713018023e+03
3.067081162104769192e+03 9.922597579293049863e-01 8.022333128562347815e-03 8.381565948314235357e+03
3.067089555958215897e+03 9.929800801256885023e-01 8.048442775993772114e-03 8.388872208889404646e+03
3.067097949811662147e+03 9.956734385927478170e-01 8.071289172352861738e-03 8.412851230670075893e+03
3.067106343665108398e+03 9.984267003402177432e-01 8.094028788000398947e-03 8.437343101094313170e+03
3.067114737518554648e+03 9.926475064507781498e-01 8.049025860055064943e-03 8.389726550489940564e+03
3.067123131372001353e+03 9.868026120487066732e-01 8.003501055467264133e-03 8.341540405792446109e+03
3.067131525225447604e+03 9.889726839520378565e-01 8.021681220005245916e-03 8.361101045239889572e+03
3.067139919078893854e+03 9.913249235031451612e-01 8.041070288605801572e-03 8.382207354160414980e+03
3.067148312932340559e+03 1.002287408522811507e+00 8.095435743280567087e-03 8.476134492207263975e+03
3.067156706785786810e+03 1.013246704153438760e+00 8.149785381050232702e-03 8.570061630249023438e+03
3.072163977512292604e+03 9.968266182786833518e-01 6.972250061578440412e-03 9.997020797729492188e+03
3.072171809563134502e+03 1.002108679060637719e+00 6.994651868945236245e-03 1.005178890940601013e+04
3.072179641613976401e+03 1.007388853545885921e+00 7.017045676317864092e-03 1.010655702108252990e+04
3.072187473664818299e+03 1.003866482888690514e+00 7.016210111785015427e-03 1.007301737357060483e+04
3.072195305715660197e+03 1.000107188605683151e+00 7.014746382197297771e-03 1.003708733814064544e+04
3.072203137766502550e+03 9.996673713098018776e-01 7.010062720461855169e-03 1.003446409011550713e+04
3.072210969817344449e+03 9.994123119374161979e-01 7.005201563521377961e-03 1.003369416094622648e+04
3.072218801868186347e+03 9.954921670380983967e-01 6.993043206647297366e-03 9.996120780681565520e+03
3.072226633919028245e+03 9.912588049669462942e-01 6.980262652773992944e-03 9.955387660135414990e+03
3.072234465969870143e+03 9.944048368477607092e-01 6.995713107608925868e-03 9.988765151618748860e+03
3.072242298020712042e+03 9.984190394307365102e-01 7.014483809011065781e-03 1.003087621691389722e+04
3.072250130071553940e+03 9.975098938916807656e-01 6.999801671585827688e-03 1.002352914874445014e+04
3.072257962122395838e+03 9.958541670359053466e-01 6.980049284608010225e-03 1.000867542545018841e+04
3.072265794173237737e+03 9.956111898577878483e-01 6.982270902206669239e-03 1.000801691897474302e+04
3.072273626224080090e+03 9.956335055865780381e-01 6.988617166972946673e-03 1.001002477701874886e+04
3.072281458274921988e+03 9.952757758303045765e-01 6.995413834169999373e-03 1.000821108534181440e+04
3.072289290325763886e+03 9.948322154151763019e-01 7.002310465101631125e-03 1.000553286948999994e+04
3.072297122376605785e+03 9.936131555715876917e-01 7.000335912207753669e-03 9.995052083656772083e+03
3.072304954427447683e+03 9.921873300172203702e-01 6.995992976978120288e-03 9.982486641721385240e+03
3.072312786478289581e+03 9.927326050958532599e-01 6.993760831399180311e-03 9.989751044498230840e+03
3.072320618529131480e+03 9.938903477816585230e-01 6.992185248829611149e-03 1.000318168724041789e+04
3.072328450579973378e+03 9.964226730446992253e-01 7.003934783638332030e-03 1.003045366484035367e+04
3.072336282630815276e+03 9.994460833881244621e-01 7.020447790895665771e-03 1.006267908538556730e+04
3.072344114681657629e+03 1.002090406633936004e+00 7.040974250017938835e-03 1.009109791291053625e+04
3.072351946732499528e+03 1.004579485415801665e+00 7.063134092179683583e-03 1.011796261708945894e+04
3.072359778783341426e+03 1.002400953281690210e+00 7.043555189371837610e-03 1.009781645294348345e+04
3.072367610834183324e+03 9.980649620037003178e-01 7.004683858129786243e-03 1.005592517349290029e+04
3.072375442885025222e+03 9.973348575973313146e-01 6.991065006888489211e-03 1.005035564894642266e+04
3.072383274935867121e+03 9.982350348793480599e-01 6.988864879603480344e-03 1.006121512465105297e+04
3.072391106986709019e+03 9.993297141028978370e-01 7.004473423535256121e-03 1.007403855974910221e+04
3.072398939037550917e+03 1.000523369323264689e+00 7.029158977241671026e-03 1.008786385086709743e+04
3.072406771088392816e+03 1.002637528048933024e+00 7.046777628208371336e-03 1.011097612408381610e+04
3.072414603139235169e+03 1.005278270571654975e+00 7.060348444921464399e-03 1.013940718524997465e+04
3.072422435190077067e+03 1.005136584962540880e+00 7.046638140625791427e-03 1.013977868094050245e+04
3.072430267240918965e+03 1.003213105388695903e+00 7.015459294149401816e-03 1.012217180913034645e+04
3.072438099291760864e+03 1.004399876072562092e+00 7.029118170921642289e-03 1.013594527252329499e+04
3.072445931342602762e+03 1.007808786166290771e+00 7.074812012579058222e-03 1.017215178546219795e+04
3.072453763393444660e+03 1.008019804875799119e+00 7.089562612562289728e-03 1.017608739367178714e+04
3.072461595444286559e+03 1.005686479091981722e+00 7.079692861752544600e-03 1.015433372067600067e+04
3.072469427495128457e+03 1.001673792767054261e+00 7.055766662521167042e-03 1.011561231433762987e+04
3.072477259545970355e+03 9.961753355325326797e-01 7.019403990158035872e-03 1.006186950181744214e+04
3.072485091596812708e+03 9.971947124948504770e-01 7.024032824483988392e-03 1.007395205339715540e+04
3.072492923647654607e+03 1.003870580476834418e+00 7.064236149482201570e-03 1.014319191326005239e+04
3.072500755698496505e+03 1.004202934607933750e+00 7.074283641318503298e-03 1.014834893534596085e+04
3.072508587749338403e+03 9.984165512246894192e-01 7.055243738240705650e-03 1.009166099324353854e+04
3.072516419800180302e+03 9.958407156048063591e-01 7.054027965285924150e-03 1.006740921575748143e+04
3.072524251851022200e+03 9.967060058317499527e-01 7.071916767997431415e-03 1.007794228896449204e+04
3.072532083901864098e+03 9.971429229483421697e-01 7.070058344314878417e-03 1.008414630784481233e+04
3.072539915952705996e+03 9.970694592865742001e-01 7.044670791678179014e-03 1.008518947655239754e+04
3.072547748003547895e+03 9.991706292708782966e-01 7.053994799619545987e-03 1.010823233030125448e+04
3.072555580054390248e+03 1.004155290351905094e+00 7.109342369857117420e-03 1.016045906898020439e+04
3.072563412105232146e+03 1.001755626908216845e+00 7.113427983147759676e-03 1.013797278477807777e+04
3.072571244156074044e+03 9.897555567696850742e-01 7.050869812571038640e-03 1.001830261703840188e+04
3.072579076206915943e+03 9.855077013575470612e-01 7.036611544983719518e-03 9.977071236382051211e+03
3.072586908257757841e+03 9.924883429533780665e-01 7.092313976340336099e-03 1.004951967662211246e+04
3.072594740308599739e+03 9.948071929089626897e-01 7.106316787353300288e-03 1.007478143345842545e+04
3.072602572359441638e+03 9.895863913400408940e-01 7.052876112889344164e-03 1.002368114428332046e+04
3.072610404410283536e+03 9.880086426257754795e-01 7.032713902892207512e-03 1.000946975000774182e+04
3.072618236461125434e+03 9.930294900569114347e-01 7.072826725789071144e-03 1.006211459516818286e+04
3.072626068511967787e+03 9.978577703623040529e-01 7.110717672808354074e-03 1.011282585007585476e+04
3.072633900562809686e+03 1.002345793667007046e+00 7.144677790785966542e-03 1.016010544688738446e+04
3.072641732613651584e+03 1.004762603014432543e+00 7.168142541389977730e-03 1.018640290929937873e+04
3.072649564664493482e+03 1.003053094999749595e+00 7.170702132186685361e-03 1.017086854199281152e+04
3.072657396715335381e+03 1.002989169188248209e+00 7.168867216645613549e-03 1.017201705397805563e+04
3.072665228766177279e+03 1.006626014732799446e+00 7.157148552700216652e-03 1.021070408583781864e+04
3.072673060817019177e+03 1.007485915586219249e+00 7.142518918564958949e-03 1.022123125353153591e+04
3.072680892867861076e+03 1.001256051935669689e+00 7.120448817029403910e-03 1.015982112369007700e+04
3.072688724918702974e+03 9.967692162946225620e-01 7.105154890923641962e-03 1.011607843384446278e+04
3.072696556969545327e+03 9.966261075312542461e-01 7.106748720718003912e-03 1.011641135746429427e+04
3.072704389020387225e+03 9.981815750668648901e-01 7.120549215129891654e-03 1.013398847922270943e+04
3.072712221071229123e+03 1.004575207721308372e+00 7.169120455624257253e-03 1.020069906988168623e+04
3.072720053122071022e+03 1.007676315118595678e+00 7.193737623670423860e-03 1.023399357306226193e+04
3.072727885172912920e+03 9.999734127547167395e-01 7.139754155400315772e-03 1.015755395671677798e+04
3.072735717223754818e+03 9.937743821184304993e-01 7.097802923184470987e-03 1.009636550137963241e+04
3.072743549274596717e+03 9.923762130113823465e-01 7.094268536178379402e-03 1.008393834337970293e+04
3.072751381325438615e+03 9.925605567261928108e-01 7.097040829348559218e-03 1.008758956744269744e+04
3.072759213376280513e+03 9.986277433626775668e-01 7.123259567211809480e-03 1.015104048826585495e+04
3.072767045427122866e+03 1.002150384721242293e+00 7.141002394930089960e-03 1.018864331197982392e+04
3.072774877477964765e+03 9.964843418756018645e-01 7.128143142682015487e-03 1.013282295774625345e+04
3.072782709528806663e+03 9.916884896506723557e-01 7.114664960758529735e-03 1.008583245863758202e+04
3.072790541579648561e+03 9.905862509630349866e-01 7.098540316619826249e-03 1.007639678638105943e+04
3.072798373630490460e+03 9.908735567131711219e-01 7.092629851273678752e-03 1.008109431554797993e+04
3.072806205681332358e+03 9.982405125104432120e-01 7.138748474025546562e-03 1.015783353536028881e+04
3.072814037732174256e+03 1.003724201628326096e+00 7.173651222726882583e-03 1.021543214770009763e+04
3.072821869783016155e+03 9.999485034149350193e-01 7.153412399250145583e-03 1.017879613678544774e+04
3.072829701833858053e+03 9.963668874049157465e-01 7.137956589251323071e-03 1.014412257119728747e+04
3.072837533884700406e+03 9.939465162987997093e-01 7.151247382182595799e-03 1.012126101796715739e+04
3.072845365935542304e+03 9.919528243345960838e-01 7.162049730169684457e-03 1.010273638990189647e+04
3.072853197986384203e+03 9.924246725683507631e-01 7.158471356275034232e-03 1.010931980915169697e+04
3.072861030037226101e+03 9.934183159808214203e-01 7.160212347066576867e-03 1.012122111278867669e+04
3.072868862088067999e+03 9.982050737702756749e-01 7.200603198677012207e-03 1.017177807167325955e+04
3.072876694138909897e+03 1.002132888884115669e+00 7.232631491783648309e-03 1.021359795679318631e+04
3.072884526189751796e+03 1.000100617185689655e+00 7.206620128696653547e-03 1.019467686801486525e+04
3.072892358240593694e+03 9.985277722472755135e-01 7.185267809371440918e-03 1.018043255732608304e+04
3.072900190291435592e+03 1.001110964058863129e+00 7.206046532544649677e-03 1.020856269053848337e+04
3.072908022342277945e+03 1.003727931186088718e+00 7.227970690170228488e-03 1.023704655389875370e+04
3.072915854393119844e+03 1.006784050894947935e+00 7.264513600019629688e-03 1.027001950808186120e+04
3.072923686443961742e+03 1.009138520686559959e+00 7.294793026018148510e-03 1.029584475241739528e+04
3.072931518494803640e+03 1.003196461052315192e+00 7.251046307050468959e-03 1.023701733253094790e+04
3.072939350545645539e+03 9.975695209402675179e-01 7.209974515615012562e-03 1.018138479386203471e+04
3.072947182596487437e+03 9.977081230085929064e-01 7.217885087981398481e-03 1.018458664674339707e+04
3.072955014647329335e+03 9.977732774010190653e-01 7.224405131772289844e-03 1.018703911206595330e+04
3.072962846698171234e+03 9.966088963744986762e-01 7.207676543603272305e-03 1.017693633020819289e+04
3.072970678749013132e+03 9.955494178904789049e-01 7.191862192433331677e-03 1.016790078372990683e+04
3.072978510799855485e+03 9.960945029542291884e-01 7.189998654206712636e-03 1.017525229478935034e+04
3.072986342850697383e+03 9.964518544446245851e-01 7.187917241701893140e-03 1.018068769628992413e+04
3.072994174901539282e+03 9.916067051661339171e-01 7.179774659101526707e-03 1.013296142613987831e+04
3.073002006952381180e+03 9.870376993090123063e-01 7.171604081170328965e-03 1.008804012698640690e+04
3.073009839003223078e+03 9.891236371434584118e-01 7.162688482024289795e-03 1.011113137552034641e+04
3.073017671054064976e+03 9.912072598970151915e-01 7.154074945865133463e-03 1.013420642775409397e+04
3.073025503104906875e+03 9.931722276945650352e-01 7.167717880447133268e-03 1.015607559181994657e+04
3.073033335155748773e+03 9.950983557468234819e-01 7.181067897507123488e-03 1.017755455505302962e+04
3.073041167206590671e+03 9.949512781213301071e-01 7.178760457724176446e-03 1.017783260636628256e+04
3.073048999257433024e+03 9.948042519985020871e-01 7.176453825945151854e-03 1.017811065767955188e+04
3.073056831308274923e+03 9.989815341613960120e-01 7.195521247208794963e-03 1.022263909321337269e+04
3.073064663359116821e+03 1.003193465300481924e+00 7.214760478758168276e-03 1.026753712193355386e+04
3.073072495409958719e+03 1.000264021629741817e+00 7.190253639086252417e-03 1.023934653039737896e+04
3.073080327460800618e+03 9.973161270944732593e-01 7.165630298951988254e-03 1.021095653550805218e+04
3.073088159511642516e+03 9.983009399893145730e-01 7.160854015154619230e-03 1.022282779419555300e+04
3.073095991562484414e+03 9.992854083907630747e-01 7.156079402129657784e-03 1.023469905288305381e+04
3.073103823613326313e+03 9.964353830405384693e-01 7.143083759896884724e-03 1.020729401599602897e+04
3.073111655664168211e+03 9.934880599622392117e-01 7.129881860451776909e-03 1.017888189460589274e+04
3.073119487715010564e+03 9.914654174204386994e-01 7.108664819031199414e-03 1.015993477771041398e+04
3.073127319765852462e+03 9.894625024328147500e-01 7.087290045222901375e-03 1.014118260557553549e+04
3.073135151816694361e+03 9.872204864619229525e-01 7.099727654196296214e-03 1.011997223942733035e+04
3.073142983867536259e+03 9.849675519075539176e-01 7.113810560453455271e-03 1.009864189508455456e+04
3.073150815918378157e+03 9.902731819572734295e-01 7.121471976226255961e-03 1.015481321391805068e+04
3.073158647969220056e+03 9.959059133525817176e-01 7.128851432454268860e-03 1.021435840682033995e+04
3.073166480020061954e+03 9.957567960464007717e-01 7.138317644550080769e-03 1.021461276592709692e+04
3.073174312070903852e+03 9.953863353914442769e-01 7.147860581935795363e-03 1.021259562319074394e+04
3.073182144121745750e+03 9.907059416881547342e-01 7.124928034960458130e-03 1.016634981468777187e+04
3.073189976172588104e+03 9.857361994292145324e-01 7.099811222430425783e-03 1.011711750463439967e+04
3.073197808223430002e+03 9.833169308060685232e-01 7.083445636069198026e-03 1.009404878064814511e+04
3.073205640274271900e+03 9.810566539018765742e-01 7.067628224143597190e-03 1.007260377249482372e+04
3.073213472325113798e+03 9.835633179973233275e-01 7.075064387095734639e-03 1.010010185107584584e+04
3.073221304375955697e+03 9.863390717801928664e-01 7.083814770946710027e-03 1.013037264430885807e+04
3.073229136426797595e+03 9.893146493973129507e-01 7.105071948995601849e-03 1.016270606683333790e+04
3.073236968477639493e+03 9.923066393860142664e-01 7.127408892439686394e-03 1.019521877502707684e+04
3.073244800528481392e+03 9.917166514892090667e-01 7.132279348198219439e-03 1.019093360543256313e+04
3.073252632579323290e+03 9.908359435107157998e-01 7.135729709688782944e-03 1.018365834611060927e+04
3.073260464630165643e+03 9.883775050163110532e-01 7.116522530684465248e-03 1.016016143532682872e+04
3.073268296681007541e+03 9.858005622597220130e-01 7.095608345318849680e-03 1.013543732363181516e+04
3.073276128731849440e+03 9.850299075724355813e-01 7.109977190878624502e-03 1.012927843558965651e+04
3.073283960782691338e+03 9.843860657333386444e-01 7.126813597800694434e-03 1.012442105798838020e+04
3.073291792833533236e+03 9.856609949014690786e-01 7.135972644060266032e-03 1.013929939091761116e+04
3.073299624884375135e+03 9.871295281643369668e-01 7.144352580820335051e-03 1.015617420534258417e+04
3.073307456935217033e+03 9.924681012010186931e-01 7.173667529143982861e-03 1.021287847885449264e+04
3.073315288986058931e+03 9.981738012140414229e-01 7.204968316557941281e-03 1.027338041441663336e+04
3.073323121036900829e+03 9.991087900403367028e-01 7.202120296824087234e-03 1.028479324678514240e+04
3.073330953087743183e+03 9.996162675835508216e-01 7.196215168774512325e-03 1.029180787594679168e+04
3.073338785138585081e+03 9.987916961592363529e-01 7.192557350308318408e-03 1.028510748234324819e+04
3.073346617189426979e+03 9.978556806933589485e-01 7.189089158863924689e-03 1.027725633430003472e+04
3.073354449240268877e+03 9.969276063443253122e-01 7.180770198448668470e-03 1.026948363527573019e+04
3.073362281291110776e+03 9.960004507057261813e-01 7.172074422273654049e-03 1.026171707662607514e+04
3.073370113341952674e+03 9.975699758733308498e-01 7.180176497263515874e-03 1.027967478161309737e+04
3.073377945392794572e+03 9.994130357478574478e-01 7.190119694333464012e-03 1.030045729709727675e+04
3.073385777443636471e+03 9.981738285077205175e-01 7.173520972481481697e-03 1.028947348717328896e+04
3.073393609494478369e+03 9.966149052625457028e-01 7.154170968325270288e-03 1.027518893687056152e+04
3.073401441545320722e+03 9.951468147057987990e-01 7.132633898846401158e-03 1.026183545725186013e+04
3.073409273596162620e+03 9.936880869972980479e-01 7.110889214004904521e-03 1.024857328322614558e+04
3.073417105647004519e+03 9.996815033681976104e-01 7.141674223355404250e-03 1.031217820431593645e+04
3.073424937697846417e+03 1.006360392825732308e+00 7.177294702300323660e-03 1.038287679876341281e+04
3.073432769748688315e+03 1.003240895934628396e+00 7.154313235171296317e-03 1.035248931877476025e+04
3.073440601799530214e+03 9.992746304727098128e-01 7.126268806793146886e-03 1.031335130149845463e+04
3.073448433850372112e+03 9.953721710471397088e-01 7.113132757189364469e-03 1.027485772025542610e+04
3.073456265901214010e+03 9.914761158137546104e-01 7.101206433152547348e-03 1.023641627717103984e+04
3.073464097952055909e+03 9.921018341641706373e-01 7.083643074676846015e-03 1.024465366735776297e+04
3.073471930002898262e+03 9.932362490943117406e-01 7.065450719962469012e-03 1.025814711920022091e+04
3.073479762053740160e+03 9.948883687277428889e-01 7.061111443609560667e-03 1.027699241853870444e+04
3.073487594104582058e+03 9.965951696714352437e-01 7.058250404566333847e-03 1.029640858160988319e+04
3.073495426155423957e+03 9.946893706108496103e-01 7.041595096495123843e-03 1.027850050101487977e+04
3.073503258206265855e+03 9.924202202050124155e-01 7.023555299290372769e-03 1.025683029506490129e+04
3.073511090257107753e+03 9.929988075474147635e-01 7.037473296142322289e-03 1.026458891045763630e+04
3.073518922307949651e+03 9.938475703474858314e-01 7.054420919015536896e-03 1.027514287563448488e+04
3.073526754358791550e+03 9.956216695490909263e-01 7.058957564147749601e-03 1.029526836223852297e+04
3.073534586409633448e+03 9.974777420671079309e-01 7.062385812150031271e-03 1.031624800036105262e+04
3.073542418460475801e+03 1.000085473080350340e+00 7.080893480744267741e-03 1.034500953799714262e+04
3.073550250511317699e+03 1.002755145636622158e+00 7.100654520674700917e-03 1.037442126044733595e+04
3.073558082562159598e+03 9.993107809011522180e-01 7.084907511527138019e-03 1.034057627430008688e+04
3.073565914613001496e+03 9.953913444968778279e-01 7.066400104555925141e-03 1.030180219397785186e+04
3.073573746663843394e+03 9.953098680547058930e-01 7.060706140968285582e-03 1.030274191118321323e+04
3.073581578714685293e+03 9.955059554863774363e-01 7.055940594848549886e-03 1.030655497808036671e+04
3.073589410765527191e+03 9.979065521439060005e-01 7.086123731130307066e-03 1.033319616177630814e+04
3.073597242816369089e+03 1.000453642492044715e+00 7.118631813482249708e-03 1.036136313219952535e+04
3.073605074867210988e+03 1.001943524463020374e+00 7.123220040432063499e-03 1.037858818138951574e+04
3.073612906918053341e+03 1.003368063912223329e+00 7.126093916342933834e-03 1.039514160370132231e+04
3.073620738968895239e+03 1.000647416683783097e+00 7.112678838425624817e-03 1.036874754377550016e+04
3.073628571019737137e+03 9.976957315707485341e-01 7.098356761420456310e-03 1.033994929909671009e+04
3.073636403070579036e+03 9.992595074254878584e-01 7.112729267043569475e-03 1.035794603957850450e+04
3.073644235121420934e+03 1.001051282661646225e+00 7.128549194504929173e-03 1.037831214639486825e+04
3.073652067172262832e+03 1.000469744537213934e+00 7.113900822642299157e-03 1.037407530123931247e+04
3.073659899223104730e+03 9.997808478122485187e-01 7.097876563315941995e-03 1.036872295700284485e+04
3.073667731273946629e+03 1.003985912052607565e+00 7.131491147769090586e-03 1.041413216002139052e+04
3.073675563324788527e+03 1.008385729766926975e+00 7.167084088354929924e-03 1.046157691380605502e+04
3.073683395375630880e+03 1.006731463868012488e+00 7.148587452596634299e-03 1.044621802015721187e+04
3.073691227426472778e+03 1.004866494046884329e+00 7.128209542996885237e-03 1.042866648046445880e+04
3.073699059477314677e+03 1.001804158657831900e+00 7.121710625595994992e-03 1.039867966129364140e+04
3.073706891528156575e+03 9.987072134970217396e-01 7.115626940486665872e-03 1.036832256084860455e+04
3.073714723578998473e+03 1.001822873515286538e+00 7.136354043748072140e-03 1.040246317009366976e+04
3.073722555629840372e+03 1.005090803515891862e+00 7.157735825362005443e-03 1.043819631537871282e+04
3.073730387680682270e+03 1.010561625875141756e+00 7.180974337967611053e-03 1.049682287164591799e+04
3.073738219731524168e+03 1.016073876348092986e+00 7.204241471127083643e-03 1.055589942124916342e+04
3.073746051782366067e+03 1.009245052590278968e+00 7.160730016109541352e-03 1.048676331060403390e+04
3.073753883833208420e+03 1.002237599437736604e+00 7.116254210813168814e-03 1.041574632963227123e+04
3.073761715884050318e+03 9.998771928558418676e-01 7.117973505752471682e-03 1.039300696220894497e+04
3.073769547934892216e+03 9.975627951570293916e-01 7.120141568892908446e-03 1.037073744990361956e+04
3.073777379985734115e+03 9.993112734973591538e-01 7.129719359388534197e-03 1.039070488709545134e+04
3.073785212036576013e+03 1.001078817175028446e+00 7.139329730194581697e-03 1.041087686157226562e+04
3.228342089478813250e+03 1.002051407738278055e+00 4.757378038968445265e-03 2.581035272216796875e+04
3.228351514664878778e+03 9.995047550806260839e-01 4.733443909241453335e-03 2.574543876513787473e+04
3.228360939850944760e+03 9.969526115527514998e-01 4.709484471487115735e-03 2.568052480810464476e+04
3.228370365037010288e+03 9.960160707977298022e-01 4.693326324124977127e-03 2.565736646959136851e+04
3.228379790223075815e+03 9.951082978876281127e-01 4.677308630439306475e-03 2.563508681134389190e+04
3.228389215409141798e+03 9.980048633783762391e-01 4.690322185512152756e-03 2.571095050287399863e+04
3.228398640595207326e+03 1.001059680212979863e+00 4.704558904896285684e-03 2.579103352336990065e+04
3.228408065781272853e+03 1.000135835794934369e+00 4.706444616292983392e-03 2.576874655017190526e+04
3.228417490967338836e+03 9.989452437703344456e-01 4.707494197608128213e-03 2.573971299614999225e+04
3.228426916153404363e+03 9.994328326162754683e-01 4.704156579684356208e-03 2.575404666388897385e+04
3.228436341339469891e+03 1.000120008396513827e+00 4.700266534211777932e-03 2.577364983192722502e+04
3.228445766525535419e+03 1.001423283359422767e+00 4.701957510890664507e-03 2.580925585186004901e+04
3.228455191711601401e+03 1.002813639727378137e+00 4.704455866106790202e-03 2.584723100908637934e+04
3.228464616897666929e+03 1.002468799844103531e+00 4.697711577028704580e-03 2.584060093393954230e+04
3.228474042083732456e+03 1.001815299425504735e+00 4.689326246330489598e-03 2.582612628325638070e+04
3.228483467269798439e+03 1.001763360591709784e+00 4.689653080616492005e-03 2.582726918144995216e+04
3.228492892455863966e+03 1.001831425947469656e+00 4.691750363560875589e-03 2.583161478154403085e+04
3.228502317641929494e+03 1.001386074690418848e+00 4.688929726420557921e-03 2.582282732592315733e+04
3.228511742827995477e+03 1.000816750085954387e+00 4.684936221184385699e-03 2.581094359098255154e+04
3.228521168014061004e+03 9.999795427176195739e-01 4.684745975362354826e-03 2.579224790741682591e+04
3.228530593200126532e+03 9.990679400324959936e-01 4.685562011632359893e-03 2.577172622600719114e+04
3.228540018386192514e+03 1.000487197270008677e+00 4.695253837435888790e-03 2.581142782587268812e+04
3.228549443572258042e+03 1.002607599727294518e+00 4.707612650741214294e-03 2.586932210910347931e+04
3.228558868758323570e+03 1.002247465927932568e+00 4.706646805854363368e-03 2.586330942901309390e+04
3.228568293944389552e+03 1.001047094335989485e+00 4.701168796867436980e-03 2.583569663588835101e+04
3.228577719130455080e+03 1.000624454354283044e+00 4.694388247481823088e-03 2.582823553440857359e+04
3.228587144316520607e+03 1.000492195980088539e+00 4.687110237456514061e-03 2.582835016734215606e+04
3.228596569502586590e+03 1.000148336703468033e+00 4.676669114520715445e-03 2.582308013094604757e+04
3.228605994688652117e+03 9.997148281739666187e-01 4.664906213817180888e-03 2.581556957445802982e+04
3.228615419874717645e+03 1.000963371696229620e+00 4.670555494274249847e-03 2.585157196214263968e+04
3.228624845060783173e+03 1.002981413897640506e+00 4.684179906103473623e-03 2.590753216576752675e+04
3.228634270246849155e+03 1.004096508181151925e+00 4.676368288681909298e-03 2.594025012839090778e+04
3.228643695432914683e+03 1.004755433392726660e+00 4.657755977590888850e-03 2.596125692308469297e+04
3.228653120618980211e+03 1.002902707086278600e+00 4.637538662186279845e-03 2.591742598601638747e+04
3.228662545805046193e+03 9.996635158769977547e-01 4.616434102907585220e-03 2.583780611881588993e+04
3.228671970991111721e+03 9.998519270920462887e-01 4.608737087664678371e-03 2.584682387556390677e+04
3.228681396177177248e+03 1.002106251144408766e+00 4.609121737080242205e-03 2.590931302132942801e+04
3.228690821363243231e+03 1.003388938452596246e+00 4.612037529924220211e-03 2.594674900542661635e+04
3.228700246549308758e+03 1.004031805469321359e+00 4.616614981606547569e-03 2.596769889143875116e+04
3.228709671735374286e+03 1.005872896269782268e+00 4.637630621770443516e-03 2.601969798501371042e+04
3.228719096921440268e+03 1.008571718618739510e+00 4.670417619683132557e-03 2.609395028214835111e+04
3.228728522107505796e+03 1.007524684798231984e+00 4.656339455023015585e-03 2.607133949844758899e+04
3.228737947293571324e+03 1.003558427732325509e+00 4.605740465534490825e-03 2.597320709211912617e+04
3.228747372479637306e+03 1.001804084882655044e+00 4.576984748966244146e-03 2.593233343028584568e+04
3.228756797665702834e+03 1.001923194286389540e+00 4.566731187255079587e-03 2.593998284516534477e+04
3.228766222851768362e+03 1.001047357820247230e+00 4.556313619010555691e-03 2.592190178328020556e+04
3.228775648037833889e+03 9.992561302889245711e-01 4.545745493729993862e-03 2.588013425446627662e+04
3.228785073223899872e+03 9.992193538857474522e-01 4.546276565819789596e-03 2.588382450929667539e+04
3.228794498409965399e+03 1.000935684253718039e+00 4.557898148433953828e-03 2.593295953753051435e+04
3.228803923596030927e+03 1.000921301078771863e+00 4.557399369457296526e-03 2.593728372542223588e+04
3.228813348782096909e+03 9.990291248121572210e-01 4.543749779478539579e-03 2.589295805470677078e+04
3.228822773968162437e+03 9.985967217542573993e-01 4.538117012332116597e-03 2.588647248584490808e+04
3.228832199154227965e+03 9.998851501832326516e-01 4.541934344681189915e-03 2.592461368713774573e+04
3.228841624340293947e+03 9.993746570221682113e-01 4.537050413731609673e-03 2.591612810536614779e+04
3.228851049526359475e+03 9.965596696358982598e-01 4.521019486183558075e-03 2.584787435783945693e+04
3.228860474712425003e+03 9.962589206520441332e-01 4.516036471875893576e-03 2.584482380027283943e+04
3.228869899898490985e+03 9.994623628135171911e-01 4.526450859489964881e-03 2.593269571699921289e+04
3.228879325084556513e+03 1.000858244060439439e+00 4.529928243899424001e-03 2.597369015633973686e+04
3.228888750270622040e+03 9.997894266921298900e-01 4.523946506558382957e-03 2.595072182450734181e+04
3.228898175456688023e+03 9.990526742669814109e-01 4.518161405520551739e-03 2.593635948512526375e+04
3.228907600642753550e+03 9.988088478745918986e-01 4.512667303354487083e-03 2.593478214200041839e+04
3.228917025828819078e+03 9.981046076762493113e-01 4.505075845977680148e-03 2.592123553569320939e+04
3.228926451014885060e+03 9.966547061618995507e-01 4.494086630213407936e-03 2.588830114650060568e+04
3.228935876200950588e+03 9.958050882913892510e-01 4.484275313468171799e-03 2.587093335693728659e+04
3.228945301387016116e+03 9.960164038251042573e-01 4.476542629023564160e-03 2.588110789822412335e+04
3.228954726573081643e+03 9.963869749173307477e-01 4.473037197999822287e-03 2.589540312742736569e+04
3.228964151759147626e+03 9.970653467634020828e-01 4.477711293362324554e-03 2.591767991607678778e+04
3.228973576945213154e+03 9.976859227179848411e-01 4.483170176551035807e-03 2.593843489589987803e+04
3.228983002131278681e+03 9.981829283477385850e-01 4.490294471038852597e-03 2.595595424460941285e+04
3.228992427317344664e+03 9.985755183046132188e-01 4.494002115105552239e-03 2.597073175660138440e+04
3.229001852503410191e+03 9.987505115221992913e-01 4.490619199498615925e-03 2.597981923332573933e+04
3.229011277689475719e+03 9.991173760276365057e-01 4.487829928759532426e-03 2.599386412485494293e+04
3.229020702875541701e+03 9.999206133371510985e-01 4.486386664325856671e-03 2.601922860216667686e+04
3.229030128061607229e+03 1.000270534444712922e+00 4.483032567703077766e-03 2.603276099012438499e+04
3.229039553247672757e+03 9.994757904223239287e-01 4.474850280556772093e-03 2.601645671324357681e+04
3.229048978433738739e+03 9.991803363911293534e-01 4.469562524794292065e-03 2.601309765231275378e+04
3.229058403619804267e+03 1.000277545833649029e+00 4.472350391133167458e-03 2.604595001882775614e+04
3.229067828805869794e+03 1.001134347544659464e+00 4.473302947224862963e-03 2.607249891692602250e+04
3.229077253991935777e+03 1.001334133044963437e+00 4.469247089440151442e-03 2.608188706722703500e+04
3.229086679178001305e+03 1.001927963399436017e+00 4.466607567432854219e-03 2.610148503110319143e+04
3.229096104364066832e+03 1.003711895579838087e+00 4.468238778408323286e-03 2.615203646326026137e+04
3.229105529550132815e+03 1.004815611979632539e+00 4.467533968637704862e-03 2.618481369259188432e+04
3.229114954736198342e+03 1.003604795814593720e+00 4.458871386359085018e-03 2.615721008689274822e+04
3.229124379922263870e+03 1.002598131010763227e+00 4.451940002777778592e-03 2.613485077625426493e+04
3.229133805108329398e+03 1.002257682491912716e+00 4.450682975862736181e-03 2.612978215800517864e+04
3.229143230294395380e+03 1.001655554414464300e+00 4.445504660676209349e-03 2.611781470063806410e+04
3.229152655480460908e+03 1.000073832083657743e+00 4.425729236718881250e-03 2.608022098865252701e+04
3.229162080666526435e+03 9.990721758479796932e-01 4.411965655278850609e-03 2.605766688673988028e+04
3.229171505852592418e+03 1.000508079859996569e+00 4.423518804428667323e-03 2.609860961391582532e+04
3.229180931038657945e+03 1.001952359088603028e+00 4.433038674944864144e-03 2.613969726970943520e+04
3.229190356224723473e+03 1.003422241193298481e+00 4.434227767923755621e-03 2.618137644507653022e+04
3.229199781410789456e+03 1.004783927121438492e+00 4.435746512748224915e-03 2.622015284452105698e+04
3.229209206596854983e+03 1.005628726798832862e+00 4.438752568647273168e-03 2.624535623159841271e+04
3.229218631782920511e+03 1.006007008856805385e+00 4.439987044795755920e-03 2.625829355671986923e+04
3.229228056968986493e+03 1.003838498069195673e+00 4.431540158697572750e-03 2.620465336063300492e+04
3.229237482155052021e+03 1.002026217020339782e+00 4.424271124199198255e-03 2.616020119382824123e+04
3.229246907341117549e+03 1.002053791404413641e+00 4.423066538338696341e-03 2.616367555342078049e+04
3.229256332527183531e+03 1.001766786169204781e+00 4.421100067837482016e-03 2.615883085718507573e+04
3.229265757713249059e+03 9.995313532395554423e-01 4.414372551405728977e-03 2.610299374425962014e+04
3.229275182899314586e+03 9.977469027600731621e-01 4.407399219411427607e-03 2.605881446299995150e+04
3.229284608085380114e+03 9.992509269356841806e-01 4.398491794794285106e-03 2.610040949104996253e+04
3.229294033271446096e+03 1.000621989899433295e+00 4.392093793102307478e-03 2.613842317324859323e+04
3.229303458457511624e+03 1.001037239688849168e+00 4.403143427394693409e-03 2.615135512744059088e+04
3.229312883643577152e+03 1.001362646870459061e+00 4.412239382486782789e-03 2.616182114227536658e+04
3.229322308829643134e+03 1.000882532703945449e+00 4.404425584750430375e-03 2.615111864064646943e+04
3.229331734015708662e+03 1.000480006719890014e+00 4.397028504416596907e-03 2.614231617794951308e+04
3.229341159201774190e+03 1.000672953788006136e+00 4.392857617361037303e-03 2.614894471028452972e+04
3.229350584387840172e+03 1.000832602965582963e+00 4.389694244184261761e-03 2.615457280839423402e+04
3.229360009573905700e+03 1.000605612250099252e+00 4.396633209002059200e-03 2.614996334405098241e+04
3.229369434759971227e+03 1.000308112082795242e+00 4.400863978340058789e-03 2.614337488352480068e+04
3.229378859946037210e+03 9.992886675119940776e-01 4.378900076898794430e-03 2.611778325478735496e+04
3.229388285132102737e+03 9.981930562977646693e-01 4.357793379427640779e-03 2.609006985444998645e+04
3.229397710318168265e+03 9.960821463424678335e-01 4.347188417508816675e-03 2.603569217099755406e+04
3.229407135504234247e+03 9.940653372868978321e-01 4.336132434094997282e-03 2.598365129276769585e+04
3.229416560690299775e+03 9.930951955527854702e-01 4.319598385414152864e-03 2.595885197545385381e+04
3.229425985876365303e+03 9.921434442745056259e-01 4.303182546183201111e-03 2.593442176634412317e+04
3.229435411062431285e+03 9.914234734244000702e-01 4.288383737484897582e-03 2.591594342702730864e+04
3.229444836248496813e+03 9.907243786019752640e-01 4.274588832613948446e-03 2.589790868231471541e+04
3.229454261434562341e+03 9.902784866037045441e-01 4.275316362237383677e-03 2.588639527669371819e+04
3.229463686620627868e+03 9.898807731051100234e-01 4.275969574285159482e-03 2.587604836878195420e+04
3.229473111806693851e+03 9.904776607323718673e-01 4.274646175960955877e-03 2.589161243658929743e+04
3.229482536992759378e+03 9.911293861477546985e-01 4.274340646754992180e-03 2.590852578628430638e+04
3.229491962178824906e+03 9.927995630130029836e-01 4.293798560925991131e-03 2.595198166639987176e+04
3.229501387364890888e+03 9.943861963873175114e-01 4.312261138532932914e-03 2.599317738145128897e+04
3.229510812550956416e+03 9.929479727723231619e-01 4.295433084620575714e-03 2.595523236815877317e+04
3.229520237737021944e+03 9.916073637298427057e-01 4.279430099859476457e-03 2.591977324928274538e+04
3.229529662923087926e+03 9.930505784031604666e-01 4.287259201190251820e-03 2.595701847111072493e+04
3.229539088109153454e+03 9.945013336611533417e-01 4.295118703642324641e-03 2.599440129575032188e+04
3.229548513295218982e+03 9.963717416248534242e-01 4.304614262216489851e-03 2.604269744698983777e+04
3.229557938481284964e+03 9.982051941763301350e-01 4.313877733496890646e-03 2.608997596695955872e+04
3.229567363667350492e+03 9.978855000920262563e-01 4.309826515876542113e-03 2.608093187865212531e+04
3.229576788853416019e+03 9.975371161070002435e-01 4.305680659019887370e-03 2.607109774273622679e+04
3.229586214039482002e+03 9.959084297507472261e-01 4.297252292004601591e-03 2.602776755106140627e+04
3.229595639225547529e+03 9.942933463123324600e-01 4.288888184875053015e-03 2.598476360283173199e+04
3.229605064411613057e+03 9.977976204028849994e-01 4.304929489575870169e-03 2.607551946785645123e+04
3.229614489597679039e+03 1.001274452566108364e+00 4.320778656119687172e-03 2.616552928797766799e+04
3.229623914783744567e+03 1.001086752833439508e+00 4.311341965754629697e-03 2.615975523164416154e+04
3.229633339969810095e+03 1.000899587438227822e+00 4.301906998589119686e-03 2.615398117531065509e+04
3.229642765155875622e+03 9.995672874373490169e-01 4.296294006134641387e-03 2.611827569252649118e+04
3.229652190341941605e+03 9.982201561994544781e-01 4.290731387075635318e-03 2.608217963001172029e+04
3.229661615528007133e+03 9.995362351714622839e-01 4.295901455821145125e-03 2.611566874411120807e+04
3.229671040714072660e+03 1.000872632417057595e+00 4.301153362963072192e-03 2.614968973221630949e+04
3.229680465900138643e+03 9.988737370533624649e-01 4.288338228177143024e-03 2.609657827780365187e+04
3.229689891086204170e+03 9.968665848409705710e-01 4.275478756815025670e-03 2.604326683499904902e+04
3.229699316272269698e+03 9.991402758667100592e-01 4.276256796393085140e-03 2.610180934843507566e+04
3.229708741458335680e+03 1.001513658308737842e+00 4.277351149579934793e-03 2.616297331097348433e+04
3.229718166644401208e+03 9.994989881775234730e-01 4.270657702247442240e-03 2.610953142708476662e+04
3.229727591830466736e+03 9.974044324742298295e-01 4.263819477769338270e-03 2.605403585451491017e+04
3.229737017016532718e+03 9.993209281022953361e-01 4.266041334075370596e-03 2.610335071289034022e+04
3.229746442202598246e+03 1.001286054790284874e+00 4.268369977767935350e-03 2.615397171487855303e+04
3.229755867388663773e+03 1.000448818289356501e+00 4.260394741851251249e-03 2.613143626216923803e+04
3.229765292574729756e+03 9.995899386501185813e-01 4.252338636141254728e-03 2.610838413804119409e+04
3.229774717760795284e+03 9.998062231022617485e-01 4.254642242342425960e-03 2.611346665937605576e+04
3.229784142946860811e+03 1.000050959806577211e+00 4.257231311506177833e-03 2.611934841335369129e+04
3.229793568132926339e+03 1.000423860491179928e+00 4.252620939954667410e-03 2.612863804177213024e+04
3.229802993318992321e+03 1.000797255856431534e+00 4.247835613997092905e-03 2.613800549604578191e+04
3.229812418505057849e+03 1.001145071174863954e+00 4.237701109332870850e-03 2.614677427829603039e+04
3.229821843691123377e+03 1.001489659294033885e+00 4.227461892423386991e-03 2.615553268751618816e+04
3.229831268877189359e+03 1.001076747698694813e+00 4.224448731789840969e-03 2.614458629328377720e+04
3.229840694063254887e+03 1.000631145369919928e+00 4.221705282990356918e-03 2.613286917280022317e+04
3.229850119249320414e+03 1.003161748586905322e+00 4.227297484715006499e-03 2.619896715830638277e+04
3.229859544435386397e+03 1.005788417042137173e+00 4.233153930780078796e-03 2.626766626997415733e+04
3.229868969621451924e+03 1.003050935074525807e+00 4.217134812892060942e-03 2.619636895886964339e+04
3.229878394807517452e+03 1.000160614243925883e+00 4.200492018353790824e-03 2.612117942594983469e+04
3.229887819993583435e+03 1.000138506755826162e+00 4.196848043712166250e-03 2.612100305140744968e+04
3.229897245179648962e+03 1.000176084269283727e+00 4.193476060735110318e-03 2.612249485537172950e+04
3.229906670365714490e+03 1.000742013760695936e+00 4.185692964652052220e-03 2.613790024524326509e+04
3.229916095551780472e+03 1.001312300601964189e+00 4.177817826334218401e-03 2.615353847306408352e+04
3.229925520737846000e+03 1.001106066473445466e+00 4.172429297267223058e-03 2.614901753293012371e+04
3.229934945923911528e+03 1.000865270371504856e+00 4.167117322215994901e-03 2.614372054872648005e+04
3.229944371109977510e+03 1.002632557216078357e+00 4.167045890482752070e-03 2.619101020794954820e+04
3.229953796296043038e+03 1.004460528445636491e+00 4.167125438307741486e-03 2.624002554859781594e+04
3.229963221482108565e+03 1.000870985179764361e+00 4.147683725504580990e-03 2.614765458853261225e+04
3.229972646668174093e+03 9.971291202250281982e-01 4.127690941284209263e-03 2.605143822040778832e+04
3.229982071854240075e+03 1.000280778804239379e+00 4.139840047075319870e-03 2.613547330958043312e+04
3.229991497040305603e+03 1.003575417406735948e+00 4.152659166655560397e-03 2.622340914677024921e+04
3.230000922226371131e+03 1.001939741560076369e+00 4.143861464346592846e-03 2.618267721687648736e+04
3.230010347412437113e+03 1.000218625665249439e+00 4.134690931325877422e-03 2.613986818951598616e+04
3.230019772598502641e+03 1.001317727075195618e+00 4.139525281562731265e-03 2.617092875749774248e+04
3.230029197784568169e+03 1.002440320166540388e+00 4.144481799703740935e-03 2.620278006033601196e+04
3.230038622970634151e+03 9.999285323494140343e-01 4.120923274875953023e-03 2.613980437360515134e+04
3.230048048156699679e+03 9.973910841693696128e-01 4.097189738121865057e-03 2.607632385253906250e+04
3.241758174387578492e+03 9.995748938392966521e-01 2.734495770613719519e-03 2.562306191672482601e+04
3.241766555688891458e+03 1.000043491932300022e+00 2.736067634097892696e-03 2.563088041492519187e+04
3.241774936990204424e+03 1.000254731998551305e+00 2.737493643393713004e-03 2.563206819628217636e+04
3.241783318291517844e+03 9.994863347268898579e-01 2.738355694992738749e-03 2.560812334905954776e+04
3.241791699592830810e+03 9.992502460616912163e-01 2.739799031488269684e-03 2.559779053763581396e+04
3.241800080894143775e+03 1.001158948265897131e+00 2.743576756273455059e-03 2.564236349863781288e+04
3.241808462195457196e+03 1.002160198673892166e+00 2.745722993256619667e-03 2.566365200699908019e+04
3.241816843496770161e+03 9.992497959791819540e-01 2.740832550273540179e-03 2.558474893694005732e+04
3.241825224798083127e+03 9.969909647021792942e-01 2.737499065513174321e-03 2.552252296416618265e+04
3.241833606099396093e+03 9.984434922226520515e-01 2.743028867632525507e-03 2.555528186706968700e+04
3.241841987400709513e+03 9.997916675002914699e-01 2.749688627132906935e-03 2.558533017939752608e+04
3.241850368702022479e+03 1.000486585731618971e+00 2.763308688219905454e-03 2.559862538241368748e+04
3.241858750003335444e+03 1.000973243114347655e+00 2.773777172868525757e-03 2.560656052486913177e+04
3.241867131304648410e+03 1.000048298784650402e+00 2.762950755314818631e-03 2.557836095762169862e+04
3.241875512605961831e+03 9.992575986025373780e-01 2.753396424092675876e-03 2.555357777679972060e+04
3.241883893907274796e+03 9.994560054554161299e-01 2.753261615413365136e-03 2.555406688650542128e+04
3.241892275208587762e+03 9.996636064544677236e-01 2.752998373909521391e-03 2.555476536004401714e+04
3.241900656509901182e+03 9.999391563406587746e-01 2.751666842172475688e-03 2.555717532149939507e+04
3.241909037811214148e+03 1.000103491790917065e+00 2.750363302452808051e-03 2.555671802399816079e+04
3.241917419112527114e+03 9.992463213576973091e-01 2.749298862488465910e-03 2.553013818477596578e+04
3.241925800413840079e+03 9.985457340950066873e-01 2.748717849843640253e-03 2.550754469205973510e+04
3.241934181715153500e+03 9.994469929163932731e-01 2.753079557805672168e-03 2.552584792542634023e+04
3.241942563016466465e+03 1.000241184008432205e+00 2.757168832060329870e-03 2.554138820213086728e+04
3.241950944317779431e+03 9.997700105964103523e-01 2.758028381253241259e-03 2.552459590115585161e+04
3.241959325619092851e+03 9.993029873705823185e-01 2.758654023445882095e-03 2.550789562690451203e+04
3.241967706920405817e+03 9.988853871463591050e-01 2.756075822247573606e-03 2.549244409624062610e+04
3.241976088221718783e+03 9.983941100875639574e-01 2.753382160667558216e-03 2.547510094195543570e+04
3.241984469523031748e+03 9.967108926032139937e-01 2.748820390858143069e-03 2.542734029619971625e+04
3.241992850824345169e+03 9.950863772422564590e-01 2.744402063432383430e-03 2.538108023526242687e+04
3.242001232125658134e+03 9.946171594991246590e-01 2.742806953514776228e-03 2.536428620351724021e+04
3.242009613426971100e+03 9.942305059771816556e-01 2.741461132730992154e-03 2.534959158800898149e+04
3.242017994728284066e+03 9.959081511985415913e-01 2.746352306611834528e-03 2.538751456389774103e+04
3.242026376029597486e+03 9.975240777328133746e-01 2.750975444016718913e-03 2.542384057958485937e+04
3.242034757330910452e+03 9.969874146608042054e-01 2.746296541969911725e-03 2.540529215371356622e+04
3.242043138632223418e+03 9.964341392399116426e-01 2.741670033721265668e-03 2.538632083934321781e+04
3.242051519933536838e+03 9.949846765309873220e-01 2.739939037350930338e-03 2.534452345749758388e+04
3.242059901234849804e+03 9.935592268586457276e-01 2.738242755604997948e-03 2.530334961104607646e+04
3.242068282536162769e+03 9.951320173497995025e-01 2.740850066704645684e-03 2.533853150173111135e+04
3.242076663837475735e+03 9.967053939221675041e-01 2.743458328613548967e-03 2.537371339241614260e+04
3.242085045138789155e+03 9.941040417571527232e-01 2.733773918260411391e-03 2.530262362352913260e+04
3.242093426440102121e+03 9.914932401072640289e-01 2.724060930655823175e-03 2.523132200739560358e+04
3.242101807741415087e+03 9.902705506277297287e-01 2.724090453760947845e-03 2.519536803273711485e+04
3.242110189042728507e+03 9.890641523552864411e-01 2.724238551367180565e-03 2.515984624299096322e+04
3.242118570344041473e+03 9.903202067500812555e-01 2.724612533870347190e-03 2.518697132503274406e+04
3.242126951645354438e+03 9.916322620730164683e-01 2.724990878341593085e-03 2.521551668203314330e+04
3.242135332946667404e+03 9.916587789880331183e-01 2.726734809065629785e-03 2.521137632731761187e+04
3.242143714247980824e+03 9.916420026378638397e-01 2.728523753899836281e-03 2.520614644887902978e+04
3.242152095549293790e+03 9.910673215456368146e-01 2.731313575495892230e-03 2.518675079900598939e+04
3.242160476850606756e+03 9.904844102493994829e-01 2.734116369795624221e-03 2.516716542898016269e+04
3.242168858151919721e+03 9.888852031865288383e-01 2.727666303437598083e-03 2.512178272591210771e+04
3.242177239453233142e+03 9.872605077197479373e-01 2.720991196620358311e-03 2.507578446011465348e+04
3.242185620754546107e+03 9.847296710273014675e-01 2.721702641663380738e-03 2.500680842709966237e+04
3.242194002055859073e+03 9.821658677938200910e-01 2.722667672667673962e-03 2.493703854296907957e+04
3.242202383357172494e+03 9.787378664488524116e-01 2.712559815771075928e-03 2.484537553934909374e+04
3.242210764658485459e+03 9.752685248817070107e-01 2.701942446377629883e-03 2.475271724609504236e+04
3.242219145959798425e+03 9.739291771045366364e-01 2.692838584252976210e-03 2.471416451557105029e+04
3.242227527261111391e+03 9.727091026895153814e-01 2.683814795224174782e-03 2.467867451735040959e+04
3.242235908562424811e+03 9.710974480902523354e-01 2.677571603733579306e-03 2.463328826826122531e+04
3.242244289863737777e+03 9.694576239460200862e-01 2.671512743990783929e-03 2.458722915221606672e+04
3.242252671165050742e+03 9.706029304983914141e-01 2.686305911857463612e-03 2.461183633071674194e+04
3.242261052466364163e+03 9.719694363556773409e-01 2.702762273390994351e-03 2.464207035900005940e+04
3.242269433767677128e+03 9.737524435076168050e-01 2.708441634305644701e-03 2.468288021478079099e+04
3.242277815068990094e+03 9.755589721351498600e-01 2.713495496986317347e-03 2.472430217122055910e+04
3.242286196370303060e+03 9.759857461406841184e-01 2.716031648885262190e-03 2.473077939876846722e+04
3.242294577671616480e+03 9.763157257218290086e-01 2.718390520617455612e-03 2.473483529272371743e+04
3.242302958972929446e+03 9.749216521974665151e-01 2.708540582868902615e-03 2.469525321033190266e+04
3.242311340274242411e+03 9.733861418890349393e-01 2.697694918441424956e-03 2.465213852985552148e+04
3.242319721575555377e+03 9.750883820408180469e-01 2.700077622792076970e-03 2.469106156692384320e+04
3.242328102876868797e+03 9.770905545378105739e-01 2.703686243234902122e-03 2.473760357511993061e+04
3.242336484178181763e+03 9.811817674395847400e-01 2.712659518212380202e-03 2.483705070996247014e+04
3.242344865479494729e+03 9.854202034069751148e-01 2.722010080517104670e-03 2.494023251371685183e+04
3.242353246780808149e+03 9.885704761784023242e-01 2.726157324974558000e-03 2.501588744782192953e+04
3.242361628082121115e+03 9.916304370218580466e-01 2.729872853156334583e-03 2.508927740572044422e+04
3.242370009383434081e+03 9.926868505239738738e-01 2.729332276109765806e-03 2.511200613047598381e+04
3.242378390684747046e+03 9.935529304236301318e-01 2.728385485433684841e-03 2.512996099311566286e+04
3.242386771986060467e+03 9.948057875243485615e-01 2.735872750576161423e-03 2.515774034681365447e+04
3.242395153287373432e+03 9.960983541385555196e-01 2.744255250486252531e-03 2.518656548359894441e+04
3.242403534588686398e+03 9.957811384691924728e-01 2.738385019364768334e-03 2.517473603516052390e+04
3.242411915889999818e+03 9.953272007800534338e-01 2.731315463267460636e-03 2.515950722734685769e+04
3.242420297191312784e+03 9.967700052978989422e-01 2.736394651401814499e-03 2.519227546689797964e+04
3.242428678492625750e+03 9.983925420924142369e-01 2.742631422258260190e-03 2.522963193423328630e+04
3.242437059793938715e+03 9.985228500784123495e-01 2.739298953362786972e-03 2.522933142317523743e+04
3.242445441095252136e+03 9.984900831866685422e-01 2.734927451527408623e-03 2.522496998167098354e+04
3.242453822396565101e+03 9.992111223133589570e-01 2.736471079377893884e-03 2.523971076154046386e+04
3.242462203697878067e+03 9.999941354113695002e-01 2.738511587079268342e-03 2.525607431723086847e+04
3.242470584999191033e+03 1.001375588928358207e+00 2.742837557661286646e-03 2.528760882965369092e+04
3.242478966300504453e+03 1.002813074765846357e+00 2.747379822610398082e-03 2.532061432182642238e+04
3.242487347601817419e+03 1.001645235027143421e+00 2.743202368841634892e-03 2.528790226260859345e+04
3.242495728903130384e+03 1.000190018662107105e+00 2.738064503627148788e-03 2.524801141034362445e+04
3.242504110204443805e+03 1.000470073687010020e+00 2.738527856479977800e-03 2.525199743705430228e+04
3.242512491505756770e+03 1.000897421081096139e+00 2.739467810070117092e-03 2.525976969027793893e+04
3.242520872807069736e+03 1.000938330016391209e+00 2.741331733636606822e-03 2.525786002069111419e+04
3.242529254108382702e+03 1.000938606194194280e+00 2.743279726526433142e-03 2.525499832810271982e+04
3.242537635409696122e+03 1.000293112084791991e+00 2.738058846060372181e-03 2.523591958557673206e+04
3.242546016711009088e+03 9.995733347142630176e-01 2.732036188032912778e-03 2.521504662714205551e+04
3.242554398012322054e+03 9.996578886409082099e-01 2.734595839891320809e-03 2.521454268756539022e+04
3.242562779313635474e+03 9.998101153153367004e-01 2.737900515249293894e-03 2.521582379183617741e+04
3.242571160614948440e+03 1.001371303325166551e+00 2.745595865975292756e-03 2.525271560123432209e+04
3.242579541916261405e+03 1.003070363052102287e+00 2.753722441930717829e-03 2.529315790756446586e+04
3.242587923217574371e+03 1.001606638923241865e+00 2.747797240455944392e-03 2.525393066946975887e+04
3.383515868313632836e+03 1.000579912648285941e+00 1.904872050811374151e-03 1.919867899488364128e+04
3.383524520134856630e+03 1.000671692741688767e+00 1.907219302773945383e-03 1.919923915166439110e+04
3.383533171956080423e+03 1.000638605340063103e+00 1.908772788912319138e-03 1.919739497927723642e+04
3.383541823777304216e+03 1.000137451079524897e+00 1.907355524398035964e-03 1.918656252982622755e+04
3.383550475598528010e+03 9.997819521429973655e-01 1.906573544053497731e-03 1.917851588447309041e+04
3.383559127419751803e+03 9.999820828599637057e-01 1.908218061774001216e-03 1.918111793407492587e+04
3.383567779240975597e+03 1.000093713454656807e+00 1.909521660371713654e-03 1.918201157313278964e+04
3.383576431062199390e+03 9.997873284978928687e-01 1.909218440338575568e-03 1.917487687732618724e+04
3.383585082883423183e+03 9.995119206670360912e-01 1.908820920538393216e-03 1.916832558566828448e+04
3.383593734704646522e+03 9.993837805673959629e-01 1.907964545695148197e-03 1.916458713544119746e+04
3.383602386525870315e+03 9.993160317850303676e-01 1.907627810838657132e-03 1.916199461029336817e+04
3.383611038347094109e+03 9.995447188467854183e-01 1.909858590989788095e-03 1.916507315962776920e+04
3.383619690168317902e+03 9.997472476195060631e-01 1.912379870446948970e-03 1.916763619170976381e+04
3.383628341989541696e+03 9.997799816828516484e-01 1.916735051482202756e-03 1.916692963689277894e+04
3.383636993810765489e+03 9.996790829657009603e-01 1.919745061509949956e-03 1.916364690048283956e+04
3.383645645631989282e+03 9.986991425936510014e-01 1.913937066384233283e-03 1.914349971605379324e+04
3.383654297453213076e+03 9.978791242438949105e-01 1.909521257383448717e-03 1.912640511001364575e+04
3.383662949274436869e+03 9.981368036428669432e-01 1.914516149715047438e-03 1.912995174831814074e+04
3.383671601095660662e+03 9.984753944532285264e-01 1.918900689619364944e-03 1.913503195648295878e+04
3.383680252916884001e+03 9.995604935642817823e-01 1.917578792520078504e-03 1.915439960030701332e+04
3.383688904738107794e+03 1.000537331376120997e+00 1.916471850913062554e-03 1.917167237389609363e+04
3.383697556559331588e+03 1.000452098019175340e+00 1.917441910282035710e-03 1.916857529084584166e+04
3.383706208380555381e+03 1.000323968565613120e+00 1.918293746082655026e-03 1.916463832397862279e+04
3.383714860201779175e+03 9.997511685474325116e-01 1.917925690439565341e-03 1.915216445584601388e+04
3.383723512023002968e+03 9.991592735449761342e-01 1.917461086985045330e-03 1.913930795103775017e+04
3.383732163844226761e+03 9.983556099377213222e-01 1.915951379742421691e-03 1.912237909875368496e+04
3.383740815665450555e+03 9.976018703745613836e-01 1.914622250541601510e-03 1.910639156698962688e+04
3.383749467486674348e+03 9.977101770533702840e-01 1.916432903783487317e-03 1.910689853796693933e+04
3.383758119307898141e+03 9.977705848810983769e-01 1.918083320016990235e-03 1.910647188376079066e+04
3.383766771129121480e+03 9.969113249302634649e-01 1.916674293189616620e-03 1.908842020780252642e+04
3.383775422950345273e+03 9.960215148057997014e-01 1.915279405994793757e-03 1.906977159186880817e+04
3.383784074771569067e+03 9.944947224412225006e-01 1.914149311827775379e-03 1.903891712434973670e+04
3.383792726592792860e+03 9.930895484289451458e-01 1.913014685024169324e-03 1.901038224991466632e+04
3.383801378414016654e+03 9.943854867008108389e-01 1.911754172812747286e-03 1.903354116423237429e+04
3.383810030235240447e+03 9.956231387410622302e-01 1.910337721663031649e-03 1.905556794657672435e+04
3.383818682056464240e+03 9.954141111788625818e-01 1.905081455763547220e-03 1.904989287471297212e+04
3.383827333877688034e+03 9.952068989907527641e-01 1.899889017215971145e-03 1.904424222685696077e+04
3.383835985698911827e+03 9.951723017658260506e-01 1.903279908923332341e-03 1.904188474936635248e+04
3.383844637520135620e+03 9.951331396972092902e-01 1.906636234334955051e-03 1.903943028562919426e+04
3.383853289341358959e+03 9.937222678688181210e-01 1.900209063493223625e-03 1.901072487792277389e+04
3.383861941162582752e+03 9.923115858885410701e-01 1.893781582338856804e-03 1.898201947021484375e+04
3.383870592983806546e+03 9.902193293376775340e-01 1.889139006414297661e-03 1.894027437175304294e+04
3.383879244805030339e+03 9.881270695290558237e-01 1.884496305636955025e-03 1.889852927329124577e+04
3.383887896626254133e+03 9.874614925875779825e-01 1.882146201372603828e-03 1.888406857608148857e+04
3.383896548447477926e+03 9.868013771990405969e-01 1.879804732155972245e-03 1.886970868331022211e+04
3.383905200268701719e+03 9.861922386437433907e-01 1.875462177982751416e-03 1.885632046480731515e+04
3.383913852089925513e+03 9.855836114561803418e-01 1.871104447594144210e-03 1.884293945278845058e+04
3.383922503911149306e+03 9.837558658241395415e-01 1.866332144372657119e-03 1.880625086932932754e+04
3.383931155732373099e+03 9.819143471022636627e-01 1.861554674415660544e-03 1.876930202762860790e+04
3.383939807553596438e+03 9.811849046105728389e-01 1.862249322230674501e-03 1.875361225275598554e+04
3.383948459374820231e+03 9.804720662716284174e-01 1.863026113094164073e-03 1.873824017252891281e+04
3.383957111196044025e+03 9.779445853416669499e-01 1.858060207916903883e-03 1.868819180976233110e+04
3.383965763017267818e+03 9.753279316132361654e-01 1.852812580636505361e-03 1.863644756702619998e+04
3.383974414838491612e+03 9.711776334359579765e-01 1.848049018142700495e-03 1.855541033094498562e+04
3.383983066659715405e+03 9.669453252640189955e-01 1.843310236485578863e-03 1.847282139883360287e+04
3.383991718480939198e+03 9.623753672378321244e-01 1.837775087960326782e-03 1.838379844509261602e+04
3.384000370302162992e+03 9.577852571496754397e-01 1.832193365508803101e-03 1.829440830983213164e+04
3.384009022123386785e+03 9.549540879981394115e-01 1.828785832981984260e-03 1.823863050617033514e+04
3.384017673944610578e+03 9.522299662694976297e-01 1.825510546664066251e-03 1.818490970717602249e+04
3.384026325765833917e+03 9.510113821803201084e-01 1.824291266767592411e-03 1.815995065773018723e+04
3.384034977587057710e+03 9.498908267171990438e-01 1.823205830620027454e-03 1.813687146119459067e+04
3.384043629408281504e+03 9.513131233933056485e-01 1.823927734234133489e-03 1.816234843726034524e+04
3.384052281229505297e+03 9.529123323715419369e-01 1.824775032099803336e-03 1.819120267992487061e+04
3.384060933050729091e+03 9.561601434072179995e-01 1.833227707523459949e-03 1.825152601902893730e+04
3.384069584871952884e+03 9.595298709964116268e-01 1.842242524044866540e-03 1.831417118870116610e+04
3.384078236693176677e+03 9.585048315045190392e-01 1.836182647895700853e-03 1.829293791080032679e+04
3.384086888514400471e+03 9.571361857992081168e-01 1.828944274578863001e-03 1.826515856357992016e+04
3.384095540335624264e+03 9.573466359290092598e-01 1.832812232534904813e-03 1.826752336745731009e+04
3.384104192156847603e+03 9.576867561518302985e-01 1.837594742456861085e-03 1.827237015987093764e+04
3.384112843978071396e+03 9.610140442297477881e-01 1.841225975281598906e-03 1.833421419190987581e+04
3.384121495799295189e+03 9.646003550007792304e-01 1.844757082709937027e-03 1.840099798471701433e+04
3.384130147620518983e+03 9.705538659696660853e-01 1.857019292577797177e-03 1.851293359707579657e+04
3.384138799441742776e+03 9.767233371212433735e-01 1.870077445472931700e-03 1.862897941523171903e+04
3.384147451262966570e+03 9.812219666419957909e-01 1.876577925057469360e-03 1.871315147486877322e+04
3.384156103084190363e+03 9.855612123833793481e-01 1.882452315516560531e-03 1.879428181830367248e+04
3.384164754905414156e+03 9.881848157689161471e-01 1.887893770000232275e-03 1.884269730057253764e+04
3.384173406726637950e+03 9.906367859971667578e-01 1.893291554255265670e-03 1.888784571168589900e+04
3.384182058547861743e+03 9.906257396074228394e-01 1.895743308446474823e-03 1.888604393316503410e+04
3.384190710369085082e+03 9.903569290056131180e-01 1.897886604943943133e-03 1.887934355762542327e+04
3.384199362190308875e+03 9.915457020966956803e-01 1.900335230435396417e-03 1.890044369374112284e+04
3.384208014011532669e+03 9.928925651172286759e-01 1.902815976142415572e-03 1.892456973588822075e+04
3.384216665832756462e+03 9.935546554151675203e-01 1.906734916005880728e-03 1.893565794171650487e+04
3.384225317653980255e+03 9.941615531629344193e-01 1.910767109484714978e-03 1.894571002810215214e+04
3.384233969475204049e+03 9.946527409713604717e-01 1.910720933739726247e-03 1.895357371746186254e+04
3.384242621296427842e+03 9.951333877141241846e-01 1.910331239857078998e-03 1.896125407036855904e+04
3.384251273117651635e+03 9.971742245414140227e-01 1.916876144343584261e-03 1.899867816763920928e+04
3.384259924938875429e+03 9.993518832816208342e-01 1.924031287865502794e-03 1.903872320900530394e+04
3.384268576760099222e+03 9.999234759715839305e-01 1.925312542614583677e-03 1.904818796495873175e+04
3.384277228581322561e+03 1.000345529924518528e+00 1.926048565477644827e-03 1.905482424947309119e+04
3.384285880402546354e+03 1.000033130526786662e+00 1.925687291493327234e-03 1.904749256036399311e+04
3.384294532223770148e+03 9.996484165051905402e-01 1.925217521714530202e-03 1.903880731257252774e+04
3.384303184044993941e+03 9.996066105438644600e-01 1.923435700603362900e-03 1.903667697294928075e+04
3.384311835866217734e+03 9.995984202274786901e-01 1.921518456774845693e-03 1.903521098212702782e+04
3.384320487687441528e+03 9.999227117709357238e-01 1.921327113363932625e-03 1.904010071801608501e+04
3.384329139508665321e+03 1.000281042484039817e+00 1.921316148426145242e-03 1.904566310883508777e+04
3.384337791329889114e+03 9.996507111731137707e-01 1.920721211080336820e-03 1.903242739447677013e+04
3.384346443151112908e+03 9.989432477898284590e-01 1.920078966803607417e-03 1.901775140257483508e+04
3.384355094972336701e+03 9.995171351220560885e-01 1.922873307083666945e-03 1.902749699772835447e+04
3.384363746793560040e+03 1.000193421727207932e+00 1.925943445472927265e-03 1.903921834461844628e+04
3.384372398614783833e+03 1.000250245987089892e+00 1.925580641601219939e-03 1.903917556289890126e+04
3.384381050436007627e+03 1.000252873053627090e+00 1.924922491171477323e-03 1.903813024558484176e+04
3.384389702257231420e+03 1.001424681741041489e+00 1.925726382340632245e-03 1.905936685313330963e+04
3.384398354078455213e+03 1.002699892459876674e+00 1.926658528657786747e-03 1.908259930154517861e+04
3.384407005899679007e+03 1.000863392466231794e+00 1.925208474422967142e-03 1.904664373589772367e+04
3.384415657720902800e+03 9.987327874762355062e-01 1.923531511050442658e-03 1.900512688033758241e+04
3.384424309542126593e+03 9.995707317625524002e-01 1.921722147098110008e-03 1.902013278394462759e+04
3.384432961363350387e+03 1.000601185585124009e+00 1.919900854419304614e-03 1.903883298553618442e+04
3.384441613184574180e+03 9.999136728232105309e-01 1.922374826784077964e-03 1.902487797932280228e+04
3.384450265005797519e+03 9.991049223474751662e-01 1.925144582594481716e-03 1.900865167912874313e+04
3.384458916827021312e+03 9.995788844031522347e-01 1.924630956394447669e-03 1.901686491458487944e+04
3.384467568648245106e+03 1.000145808684496984e+00 1.923871684680484575e-03 1.902688133053764250e+04
3.384476220469468899e+03 9.995443317352781243e-01 1.926247475094924845e-03 1.901470601222863479e+04
3.384484872290692692e+03 9.988498388558303409e-01 1.928864696066555926e-03 1.900079879931361211e+04
