3.065793702848254725e+03 1.005176098678730368e+00 1.926885263879064142e-02 2.942444927994821683e+03
3.065802044567900793e+03 1.003578620922504827e+00 1.917160791310790549e-02 2.937434989061032411e+03
3.065810386287546862e+03 1.000818361837923609e+00 1.908597865817247483e-02 2.929028869162943920e+03
3.065818728007192476e+03 9.994462113554152261e-01 1.903331554531155143e-02 2.924692362180230248e+03
3.065827069726838545e+03 9.969393550384567648e-01 1.894879903830286316e-02 2.917042358485904515e+03
3.065835411446484613e+03 9.945370212138512356e-01 1.896996696174646502e-02 2.909705483331508731e+03
3.065843753166130682e+03 9.939842186880486485e-01 1.903608452075665480e-02 2.907786420463421564e+03
3.065852094885776751e+03 9.969455787803717106e-01 1.898514878014027560e-02 2.916152667582731738e+03
3.065860436605422365e+03 9.993133612925017006e-01 1.890369123720179317e-02 2.922786838227918452e+03
3.065868778325068433e+03 9.975308621767218220e-01 1.888116687236757532e-02 2.917287880804880842e+03
3.065877120044714502e+03 9.937848224561184329e-01 1.886176359959769108e-02 2.906053858404709899e+03
3.065885461764360571e+03 9.949410859521619077e-01 1.886735874091988174e-02 2.909161768150236639e+03
3.065893803484006185e+03 9.987744595034763195e-01 1.889353002226897005e-02 2.920101827024588601e+03
3.065902145203652253e+03 9.977578236787315591e-01 1.885080111197328864e-02 2.916866996840597494e+03
3.065910486923298322e+03 9.954271049633627300e-01 1.880494763356638233e-02 2.909797182843421524e+03
3.065918828642944391e+03 9.944966812139087731e-01 1.874355674094808910e-02 2.906827249266540548e+03
3.065927170362590459e+03 9.956461909771088248e-01 1.868546261158963301e-02 2.909942480599295777e+03
3.065935512082236073e+03 9.950216916014965607e-01 1.863819809268252997e-02 2.907878496322333831e+03
3.065943853801882142e+03 9.923106461298655256e-01 1.858289169001134389e-02 2.899723269436917235e+03
3.065952195521528211e+03 9.957135111643062864e-01 1.873638534749826057e-02 2.909439663058493807e+03
3.065960537241174279e+03 9.974359029079338246e-01 1.887431776409518105e-02 2.914250368199087916e+03
3.065968878960819893e+03 1.000681000202940263e+00 1.889700758680472673e-02 2.923514704649366649e+03
3.065977220680465962e+03 1.008275339818216709e+00 1.895412697858214410e-02 2.945488939716036384e+03
3.065985562400112030e+03 1.003966639639668479e+00 1.880379583093055515e-02 2.932695767084396721e+03
3.065993904119758099e+03 9.975512316877036545e-01 1.864359148852327841e-02 2.913756639834982707e+03
3.066002245839403713e+03 9.926023401399129975e-01 1.864824819245663318e-02 2.899109079030551584e+03
3.066010587559049782e+03 9.866233866183309331e-01 1.865409611387240305e-02 2.881460820490496189e+03
3.066018929278695850e+03 9.939152515010206690e-01 1.874255354022573081e-02 2.902575851834360037e+03
3.066027270998341919e+03 1.004776671776641761e+00 1.886941984775932293e-02 2.934117719094192125e+03
3.066035612717987988e+03 1.004210549430443855e+00 1.887749184929195245e-02 2.932293219201982538e+03
3.066043954437633602e+03 9.982933769738041585e-01 1.879123035926967208e-02 2.914850538216311634e+03
3.066052296157279670e+03 9.964318699606180552e-01 1.874126584131074330e-02 2.909256767496963221e+03
3.066060637876925739e+03 9.988904211239039155e-01 1.878503952049382503e-02 2.916281839841972669e+03
3.066068979596571808e+03 1.000177520307706125e+00 1.875565187626657832e-02 2.919892040689111582e+03
3.066077321316217422e+03 9.985673485269831451e-01 1.864382431219824970e-02 2.915049844521657633e+03
3.066085663035863490e+03 9.977588973173880937e-01 1.862411912671597253e-02 2.912554167090143437e+03
3.066094004755509559e+03 9.994454126872723831e-01 1.867983433395981746e-02 2.917347195008287144e+03
3.066102346475155628e+03 1.001976385047755436e+00 1.872680617058034708e-02 2.924610407266728089e+03
3.066110688194801241e+03 1.004834766472403551e+00 1.876866177014736153e-02 2.932834412985415838e+03
3.066119029914447310e+03 1.002521502385847363e+00 1.876557800005880863e-02 2.925969548123629920e+03
3.066127371634093379e+03 9.922204030935243280e-01 1.864422338214706543e-02 2.895798463943961451e+03
3.066135713353739447e+03 9.832441817943555762e-01 1.849834777029072536e-02 2.869501787277304174e+03
3.066144055073385516e+03 9.821411826405210821e-01 1.844578957106310022e-02 2.866189035620724098e+03
3.066152396793031130e+03 9.797168601115000541e-01 1.838321461416847838e-02 2.859026257335974606e+03
3.066160738512677199e+03 9.741481078058721321e-01 1.832326128619215719e-02 2.842693698998941727e+03
3.066169080232323267e+03 9.758985567986797616e-01 1.838534134840372897e-02 2.847725504774255114e+03
3.066177421951969336e+03 9.812953240522289677e-01 1.845353105367758539e-02 2.863402581268824633e+03
3.066185763671614950e+03 9.837577579591190169e-01 1.843948751598400645e-02 2.870522442536732797e+03
3.066194105391261019e+03 9.859210310013298839e-01 1.842412657678804688e-02 2.876774768825205683e+03
3.066202447110907087e+03 9.875713446180305333e-01 1.843458992942726207e-02 2.881535830720650665e+03
3.066210788830553156e+03 9.882729337800435498e-01 1.845447794555659174e-02 2.883534287650832539e+03
3.066219130550199225e+03 9.924135662530880753e-01 1.849062480442355272e-02 2.895572514823320034e+03
3.066227472269844839e+03 9.983795723803692290e-01 1.852546700640493246e-02 2.912941980590624553e+03
3.066235813989490907e+03 9.990071897186489913e-01 1.854724355135781849e-02 2.914741316835009457e+03
3.066244155709136976e+03 9.936833380775401681e-01 1.851817404642267309e-02 2.899182314884686093e+03
3.066252497428783045e+03 9.893183930034085138e-01 1.844202011202865019e-02 2.886427001754619141e+03
3.066260839148428659e+03 9.867815137293599603e-01 1.838388766336202657e-02 2.879011082328088378e+03
3.066269180868074727e+03 9.868501334950240400e-01 1.835820486650731331e-02 2.879202647464797337e+03
3.066277522587720796e+03 9.943624998065867526e-01 1.841845172534904707e-02 2.901117533009180079e+03
3.066285864307366865e+03 9.995052196591729388e-01 1.850029907643603588e-02 2.916124560312326139e+03
3.066294206027012478e+03 9.976574905257168391e-01 1.849776614059032639e-02 2.910742252791743340e+03
3.066302547746658547e+03 9.967813980575315203e-01 1.850836021603254056e-02 2.908200508314220770e+03
3.066310889466304616e+03 9.959441535808916113e-01 1.855488983894935939e-02 2.905777838868373237e+03
3.066319231185950684e+03 9.950497820004314820e-01 1.860908990539777638e-02 2.903194211779418310e+03
3.066327572905596753e+03 9.967151211916217557e-01 1.866407361539552598e-02 2.908084673480022047e+03
3.066335914625242367e+03 9.956988512705059469e-01 1.862384023205909678e-02 2.905156864034440332e+03
3.066344256344888436e+03 9.922883500516733735e-01 1.854274131912475240e-02 2.895248960721582080e+03
3.066352598064534504e+03 9.923034459511024252e-01 1.853112223511052190e-02 2.895341681241554852e+03
3.066360939784180573e+03 9.949288818477600715e-01 1.855606851109178196e-02 2.903056729101939254e+03
3.066369281503826187e+03 9.997570018490048449e-01 1.864873688828139545e-02 2.917205074340674400e+03
3.066377623223472256e+03 1.000962111356917150e+00 1.870204875556760390e-02 2.920787937892477657e+03
3.066385964943118324e+03 9.944601782754404207e-01 1.860475740780220474e-02 2.901887198178152630e+03
3.066394306662764393e+03 9.912815485968384799e-01 1.856039813705990735e-02 2.892689064355765822e+03
3.066402648382410462e+03 9.933396931181825984e-01 1.857814289910823466e-02 2.898778176499498841e+03
3.066410990102056076e+03 9.922926703306632623e-01 1.849746434037565293e-02 2.895811565406599129e+03
3.066419331821702144e+03 9.913507367378500135e-01 1.843130796363035701e-02 2.893157189021416343e+03
3.066427673541348213e+03 9.918121363709491156e-01 1.840780111702002356e-02 2.894603986607187835e+03
3.066436015260994282e+03 9.924357511431488588e-01 1.839192974980864009e-02 2.896530055606280257e+03
3.066444356980639895e+03 9.943998387992201149e-01 1.839922749912515504e-02 2.902374463001815002e+03
3.066452698700285964e+03 9.936025456456556437e-01 1.840152046266946631e-02 2.900165048638282315e+03
3.066461040419932033e+03 9.881784145136410791e-01 1.839697888991309246e-02 2.884455618393129043e+03
3.066469382139578101e+03 9.852204386949200421e-01 1.841821779619301144e-02 2.875949456793292029e+03
3.066477723859223715e+03 9.903803961245749576e-01 1.853033891366973052e-02 2.891146303276314939e+03
3.066486065578869784e+03 9.945239083401204994e-01 1.856950862172031605e-02 2.903382926233689432e+03
3.066494407298515853e+03 9.915448496048456795e-01 1.840965576820503824e-02 2.894832028125154011e+03
3.066502749018161921e+03 9.885124517895486074e-01 1.830815251156627313e-02 2.886130234189171460e+03
3.066511090737807990e+03 9.904494352386404854e-01 1.837642912729350181e-02 2.891942951696582440e+03
3.066519432457453604e+03 9.927579446126945095e-01 1.844445887325177683e-02 2.898846874574275262e+03
3.066527774177099673e+03 9.934356691564222297e-01 1.849482164893535494e-02 2.900995150453432871e+03
3.066536115896745741e+03 9.929186787046601070e-01 1.853228355738114133e-02 2.899660429528661552e+03
3.066544457616391810e+03 9.914577400783133321e-01 1.850558754435642494e-02 2.895574441315474360e+03
3.066552799336037424e+03 9.958393619211076686e-01 1.852081167029769049e-02 2.908558069321223229e+03
3.066561141055683493e+03 1.006300715087887987e+00 1.860454891174524727e-02 2.939307434182213910e+03
3.066569482775329561e+03 1.011034611288541996e+00 1.865011961015592898e-02 2.953336234676053209e+03
3.066577824494975630e+03 1.006977945642962613e+00 1.862998408610859469e-02 2.941692854483304018e+03
3.066586166214621699e+03 1.003075942112692909e+00 1.860590188384546317e-02 2.930505455772165533e+03
3.066594507934267313e+03 1.003063239865848111e+00 1.863453634657090408e-02 2.930685697392596012e+03
3.066602849653913381e+03 1.003853950263046579e+00 1.866489289127238119e-02 2.933219269837655702e+03
3.066611191373559450e+03 9.996962256863313190e-01 1.860856028707395110e-02 2.921298751923478903e+03
3.066619533093205519e+03 9.956875806851420707e-01 1.855688683975880229e-02 2.909817763972673220e+03
3.066627874812851132e+03 9.967435715050514400e-01 1.855299757199247238e-02 2.913142842110717538e+03
3.066636216532497201e+03 9.966532155675494886e-01 1.851797868842893977e-02 2.913123530882405248e+03
3.066644558252143270e+03 9.962877726343897233e-01 1.848829065339827743e-02 2.912305813403945194e+03
3.066652899971789338e+03 9.984965270017758243e-01 1.849880146727573074e-02 2.919019114601756428e+03
3.066661241691434952e+03 1.003687544008546872e+00 1.855052506623244141e-02 2.934458510032076447e+03
3.066669583411081021e+03 1.008185588603843774e+00 1.859914393974793773e-02 2.947880253162496501e+03
3.066677925130727090e+03 1.004542012147102037e+00 1.855927666105726404e-02 2.937502372112343892e+03
3.066686266850373158e+03 9.981494643672019773e-01 1.850088365849029970e-02 2.919088907688599647e+03
3.066694608570019227e+03 9.932728294806325575e-01 1.848507415244417598e-02 2.905111314935052178e+03
3.066702950289664841e+03 9.904535357300959797e-01 1.850014195661082994e-02 2.897154530397385770e+03
3.066711292009310910e+03 9.904039665953183746e-01 1.852640028393777449e-02 2.897304296147014611e+03
3.066719633728956978e+03 9.913193399296691410e-01 1.853913531793206781e-02 2.900282869770912384e+03
3.066727975448603047e+03 9.983437860795524310e-01 1.859866176148718478e-02 2.921142813597693930e+03
3.066736317168248661e+03 1.005602042713561683e+00 1.866552456147294037e-02 2.942697113099384296e+03
3.066744658887894730e+03 1.009322418126913146e+00 1.868698025474843302e-02 2.953907789447366667e+03
3.066753000607540798e+03 1.008193411021464092e+00 1.864070888768605896e-02 2.950932802812363661e+03
3.066761342327186867e+03 9.997667161059449192e-01 1.854357235805998566e-02 2.926600499975448201e+03
3.066769684046832481e+03 9.996465422745762774e-01 1.857488444466784405e-02 2.926586676707182050e+03
3.066778025766478549e+03 1.005356661405208962e+00 1.866986180432983478e-02 2.943649445624020245e+03
3.066786367486124618e+03 1.003597762095839840e+00 1.866553316882860192e-02 2.938850347527431040e+03
3.066794709205770687e+03 1.002387449606148007e+00 1.861826729392149909e-02 2.935662440612437877e+03
3.066803050925416755e+03 1.004930974013658940e+00 1.861576293114879446e-02 2.943474567555024805e+03
3.072489063496364452e+03 9.965467298287548070e-01 1.689329057424057354e-02 3.278322132717908062e+03
3.072496846041104163e+03 9.949422150340534454e-01 1.689990258753627447e-02 3.273353946879352407e+03
3.072504628585843420e+03 1.005195063399596522e+00 1.706437973211187911e-02 3.307423872576503982e+03
3.072512411130582677e+03 1.008491950499015521e+00 1.710532925840163240e-02 3.318635340603133500e+03
3.072520193675321934e+03 1.006850210709446580e+00 1.702551851862070878e-02 3.313619819670415382e+03
3.072527976220061191e+03 1.009516900126756545e+00 1.702905902506124738e-02 3.322807582038674354e+03
3.072535758764800903e+03 1.009594163586718718e+00 1.701789113187097274e-02 3.323496490291557166e+03
3.072543541309540160e+03 1.009568217937768964e+00 1.700226040086792040e-02 3.323868295389869218e+03
3.072551323854279417e+03 1.007364907411984589e+00 1.702305227755692915e-02 3.317092542301616504e+03
3.072559106399018674e+03 1.005204358109791141e+00 1.704419133573096060e-02 3.310477163544176619e+03
3.072566888943757931e+03 1.008672580389898377e+00 1.703738934006997913e-02 3.322421146041802331e+03
3.072574671488497643e+03 1.008056721497302188e+00 1.699321839986787930e-02 3.320935041398421617e+03
3.072582454033236900e+03 1.001184492766712175e+00 1.692748231534986145e-02 3.298854187911634199e+03
3.072590236577976157e+03 9.972754319094553344e-01 1.688055544431495136e-02 3.286550509574611624e+03
3.072598019122715414e+03 9.959663616216015702e-01 1.687558253076497372e-02 3.282831393029266110e+03
3.072605801667454671e+03 9.967058492436845496e-01 1.689419083434755275e-02 3.285883047804012676e+03
3.072613584212194382e+03 1.000552193981038451e+00 1.691081111403466147e-02 3.299198471794599300e+03
3.072621366756933639e+03 1.001000436160776719e+00 1.688940183085186481e-02 3.301329791864061463e+03
3.072629149301672896e+03 9.969754835722369757e-01 1.678030240408264276e-02 3.288723529020173828e+03
3.072636931846412153e+03 9.942409534395365567e-01 1.669956448796433568e-02 3.280386447730147665e+03
3.072644714391151410e+03 9.957850562724561705e-01 1.675014031577167981e-02 3.286181996704528501e+03
3.072652496935891122e+03 9.981576180099459572e-01 1.681443187700697173e-02 3.294730468914483481e+03
3.072660279480630379e+03 1.004010646523926464e+00 1.687215203875663816e-02 3.314789055850888417e+03
3.072668062025369636e+03 1.009683290184579363e+00 1.690199929511139454e-02 3.334276042116111057e+03
3.072675844570108893e+03 1.010057721768307992e+00 1.687263391692486389e-02 3.336286315564659162e+03
3.072683627114848150e+03 1.008664788842613680e+00 1.682880689774730876e-02 3.332472645363047832e+03
3.072691409659587862e+03 9.998403383855432036e-01 1.667278327206167879e-02 3.304112400049800726e+03
3.072699192204327119e+03 9.928368544364455373e-01 1.657472609787708981e-02 3.281770665469082815e+03
3.072706974749066376e+03 9.970056504576526590e-01 1.676319924580167361e-02 3.296369093089094349e+03
3.072714757293805633e+03 1.000011324538728097e+00 1.692081481781732358e-02 3.307140475023119507e+03
3.072722539838544890e+03 9.983295073931313102e-01 1.685143318591840467e-02 3.302423137551873424e+03
3.072730322383284602e+03 9.957845292987974606e-01 1.674748613134049643e-02 3.294858652081017681e+03
3.072738104928023859e+03 9.921797484103630493e-01 1.666693351959121216e-02 3.283793446543524624e+03
3.072745887472763116e+03 9.916340646043185769e-01 1.665063954179770572e-02 3.282860045610660563e+03
3.072753670017502373e+03 9.913780310571795873e-01 1.666921118100582119e-02 3.282895191828194584e+03
3.072761452562241629e+03 9.886755075905026002e-01 1.666323664115754513e-02 3.274836165963292387e+03
3.072769235106981341e+03 9.864679743181089533e-01 1.666314227404303364e-02 3.268421720993023882e+03
3.072777017651720598e+03 9.843608293732991621e-01 1.665159850189856447e-02 3.262344928155293928e+03
3.072784800196459855e+03 9.847476474832641546e-01 1.670327776506642242e-02 3.264540519236747059e+03
3.072792582741199112e+03 9.879784277572831730e-01 1.679364004565992580e-02 3.276175618509892047e+03
3.072800365285938369e+03 9.981169076246365623e-01 1.691538321679102869e-02 3.310737199936839716e+03
3.072808147830678081e+03 1.007697823708867846e+00 1.702963945670859722e-02 3.343475352625011055e+03
3.072815930375417338e+03 1.001105698245608799e+00 1.688224382295137882e-02 3.322562154090106560e+03
3.072823712920156595e+03 9.901368215877189849e-01 1.666408426723891764e-02 3.287112549425582074e+03
3.072831495464895852e+03 9.862190163533850473e-01 1.665064852160556483e-02 3.275063056480143132e+03
3.072839278009635109e+03 9.850386567617159805e-01 1.670641693510140080e-02 3.272104677199462913e+03
3.072847060554374821e+03 9.845753249497319892e-01 1.671440625700615704e-02 3.271531556444726448e+03
3.072854843099114078e+03 9.849183066978194345e-01 1.670851227746345327e-02 3.273642126127338088e+03
3.072862625643853335e+03 9.846417503905419144e-01 1.668835950785975408e-02 3.273697723481385765e+03
3.072870408188592592e+03 9.821367836618657421e-01 1.664247780717656444e-02 3.266345354849820524e+03
3.072878190733331849e+03 9.805604029118732967e-01 1.661392146076294540e-02 3.262080455898487344e+03
3.072885973278071560e+03 9.814187839586051565e-01 1.661201167293589048e-02 3.265917532330409358e+03
3.072893755822810817e+03 9.841582007978565416e-01 1.665110861753952079e-02 3.276020241904385784e+03
3.072901538367550074e+03 9.870511489100904923e-01 1.670802036088336537e-02 3.286641651049497796e+03
3.072909320912289331e+03 9.854282822124977859e-01 1.670978371016422492e-02 3.282229309631079559e+03
3.072917103457028588e+03 9.808974645818501203e-01 1.667292707343979996e-02 3.268126180901308544e+03
3.072924886001768300e+03 9.776900836218925805e-01 1.658891225838351330e-02 3.258425312332066369e+03
3.072932668546507557e+03 9.752257056442809047e-01 1.649643496045151772e-02 3.251195223570460257e+03
3.072940451091246814e+03 9.707572870035189316e-01 1.644298733882783303e-02 3.237276899728620720e+03
3.072948233635986071e+03 9.672874552435660744e-01 1.641444416116556726e-02 3.226680029010493854e+03
3.072956016180725328e+03 9.659148199830041026e-01 1.634199375832773304e-02 3.223073057949194208e+03
3.072963798725465040e+03 9.655513204139563044e-01 1.627597223812387792e-02 3.222830148689155976e+03
3.072971581270204297e+03 9.632370978339749312e-01 1.628911415229743545e-02 3.216071491973415050e+03
3.072979363814943554e+03 9.604062426603152680e-01 1.630881876058759561e-02 3.207580407049028963e+03
3.072987146359682811e+03 9.661672946493621295e-01 1.631293093781887443e-02 3.227784873568993589e+03
3.072994928904422522e+03 9.717691192815206547e-01 1.629331801272123834e-02 3.247465506021314468e+03
3.073002711449161779e+03 9.787893044784249375e-01 1.636610575700143261e-02 3.271894898154302609e+03
3.073010493993901036e+03 9.876085755543851930e-01 1.647926801604172181e-02 3.302349809971641662e+03
3.073018276538640293e+03 9.919168829321375336e-01 1.655133266465406983e-02 3.317729373622015828e+03
3.073026059083379550e+03 9.952293070798190477e-01 1.661637491750688617e-02 3.329780359276021954e+03
3.073033841628119262e+03 9.989278503432874601e-01 1.668494245921986127e-02 3.343124521686307162e+03
3.073041624172858519e+03 1.002930663850586157e+00 1.676002550905183325e-02 3.357488475532527900e+03
3.073049406717597776e+03 1.002918542586685335e+00 1.676375585525503170e-02 3.358409137633204409e+03
3.073057189262337033e+03 1.000244805582360730e+00 1.671769953820337676e-02 3.350407581506473434e+03
3.073064971807076290e+03 1.001120807149392666e+00 1.670567720997529967e-02 3.354287163154648169e+03
3.073072754351816002e+03 1.004143865407896685e+00 1.671008487969309272e-02 3.365356429197036505e+03
3.073080536896555259e+03 9.968212945419407944e-01 1.666681185592457093e-02 3.341740454871278416e+03
3.073088319441294516e+03 9.861587335069392779e-01 1.662591951905280363e-02 3.306902297264615754e+03
3.073096101986033773e+03 9.856799260362398840e-01 1.662508690937591210e-02 3.306194293268497859e+03
3.073103884530773030e+03 9.884965806410197509e-01 1.662947819039920991e-02 3.316532734377475208e+03
3.073111667075512742e+03 9.945874443993453218e-01 1.666000571645639972e-02 3.337854682438426153e+03
3.073119449620251999e+03 1.001180141345213270e+00 1.671668966152087613e-02 3.360861674362523445e+03
3.073127232164991256e+03 9.996162716336179921e-01 1.673070022560389780e-02 3.356481497434955600e+03
3.073135014709730513e+03 9.992937709802457436e-01 1.675691499898993714e-02 3.356256979406088249e+03
3.073142797254469770e+03 1.006924289208765533e+00 1.683083267411724510e-02 3.382739020669459933e+03
3.073150579799209481e+03 1.010615214055514688e+00 1.685979720273381166e-02 3.395984752722356006e+03
3.073158362343948738e+03 1.001935636678773500e+00 1.678186283633680692e-02 3.367646748840442342e+03
3.073166144888687995e+03 9.951242204165481331e-01 1.672099818264194751e-02 3.345564443202933035e+03
3.073173927433427252e+03 1.000882491274998065e+00 1.680767264139105405e-02 3.365729368175786476e+03
3.073181709978166509e+03 1.007025531564456289e+00 1.690384516974159299e-02 3.387187105373972372e+03
3.073189492522906221e+03 1.001218414002702506e+00 1.681901012802501302e-02 3.368439543418495305e+03
3.073197275067645478e+03 9.924792688118235784e-01 1.668434623861785385e-02 3.339805851765438092e+03
3.073205057612384735e+03 9.941065786227074597e-01 1.672032920498696049e-02 3.346040617583537824e+03
3.073212840157123992e+03 1.001399106557145258e+00 1.685446456096151638e-02 3.371340259498155774e+03
3.073220622701863249e+03 1.002687546533774565e+00 1.685512547115041240e-02 3.376422505833268588e+03
3.073228405246602961e+03 9.977479373479333224e-01 1.674698648570288259e-02 3.360519676550200529e+03
3.073236187791342218e+03 9.937432468182408885e-01 1.668092696182807075e-02 3.347749098710878116e+03
3.073243970336081475e+03 9.936207079370777961e-01 1.666853582074282261e-02 3.348043795755441352e+03
3.073251752880820732e+03 9.904409571415186964e-01 1.665685254298206533e-02 3.338024795678007195e+03
3.073259535425559989e+03 9.882348478853988372e-01 1.668550513290439907e-02 3.331273551806999876e+03
3.073267317970299700e+03 9.932262344400579757e-01 1.674162386350607629e-02 3.348776652021611426e+03
3.073275100515038957e+03 9.955015089500890424e-01 1.674115341705299798e-02 3.357117200772886008e+03
3.073282883059778214e+03 9.936534143796036389e-01 1.670179075884917555e-02 3.351543105216248478e+03
3.073290665604517471e+03 9.933037343828415855e-01 1.666664702414802010e-02 3.351011947836952913e+03
3.073298448149256728e+03 9.983778260590667752e-01 1.674691337029932808e-02 3.368771850476594409e+03
3.073306230693996440e+03 1.003503631905029003e+00 1.686298530173268792e-02 3.386703144891381726e+03
3.073314013238735697e+03 9.980544051301633024e-01 1.676884932638117096e-02 3.368935230133892219e+03
3.073321795783474954e+03 9.916471997066207411e-01 1.665096475975717805e-02 3.347916829849205897e+03
3.073329578328214211e+03 9.945544463947717517e-01 1.668745819596410482e-02 3.358333559832149149e+03
3.073337360872953468e+03 9.987291538544745828e-01 1.674279311891744074e-02 3.373025056890913675e+03
3.073345143417693180e+03 9.994432257278207388e-01 1.672067709705247346e-02 3.376022475540959476e+03
3.073352925962432437e+03 9.963107374891569945e-01 1.664351723676010808e-02 3.366015932147808144e+03
3.073360708507171694e+03 9.896650772722079825e-01 1.659795502806737585e-02 3.344125450860237834e+03
3.073368491051910951e+03 9.883463698346287574e-01 1.662220768864411044e-02 3.340221431031270640e+03
3.073376273596650208e+03 9.986454770303482276e-01 1.681361943874664852e-02 3.375576983988607026e+03
3.073384056141389920e+03 1.007994212699939496e+00 1.702503540576660521e-02 3.407721822763628097e+03
3.073391838686129176e+03 9.999983851394460554e-01 1.693835098488302368e-02 3.381221727400314649e+03
3.073399621230868433e+03 9.892084790769424263e-01 1.678572807909545217e-02 3.345255418841368282e+03
3.073407403775607690e+03 9.957874086450156925e-01 1.685359204817318476e-02 3.368015147783473367e+03
3.073415186320346947e+03 1.004715996608696260e+00 1.692505551448689888e-02 3.398721169387929422e+03
3.073422968865086659e+03 9.963467727732301382e-01 1.678866711762438610e-02 3.370904286161098753e+03
3.073430751409825916e+03 9.838739866912680210e-01 1.662731114952412104e-02 3.329185094364017004e+03
3.073438533954565173e+03 9.842756369418378393e-01 1.663549334444759664e-02 3.331015433307285093e+03
3.073446316499304430e+03 9.919955159321127702e-01 1.676889228369379814e-02 3.357607745542957673e+03
3.073454099044043687e+03 9.994233969177607202e-01 1.686504832556069700e-02 3.383210364369462695e+03
3.073461881588783399e+03 1.004517695823067935e+00 1.690214754783913101e-02 3.400910737257047458e+03
3.073469664133522656e+03 1.004612708035550028e+00 1.691094875993995328e-02 3.401679384939996453e+03
3.073477446678261913e+03 1.002846389736044896e+00 1.689288356549361117e-02 3.396136371270733434e+03
3.073485229223001170e+03 1.001175868658887191e+00 1.692038624755132573e-02 3.390908007634337082e+03
3.073493011767740427e+03 9.948038521017624758e-01 1.690757657745146220e-02 3.369744429933317406e+03
3.228646543060244312e+03 1.003375351975064556e+00 1.165366700068300523e-02 5.492959168905944352e+03
3.228655914219914848e+03 1.002798883877867420e+00 1.165457588685724077e-02 5.491436943500674715e+03
3.228665285379585384e+03 1.000491022916734751e+00 1.162379149011687034e-02 5.480330362171779598e+03
3.228674656539255921e+03 9.990016428668287984e-01 1.158900916663488032e-02 5.473563728956854902e+03
3.228684027698926457e+03 9.993059100760675051e-01 1.158940258672338554e-02 5.476445890721126489e+03
3.228693398858596993e+03 1.000546951021861419e+00 1.160581158944756081e-02 5.484247026156320317e+03
3.228702770018267529e+03 1.001264774826552184e+00 1.158642285840697818e-02 5.488925961344501047e+03
3.228712141177938065e+03 9.999625625459118705e-01 1.154033328238551932e-02 5.482235915545199532e+03
3.228721512337608601e+03 9.987628405706004964e-01 1.153604495432818816e-02 5.475805636253262492e+03
3.228730883497279137e+03 9.994203813380098111e-01 1.156987679079637607e-02 5.479296944206111220e+03
3.228740254656949674e+03 9.993541935225287443e-01 1.157433801889471738e-02 5.478603417913051999e+03
3.228749625816620210e+03 9.990700437643821319e-01 1.156536592806597756e-02 5.476542194261879558e+03
3.228758996976290746e+03 9.989527571870301381e-01 1.155961582272395025e-02 5.475266924442198615e+03
3.228768368135961737e+03 9.984716327992062546e-01 1.154576119506312698e-02 5.471912906393448793e+03
3.228777739295632273e+03 9.993202501190230347e-01 1.154266247190371096e-02 5.475804969466576040e+03
3.228787110455302809e+03 1.000331683621406453e+00 1.153512031227811943e-02 5.480590734144540875e+03
3.228796481614973345e+03 9.997784679456045431e-01 1.151086092234160883e-02 5.476843440194571485e+03
3.228805852774643881e+03 9.978867700146418773e-01 1.147243568759063158e-02 5.465812132849189766e+03
3.228815223934314417e+03 9.957271120299906464e-01 1.144253412748088596e-02 5.453361635728126203e+03
3.228824595093984954e+03 9.951019643265537340e-01 1.144512553923345693e-02 5.449362215245670086e+03
3.228833966253655490e+03 9.961155392780823847e-01 1.145278198410484664e-02 5.454381154634173981e+03
3.228843337413326026e+03 9.951022049547538773e-01 1.141534263298612378e-02 5.448345438344143076e+03
3.228852708572996562e+03 9.930472668414506154e-01 1.136654923123898119e-02 5.436651578876158965e+03
3.228862079732667098e+03 9.955796496690295649e-01 1.136940933094693525e-02 5.450114600737576438e+03
3.228871450892337634e+03 9.991000510457711536e-01 1.138684485689540372e-02 5.469026273110594047e+03
3.228880822052008170e+03 9.989366987308685442e-01 1.138347617248515291e-02 5.467813800706011534e+03
3.228890193211678707e+03 9.975323764960998263e-01 1.136437795805096684e-02 5.459850312057208612e+03
3.228899564371349243e+03 9.961370619505198754e-01 1.133382061236161593e-02 5.451977344930516665e+03
3.228908935531019779e+03 9.956857800901678379e-01 1.130731173964634635e-02 5.449311444187142115e+03
3.228918306690690315e+03 9.964991887478441557e-01 1.126765673385998930e-02 5.453606284021955616e+03
3.228927677850360851e+03 9.955168029158119047e-01 1.122709437684851416e-02 5.448111809134647046e+03
3.228937049010031387e+03 9.911206233864359172e-01 1.121256638600813885e-02 5.423973339148946252e+03
3.228946420169701923e+03 9.879780536443261152e-01 1.120739172787628413e-02 5.406733077749073345e+03
3.228955791329372460e+03 9.890009433553673679e-01 1.121669391623015925e-02 5.412325064660613862e+03
3.228965162489042996e+03 9.915724491980220101e-01 1.122568356804379622e-02 5.426427940991266041e+03
3.228974533648713532e+03 9.952630816643466272e-01 1.124096621297882709e-02 5.446691099770909204e+03
3.228983904808384068e+03 9.964227529169058517e-01 1.125043609345396066e-02 5.453138664378695466e+03
3.228993275968054604e+03 9.929629022415684680e-01 1.123352428945045313e-02 5.434339004284901421e+03
3.229002647127725140e+03 9.915014524345775460e-01 1.123691039577610039e-02 5.426509319624277850e+03
3.229012018287395676e+03 9.914971133786562030e-01 1.125652949156818322e-02 5.426687281262175929e+03
3.229021389447066213e+03 9.895594261081870346e-01 1.125437812702929051e-02 5.416315633357661682e+03
3.229030760606736749e+03 9.898413514736462693e-01 1.124348332142901218e-02 5.418124409150361316e+03
3.229040131766407285e+03 9.927505204446407383e-01 1.123544756253530216e-02 5.434346210242365487e+03
3.229049502926077821e+03 9.968069553682784578e-01 1.125968851360572773e-02 5.456881143938095192e+03
3.229058874085748812e+03 9.975336982422304821e-01 1.126212297820946943e-02 5.461220021408324101e+03
3.229068245245419348e+03 9.929666793662110802e-01 1.119788198775303195e-02 5.436605196722852270e+03
3.229077616405089884e+03 9.913841790163379075e-01 1.117719802079003913e-02 5.428357462066997869e+03
3.229086987564760420e+03 9.916788667410378899e-01 1.118117358368583489e-02 5.430416122297312540e+03
3.229096358724430956e+03 9.917900473059706457e-01 1.116461713170401743e-02 5.431497818775460473e+03
3.229105729884101493e+03 9.925573463038639410e-01 1.115842507051413753e-02 5.436200300402460925e+03
3.229115101043772029e+03 9.910391964619832406e-01 1.114842771008744786e-02 5.428411606397406103e+03
3.229124472203442565e+03 9.898517897497097762e-01 1.114709979590825829e-02 5.422459014978512641e+03
3.229133843363113101e+03 9.894359037242390631e-01 1.114733575573616936e-02 5.420757249659109220e+03
3.229143214522783637e+03 9.870891842252701442e-01 1.109500504636806023e-02 5.408500180136892595e+03
3.229152585682454173e+03 9.851316961260396798e-01 1.103331597014871671e-02 5.398397182231540683e+03
3.229161956842124710e+03 9.862130295867705954e-01 1.104971288364407951e-02 5.404969415655237754e+03
3.229171328001795246e+03 9.880036867600391348e-01 1.109397507756184308e-02 5.415453876745137677e+03
3.229180699161465782e+03 9.881059615836932375e-01 1.108361857429281463e-02 5.416707530754641994e+03
3.229190070321136318e+03 9.880987683184916381e-01 1.105180327880675439e-02 5.417382845699500649e+03
3.229199441480806854e+03 9.882052082916066293e-01 1.104057985630511191e-02 5.418702338006293758e+03
3.229208812640477390e+03 9.882682436420922034e-01 1.104543555198810381e-02 5.419804455621365378e+03
3.229218183800147926e+03 9.898030227472202069e-01 1.103784315295145910e-02 5.428998989029604672e+03
3.229227554959818463e+03 9.922298241847475886e-01 1.103798971735511260e-02 5.443108704880952246e+03
3.229236926119488999e+03 9.965552605421429400e-01 1.109457342652345364e-02 5.467658139383880552e+03
3.229246297279159535e+03 1.000221093836205055e+00 1.114586826541505947e-02 5.488613553005448921e+03
3.229255668438830071e+03 9.988336224255318641e-01 1.112717742825657455e-02 5.481859097817145084e+03
3.229265039598500607e+03 9.950092254185930463e-01 1.108438761313938238e-02 5.461742728423040717e+03
3.229274410758171143e+03 9.939060053982624598e-01 1.107004959648211044e-02 5.456575385881369584e+03
3.229283781917841679e+03 9.961774745026281686e-01 1.108034719685119067e-02 5.469952110210372666e+03
3.229293153077512216e+03 9.996087344268138608e-01 1.110716992061166510e-02 5.489717692070607882e+03
3.229302524237182752e+03 1.002443264842686199e+00 1.114538652636576713e-02 5.506226630189490606e+03
3.229311895396853288e+03 1.002374407616626995e+00 1.114065482387701506e-02 5.506804239439102275e+03
3.229321266556523824e+03 1.001472890321926767e+00 1.109954506015781335e-02 5.502819314643673351e+03
3.229330637716194360e+03 1.002646661874854628e+00 1.109313059202987096e-02 5.510249656784337276e+03
3.229340008875865351e+03 1.004528919582204471e+00 1.112225383307691856e-02 5.521587518222657309e+03
3.229349380035535887e+03 1.004705949619087768e+00 1.113177585684182146e-02 5.523564221125279801e+03
3.229358751195206423e+03 1.002209895075051538e+00 1.108066030985163306e-02 5.510851724222254234e+03
3.229368122354876959e+03 9.998644756992853821e-01 1.102289904931333386e-02 5.498970560022274185e+03
3.229377493514547496e+03 9.997292459177536950e-01 1.101871105548006026e-02 5.499249226326753160e+03
3.229386864674218032e+03 1.001413515467449278e+00 1.103826974676326740e-02 5.509544034282555913e+03
3.229396235833888568e+03 1.003213290011370606e+00 1.104123006096657117e-02 5.520482904259513816e+03
3.229405606993559104e+03 1.001645916058446550e+00 1.099952847807941954e-02 5.512897275932702541e+03
3.229414978153229640e+03 1.000409377987559800e+00 1.097377949850001505e-02 5.507132630811558556e+03
3.229424349312900176e+03 1.002726627912340795e+00 1.101341154885477312e-02 5.520934334821018638e+03
3.229433720472570712e+03 1.004029326773832720e+00 1.102698973871961419e-02 5.529154846382681171e+03
3.229443091632241249e+03 1.000794679450079938e+00 1.095799521565757155e-02 5.512386421999997765e+03
3.229452462791911785e+03 9.974787646635255856e-01 1.090377984473769879e-02 5.495162651200277651e+03
3.229461833951582321e+03 9.983739252747467763e-01 1.090522652425872027e-02 5.501133525919923159e+03
3.229471205111252857e+03 1.000937817335920021e+00 1.091589958098015435e-02 5.516300019647807858e+03
3.229480576270923393e+03 1.002383268610535616e+00 1.090442283122861067e-02 5.525302968745446378e+03
3.229489947430593929e+03 9.999286209346851528e-01 1.085050099647479754e-02 5.512802079355305978e+03
3.229499318590264465e+03 9.963625683663828170e-01 1.081347063020533621e-02 5.494161839089301793e+03
3.229508689749935002e+03 9.972832300378647874e-01 1.083225875137310175e-02 5.500252876983541682e+03
3.229518060909605538e+03 9.971172664754025528e-01 1.082650165595647890e-02 5.500343972696124183e+03
3.229527432069276074e+03 9.943448980369953283e-01 1.078581026405412736e-02 5.486045866702414060e+03
3.229536803228946610e+03 9.944628743837254925e-01 1.077715581573790091e-02 5.487682209422533560e+03
3.229546174388617146e+03 9.955584311216392202e-01 1.079100750738081968e-02 5.494703650993978954e+03
3.229555545548287682e+03 9.963119454330870983e-01 1.080881762127913065e-02 5.499827491495777394e+03
3.229564916707958218e+03 9.982689676832985359e-01 1.082505725101786352e-02 5.511584938980705374e+03
3.229574287867628755e+03 9.991297701672893217e-01 1.081147568645723228e-02 5.517279100301270773e+03
3.229583659027299291e+03 9.986075404289818103e-01 1.078784208663225233e-02 5.515321795257534177e+03
3.229593030186969827e+03 9.984675209898951076e-01 1.077906367704516144e-02 5.515459288755218040e+03
3.229602401346640363e+03 9.980722698335546816e-01 1.077645183784901178e-02 5.514169903729699399e+03
3.229611772506310899e+03 9.956144780881672762e-01 1.077787195671464811e-02 5.501465354438590111e+03
3.229621143665981435e+03 9.935260996895838304e-01 1.077636998994602538e-02 5.490779701473595196e+03
3.229630514825652426e+03 9.959774081129721957e-01 1.078000587828504414e-02 5.505163805584444162e+03
3.229639885985322962e+03 9.987418724573313700e-01 1.078397432274604516e-02 5.521262800682346096e+03
3.229649257144993499e+03 1.000039188647230404e+00 1.079007265861418874e-02 5.529232976932029487e+03
3.229658628304664035e+03 1.000779146032523048e+00 1.079211304588822799e-02 5.534100705148447560e+03
3.229667999464334571e+03 9.992505991334844628e-01 1.075829817645444775e-02 5.526400092482791479e+03
3.229677370624005107e+03 9.987090545534219599e-01 1.072478405430794292e-02 5.524132246413037137e+03
3.229686741783675643e+03 9.992996323512307599e-01 1.071773471951071449e-02 5.528101185705820171e+03
3.229696112943346179e+03 9.989194601088722258e-01 1.072124236301914488e-02 5.526673811674419085e+03
3.229705484103016715e+03 1.000690627129612986e+00 1.074956215151330607e-02 5.537122668979118316e+03
3.229714855262687252e+03 1.002082440599549651e+00 1.076264331823707440e-02 5.545446162553160320e+03
3.229724226422357788e+03 9.990941128270591776e-01 1.070434166433408343e-02 5.529500072056999670e+03
3.229733597582028324e+03 9.965294182996773387e-01 1.064653422311071310e-02 5.515865168043602353e+03
3.229742968741698860e+03 9.966359308883731005e-01 1.064265477619691196e-02 5.516983105588296894e+03
3.229752339901369396e+03 9.969316536480231639e-01 1.065062457066836936e-02 5.519116554244872532e+03
3.229761711061039932e+03 9.978841912384696089e-01 1.067494774875563449e-02 5.524853717383687581e+03
3.229771082220710468e+03 9.992908974139516065e-01 1.070447242853237065e-02 5.533072386300436847e+03
3.229780453380381005e+03 1.000932413580224223e+00 1.070691765653973559e-02 5.542557349230572072e+03
3.229789824540051541e+03 1.002822022103936117e+00 1.069504106984561949e-02 5.553381285251884037e+03
3.229799195699722077e+03 1.001876670430702720e+00 1.067325685915819500e-02 5.548469094851187037e+03
3.229808566859392613e+03 9.988869580927911551e-01 1.065712820255792191e-02 5.532195790417736134e+03
3.229817938019063149e+03 9.987644816135553549e-01 1.066406683321188126e-02 5.531762392892936987e+03
3.229827309178733685e+03 1.000425698690668996e+00 1.066527375041110420e-02 5.541168510580303519e+03
3.229836680338404221e+03 1.001791303759861584e+00 1.065903652454790185e-02 5.548896838809139808e+03
3.229846051498074758e+03 1.002746576399915268e+00 1.066276781224597889e-02 5.554310635370624368e+03
3.229855422657745294e+03 1.000536788065953031e+00 1.064501549858079890e-02 5.542149720784316742e+03
3.229864793817415830e+03 9.992198564414066508e-01 1.062829177738240996e-02 5.534890318647762797e+03
3.229874164977086366e+03 1.004053487365816677e+00 1.065631774355633478e-02 5.561655215485381632e+03
3.229883536136756902e+03 1.006606290213460708e+00 1.066553033763309455e-02 5.575739881174561560e+03
3.229892907296427438e+03 1.002331373218329436e+00 1.061447866743565893e-02 5.551957923629598554e+03
3.229902278456097974e+03 1.000456982305168996e+00 1.058615895745229803e-02 5.541425347763652098e+03
3.229911649615768965e+03 1.002446673649580955e+00 1.060790263593074795e-02 5.552246553433616100e+03
3.229921020775439501e+03 1.002652625394116592e+00 1.060351506135457506e-02 5.553137797497283827e+03
3.229930391935110038e+03 9.986322720084465088e-01 1.054001681024352086e-02 5.530572114782838071e+03
3.241486735910953939e+03 1.004034216353040909e+00 7.304015499663476033e-03 5.468512709827300569e+03
3.241495065373114812e+03 1.004079366881077684e+00 7.306169358551006104e-03 5.468364275244298369e+03
3.241503394835275685e+03 1.000589044886281531e+00 7.282020369862608582e-03 5.448963109457952669e+03
3.241511724297436558e+03 9.983688808161649275e-01 7.268215840205824799e-03 5.436480664420613721e+03
3.241520053759597431e+03 9.991816539712492506e-01 7.276984008429663447e-03 5.440512619401526536e+03
3.241528383221758304e+03 9.997422156726265552e-01 7.287054131462467922e-03 5.443168044649140938e+03
3.241536712683919177e+03 9.989546241467294196e-01 7.293488016020454809e-03 5.438479633097023907e+03
3.241545042146080050e+03 9.989218437948650386e-01 7.295791072009978097e-03 5.437895953878813998e+03
3.241553371608240923e+03 1.000776603839863776e+00 7.297537619235411853e-03 5.447580826333117329e+03
3.241561701070401796e+03 1.001510353869404124e+00 7.292862368983591727e-03 5.451155428781100454e+03
3.241570030532562669e+03 9.991552998373803840e-01 7.267394610755748864e-03 5.437910310200752974e+03
3.241578359994723542e+03 9.975019831694380557e-01 7.252998240039723425e-03 5.428476780942171899e+03
3.241586689456884415e+03 9.985192018208444154e-01 7.266254472567320113e-03 5.433566322656808552e+03
3.241595018919045287e+03 9.999734728087104063e-01 7.276726765831547337e-03 5.441021460844847752e+03
3.241603348381206615e+03 1.000513454199380758e+00 7.271645838037997696e-03 5.443488194576306341e+03
3.241611677843367488e+03 9.997478446131732310e-01 7.255194761782442214e-03 5.438838266039247173e+03
3.241620007305528361e+03 9.983780304315204024e-01 7.235742291160352641e-03 5.430889260931381614e+03
3.241628336767689234e+03 9.971911448311241433e-01 7.225763302362219094e-03 5.423924042753834328e+03
3.241636666229850107e+03 9.949420425068630225e-01 7.216137144544260314e-03 5.411170960858607941e+03
3.241644995692010980e+03 9.929583611819426947e-01 7.205338508154932563e-03 5.399852177126070274e+03
3.241653325154171853e+03 9.930392629957263129e-01 7.206980304688063825e-03 5.399750988595361378e+03
3.241661654616332726e+03 9.927207301981935128e-01 7.206823875139318873e-03 5.397467571637168476e+03
3.241669984078493599e+03 9.906784067118014070e-01 7.195521783051786469e-03 5.385803295194058592e+03
3.241678313540654472e+03 9.887239156139664420e-01 7.186264248928475422e-03 5.374609480991367491e+03
3.241686643002815345e+03 9.871539038523425846e-01 7.180970726603036480e-03 5.365498930191422915e+03
3.241694972464976217e+03 9.856644578549695890e-01 7.176851240000223404e-03 5.356819848750465098e+03
3.241703301927137090e+03 9.839718724321055987e-01 7.170936348424357225e-03 5.347030964522580689e+03
3.241711631389297963e+03 9.819248892050461697e-01 7.155950212512181795e-03 5.335311340140106040e+03
3.241719960851458836e+03 9.804276695319701362e-01 7.129041501770942528e-03 5.326574414118589630e+03
3.241728290313619709e+03 9.801837768215224678e-01 7.116555561065707018e-03 5.324641686298417881e+03
3.241736619775780582e+03 9.812837185311192867e-01 7.129889637310054921e-03 5.330002959107505376e+03
3.241744949237941455e+03 9.823497014806991112e-01 7.142277140759461206e-03 5.335173375964797742e+03
3.241753278700102328e+03 9.805494283436186898e-01 7.125828684138471418e-03 5.324773008886812931e+03
3.241761608162263201e+03 9.768772313700884169e-01 7.097195608683599770e-03 5.304206849706363755e+03
3.241769937624424074e+03 9.739015075866404025e-01 7.091254131807842379e-03 5.287423174514829952e+03
3.241778267086584947e+03 9.725223851396517238e-01 7.092374471603609710e-03 5.279307506856713189e+03
3.241786596548745820e+03 9.710333916505854424e-01 7.076251705111212889e-03 5.270594857734891775e+03
3.241794926010907147e+03 9.691814258041614449e-01 7.059933134084807500e-03 5.259912344717754422e+03
3.241803255473068020e+03 9.725172053726837129e-01 7.090265142642463922e-03 5.277382272935873516e+03
3.241811584935228893e+03 9.759397351692699063e-01 7.123517436975900993e-03 5.295317692986450311e+03
3.241819914397389766e+03 9.752460842407878472e-01 7.116444598897602065e-03 5.290917154831275184e+03
3.241828243859550639e+03 9.745104731070398651e-01 7.105559509544311265e-03 5.286290092350687701e+03
3.241836573321711512e+03 9.726365561795379255e-01 7.089124825118822693e-03 5.275490629260604692e+03
3.241844902783872385e+03 9.706402023675898549e-01 7.071212195855875252e-03 5.264030822913331576e+03
3.241853232246033258e+03 9.699990671983242940e-01 7.064141084585779697e-03 5.259924166871853231e+03
3.241861561708194131e+03 9.682605642510515587e-01 7.052922747446504527e-03 5.249870708893603478e+03
3.241869891170355004e+03 9.652146914987966841e-01 7.029678888615238826e-03 5.232734593075093471e+03
3.241878220632515877e+03 9.644920875031737229e-01 7.021663019131258246e-03 5.228199347090345327e+03
3.241886550094676750e+03 9.678128793033469179e-01 7.046305659211059107e-03 5.245584170852380339e+03
3.241894879556837623e+03 9.700288715036484710e-01 7.059447079179654097e-03 5.256981732294920221e+03
3.241903209018998496e+03 9.697608681522341678e-01 7.057786970929888493e-03 5.254921113871672787e+03
3.241911538481159369e+03 9.699774451651539398e-01 7.060079559554092651e-03 5.255491715900800045e+03
3.241919867943320241e+03 9.722690543496712579e-01 7.059786114832730317e-03 5.267309496748904166e+03
3.241928197405481114e+03 9.736682222737966796e-01 7.054406500335451066e-03 5.274296578397262238e+03
3.241936526867641987e+03 9.691133778750836703e-01 7.027128461154847489e-03 5.249039987856702282e+03
3.241944856329802860e+03 9.650002692612393851e-01 7.008444248388264776e-03 5.226188585465025426e+03
3.241953185791963733e+03 9.639287480999175761e-01 6.998078458435893871e-03 5.219820593337395621e+03
3.241961515254124606e+03 9.606506145612181413e-01 6.974321371784270376e-03 5.201514382999474037e+03
3.241969844716285479e+03 9.516283416477876456e-01 6.926714340873537344e-03 5.152122005552722840e+03
3.241978174178446352e+03 9.451154002513192376e-01 6.884792063556241688e-03 5.116333236340438816e+03
3.241986503640607680e+03 9.499505627237536665e-01 6.898730409216765995e-03 5.141987575327951163e+03
3.241994833102768553e+03 9.556746203088737346e-01 6.923116795755496211e-03 5.172457996178810390e+03
3.242003162564929426e+03 9.638650668502068974e-01 6.987056941571377459e-03 5.216280905620428712e+03
3.242011492027090299e+03 9.726862578845961727e-01 7.052569279595443004e-03 5.263519946563067606e+03
3.242019821489251171e+03 9.780608371654408995e-01 7.086712972234267272e-03 5.292113136336809475e+03
3.242028150951412044e+03 9.818312547085977782e-01 7.116960776370237496e-03 5.312034651531968848e+03
3.242036480413572917e+03 9.842300663923905235e-01 7.120440590744416508e-03 5.324545608308298142e+03
3.242044809875733790e+03 9.863990974708838344e-01 7.119577089298766495e-03 5.335825170206941948e+03
3.242053139337894663e+03 9.858823777768493946e-01 7.117321975190826766e-03 5.332590049292304684e+03
3.242061468800055536e+03 9.863147270393108901e-01 7.124467029269758271e-03 5.334503339152800436e+03
3.242069798262216409e+03 9.889028635114652799e-01 7.141927294422570696e-03 5.348090417021610847e+03
3.242078127724377282e+03 9.911003859637765867e-01 7.152806191455369188e-03 5.359579058508838898e+03
3.242086457186538155e+03 9.918519421255523882e-01 7.162127070542378265e-03 5.363263736856049945e+03
3.242094786648699028e+03 9.925017262960440512e-01 7.168521621793773335e-03 5.366414679257049102e+03
3.242103116110859901e+03 9.949955227690491233e-01 7.186480573030397737e-03 5.379552656751226095e+03
3.242111445573020774e+03 9.970596806986559146e-01 7.205904031966560430e-03 5.390384417403784028e+03
3.242119775035181647e+03 9.988227257410426940e-01 7.212819427479230487e-03 5.399605837123966012e+03
3.242128104497342520e+03 1.000374767933321474e+00 7.216426503909917009e-03 5.407704913646780369e+03
3.242136433959503393e+03 9.976663797646017073e-01 7.198074214606812841e-03 5.392793119809103700e+03
3.242144763421664265e+03 9.947183287937515495e-01 7.181032965442982891e-03 5.376606131855344756e+03
3.242153092883825138e+03 9.943000792334500959e-01 7.180879629987706354e-03 5.374112164220769046e+03
3.242161422345986011e+03 9.949893725077058049e-01 7.176916900750865587e-03 5.377621993064272829e+03
3.242169751808146884e+03 9.977144338679944102e-01 7.199014496404135786e-03 5.392150995681153290e+03
3.242178081270308212e+03 1.000029368161464705e+00 7.234499486233562232e-03 5.404479154226534774e+03
3.242186410732469085e+03 1.000401565653570080e+00 7.237178251297262874e-03 5.406323812894766888e+03
3.242194740194629958e+03 1.000699430666746714e+00 7.226014427270923725e-03 5.407782286748811202e+03
3.242203069656790831e+03 1.000333290313818679e+00 7.216170604935336248e-03 5.405667572183600896e+03
3.242211399118951704e+03 9.990918520213609710e-01 7.210891178635941631e-03 5.398837615622675003e+03
3.242219728581112577e+03 9.981776825247556939e-01 7.216180627048133893e-03 5.393790381102705396e+03
3.242228058043273450e+03 9.982794280697597777e-01 7.224065502894846426e-03 5.394246318712957873e+03
3.242236387505434323e+03 1.000660888910126500e+00 7.241520438761311559e-03 5.407033506316214698e+03
3.242244716967595195e+03 1.002393641185600925e+00 7.249652862913716703e-03 5.416327514580370007e+03
3.242253046429756068e+03 1.000883440892284870e+00 7.229517036472340313e-03 5.408110428206617144e+03
3.242261375891916941e+03 9.996904636985174397e-01 7.222961449908993706e-03 5.401618877773435088e+03
3.242269705354077814e+03 1.000770363137462482e+00 7.246926655153867677e-03 5.407419140888619040e+03
3.242278034816238687e+03 1.001822756111815593e+00 7.262365766186245318e-03 5.413080972308602213e+03
3.242286364278399560e+03 1.001079412005449365e+00 7.258415901234515667e-03 5.409049733185148398e+03
3.242294693740560433e+03 9.999158314198158815e-01 7.252598303581722985e-03 5.402757066121394018e+03
3.242303023202721306e+03 9.971262416116275507e-01 7.224226189784428015e-03 5.387687360591276956e+03
3.242311352664882179e+03 9.942826382151466191e-01 7.198839393225999785e-03 5.372333843916025216e+03
3.242319682127043052e+03 9.948685741800072924e-01 7.209952339279131206e-03 5.375518401816348160e+03
3.242328011589203925e+03 9.959149554359658651e-01 7.215870332922794464e-03 5.381197885121053332e+03
3.242336341051364798e+03 9.973956239817503011e-01 7.213672592768385558e-03 5.389230476017901310e+03
3.242344670513525671e+03 9.990252806349478876e-01 7.218110381523850511e-03 5.398074139743024716e+03
3.242352999975686544e+03 9.971890067151021331e-01 7.218578724638722091e-03 5.388195589373352959e+03
3.242361329437847417e+03 9.950885109649519888e-01 7.220015522676449631e-03 5.376894027498430660e+03
3.242369658900008744e+03 9.954417779600200911e-01 7.220297865209730770e-03 5.378855442556243361e+03
3.383143373979870830e+03 1.001696541948968067e+00 4.989014526137230086e-03 4.072110105894435037e+03
3.383151971145261541e+03 1.001081752827822191e+00 4.986887427239609753e-03 4.069741096197337811e+03
3.383160568310651797e+03 1.001752865184805996e+00 4.991684121262853630e-03 4.072534505664096287e+03
3.383169165476042508e+03 1.002031361190535819e+00 4.988971113136501066e-03 4.073662924928048142e+03
3.383177762641432764e+03 1.001050340217592094e+00 4.977995085439200669e-03 4.069598396910761039e+03
3.383186359806823475e+03 1.000254921248871831e+00 4.969271392134683163e-03 4.066212428958496275e+03
3.383194956972213731e+03 9.982123438949103145e-01 4.962261345467902478e-03 4.057677366974091456e+03
3.383203554137604442e+03 9.958894111818937800e-01 4.963343189177201950e-03 4.047920620382644756e+03
3.383212151302994698e+03 9.962873409248662604e-01 4.973977222881449493e-03 4.049137026881778183e+03
3.383220748468385409e+03 9.974390997364011024e-01 4.980373553363638510e-03 4.053326039563197810e+03
3.383229345633775665e+03 9.977988918023307230e-01 4.981962315983680563e-03 4.054201777681540989e+03
3.383237942799166376e+03 9.973444505531575688e-01 4.980452413763318542e-03 4.051671426868619619e+03
3.383246539964556632e+03 9.965592411880097590e-01 4.976283701917019915e-03 4.047696825960366823e+03
3.383255137129947343e+03 9.978177510103185543e-01 4.979087710000391909e-03 4.051917620101804005e+03
3.383263734295337599e+03 1.000173944923711478e+00 4.986326031109444140e-03 4.060483580182232799e+03
3.383272331460727855e+03 1.001397140583013323e+00 4.992236615573316869e-03 4.064335481051645729e+03
3.383280928626118566e+03 1.003123540452859119e+00 5.002151541925516434e-03 4.070124017350547547e+03
3.383289525791508822e+03 1.004020906125106194e+00 5.003027880757772439e-03 4.072454631656145466e+03
3.383298122956899533e+03 1.002157558581324714e+00 4.985587567657971501e-03 4.063509372745361361e+03
3.383306720122289789e+03 1.000303548265049525e+00 4.970580708856607577e-03 4.054539486215332545e+03
3.383315317287680500e+03 9.993005207555294422e-01 4.963815045075059898e-03 4.048966966602095908e+03
3.383323914453070756e+03 9.990121836575565073e-01 4.962956740140835044e-03 4.046247601434395619e+03
3.383332511618461467e+03 9.997992619962768890e-01 4.970877088922428730e-03 4.047850044274728134e+03
3.383341108783851723e+03 1.000421070823649394e+00 4.977133392901732754e-03 4.048759495672468802e+03
3.383349705949242434e+03 9.999200404241006535e-01 4.973468964741134188e-03 4.045114429855420440e+03
3.383358303114632690e+03 9.994540231552764276e-01 4.968339930640443616e-03 4.041613935960164781e+03
3.383366900280023401e+03 1.000094142809364595e+00 4.969229636292934495e-03 4.042599043853649619e+03
3.383375497445413657e+03 1.000383251983476329e+00 4.969618685815403031e-03 4.042188167962033731e+03
3.383384094610804368e+03 9.996474366398850897e-01 4.965180212225070444e-03 4.037672488260804130e+03
3.383392691776194624e+03 9.991380106132885519e-01 4.963888961142317278e-03 4.034120447985867031e+03
3.383401288941585335e+03 9.994962310189314802e-01 4.971342461033777249e-03 4.034130660984229962e+03
3.383409886106975591e+03 9.998032753847384546e-01 4.974019451031947564e-03 4.034003692537110055e+03
3.383418483272366302e+03 9.980970083329642195e-01 4.959249402035144534e-03 4.025835684108563783e+03
3.383427080437756558e+03 9.942236881102528567e-01 4.937387293195030433e-03 4.009015636910622561e+03
3.383435677603147269e+03 9.890451724137591105e-01 4.915924323130980642e-03 3.987022951179282700e+03
3.383444274768537525e+03 9.852418779474573229e-01 4.899515205085248383e-03 3.970661452689072576e+03
3.383452871933928236e+03 9.817576990285536986e-01 4.881209568586591940e-03 3.955668926303983426e+03
3.383461469099318492e+03 9.788085666771990656e-01 4.867567012970969512e-03 3.942911702822299958e+03
3.383470066264708748e+03 9.786438136179769209e-01 4.873306161028667823e-03 3.941445007840038670e+03
3.383478663430099459e+03 9.775308788900589629e-01 4.870597909848399694e-03 3.936230247139727908e+03
3.383487260595489715e+03 9.743719749166941391e-01 4.850527905845423288e-03 3.922847827060027157e+03
3.383495857760880426e+03 9.727265407450418344e-01 4.839667416786456663e-03 3.915627727371140736e+03
3.383504454926270682e+03 9.756154413462357899e-01 4.852184140856917113e-03 3.926723658452721793e+03
3.383513052091661393e+03 9.771681596128335423e-01 4.860580645374545233e-03 3.932501753098498284e+03
3.383521649257051649e+03 9.715158961851692032e-01 4.834232786217935313e-03 3.909346627692848870e+03
3.383530246422442360e+03 9.651545337705897953e-01 4.801282541706948861e-03 3.883401447598375398e+03
3.383538843587832616e+03 9.603196767958409596e-01 4.777251676459462817e-03 3.863658610006897106e+03
3.383547440753223327e+03 9.569789229907461614e-01 4.761389136198580611e-03 3.849983797987701109e+03
3.383556037918613583e+03 9.574433270808889729e-01 4.763821262325829142e-03 3.851670693072039739e+03
3.383564635084004294e+03 9.590288418172240315e-01 4.773008249476768695e-03 3.857918259663451863e+03
3.383573232249394550e+03 9.632104953956900362e-01 4.795355546261897972e-03 3.874658073261678965e+03
3.383581829414785261e+03 9.671248128747209627e-01 4.815497419419133285e-03 3.890369707020020996e+03
3.383590426580175517e+03 9.686695358590695637e-01 4.828809871643868074e-03 3.896595415124555075e+03
3.383599023745566228e+03 9.683543939142162937e-01 4.832448689246249089e-03 3.895384061638936601e+03
3.383607620910956484e+03 9.657721479732455094e-01 4.813642850704889266e-03 3.885095294589780224e+03
3.383616218076347195e+03 9.620394864414720804e-01 4.790926304896803156e-03 3.870218698688614950e+03
3.383624815241737451e+03 9.537089836637437923e-01 4.753412999407751263e-03 3.836882175125328104e+03
3.383633412407128162e+03 9.474769595670651245e-01 4.726903616339573309e-03 3.812022029326424672e+03
3.383642009572518418e+03 9.489978408163156631e-01 4.735858715301231349e-03 3.818388395293459325e+03
3.383650606737909129e+03 9.525238470027528326e-01 4.748248161953940762e-03 3.832857296605125157e+03
3.383659203903299385e+03 9.580111385228347043e-01 4.766968610343954964e-03 3.855252729117376475e+03
3.383667801068689641e+03 9.617732502446088017e-01 4.786232067369178451e-03 3.870738933920334603e+03
3.383676398234080352e+03 9.618110792363376849e-01 4.800329361325040081e-03 3.871266315996942467e+03
3.383684995399470608e+03 9.616884047112058687e-01 4.806736937011129966e-03 3.871174401728021621e+03
3.383693592564861319e+03 9.597126135127587165e-01 4.797132643522704701e-03 3.863647054715263039e+03
3.383702189730251575e+03 9.566146622486111362e-01 4.787317364405014111e-03 3.851622978391618744e+03
3.383710786895642286e+03 9.524368951689693441e-01 4.769306300909608928e-03 3.835269160569583619e+03
3.383719384061032542e+03 9.478973368377789921e-01 4.746039470141156548e-03 3.817473723459792836e+03
3.383727981226423253e+03 9.407431215568538008e-01 4.709362297843523205e-03 3.789159950078925249e+03
3.383736578391813509e+03 9.336087814091436066e-01 4.676972982691357701e-03 3.760934503337585738e+03
3.383745175557204220e+03 9.266076567574921263e-01 4.650911861202003568e-03 3.733252018573110490e+03
3.383753772722594476e+03 9.211078281336365636e-01 4.628987577344587274e-03 3.711623447331881380e+03
3.383762369887985187e+03 9.266620611681746222e-01 4.661094671480117343e-03 3.734548178394763454e+03
3.383770967053375443e+03 9.349336000694785653e-01 4.705999450504141576e-03 3.768441159566795250e+03
3.383779564218766154e+03 9.483461865698931126e-01 4.766282552099128725e-03 3.823076636638881610e+03
3.383788161384156410e+03 9.605329764820537131e-01 4.818766136654934265e-03 3.872791897916564722e+03
3.383796758549547121e+03 9.681842581448311114e-01 4.855883778062329049e-03 3.904236636556183839e+03
3.383805355714937377e+03 9.752876283619918985e-01 4.893339633546175613e-03 3.933483411454932593e+03
3.383813952880328088e+03 9.768361970117591664e-01 4.904824564522614755e-03 3.940332839857300314e+03
3.383822550045718344e+03 9.772614860993366070e-01 4.910828742105983330e-03 3.942651340215827986e+03
3.383831147211109055e+03 9.799390658855516856e-01 4.924985323432525333e-03 3.954055495756952041e+03
3.383839744376499311e+03 9.838754816013002280e-01 4.941564420898100947e-03 3.970538453628427305e+03
3.383848341541890022e+03 9.861855538455532866e-01 4.946999289982299992e-03 3.980455469466999148e+03
3.383856938707280278e+03 9.871392211752173518e-01 4.951608077867596623e-03 3.984891461500973037e+03
3.383865535872670534e+03 9.906397745985794367e-01 4.975712240529472398e-03 3.999601318471508421e+03
3.383874133038061245e+03 9.945111780999454920e-01 4.998989932067185275e-03 4.015800838338247559e+03
3.383882730203451501e+03 9.955527421508886254e-01 4.998559012614825492e-03 4.020562653432749357e+03
3.383891327368842212e+03 9.966584626100057909e-01 4.996709579686820467e-03 4.025569221361809014e+03
3.383899924534232468e+03 9.989503437147562170e-01 5.009022347866244618e-03 4.035351228276142137e+03
3.383908521699623179e+03 1.000491506010905418e+00 5.020012086873719068e-03 4.042083428654626459e+03
3.383917118865013435e+03 9.980287927246008772e-01 5.009739274413505840e-03 4.032618368997284051e+03
3.383925716030404146e+03 9.962912761938509387e-01 5.003003870256108286e-03 4.026060534643338087e+03
3.383934313195794402e+03 9.986721042479764776e-01 5.015293828083884110e-03 4.036124637273707322e+03
3.383942910361185113e+03 1.000885331995790439e+00 5.025152354963390890e-03 4.045492803971003013e+03
3.383951507526575369e+03 9.997903668295973212e-01 5.015294790929600462e-03 4.041469630425107425e+03
3.383960104691966080e+03 9.988491732532378542e-01 5.006421716768761146e-03 4.038047084133199405e+03
3.383968701857356336e+03 1.000974431284615829e+00 5.018090104578256001e-03 4.047001759738332566e+03
3.383977299022747047e+03 1.002352585732654067e+00 5.029442183160301449e-03 4.052917334391007898e+03
3.383985896188137303e+03 9.999385170046461990e-01 5.026696252271982586e-03 4.043479538497128488e+03
3.383994493353528014e+03 9.983951526271087618e-01 5.025615169761118994e-03 4.037542078527646481e+03
3.384003090518918270e+03 1.001043894094100439e+00 5.031922482177795392e-03 4.048538853522619775e+03
3.384011687684308981e+03 1.003009023822557078e+00 5.036263251054211298e-03 4.056753267236654210e+03
3.384020284849699237e+03 1.001773281507984725e+00 5.037287779723368872e-03 4.052002988406205077e+03
3.384028882015089948e+03 1.000532036542244319e+00 5.035888612522248717e-03 4.047211384589023510e+03
3.384037479180480204e+03 9.986533861170400206e-01 5.027743938378189704e-03 4.039822518651231803e+03
3.384046076345870915e+03 9.964840210166148182e-01 5.021807846595109648e-03 4.031238829799640371e+03
3.384054673511261171e+03 9.970216715942006314e-01 5.025044665880855008e-03 4.033588211684103499e+03
3.384063270676651427e+03 9.988659112001357920e-01 5.031788534520933304e-03 4.041206432475841211e+03
3.384071867842042138e+03 9.994947724518372656e-01 5.035722840175647225e-03 4.043890512184154431e+03
3.384080465007432394e+03 9.993238290689131498e-01 5.036229853827648047e-03 4.043321558352539341e+03
3.384089062172823105e+03 9.986754129365049693e-01 5.037872623822138574e-03 4.040803707841299911e+03
3.384097659338213361e+03 9.975735499302017528e-01 5.039700801744028194e-03 4.036434271791920764e+03
3.384106256503604072e+03 9.963454439344189284e-01 5.038190995206815945e-03 4.031537372184117430e+03
3.384114853668994328e+03 9.952878416105056525e-01 5.035224197833129689e-03 4.027314006912830791e+03
3.384123450834385039e+03 9.950760760301926577e-01 5.030190063119410228e-03 4.026497153011138380e+03
3.384132047999775295e+03 9.952444132900535312e-01 5.025637267711275356e-03 4.027202570397813361e+03
3.384140645165166006e+03 9.966480475634854619e-01 5.034251038426967341e-03 4.032890997821707060e+03
3.384149242330556262e+03 9.984918575174046573e-01 5.046364587344993186e-03 4.040345200158918942e+03
3.384157839495946973e+03 9.990320571277727657e-01 5.051025923024790067e-03 4.042509197993569614e+03
3.384166436661337229e+03 9.989192113976345100e-01 5.052884785207902713e-03 4.042015706614432929e+03
3.384175033826727940e+03 9.998169214068582944e-01 5.059457335734863365e-03 4.045596509671171134e+03
3.384183630992118196e+03 1.000612955827781647e+00 5.064370500081806156e-03 4.048751237143150775e+03
3.384192228157508907e+03 1.001350514698132521e+00 5.068254335212936737e-03 4.051654885864427797e+03
3.384200825322899163e+03 1.002328125252269553e+00 5.075008052549232970e-03 4.055515523968692833e+03
3.384209422488289874e+03 1.000139483815890351e+00 5.074790255997243399e-03 4.046551397538406036e+03
