9.999997933318423016e-01
9.999997899810879609e-01
9.999997855418485404e-01
9.999997802790197010e-01
9.999997744650259701e-01
9.999997682722938652e-01
9.999997617713634046e-01
9.999997549746830749e-01
9.999997478718303245e-01
9.999997404451284044e-01
9.999997326741882908e-01
9.999997245367379106e-01
9.999997160085976056e-01
9.999997070634958352e-01
9.999996976728449116e-01
9.999996878054830951e-01
9.999996774273833822e-01
9.999996665013219932e-01
9.999996549864978990e-01
9.999996428380988345e-01
9.999996300068032529e-01
9.999996164382021213e-01
9.999996020721346746e-01
9.999995868419127021e-01
9.999995706734183809e-01
9.999995534840453448e-01
9.999995351814525701e-01
9.999995156620906656e-01
9.999994948094477198e-01
9.999994724919487599e-01
9.999994485604211114e-01
9.999994228450026501e-01
9.999993951513026502e-01
9.999993652554830526e-01
9.999993328975730345e-01
9.999992977714355913e-01
9.999992595074965740e-01
9.999992176385199549e-01
9.999991715244593848e-01
9.999991201787835626e-01
9.999990618626918293e-01
9.999989931495548712e-01
9.999989068244590218e-01
9.999987873249660542e-01
9.999986012135564373e-01
9.999982780638758673e-01
9.999976737342837207e-01
9.999965029315522891e-01
9.999942211841749140e-01
9.999898285662991437e-01
9.999815608510929099e-01
9.999664323557232448e-01
9.999396049589852620e-01
9.998935875466632428e-01
9.998173265718170999e-01
9.996953335110950745e-01
9.995070999901731756e-01
9.992271515749714395e-01
9.988261448337436565e-01
9.982733666716605558e-01
9.975408032833832372e-01
9.966085921128788883e-01
9.954711937170799274e-01
9.941431302036198847e-01
9.926627979988184025e-01
9.910928517380495073e-01
9.895160932893150019e-01
9.880266819314760252e-01
9.867176465449276623e-01
9.856668288669252487e-01
9.849241607794874120e-01
9.845032769685170271e-01
9.843797526046371704e-01
9.844968327765848404e-01
9.847777153477305090e-01
9.851417431707363281e-01
9.855207531461562809e-01
9.858716761114350025e-01
9.861823737453689898e-01
9.864694140263359223e-01
9.867685497791461868e-01
9.871204984879657918e-01
9.875557334747937510e-01
9.880821271836368602e-01
9.886784671164426941e-01
9.892953710997794969e-01
9.898633735216506579e-01
9.903063579443167619e-01
9.905574011280239288e-01
9.905736509335799633e-01
9.903471162094901192e-01
9.899091030986627571e-01
9.893273000433062681e-01
9.886959497592961998e-01
9.881208884972614293e-01
9.877022356462937802e-01
9.875179888405049011e-01
9.876116201497543434e-01
9.879859938734452118e-01
9.886046769569005743e-01
9.894002362376121962e-01
9.902877202796048772e-01
9.911805105495921087e-01
9.920053244758435529e-01
9.927134537457582564e-01
9.932862523794461218e-01
9.937342250335967631e-01
9.940904824049632271e-01
9.944004884096004915e-01
9.947106584907061677e-01
9.950583587647703343e-01
9.954652517367275077e-01
9.959349364515696079e-01
9.964547276548116894e-01
9.970005009670672713e-01
9.975430107889764475e-01
9.980540425632695722e-01
9.985111262964422307e-01
9.989001432658330959e-01
9.992157935949962377e-01
9.994603825530996577e-01
9.996416329757502606e-01
9.997702380726555260e-01
9.998577015742649010e-01
9.999147689253018445e-01
9.999505226179246087e-01
9.999720515221259820e-01
9.999845242678232493e-01
9.999914872599974247e-01
9.999952418691853140e-01
9.999972056414869748e-01
9.999982096421421440e-01
9.999987186553004337e-01
9.999989811370532111e-01
9.999991242946111303e-01
9.999992106624997490e-01
9.999992698676460900e-01
9.999993155245128218e-01
9.999993537747084993e-01
9.999993874002419680e-01
9.999994177169437837e-01
9.999994454104608188e-01
9.999994708923158893e-01
9.999994944477086367e-01
9.999995162964958606e-01
9.999995366191224422e-01
9.999995555686314042e-01
9.999995732770814438e-01
9.999995898595699373e-01
9.999996054170963156e-01
9.999996200387625267e-01
9.999996338035325172e-01
9.999996467816734125e-01
9.999996590359454540e-01
9.999996706225983134e-01
9.999996815922078675e-01
9.999996919903839654e-01
9.999997018583739461e-01
9.999997112335770044e-01
9.999997201499873922e-01
9.999997286385764461e-01
9.999997367276227678e-01
9.999997444430013260e-01
9.999997518084334791e-01
9.999997588457075759e-01
9.999997655748722458e-01
9.999997720144062630e-01
9.999997781813698694e-01
9.999997840915377800e-01
9.999997897595174212e-01
9.999997951988548461e-01
9.999998004221293257e-01
9.999998054410369486e-01
9.999998102664668931e-01
9.999998149085689292e-01
9.999998193768155907e-01
9.999998236800555773e-01
9.999998278265651575e-01
9.999998318240936879e-01
9.999998356799028043e-01
9.999998394008049463e-01
9.999998429931968857e-01
9.999998464630908135e-01
9.999998498161417615e-01
9.999998530576734712e-01
9.999998561926933816e-01
9.999998592258426688e-01
9.999998621609578198e-01
9.999998649989094712e-01
9.999998677302891492e-01
9.999998703189392213e-01
9.999998726813685845e-01
9.999998746872114097e-01
9.999998762087471960e-01
9.999994574370920652e-01
9.999994492107675548e-01
9.999994384308846795e-01
9.999994256440631890e-01
9.999994114566022052e-01
9.999993962978775963e-01
9.999993803773428169e-01
9.999993637560864457e-01
9.999993464255410025e-01
9.999993283516641629e-01
9.999993094914960690e-01
9.999992897974923078e-01
9.999992692181451925e-01
9.999992476977586087e-01
9.999992251760440043e-01
9.999992015876467688e-01
9.999991768616105503e-01
9.999991509207740714e-01
9.999991236810860107e-01
9.999990950508286236e-01
9.999990649297343381e-01
9.999990332079763400e-01
9.999989997650133855e-01
9.999989644682618639e-01
9.999989271715661321e-01
9.999988877134253773e-01
9.999988459149378173e-01
9.999988015773975114e-01
9.999987544794810557e-01
9.999987043739317905e-01
9.999986509836312765e-01
9.999985939969098236e-01
9.999985330618963442e-01
9.999984677795958898e-01
9.999983976951759557e-01
9.999983222864468058e-01
9.999982409473389122e-01
9.999981529613536368e-01
9.999980574532072453e-01
9.999979532912324220e-01
9.999978388778588689e-01
9.999977116889767759e-01
9.999975672630750934e-01
9.999973970202812312e-01
9.999971836754008025e-01
9.999968918797113027e-01
9.999964497573299305e-01
9.999957137538519891e-01
9.999944041814258222e-01
9.999919915989157193e-01
9.999875046633459608e-01
9.999792191631433624e-01
9.999641779770747085e-01
9.999374873215693960e-01
9.998913431128462204e-01
9.998137720247746163e-01
9.996871345855682378e-01
9.994865385520198542e-01
9.991784466557833699e-01
9.987199147778231811e-01
9.980590256376054015e-01
9.971371310444494540e-01
9.958934157820300559e-01
9.942719939570793253e-01
9.922312315186532228e-01
9.897543136316461210e-01
9.868593818558203390e-01
9.836070585573833958e-01
9.801030743729326478e-01
9.764941778682920681e-01
9.729565587583350883e-01
9.696775052157418084e-01
9.668326297480580589e-01
9.645623375881713368e-01
9.629518970219297369e-01
9.620192481061723422e-01
9.617134991329358007e-01
9.619250803149412832e-01
9.625061314052762995e-01
9.632974191746166426e-01
9.641564736703382987e-01
9.649811548549351858e-01
9.657237176109924048e-01
9.663924907053738078e-01
9.670410443828201252e-01
9.677475042060743604e-01
9.685887887530730822e-01
9.696155249060458559e-01
9.708330723747119473e-01
9.721926412441160847e-01
9.735943143250128662e-01
9.749013838221960437e-01
9.759632461919801605e-01
9.766425353559129441e-01
9.768414429458058823e-01
9.765223596554333252e-01
9.757190125503389933e-01
9.745359710481115156e-01
9.731364417623852292e-01
9.717203037276791466e-01
9.704959946539317706e-01
9.696508677912841767e-01
9.693248463870142162e-01
9.695916006175028246e-01
9.704501817519251006e-01
9.718282893067958783e-01
9.735964009486264281e-01
9.755901746586397305e-01
9.776371482174164296e-01
9.795830749267386839e-01
9.813134044053054561e-01
9.827664408781895400e-01
9.839363989253550047e-01
9.848665753804226597e-01
9.856347296015817161e-01
9.863341057834451586e-01
9.870540710884270208e-01
9.878640166300693970e-01
9.888031177909987202e-01
9.898770755283929912e-01
9.910614298816000645e-01
9.923097936602403024e-01
9.935646364839757494e-01
9.947681445495492047e-01
9.958711213449196187e-01
9.968386893326577347e-01
9.976524552365124698e-01
9.983095807542705646e-01
9.988197008294974477e-01
9.992008019255584905e-01
9.994750583780241948e-01
9.996653320953834410e-01
9.997926911882246692e-01
9.998749953029293369e-01
9.999263854334098367e-01
9.999574159444881705e-01
9.999755571609674210e-01
9.999858443514721973e-01
9.999915195514855748e-01
9.999945814842874370e-01
9.999962122663915709e-01
9.999970837355427467e-01
9.999975633959395926e-01
9.999978450818948206e-01
9.999980276021981362e-01
9.999981598154733531e-01
9.999982653042920333e-01
9.999983553061114749e-01
9.999984352156985334e-01
9.999985077300905800e-01
9.999985743161163843e-01
9.999986358741909109e-01
9.999986930317563694e-01
9.999987462719757136e-01
9.999987959912407520e-01
9.999988425264784153e-01
9.999988861696180731e-01
9.999989271763980447e-01
9.999989657724546177e-01
9.999990021579219235e-01
9.999990365110920099e-01
9.999990689914093345e-01
9.999990997419618832e-01
9.999991288915703880e-01
9.999991565565591323e-01
9.999991828422597484e-01
9.999992078443000754e-01
9.999992316497107181e-01
9.999992543378817267e-01
9.999992759813909338e-01
9.999992966467261546e-01
9.999993163949150166e-01
9.999993352820780723e-01
9.999993533599136342e-01
9.999993706761278744e-01
9.999993872748127455e-01
9.999994031967824881e-01
9.999994184798732810e-01
9.999994331592094721e-01
9.999994472674420543e-01
9.999994608349614955e-01
9.999994738900904734e-01
9.999994864592550714e-01
9.999994985671405434e-01
9.999995102368317568e-01
9.999995214899397578e-01
9.999995323467161246e-01
9.999995428261585495e-01
9.999995529461045418e-01
9.999995627233186912e-01
9.999995721735703835e-01
9.999995813117069643e-01
9.999995901517182428e-01
9.999995987067975545e-01
9.999996069893970496e-01
9.999996150112775428e-01
9.999996227835561413e-01
9.999996303167475453e-01
9.999996376207962445e-01
9.999996447050463200e-01
9.999996515778613038e-01
9.999996582446487592e-01
9.999996647006001993e-01
9.999996709114460369e-01
9.999996767791412555e-01
9.999996821103545042e-01
9.999996866341824830e-01
9.999996901036845021e-01
9.999996756824315325e-01
9.999996699076552087e-01
9.999996621783652229e-01
9.999996530191492816e-01
9.999996429304268686e-01
9.999996321934279120e-01
9.999996209008714665e-01
9.999996090538294524e-01
9.999995966225339039e-01
9.999995835679025280e-01
9.999995698463006732e-01
9.999995554099634365e-01
9.999995402066246264e-01
9.999995241789922940e-01
9.999995072641407745e-01
9.999994893928112472e-01
9.999994704886047137e-01
9.999994504670507434e-01
9.999994292345250058e-01
9.999994066869881681e-01
9.999993827085109643e-01
9.999993571695384720e-01
9.999993299248423062e-01
9.999993008110875659e-01
9.999992696439292672e-01
9.999992362145232461e-01
9.999992002853074213e-01
9.999991615848551341e-01
9.999991198015237837e-01
9.999990745754671062e-01
9.999990254882271667e-01
9.999989720482138633e-01
9.999989136679310331e-01
9.999988496221119405e-01
9.999987789581274988e-01
9.999987002843383488e-01
9.999986112499138491e-01
9.999985072676738085e-01
9.999983784512082030e-01
9.999982025234543936e-01
9.999979290656851871e-01
9.999974460855373115e-01
9.999965124060294919e-01
9.999946277444162757e-01
9.999907962152714269e-01
9.999831200655312502e-01
9.999681444054131507e-01
9.999398721337332541e-01
9.998883993580354179e-01
9.997982074472372416e-01
9.996463060528772981e-01
9.994006504921890688e-01
9.990195180705083722e-01
9.984527321591966098e-01
9.976456357111607165e-01
9.965463932796482238e-01
9.951164573903179544e-01
9.933429286503721034e-01
9.912503261296974344e-01
9.889084018335339010e-01
9.864325703228780107e-01
9.839746154229231934e-01
9.817035499265304166e-01
9.797793513556360967e-01
9.783249218391785185e-01
9.774030732870893079e-01
9.770049248869234759e-01
9.770536678630543648e-01
9.774237193018044945e-01
9.779709417334212507e-01
9.785662052433008462e-01
9.791232955002862060e-01
9.796135818415970808e-01
9.800636202114174633e-01
9.805368147054698280e-01
9.811048209236028494e-01
9.818171390976893065e-01
9.826775770523586973e-01
9.836340784380651625e-01
9.845846239533173616e-01
9.853976689732969474e-01
9.859419790750496571e-01
9.861185547125789208e-01
9.858869669864778196e-01
9.852798120216794686e-01
9.844017397684916570e-01
9.834129877468636982e-01
9.825007947653324747e-01
9.818447476998206636e-01
9.815834527844702340e-01
9.817896297616975909e-01
9.824588582758431166e-01
9.835141610397909462e-01
9.848250596691225933e-01
9.862364998021153628e-01
9.876008910970766053e-01
9.888059946439443637e-01
9.897926664486593751e-01
9.905592030361747291e-01
9.911524883144940956e-01
9.916493548260367774e-01
9.921336768613655543e-01
9.926751935279942707e-01
9.933149083283325798e-01
9.940596015007983066e-01
9.948852979273820063e-01
9.957472692743778442e-01
9.965929051267141681e-01
9.973737674528844188e-01
9.980541398520480501e-01
9.986149056696989046e-01
9.990530707561757762e-01
9.993782553570951244e-01
9.996078400218080251e-01
9.997622435412467645e-01
9.998612764978276335e-01
9.999219192574368975e-01
9.999574114830970251e-01
9.999772911413016274e-01
9.999879670029048206e-01
9.999934804545047573e-01
9.999962337810173185e-01
9.999975774539346940e-01
9.999982313690007896e-01
9.999985603000237644e-01
9.999987403921197782e-01
9.999988529865035947e-01
9.999989342080455312e-01
9.999989996516897017e-01
9.999990560001910112e-01
9.999991062100337391e-01
9.999991517158037801e-01
9.999991933277549983e-01
9.999992315856542913e-01
9.999992668967370157e-01
9.999992995911110016e-01
9.999993299462290874e-01
9.999993581996065029e-01
9.999993845567203277e-01
9.999994091966206700e-01
9.999994322762271182e-01
9.999994539337477839e-01
9.999994742914533052e-01
9.999994934579568007e-01
9.999995115301018034e-01
9.999995285945384449e-01
9.999995447290478401e-01
9.999995600036623022e-01
9.999995744816145837e-01
9.999995882201511144e-01
9.999996012712289994e-01
9.999996136821149850e-01
9.999996254959061526e-01
9.999996367519805585e-01
9.999996474863901419e-01
9.999996577322054492e-01
9.999996675198163931e-01
9.999996768771983735e-01
9.999996858301472002e-01
9.999996944024853729e-01
9.999997026162471547e-01
9.999997104918421087e-01
9.999997180482012027e-01
9.999997253029069277e-01
9.999997322723110926e-01
9.999997389716390739e-01
9.999997454150841847e-01
9.999997516158932731e-01
9.999997575864432164e-01
9.999997633383101991e-01
9.999997688823326625e-01
9.999997742286689251e-01
9.999997793868480311e-01
9.999997843658141594e-01
9.999997891739282885e-01
9.999997938186530044e-01
9.999997983043931171e-01
9.999998026231671222e-01
9.999998067284063819e-01
9.999998104930925003e-01
9.999998136957863881e-01
9.999998161030351218e-01
9.999968539574890514e-01
9.999967628670143327e-01
9.999966409406064738e-01
9.999964926274195198e-01
9.999963228987467367e-01
9.999961346576256016e-01
9.999959281535750755e-01
9.999957014189149174e-01
9.999954503580820164e-01
9.999951675894781511e-01
9.999948390958972588e-01
9.999944367294071323e-01
9.999939025020396777e-01
9.999931168866285081e-01
9.999918371396805394e-01
9.999895817748192250e-01
9.999854226407900448e-01
9.999776261013028078e-01
9.999630607473724009e-01
9.999362652362651094e-01
9.998880554789336683e-01
9.998035608924622508e-01
9.996596359951689381e-01
9.994217196478842880e-01
9.990404270593264968e-01
9.984484572709682038e-01
9.975587438375060900e-01
9.962650830899835164e-01
9.944466081983578398e-01
9.919772776862334496e-01
9.887408794064787010e-01
9.846508811112253401e-01
9.796729258551495345e-01
9.738462181018907593e-01
9.672989722957501257e-01
9.602530084208318328e-01
9.530137986626524560e-01
9.459447542573290457e-01
9.394278341791821862e-01
9.338158898233053229e-01
9.293846832473593444e-01
9.262935474626652343e-01
9.245628424605716322e-01
9.240737255632083258e-01
9.245916789743160447e-01
9.258104181625836926e-01
9.274082114833336332e-01
9.291053958318247208e-01
9.307109851368902120e-01
9.321482637467869425e-01
9.334538630686503025e-01
9.347509253378376570e-01
9.362029353881378135e-01
9.379590743997904267e-01
9.401035303192925019e-01
9.426199332078561977e-01
9.453785401564636093e-01
9.481489399703542098e-01
9.506359147292450240e-01
9.525315901528611517e-01
9.535738549020036370e-01
9.535997569009405650e-01
9.525834546816465132e-01
9.506512035915440917e-01
9.480702426025580110e-01
9.452134013312394334e-01
9.425057097086818603e-01
9.403623642770515545e-01
9.391285867266983001e-01
9.390311813040491673e-01
9.401493113115515499e-01
9.424086995280982482e-01
9.455996486037080428e-01
9.494154622167156887e-01
9.535045071572709752e-01
9.575268145846407286e-01
9.612052964838120328e-01
9.643627006535668844e-01
9.669383102424067289e-01
9.689825744178969247e-01
9.706323750821108653e-01
9.720733862098521749e-01
9.734980773148332878e-01
9.750679519674815277e-01
9.768867724710513789e-01
9.789884375276530770e-01
9.813397078943673080e-01
9.838549439892034787e-01
9.864180382478735520e-01
9.889060795930757486e-01
9.912099201715449670e-01
9.932483787348952431e-01
9.949747903936605464e-01
9.963764582073726395e-01
9.974688649219067837e-01
9.982870725368395703e-01
9.988766182543823424e-01
9.992856239119241035e-01
9.995590540934657930e-01
9.997353331281781941e-01
9.998450152579959616e-01
9.999109405819027740e-01
9.999492656209777453e-01
9.999708545555963113e-01
9.999826749894754618e-01
9.999889996524342628e-01
9.999923389673279761e-01
9.999941086349106723e-01
9.999950762150394690e-01
9.999956425618810041e-01
9.999960098284941257e-01
9.999962768446924999e-01
9.999964907674698811e-01
9.999966738246890419e-01
9.999968365638949308e-01
9.999969840713026636e-01
9.999971185662073214e-01
9.999972401104316733e-01
9.999973466160280156e-01
9.999974344003290661e-01
9.999975001226162341e-01
9.999965766821611313e-01
9.999964852672926785e-01
9.999963634997013351e-01
9.999962160127628952e-01
9.999960480666837404e-01
9.999958630219016875e-01
9.999956618126830676e-01
9.999954435911662110e-01
9.999952063798162039e-01
9.999949472004454609e-01
9.999946615285200124e-01
9.999943417361885079e-01
9.999939735466835122e-01
9.999935283238714501e-01
9.999929468111814490e-01
9.999921059287697478e-01
9.999907532869591886e-01
9.999883826601749792e-01
9.999840060843402378e-01
9.999757531468184135e-01
9.999601955501762340e-01
9.999312585222653871e-01
9.998785491170996131e-01
9.997849219310708246e-01
9.996231414804761517e-01
9.993516208785332422e-01
9.989094515672025665e-01
9.982113064413904446e-01
9.971432793286505447e-01
9.955612369708857212e-01
9.932936487319778962e-01
9.901509010734798055e-01
9.859425590389210292e-01
9.805027455469137454e-01
9.737218116767069054e-01
9.655801043908334158e-01
9.561775375271526212e-01
9.457516258981880641e-01
9.346773138178188223e-01
9.234445446045616013e-01
9.126136816143385344e-01
9.027536543540627401e-01
8.943718745409360293e-01
8.878475229666497048e-01
8.833801802419789517e-01
8.809638923569383939e-01
8.803929057519657153e-01
8.812999586206440306e-01
8.832218637925413063e-01
8.856811828217596716e-01
8.882684494453767510e-01
8.907081037019103364e-01
8.928939683541805561e-01
8.948865281243360004e-01
8.968729385395683984e-01
8.990992223417196838e-01
9.017901919023372237e-01
9.050748640216629282e-01
9.089333720612184919e-01
9.131765073753337347e-01
9.174623614696814089e-01
9.213473841367584294e-01
9.243626179616510896e-01
9.261008925508361633e-01
9.262982743005412356e-01
9.248937595863032657e-01
9.220552035249480749e-01
9.181660898747757704e-01
9.137754698883185922e-01
9.095203644967804202e-01
9.060345541498679989e-01
9.038592062103645297e-01
9.033693956570001404e-01
9.047271084449988177e-01
9.078667812291345562e-01
9.125145755053943875e-01
9.182378104054162993e-01
9.245165542426672101e-01
9.308257390061076553e-01
9.367140451699143000e-01
9.418660211865879095e-01
9.461369010858542428e-01
9.495550323852287589e-01
9.522935254166555730e-01
9.546189638011953749e-01
9.568291558122874463e-01
9.591930215838970764e-01
9.619038093713859761e-01
9.650527372061573628e-01
9.686251139389780995e-01
9.725162603619348367e-01
9.765610861242042251e-01
9.805695073850154708e-01
9.843600874124871503e-01
9.877860215150914280e-01
9.907502495995545999e-01
9.932093143680201797e-01
9.951679068656851257e-01
9.966674115657938593e-01
9.977720697394918403e-01
9.985558159534276834e-01
9.990917834146104681e-01
9.994453208452023230e-01
9.996704195790917513e-01
9.998088627641144033e-01
9.998911829559993247e-01
9.999385614706912673e-01
9.999650016854449985e-01
9.999793514521586602e-01
9.999869653618798093e-01
9.999909528226602617e-01
9.999930490658309745e-01
9.999941858461609545e-01
9.999948446076514230e-01
9.999952636076284707e-01
9.999955537470447409e-01
9.999957618947332705e-01
9.999959065323980045e-01
