9.999999994265194037e-01
9.999999994193642383e-01
9.999999994098752731e-01
9.999999993987271907e-01
9.999999993865722470e-01
9.999999993737970216e-01
9.999999993605516169e-01
9.999999993468678960e-01
9.999999993327379766e-01
9.999999993181442060e-01
9.999999993030661560e-01
9.999999992874821775e-01
9.999999992713693997e-01
9.999999992547035088e-01
9.999999992374590807e-01
9.999999992196089149e-01
9.999999992011240346e-01
9.999999991819743528e-01
9.999999991621273399e-01
9.999999991415489120e-01
9.999999991202025429e-01
9.999999990980492637e-01
9.999999990750482182e-01
9.999999990511555525e-01
9.999999990263244154e-01
9.999999990005048467e-01
9.999999989736438888e-01
9.999999989456844762e-01
9.999999989165662129e-01
9.999999988862235956e-01
9.999999988545873464e-01
9.999999988215827473e-01
9.999999987871294183e-01
9.999999987511417610e-01
9.999999987135264057e-01
9.999999986741842095e-01
9.999999986330074808e-01
9.999999985898802013e-01
9.999999985446772488e-01
9.999999984972630651e-01
9.999999984474905457e-01
9.999999983952008176e-01
9.999999983402207970e-01
9.999999982823626343e-01
9.999999982214213823e-01
9.999999981571737750e-01
9.999999980893756746e-01
9.999999980177607384e-01
9.999999979420359786e-01
9.999999978618803187e-01
9.999999977769404857e-01
9.999999976868279017e-01
9.999999975911120220e-01
9.999999974893183374e-01
9.999999973809199361e-01
9.999999972653308422e-01
9.999999971419000211e-01
9.999999970098993884e-01
9.999999968685151508e-01
9.999999967168335946e-01
9.999999965538273194e-01
9.999999963783363643e-01
9.999999961890486677e-01
9.999999959844738662e-01
9.999999957629145397e-01
9.999999955224296855e-01
9.999999952607921960e-01
9.999999949754354578e-01
9.999999946633900683e-01
9.999999943212041220e-01
9.999999939448462882e-01
9.999999935295840192e-01
9.999999930698308948e-01
9.999999925589537764e-01
9.999999919890266709e-01
9.999999913505125404e-01
9.999999906318517429e-01
9.999999898189185776e-01
9.999999888942983084e-01
9.999999878363122763e-01
9.999999866176838559e-01
9.999999852036812742e-01
9.999999835494872702e-01
9.999999815963961369e-01
9.999999792661790066e-01
9.999999764525073775e-01
9.999999730074333737e-01
9.999999687186218456e-01
9.999999632587643905e-01
9.999999559316758990e-01
9.999999434046674684e-01
9.999999001247541486e-01
9.999996421831380822e-01
9.999980993604129509e-01
9.999904146009852557e-01
9.999597784090142882e-01
9.998632743105841936e-01
9.996256473249913732e-01
9.991756397964012271e-01
9.985406165100918496e-01
9.979232966062727694e-01
9.976247491094687447e-01
9.978164244088659762e-01
9.983865531270526006e-01
9.990417328723396606e-01
9.995424755108268666e-01
9.998243354550329087e-01
9.999457036762859907e-01
9.999864333733781141e-01
9.999972084616362000e-01
9.999994812734915861e-01
9.999998746291619556e-01
9.999999383332454084e-01
9.999999537788756276e-01
9.999999617783141836e-01
9.999999675786299669e-01
9.999999721017307497e-01
9.999999757191487815e-01
9.999999786631649235e-01
9.999999810940207734e-01
9.999999831261765504e-01
9.999999848434232286e-01
9.999999863083717244e-01
9.999999875686426121e-01
9.999999886610190236e-01
9.999999896143046962e-01
9.999999904513319215e-01
9.999999911903986183e-01
9.999999918463156057e-01
9.999999924311793187e-01
9.999999929549514555e-01
9.999999934258976264e-01
9.999999938509245290e-01
9.999999942358409610e-01
9.999999945855612138e-01
9.999999949042662761e-01
9.999999951955318434e-01
9.999999954624312348e-01
9.999999957076174395e-01
9.999999959333910615e-01
9.999999961417546102e-01
9.999999963344584630e-01
9.999999965130377255e-01
9.999999966788433170e-01
9.999999968330681721e-01
9.999999969767686681e-01
9.999999971108833874e-01
9.999999972362478839e-01
9.999999973536091158e-01
9.999999974636352151e-01
9.999999975669260355e-01
9.999999976640214783e-01
9.999999977554081543e-01
9.999999978415254898e-01
9.999999979227720548e-01
9.999999979995084498e-01
9.999999980720633008e-01
9.999999981407354799e-01
9.999999982057971026e-01
9.999999982674976362e-01
9.999999983260648984e-01
9.999999983817076110e-01
9.999999984346179538e-01
9.999999984849716750e-01
9.999999985329314223e-01
9.999999985786465206e-01
9.999999986222551929e-01
9.999999986638848926e-01
9.999999987036538585e-01
9.999999987416713365e-01
9.999999987780389121e-01
9.999999988128506212e-01
9.999999988461941713e-01
9.999999988781509419e-01
9.999999989087969832e-01
9.999999989382030163e-01
9.999999989664349886e-01
9.999999989935548506e-01
9.999999990196197786e-01
9.999999990446808429e-01
9.999999990687703511e-01
9.999999990918494452e-01
9.999999991136718780e-01
9.999999991335788430e-01
9.999999991504492369e-01
9.999999991631289831e-01
9.999996947164790928e-01
9.999996899229059988e-01
9.999996834897004749e-01
9.999996759231463139e-01
9.999996676756413017e-01
9.999996589820887571e-01
9.999996499141734496e-01
9.999996404748419110e-01
9.999996306476910402e-01
9.999996204116614607e-01
9.999996097437720000e-01
9.999995986193614961e-01
9.999995870119788854e-01
9.999995748932262174e-01
9.999995622325857925e-01
9.999995489972257623e-01
9.999995351517871889e-01
9.999995206581454577e-01
9.999995054751474877e-01
9.999994895583173005e-01
9.999994728595283933e-01
9.999994553266378094e-01
9.999994369030765773e-01
9.999994175273904107e-01
9.999993971327232334e-01
9.999993756462374206e-01
9.999993529884578791e-01
9.999993290725315287e-01
9.999993038033888615e-01
9.999992770767915928e-01
9.999992487782478623e-01
9.999992187817757783e-01
9.999991869484885498e-01
9.999991531249708965e-01
9.999991171414129854e-01
9.999990788094561545e-01
9.999990379197023493e-01
9.999989942388214370e-01
9.999989475061827893e-01
9.999988974299200972e-01
9.999988436823146198e-01
9.999987858943603092e-01
9.999987236493397269e-01
9.999986564751979223e-01
9.999985838354503720e-01
9.999985051182915807e-01
9.999984196234847911e-01
9.999983265464966742e-01
9.999982249591932160e-01
9.999981137862127278e-01
9.999979917758652359e-01
9.999978574640537854e-01
9.999977091292211462e-01
9.999975447356599378e-01
9.999973618615944915e-01
9.999971576071278179e-01
9.999969284752863175e-01
9.999966702166913635e-01
9.999963776244169544e-01
9.999960442596659282e-01
9.999956620798627904e-01
9.999952209267060077e-01
9.999947078093464059e-01
9.999941058812173988e-01
9.999933929472167859e-01
9.999925392296216131e-01
9.999915039213804757e-01
9.999902296358187392e-01
9.999886324368074675e-01
9.999865747557328266e-01
9.999837120314294392e-01
9.999783233350163503e-01
9.999592976049012094e-01
9.998622404358373794e-01
9.993854331118698919e-01
9.974245670715471412e-01
9.909091748279801326e-01
9.736437909713653305e-01
9.375395005218543076e-01
8.789258379493525286e-01
8.075878059649632679e-01
7.486601684329799999e-01
7.296355839767864060e-01
7.603690686472418525e-01
8.251599999709904321e-01
8.952081626942293147e-01
9.485395253750779077e-01
9.793379177437346872e-01
9.932157834583890121e-01
9.981645798051532736e-01
9.995756362934185013e-01
9.999023968992144518e-01
9.999669481798110215e-01
9.999801497216882495e-01
9.999845327055336686e-01
9.999871343154161929e-01
9.999890603713628145e-01
9.999905682875822599e-01
9.999917772894768575e-01
9.999927633955246753e-01
9.999935792258031197e-01
9.999942624608517683e-01
9.999948407502425862e-01
9.999953348004158027e-01
9.999957603924939376e-01
9.999961297395654203e-01
9.999964524222635376e-01
9.999967360474860678e-01
9.999969867209104191e-01
9.999972093915988625e-01
9.999974081070552856e-01
9.999975862042020935e-01
9.999977464504538061e-01
9.999978911227851430e-01
9.999980219261515035e-01
9.999981395025123732e-01
9.999982424318580865e-01
9.999983267259116015e-01
9.999983878297843409e-01
