9.999792662905414575e-01
9.999783062858382809e-01
9.999767064810888284e-01
9.999740017559862748e-01
9.999692810949614152e-01
9.999608175657981324e-01
9.999454839122510208e-01
9.999178643604225147e-01
9.998689720322271324e-01
9.997845169898069706e-01
9.996427578732964836e-01
9.994121237785291711e-01
9.990490141925425505e-01
9.984964485589364891e-01
9.976844796815440564e-01
9.965334030619990013e-01
9.949606615443975510e-01
9.928918539777031871e-01
9.902753774213913784e-01
9.870990667996077939e-01
9.834060010500330629e-01
9.793057909332155697e-01
9.749775095614711118e-01
9.706611006246859130e-01
9.666351306709137781e-01
9.631784832879342062e-01
9.605089174777843297e-01
9.586807647708126545e-01
9.574188143062536405e-01
9.559045703546509287e-01
9.526585856531568641e-01
9.458190417953324935e-01
9.340380526253897475e-01
9.176484976323950882e-01
8.990269272609041629e-01
8.812110840634184150e-01
8.653200227976978187e-01
8.488685062844948392e-01
8.266724950181256748e-01
7.937790834744631319e-01
7.481545621999949880e-01
6.914440941325437073e-01
6.279488865630471484e-01
5.630248475414809661e-01
5.018398324876928163e-01
4.487136254181867678e-01
4.068824886534387897e-01
3.785076967850264373e-01
3.648103233987164407e-01
3.662329030750949288e-01
3.825343249447759053e-01
4.127661507278572728e-01
4.551555093332940727e-01
5.069949239169977417e-01
5.646709480582814411e-01
6.239275815794689262e-01
6.803660952157413178e-01
7.300726224302773737e-01
7.701951208567852092e-01
7.992996004934463938e-01
8.174164968819288557e-01
8.257974712143152374e-01
8.264869561274083010e-01
8.218401666741776967e-01
8.140938033378077865e-01
8.050450458569917700e-01
7.958492146003222079e-01
7.869242247869832063e-01
7.779513012316210396e-01
7.679746571869427996e-01
7.556114449331201577e-01
7.393734401462526140e-01
7.180696378008171177e-01
6.912150291181149431e-01
6.593392274049234558e-01
6.240946002290406192e-01
5.881160036898424037e-01
5.546642672884127823e-01
5.271539301266611188e-01
5.086869637304856084e-01
5.016813071850532157e-01
5.076224595782810045e-01
5.269191911781537785e-01
5.588376760434559110e-01
6.015173819247863207e-01
6.521053521938534603e-01
7.070475914277887242e-01
7.625334141373090180e-01
8.150203689463112466e-01
8.617149910092483100e-01
9.008835023776169404e-01
9.319216877917371189e-01
9.551962193911421872e-01
9.717389433173699853e-01
9.829023621033035063e-01
9.900668245263587464e-01
9.944471295070578254e-01
9.970028264119066286e-01
9.984284094423734324e-01
9.991902751154880802e-01
9.995814907615216960e-01
9.997753954470109949e-01
9.998689228770822890e-01
9.999135028073469211e-01
9.999351004675258725e-01
9.999462255183922954e-01
9.999526490483031660e-01
9.999569336032494427e-01
9.999601845498931052e-01
9.999628734209465852e-01
9.999652059159847006e-01
9.999672788391475997e-01
9.999691441711788809e-01
9.999708339218892350e-01
9.999723684453405426e-01
9.999737572117011197e-01
9.999749964516637668e-01
9.999760683369927072e-01
9.999769469980793746e-01
9.999776128414348264e-01
9.999923711802589654e-01
9.999921939802026705e-01
9.999919620009063426e-01
9.999916803778712282e-01
9.999913544283642874e-01
9.999909837713776284e-01
9.999905561524293773e-01
9.999900382882778160e-01
9.999893580992258446e-01
9.999883697995404219e-01
9.999867891124196717e-01
9.999840795260377391e-01
9.999792623760908050e-01
9.999706152958192096e-01
9.999552185071215460e-01
9.999283118972166484e-01
9.998824451948558067e-01
9.998064469170440116e-01
9.996843109670709993e-01
9.994942018323595967e-01
9.992078969777122843e-01
9.987910886075120898e-01
9.982050108742981376e-01
9.974097893816045168e-01
9.963696832991002506e-01
9.950599952808798498e-01
9.934749044667705586e-01
9.916349412344149794e-01
9.895924256538917163e-01
9.874330910906014003e-01
9.852723753657137706e-01
9.832452967671220234e-01
9.814887317861279437e-01
9.801128878932554578e-01
9.791539288611375014e-01
9.784964886616390745e-01
9.777698580314133636e-01
9.762767210302523146e-01
9.730906601002036194e-01
9.674480152210684913e-01
9.593268406083432787e-01
9.497429804345199900e-01
9.402412886390210112e-01
9.316594512432740949e-01
9.230636532870799549e-01
9.118337791752304522e-01
8.949389496794118992e-01
8.704479480008939785e-01
8.382932859583642760e-01
8.000989986747024663e-01
7.585412062493337437e-01
7.167350647122198160e-01
6.778188368220861015e-01
6.446782250153084703e-01
6.197325748745818874e-01
6.047620233096397957e-01
6.007849118631468643e-01
6.079900370167589108e-01
6.257202258918999060e-01
6.525090150751267082e-01
6.861842675130420677e-01
7.240558647239266898e-01
7.631895674161450760e-01
8.007393259210257019e-01
8.342806305684866697e-01
8.620750922976816444e-01
8.832101277898793956e-01
8.975923413616250235e-01
9.058133033183239924e-01
9.089350793862341904e-01
9.082509971900916135e-01
9.050665570511251534e-01
9.005254445012822462e-01
8.954868716303621135e-01
8.904498410431362920e-01
8.855188642573901259e-01
8.804112169469353599e-01
8.745125887171105727e-01
8.669901757756179883e-01
8.569655980799975037e-01
8.437338285119915238e-01
8.269930907674090115e-01
8.070336083895414125e-01
7.848304353537601807e-01
7.620028554799409548e-01
7.406361461679826785e-01
7.229982843524713765e-01
7.112096984057245663e-01
7.069300564902781803e-01
7.111145775034516392e-01
7.238731754647373950e-01
7.444481632957358208e-01
7.713127952306255697e-01
8.023797186657525282e-01
8.352911576163699614e-01
8.677430396563222681e-01
8.977818533989074812e-01
9.240155708662638467e-01
9.457017484414069752e-01
9.627100303745094179e-01
9.753890898952395361e-01
9.843870388650570735e-01
9.904746477544302818e-01
9.944062990394071377e-01
9.968333786920183792e-01
9.982673031391525731e-01
9.990791742608794435e-01
9.995203987864016426e-01
9.997510725393439213e-01
9.998674933509789087e-01
9.999245738928412841e-01
9.999520855716181877e-01
9.999654120466335838e-01
9.999721474332159410e-01
9.999758829800499127e-01
9.999782521007927194e-01
9.999799742821997572e-01
9.999813604876575113e-01
9.999825459351916468e-01
9.999835924178295254e-01
9.999845314111228678e-01
9.999853816030949138e-01
9.999861558672668016e-01
9.999868640469313785e-01
9.999875141240666121e-01
9.999881127696670369e-01
9.999886656491898673e-01
9.999891776212775918e-01
9.999896528820061414e-01
9.999900950761131391e-01
9.999905073854575832e-01
9.999908926005673937e-01
9.999912531791326220e-01
9.999915912942192175e-01
9.999919088742791340e-01
9.999922076365288515e-01
9.999924891147231598e-01
9.999927546810696288e-01
9.999930055573802434e-01
9.999932427959093983e-01
9.999934671768718752e-01
9.999936789271210991e-01
9.999938771839484986e-01
9.999940593376606124e-01
9.999942207897565272e-01
9.999943558716678504e-01
9.999944600942776152e-01
