3.065537831959486539e+03 1.094925097054039620e+00 2.757669962595357682e-02 8.676466530505991841e+02
3.065546190570198178e+03 1.039990196045253779e+00 2.643771891482007280e-02 8.238755123511684815e+02
3.065554549180909817e+03 9.850193833684934841e-01 2.530361217465158102e-02 7.801043716517380062e+02
3.065562907791621456e+03 9.865966161666340772e-01 2.524364330833711936e-02 7.811327829787453538e+02
3.065571266402333094e+03 9.894626336165529557e-01 2.521300052028675742e-02 7.831837609963861269e+02
3.065579625013044733e+03 9.927248172984707297e-01 2.520697681881415436e-02 7.855501454901605030e+02
3.065587983623756372e+03 9.960749431123374631e-01 2.520425060825548166e-02 7.879878756646555757e+02
3.065596342234468011e+03 9.985319718227466668e-01 2.528822269765102632e-02 7.897210409085593028e+02
3.065604700845179195e+03 1.001091160009170977e+00 2.538496592493676846e-02 7.915371537683097358e+02
3.065613059455890834e+03 1.006544028095314625e+00 2.539669737890440024e-02 7.956427881645701063e+02
3.065621418066602473e+03 1.012083659384545919e+00 2.539362351048999808e-02 7.998180032089492215e+02
3.065629776677314112e+03 1.011430716895604043e+00 2.539831563843824441e-02 7.991016802130283168e+02
3.065638135288025751e+03 1.010242442555064013e+00 2.541406268818372990e-02 7.979660106128704911e+02
3.065646493898737390e+03 1.002135847759803466e+00 2.534802554851271761e-02 7.913707512633939132e+02
3.065654852509449029e+03 9.922617254791553654e-01 2.526336188254760598e-02 7.833863305515253614e+02
3.065663211120160668e+03 9.934006190471676989e-01 2.524007310864237463e-02 7.841014688819818730e+02
3.065671569730872307e+03 9.975236655840691302e-01 2.523401744387094095e-02 7.871742534863478795e+02
3.065679928341583945e+03 9.962665734657204508e-01 2.517354088272837770e-02 7.860040900789642819e+02
3.065688286952295584e+03 9.935102065076478750e-01 2.509979565468264950e-02 7.836549771718798638e+02
3.065696645563007223e+03 9.983530472127892796e-01 2.521092974851099969e-02 7.873027555141595712e+02
3.065705004173718862e+03 1.005526210825488320e+00 2.537724740353967945e-02 7.927893819629218797e+02
3.065713362784430501e+03 9.977639328993777035e-01 2.530213865607490106e-02 7.865037216752386939e+02
3.065721721395142140e+03 9.848691556873461206e-01 2.514641848066586152e-02 7.761788713963439932e+02
3.065730080005853324e+03 9.873531533609770650e-01 2.520312093326632780e-02 7.779789482250780566e+02
3.065738438616564963e+03 9.963722773635693697e-01 2.534867959361030224e-02 7.849296967885703680e+02
3.065746797227276602e+03 9.993098896110038654e-01 2.540142183069192885e-02 7.870908397835382857e+02
3.065755155837988241e+03 9.995271905019147418e-01 2.541204740666052481e-02 7.871120930653388541e+02
3.065763514448699880e+03 1.002391421013979267e+00 2.543738972843310672e-02 7.892205135695596709e+02
3.065771873059411519e+03 1.006431090003834461e+00 2.546944172940318954e-02 7.922566142662299171e+02
3.065780231670123158e+03 1.000422985358303096e+00 2.528610057651566045e-02 7.873866566523759047e+02
3.065788590280834796e+03 9.895528477625774588e-01 2.500055144134579604e-02 7.786955590828588356e+02
3.065796948891546435e+03 9.868492950593652502e-01 2.496074910039824610e-02 7.764359079973060034e+02
3.065805307502258074e+03 9.887910900855004792e-01 2.506769323862460472e-02 7.778344078779593929e+02
3.065813666112969713e+03 9.921072804131308986e-01 2.514105819861262373e-02 7.803165715985319366e+02
3.065822024723681352e+03 9.966659729471645246e-01 2.519679334961794775e-02 7.837781844830650471e+02
3.065830383334392991e+03 9.946254890482539857e-01 2.513965426069856429e-02 7.820530801475654243e+02
3.065838741945104630e+03 9.878718483016735163e-01 2.500091718336265589e-02 7.766263519208862363e+02
3.065847100555816269e+03 9.901744968885095588e-01 2.495254769528272923e-02 7.783230246451678340e+02
3.065855459166527453e+03 9.992191963769092578e-01 2.497080810671140766e-02 7.853211634340525507e+02
3.065863817777239092e+03 1.005454219870099752e+00 2.505168133434970343e-02 7.901125996447743773e+02
3.065872176387950731e+03 1.009374241928714389e+00 2.518322591323167783e-02 7.930869824743406298e+02
3.065880534998662370e+03 1.012013435049587740e+00 2.519747143685000315e-02 7.950575456077572198e+02
3.065888893609374009e+03 1.013394273081064556e+00 2.509936780094127254e-02 7.960423595907577692e+02
3.065897252220085647e+03 1.014155814124788613e+00 2.508289204549444748e-02 7.965437426875823803e+02
3.065905610830797286e+03 1.014328125139132508e+00 2.514882411944808008e-02 7.965854921774575814e+02
3.065913969441508925e+03 1.006998132096913023e+00 2.504936716895913434e-02 7.907393223569479233e+02
3.065922328052220564e+03 9.919413092088699146e-01 2.477496946705787240e-02 7.788308789270557781e+02
3.065930686662932203e+03 9.879601074392045934e-01 2.471944947534579148e-02 7.756233522781427610e+02
3.065939045273643842e+03 9.962864591981223095e-01 2.491195258842535121e-02 7.820810201544679785e+02
3.065947403884355481e+03 1.003649213071428736e+00 2.504083298410203842e-02 7.877842385819419633e+02
3.065955762495067120e+03 1.009860948006213066e+00 2.509114464099665431e-02 7.925862019304940986e+02
3.065964121105778759e+03 1.016295905495800955e+00 2.515983417041236722e-02 7.975656952966903646e+02
3.065972479716489943e+03 1.023017651146560514e+00 2.525325971886725751e-02 8.027726144034379558e+02
3.065980838327201582e+03 1.022017716162116674e+00 2.525895542511989722e-02 8.019231454823961940e+02
3.065989196937913221e+03 1.010502782508029274e+00 2.514500574706556371e-02 7.928271474223380437e+02
3.065997555548624860e+03 1.000893488150968347e+00 2.502827243900661650e-02 7.852307693572070093e+02
3.066005914159336498e+03 9.939907081058578786e-01 2.490624540030988293e-02 7.797618602282836946e+02
3.066014272770048137e+03 9.959238312030702645e-01 2.481627390625877269e-02 7.812279652316902911e+02
3.066022631380759776e+03 1.011657348092660280e+00 2.477454430809758121e-02 7.935217993410434474e+02
3.066030989991471415e+03 1.017315652471334486e+00 2.476886468477014838e-02 7.979151058248171466e+02
3.066039348602183054e+03 1.006471631732162031e+00 2.483230282936554553e-02 7.893685357527322140e+02
3.066047707212894693e+03 9.942670331283907093e-01 2.477182751434181193e-02 7.797590059753650849e+02
3.066056065823606332e+03 9.794808492178479487e-01 2.447915173175801984e-02 7.681290141344385347e+02
3.066064424434317971e+03 9.724078807651546086e-01 2.431167072518254993e-02 7.625517572536543867e+02
3.066072783045029610e+03 9.817938799919714299e-01 2.441820579511572512e-02 7.698845200166006180e+02
3.066081141655741249e+03 9.885274971940514188e-01 2.448149893979699107e-02 7.751401034274731501e+02
3.066089500266452887e+03 9.888326801931844878e-01 2.443899475904356272e-02 7.753579139486118947e+02
3.066097858877164072e+03 9.865366414723324429e-01 2.438650780727934925e-02 7.735392751052169160e+02
3.066106217487875711e+03 9.785909698726575900e-01 2.431624162111039808e-02 7.672941096425647629e+02
3.066114576098587349e+03 9.788450086143993811e-01 2.436158982671738152e-02 7.674814331803843288e+02
3.066122934709298988e+03 1.001334287062848327e+00 2.470803872536939116e-02 7.851056398763337256e+02
3.066131293320010627e+03 1.009823803375697437e+00 2.484373068249243546e-02 7.917561615648644420e+02
3.066139651930722266e+03 9.765691947170661580e-01 2.435415111798299587e-02 7.656803167265831007e+02
3.066148010541433905e+03 9.590995144011233986e-01 2.407865369713153153e-02 7.519838666409352754e+02
3.066156369152145544e+03 9.925813094579857276e-01 2.448900075757232120e-02 7.782392146884600379e+02
3.066164727762857183e+03 1.016590590921952142e+00 2.478256620865909934e-02 7.970710665338227727e+02
3.066173086373568822e+03 1.011970141246467225e+00 2.472729884853382132e-02 7.934587877333611914e+02
3.066181444984280461e+03 1.006298337504919482e+00 2.463345195612471131e-02 7.890252900740180166e+02
3.066189803594992100e+03 9.971264669746403575e-01 2.441359878667263839e-02 7.818504319305949366e+02
3.066198162205703738e+03 9.892947359416842668e-01 2.424202438677481447e-02 7.757292689747775967e+02
3.066206520816415377e+03 9.864401068085185686e-01 2.423878790607243358e-02 7.735137179781772829e+02
3.066214879427127016e+03 9.845337603052268793e-01 2.424955400257243834e-02 7.720448057188004896e+02
3.066223238037838200e+03 9.867956510194725306e-01 2.432520267440974396e-02 7.738476854880974543e+02
3.066231596648549839e+03 9.909174975267731611e-01 2.440317268498145425e-02 7.771125127844180724e+02
3.066239955259261478e+03 1.002692896508124765e+00 2.447825023987305199e-02 7.863832616606960073e+02
3.066248313869973117e+03 1.011203777971156903e+00 2.452800345534159390e-02 7.930977145658309837e+02
3.066256672480684756e+03 1.003428457327626866e+00 2.444491502964727184e-02 7.870419742317365035e+02
3.066265031091396395e+03 9.923709677153946807e-01 2.431099488181890506e-02 7.784142385630306080e+02
3.066273389702108034e+03 9.655151474123615518e-01 2.390910958165456610e-02 7.573956839478141774e+02
3.066281748312819673e+03 9.464184496149613546e-01 2.363410897207962255e-02 7.424645434825117718e+02
3.066290106923531312e+03 9.723337339972775162e-01 2.409671968777522474e-02 7.628487400123485713e+02
3.066298465534242951e+03 9.936472254083023037e-01 2.447502585544212433e-02 7.796283721376048561e+02
3.066306824144954589e+03 9.856287734844046966e-01 2.430511039566124118e-02 7.733977212106151455e+02
3.066315182755666228e+03 9.812719470919355480e-01 2.418140292909276567e-02 7.700426376142763729e+02
3.066323541366377867e+03 1.002353310365458938e+00 2.436077780046517344e-02 7.866541980593337939e+02
3.066331899977089506e+03 1.019623034179768961e+00 2.452169723266429957e-02 8.002802336745036200e+02
3.066340258587801145e+03 1.004199875238386275e+00 2.450416972920463343e-02 7.882496782067649974e+02
3.066348617198512329e+03 9.911446376670308700e-01 2.447545501147541103e-02 7.780788872385478498e+02
3.066356975809223968e+03 9.960648014891518853e-01 2.434045432096322917e-02 7.820218983261049743e+02
3.066365334419935607e+03 9.998058837646587316e-01 2.421770952538886829e-02 7.850431044605882107e+02
3.066373693030647246e+03 9.944701585661595011e-01 2.422812033185641964e-02 7.809402960816209998e+02
3.066382051641358885e+03 9.892200720134517455e-01 2.424454356923088499e-02 7.769069858133020716e+02
3.066390410252070524e+03 9.823247784822832784e-01 2.427020093501923437e-02 7.715836244127664258e+02
3.066398768862782163e+03 9.769508699511177952e-01 2.429739602429772938e-02 7.674572432730770970e+02
3.066407127473493802e+03 9.960265888508863519e-01 2.436485884311037284e-02 7.825421250375419504e+02
3.066415486084205440e+03 1.013916986568575762e+00 2.443223084112947779e-02 7.967026929752008755e+02
3.066423844694917079e+03 1.008662320085312869e+00 2.438718671859469583e-02 7.926811678244130235e+02
3.066432203305628718e+03 1.002213247895925141e+00 2.433144321201928181e-02 7.877229572034196963e+02
3.066440561916340357e+03 9.765223165264635963e-01 2.407339678708476233e-02 7.676405697858832582e+02
3.066448920527051996e+03 9.532784351607334061e-01 2.384205651401542086e-02 7.494793302086272888e+02
3.066457279137763635e+03 9.777316851043489354e-01 2.408866174099508900e-02 7.688214417903180902e+02
3.066465637748475274e+03 1.000991323847576275e+00 2.432582655729253335e-02 7.872338811602159012e+02
3.066473996359186458e+03 9.947873488988897561e-01 2.430112924955369832e-02 7.824798152163346003e+02
3.066482354969898097e+03 9.891012165465425943e-01 2.428093534328525788e-02 7.781347498379695935e+02
3.066490713580609736e+03 1.010737869775568676e+00 2.457079294789689394e-02 7.952900604954661503e+02
3.066499072191321375e+03 1.031758407880850825e+00 2.485430332286063526e-02 8.119695310133751036e+02
3.066507430802033014e+03 1.026799869753401540e+00 2.474990786445861388e-02 8.082095470529766317e+02
3.066515789412744653e+03 1.022069766647466738e+00 2.465358659938916841e-02 8.046313019080602089e+02
3.066524148023456291e+03 1.041544233785878459e+00 2.494339807015086286e-02 8.201136967891382028e+02
3.066532506634167930e+03 1.060822282090399860e+00 2.523024313834159454e-02 8.354504498224829376e+02
3.066540865244879569e+03 1.042122591199240667e+00 2.494660018908636395e-02 8.208812658952056154e+02
3.066549223855591208e+03 1.023355102023610685e+00 2.466240002194409336e-02 8.062562861646731562e+02
3.066557582466302847e+03 1.019141634856864709e+00 2.460662137411338823e-02 8.030974922795946895e+02
3.066565941077014486e+03 1.014736195793105811e+00 2.455261204475292156e-02 7.997893150366876398e+02
3.066574299687726125e+03 1.002970334663222163e+00 2.445079442457189292e-02 7.906804517866858077e+02
3.066582658298437764e+03 9.912760953954701248e-01 2.435320048700274562e-02 7.816273765161714664e+02
3.066591016909149403e+03 1.000550294429953802e+00 2.447624264769246091e-02 7.891108479541528595e+02
3.066599375519860587e+03 1.010012231813744776e+00 2.460207571472197707e-02 7.967488188738784629e+02
3.066607734130572226e+03 9.999459122717447856e-01 2.453776353236082272e-02 7.889850119914581228e+02
3.066616092741283865e+03 9.891661269661700118e-01 2.446749156547068163e-02 7.806577416930865638e+02
3.066624451351995504e+03 1.001898652024779457e+00 2.447177935182624428e-02 7.908901368368785825e+02
3.066632809962707142e+03 1.015137803569104991e+00 2.448149725522425629e-02 8.015304771033263478e+02
3.066641168573418781e+03 1.015652531008902848e+00 2.457110227755142026e-02 8.021297151260665714e+02
3.066649527184130420e+03 1.015663178274875511e+00 2.466199546250779154e-02 8.023342026408458878e+02
3.066657885794842059e+03 1.016753699636985697e+00 2.461176560739754618e-02 8.033952206199313650e+02
3.066666244405553698e+03 1.017908664337288105e+00 2.455857662811937805e-02 8.045108629286535233e+02
3.066674603016265337e+03 1.027779723716260030e+00 2.460917672435850717e-02 8.125208226970448777e+02
3.066682961626976976e+03 1.037879636457623933e+00 2.466358352298115772e-02 8.207190794717259905e+02
3.066691320237688615e+03 1.027161210029030824e+00 2.443924075698404585e-02 8.124580840741571137e+02
3.066699678848400254e+03 1.015388029944241044e+00 2.420090460724493367e-02 8.033613582243816609e+02
3.066708037459111893e+03 1.004057283750126928e+00 2.421627527615332481e-02 7.946129942487317521e+02
3.066716396069823531e+03 9.929704566364343510e-01 2.424675658309711698e-02 7.860560207574139895e+02
3.066724754680534716e+03 9.931381847330528201e-01 2.434034610003099966e-02 7.864091825670076332e+02
3.066733113291246354e+03 9.936113437544772387e-01 2.443522819169539548e-02 7.870075252004787671e+02
3.066741471901957993e+03 1.012430567207848187e+00 2.458036851133948986e-02 8.021447829227024613e+02
3.066749830512669632e+03 1.031959740729524455e+00 2.472912686946176358e-02 8.178565952933860217e+02
3.066758189123381271e+03 1.017355725973245306e+00 2.442077688688519543e-02 8.065213150485348024e+02
3.066766547734092910e+03 1.000990545068235482e+00 2.408848464968680811e-02 7.937857881914972040e+02
3.066774906344804549e+03 9.957828103480008686e-01 2.400637371609623885e-02 7.898961786892296004e+02
3.066783264955516188e+03 9.913354520113133450e-01 2.394121507521194264e-02 7.866105810554900017e+02
3.066791623566227827e+03 9.923211079519177469e-01 2.402650869132036751e-02 7.876383383474014863e+02
3.066799982176939466e+03 9.934948096509688131e-01 2.412050078891214006e-02 7.888190733802308614e+02
3.066808340787651105e+03 9.977932765252459646e-01 2.417404615106251778e-02 7.924853932287645648e+02
3.066816699398362744e+03 1.002485424476283082e+00 2.422642280258833353e-02 7.964698867000515747e+02
3.066825058009074382e+03 1.002801089159802927e+00 2.427337286844280864e-02 7.969817877956584198e+02
3.066833416619786021e+03 1.002839784279120572e+00 2.432206310601574273e-02 7.972768729997778792e+02
3.066841775230497205e+03 1.011749999918153398e+00 2.445716796342052926e-02 8.046305895668938319e+02
3.066850133841208844e+03 1.021359743979140422e+00 2.459767169759079219e-02 8.125488465359371730e+02
3.066858492451920483e+03 1.019455168740037498e+00 2.452691667558298816e-02 8.113121665727037453e+02
3.066866851062632122e+03 1.016737166133650616e+00 2.444391400289299549e-02 8.094301339931079156e+02
3.066875209673343761e+03 1.031104267396135254e+00 2.471595152814668600e-02 8.211561734411526459e+02
3.066883568284055400e+03 1.046657673860230675e+00 2.501544494878855246e-02 8.338386903739408353e+02
3.066891926894767039e+03 1.021192244568935648e+00 2.462480292781996441e-02 8.138432833744860773e+02
3.066900285505478678e+03 9.935212613697819162e-01 2.419656585880414212e-02 7.920781380476857976e+02
3.066908644116190317e+03 9.975372895692824482e-01 2.423602894619887940e-02 7.955716054928534504e+02
3.066917002726901956e+03 1.003917304299877467e+00 2.431027270153992420e-02 8.009566951912622699e+02
3.066925361337613595e+03 1.017797141777342596e+00 2.451526475115731532e-02 8.123346311443112882e+02
3.066933719948325233e+03 1.032088342895500555e+00 2.472746202853615127e-02 8.240526164169862113e+02
3.066942078559036872e+03 1.020917786598371624e+00 2.465166905442062184e-02 8.154453289750696285e+02
3.066950437169748511e+03 1.008648041597999034e+00 2.456283825019718245e-02 8.059561564860933913e+02
3.066958795780460150e+03 1.006375962211545572e+00 2.438086652021016765e-02 8.044543190933380856e+02
3.066967154391171334e+03 1.004686635931902661e+00 2.419446574585544171e-02 8.034202960710472325e+02
3.066975513001882973e+03 1.004639385317755984e+00 2.425006902140708354e-02 8.037020697536677289e+02
3.066983871612594612e+03 1.004563220425140457e+00 2.431576837547772332e-02 8.039638935089737970e+02
3.066992230223306251e+03 1.008641011877677407e+00 2.430096096665309430e-02 8.075546971651068588e+02
3.067000588834017890e+03 1.013369176024978779e+00 2.428976831317222057e-02 8.116723190634656930e+02
3.067008947444729529e+03 1.016332566938144888e+00 2.438848071421480246e-02 8.143821997135023594e+02
3.067017306055441168e+03 1.018851798141131360e+00 2.448928120783807824e-02 8.167412579325059596e+02
3.067025664666152807e+03 1.011207208124429213e+00 2.429195976567296092e-02 8.109542305499242048e+02
3.067034023276864446e+03 1.003221069820672273e+00 2.408586320064028813e-02 8.048912365582049233e+02
3.067042381887576084e+03 1.009305456532167078e+00 2.414094817617571873e-02 8.101197106654599338e+02
3.067050740498287723e+03 1.016145493309558390e+00 2.420858393964782015e-02 8.159624079324239574e+02
3.067059099108999362e+03 1.017711592573746993e+00 2.426349099135285264e-02 8.175763249732043505e+02
3.067067457719711001e+03 1.019160021821748918e+00 2.432086854731080328e-02 8.191000348573406882e+02
3.067075816330422640e+03 1.018472918212308231e+00 2.436415160363485446e-02 8.189109487109815291e+02
3.067084174941134279e+03 1.017534822593293420e+00 2.440538845833228887e-02 8.185227331126052377e+02
3.067092533551845463e+03 1.008524043681311877e+00 2.418157557343069905e-02 8.116403644563522448e+02
3.067100892162557102e+03 9.992837701307535347e-01 2.394970226263339400e-02 8.045698820808599976e+02
3.067109250773268741e+03 9.994700167643776334e-01 2.392562057093239325e-02 8.050890187621048426e+02
3.067117609383980380e+03 9.999396361396619692e-01 2.390739332126025005e-02 8.058398646197431390e+02
3.067125967994692019e+03 9.941044618515841869e-01 2.385966301766009184e-02 8.015109375381455266e+02
3.067134326605403658e+03 9.879245174648114691e-01 2.380955334978033383e-02 7.969026866322593605e+02
3.067142685216115296e+03 9.819624082508945362e-01 2.370815173363422651e-02 7.924686972655772479e+02
3.067151043826826935e+03 9.760428056680119369e-01 2.360611684816196765e-02 7.880675996913500967e+02
3.072152781831981883e+03 9.936757490640681922e-01 2.051720482390524333e-02 9.934403740160900043e+02
3.072160576474687332e+03 1.004051227983672412e+00 2.063562322212322830e-02 1.003051741684980925e+03
3.072168371117393235e+03 1.014423155448562763e+00 2.075484238967236633e-02 1.012663109354432663e+03
3.072176165760098684e+03 1.011587963062459128e+00 2.083785016762726428e-02 1.009103783725839548e+03
3.072183960402804587e+03 1.008711209853921043e+00 2.092177029573167452e-02 1.005526001176825275e+03
3.072191755045510035e+03 1.001958363975171240e+00 2.084755028379587857e-02 9.981097387307710278e+02
3.072199549688215484e+03 9.948392220914773487e-01 2.076397964175454719e-02 9.903564042847053770e+02
3.072207344330921387e+03 9.873371170503461025e-01 2.057063488694653094e-02 9.822496104016838672e+02
3.072215138973626836e+03 9.798748168609112685e-01 2.036687614519552478e-02 9.742098702522991971e+02
3.072222933616332739e+03 9.882185173860463800e-01 2.052785543320072639e-02 9.819019824243362109e+02
3.072230728259038187e+03 9.987062454127203504e-01 2.074030768618998974e-02 9.917307490409456250e+02
3.072238522901744091e+03 1.002768864218688494e+00 2.079252827414144328e-02 9.951884146397432005e+02
3.072246317544449539e+03 1.005927295128750565e+00 2.082146164642765043e-02 9.977622412620753494e+02
3.072254112187154988e+03 1.006619682180206254e+00 2.074423481857140192e-02 9.979054260489717763e+02
3.072261906829860891e+03 1.006801412279758168e+00 2.064612615180363639e-02 9.975592915223625141e+02
3.072269701472566339e+03 1.011919020343668540e+00 2.074984361450084996e-02 1.002118285523977988e+03
3.072277496115272243e+03 1.018085734367908168e+00 2.090218942622212514e-02 1.007727807573056339e+03
3.072285290757977691e+03 1.022441044831835733e+00 2.090445702684469442e-02 1.011556427871129472e+03
3.072293085400683140e+03 1.026611572198189437e+00 2.087534788201723598e-02 1.015215345171791000e+03
3.072300880043389043e+03 1.011701819154907867e+00 2.065430434313689917e-02 1.000027415939274420e+03
3.072308674686094491e+03 9.905940589793461593e-01 2.036964922335216671e-02 9.787450431255621197e+02
3.072316469328800395e+03 9.964125904710874337e-01 2.048291222813385798e-02 9.840895345408908952e+02
3.072324263971505843e+03 1.012442099644059734e+00 2.074711685386690027e-02 9.995261634670480362e+02
3.072332058614211746e+03 1.007943255581095876e+00 2.066538700946216403e-02 9.947079218415190098e+02
3.072339853256917195e+03 9.955991881270602750e-01 2.045114018158064595e-02 9.821695200907291792e+02
3.072347647899622643e+03 1.000774633456022134e+00 2.057777451720556317e-02 9.869325641087530130e+02
3.072355442542328547e+03 1.013694582584755643e+00 2.085856905472106837e-02 9.993425437889549130e+02
3.072363237185033995e+03 1.021467478925884631e+00 2.103126241168332827e-02 1.006687297004592892e+03
3.072371031827739898e+03 1.026612535499518364e+00 2.114718270666259697e-02 1.011453857481409386e+03
3.072378826470445347e+03 1.021366801366020205e+00 2.106294196370511740e-02 1.005998502615175767e+03
3.072386621113150795e+03 1.010656721317243933e+00 2.087353631897832448e-02 9.951806171770740548e+02
3.072394415755856699e+03 1.020985783389900314e+00 2.094916278338768492e-02 1.005094920602569573e+03
3.072402210398562147e+03 1.044493126719567622e+00 2.118986471437641489e-02 1.027989204298421555e+03
3.072410005041268050e+03 1.038176473443018999e+00 2.112127181650827121e-02 1.021541738152519997e+03
3.072417799683973499e+03 1.012470111520366256e+00 2.085149113466523360e-02 9.960369082263391647e+02
3.072425594326679402e+03 1.007722095333857926e+00 2.083616795064310162e-02 9.911709156743634139e+02
3.072433388969384850e+03 1.018865764422238085e+00 2.101598895758872293e-02 1.001948705561729412e+03
3.072441183612090299e+03 1.017723172161772549e+00 2.098982380050807769e-02 1.000656619940445012e+03
3.072448978254796202e+03 1.007125195466122669e+00 2.080236860115426689e-02 9.900835420240989606e+02
3.072456772897501651e+03 1.009104646362310342e+00 2.081425472652504577e-02 9.918901447379287220e+02
3.072464567540207554e+03 1.022105929648908562e+00 2.100256506722343944e-02 1.004542285721719509e+03
3.072472362182913002e+03 1.029039801371053331e+00 2.119082870375920552e-02 1.011242534809321114e+03
3.072480156825618451e+03 1.029696224099377888e+00 2.137864020180524002e-02 1.011786661009874933e+03
3.072487951468324354e+03 1.058153605700483446e+00 2.228273059293535766e-02 1.039659172627769294e+03
3.072495746111029803e+03 1.114757296644683038e+00 2.400211896921371560e-02 1.095193226312985871e+03
3.072503540753735706e+03 1.164724358509290569e+00 2.585425859995061845e-02 1.144214324582643712e+03
3.072511335396441154e+03 1.207166270403021269e+00 2.781272052252158761e-02 1.185852554047354715e+03
3.072519130039147058e+03 1.207254680281935943e+00 2.786822563480719286e-02 1.185898162357510955e+03
3.072526924681852506e+03 1.156852911413250862e+00 2.567679972450415474e-02 1.136362764155323021e+03
3.072534719324557955e+03 1.125416870911826628e+00 2.439903270510179051e-02 1.105472683120745387e+03
3.072542513967263858e+03 1.120182178868756484e+00 2.426791532188505088e-02 1.100333470874532168e+03
3.072550308609969306e+03 1.091191731181937019e+00 2.349360985459649637e-02 1.071872342082577688e+03
3.072558103252675210e+03 1.028960108867183587e+00 2.189873626644681451e-02 1.010769361391448683e+03
3.072565897895380658e+03 9.956452015719903237e-01 2.101391359074179788e-02 9.780809547786386702e+02
3.072573692538086107e+03 1.009681892380754453e+00 2.112330323204883453e-02 9.919196664493647404e+02
3.072581487180792010e+03 1.017869178388790319e+00 2.114960531384234982e-02 1.000024494204746588e+03
3.072589281823497458e+03 1.015879349504138496e+00 2.103088283339937803e-02 9.981423572849996617e+02
3.072597076466203362e+03 1.009000373579849397e+00 2.091621622565123170e-02 9.914669338149597024e+02
3.072604871108908810e+03 9.937061556725719225e-01 2.081136487333824087e-02 9.765314865260947954e+02
3.072612665751614713e+03 9.848333204081163306e-01 2.079294098190865095e-02 9.679147568923658582e+02
3.072620460394320162e+03 9.885245867450100921e-01 2.094547086720892348e-02 9.716562248440719713e+02
3.072628255037025610e+03 9.997397520033052265e-01 2.112571482615743790e-02 9.828053663561320263e+02
3.072636049679731514e+03 1.027418680696387421e+00 2.136859006135815447e-02 1.010154862654772614e+03
3.072643844322436962e+03 1.040377384973912189e+00 2.146924570941043456e-02 1.023047567751088081e+03
3.072651638965142865e+03 1.017070819758950639e+00 2.121141344069074619e-02 1.000287762483477309e+03
3.072659433607848314e+03 1.000052254590812151e+00 2.098221612446597717e-02 9.837157844878353217e+02
3.072667228250553762e+03 9.982071201869210375e-01 2.082004278256932572e-02 9.820759537768068412e+02
3.072675022893259666e+03 9.972324128588333503e-01 2.071109013877154431e-02 9.813015454579151537e+02
3.072682817535965114e+03 9.997302720422305278e-01 2.077168875436034498e-02 9.839539462619579808e+02
3.072690612178671017e+03 9.991796740267226973e-01 2.079049656344390123e-02 9.836156601536500830e+02
3.072698406821376466e+03 9.882924296065395131e-01 2.066520532717924102e-02 9.731084490869649244e+02
3.072706201464082369e+03 9.799074952809568861e-01 2.056741421168062009e-02 9.650698209311028677e+02
3.072713996106787818e+03 9.803228026489761993e-01 2.056310792170019941e-02 9.657050964359391401e+02
3.072721790749493266e+03 9.813641688636383087e-01 2.057722185828657346e-02 9.669659818569291474e+02
3.072729585392199169e+03 9.842688321106891625e-01 2.064918263065878071e-02 9.700722044977430869e+02
3.072737380034904618e+03 9.844693431370366010e-01 2.066950514366660413e-02 9.705223401864667494e+02
3.072745174677610521e+03 9.740092292692664744e-01 2.048509784061307987e-02 9.604683108771453135e+02
3.072752969320315970e+03 9.659062186558203811e-01 2.033900040854983576e-02 9.527415556301752986e+02
3.072760763963021418e+03 9.681286694446020746e-01 2.036010293564956275e-02 9.552056602845588031e+02
3.072768558605727321e+03 9.699432674191860171e-01 2.036607331531256615e-02 9.572760966775938414e+02
3.072776353248432770e+03 9.684367645370890454e-01 2.025998622408692676e-02 9.560763478185248232e+02
3.072784147891138673e+03 9.684123985844884652e-01 2.019841975079307572e-02 9.563466785580351370e+02
3.072791942533844121e+03 9.774646982547300356e-01 2.038643172505992182e-02 9.655905705427192061e+02
3.072799737176550025e+03 9.856903577292487340e-01 2.055210262788797343e-02 9.740304024086906338e+02
3.072807531819255473e+03 9.895285697064227781e-01 2.058608705177699186e-02 9.781455733281341054e+02
3.072815326461960922e+03 9.935805493756942885e-01 2.061741997198861948e-02 9.824815501919078997e+02
3.072823121104666825e+03 9.977940330380892231e-01 2.060079222692002762e-02 9.869867887585448898e+02
3.072830915747372273e+03 1.000074880118500653e+00 2.057364632953394279e-02 9.895892107098724182e+02
3.072838710390078177e+03 9.869479208663011205e-01 2.045265985950072557e-02 9.769480710369703047e+02
3.072846505032783625e+03 9.762463084296668647e-01 2.035276609581975621e-02 9.667055374337314788e+02
3.072854299675489074e+03 9.873067128103382162e-01 2.043957207252660585e-02 9.780186382394313114e+02
3.072862094318194977e+03 9.957833678283068979e-01 2.050671560730391377e-02 9.867855111703411239e+02
3.072869888960900425e+03 9.802850927591970631e-01 2.038920007160766393e-02 9.717973205021828562e+02
3.072877683603606329e+03 9.661280930811396717e-01 2.028134775981914675e-02 9.581332116989933638e+02
3.072885478246311777e+03 9.723814964204680056e-01 2.031435997641319741e-02 9.647130863534557648e+02
3.072893272889017680e+03 9.788319244546039855e-01 2.035693739937426486e-02 9.714987773432886797e+02
3.072901067531723129e+03 9.885004629246771923e-01 2.056824693098970036e-02 9.814901422959337651e+02
3.072908862174428577e+03 9.977750496327554286e-01 2.077086159312478003e-02 9.911031431260732916e+02
3.072916656817134481e+03 1.000075598885238337e+00 2.080647839721862236e-02 9.937985155156075052e+02
3.072924451459839929e+03 1.002001621955452615e+00 2.083870268919216923e-02 9.961283967139871720e+02
3.072932246102545832e+03 9.942513206409185900e-01 2.076908614869609274e-02 9.888410215561059431e+02
3.072940040745251281e+03 9.869482470862535051e-01 2.070897033209375196e-02 9.819967093206164463e+02
3.072947835387956729e+03 9.941738629715147768e-01 2.083771355127699357e-02 9.896126421920228040e+02
3.072955630030662633e+03 1.001276149678019367e+00 2.096373819015658058e-02 9.971163253602624081e+02
3.072963424673368081e+03 9.963823829235198826e-01 2.084783695105064949e-02 9.926789503000059085e+02
3.072971219316073984e+03 9.916882017051279474e-01 2.073540991144326440e-02 9.884402593095525162e+02
3.072979013958779433e+03 9.932902786029741415e-01 2.073901195179987667e-02 9.904797382261883740e+02
3.072986808601485336e+03 9.948323121544986325e-01 2.074293609059481291e-02 9.924645054645397977e+02
3.072994603244190785e+03 9.932921622532152606e-01 2.075950587237601272e-02 9.913780367392851076e+02
3.073002397886896233e+03 9.917413991267999274e-01 2.077571281456965305e-02 9.902830361006471094e+02
3.073010192529602136e+03 9.980382840542683098e-01 2.088157990073505679e-02 9.970296487122352573e+02
3.073017987172307585e+03 1.004429165687428904e+00 2.099172555919892602e-02 1.003879212076758108e+03
3.073025781815013488e+03 9.855616556922084381e-01 2.073804067688769445e-02 9.854814464330955843e+02
3.073033576457718937e+03 9.664039621910257560e-01 2.048006051936965624e-02 9.667786076786171634e+02
3.073041371100424385e+03 9.578274025842488104e-01 2.033875368573079614e-02 9.586506440429859595e+02
3.073049165743130288e+03 9.493954185509263510e-01 2.019996766316610806e-02 9.506618423564272007e+02
3.073056960385835737e+03 9.444231321780105493e-01 2.017495477718937030e-02 9.461333308459043110e+02
3.073064755028541640e+03 9.395431573322963192e-01 2.015246824998592409e-02 9.416947880128600445e+02
3.073072549671247089e+03 9.484402946861528738e-01 2.019756122991623465e-02 9.510689050842012193e+02
3.073080344313952992e+03 9.580651189930607936e-01 2.024614912479692774e-02 9.611835967043997471e+02
3.073088138956658440e+03 9.653523750420274219e-01 2.039203120890094312e-02 9.689631164159627588e+02
3.073095933599363889e+03 9.725595449550948901e-01 2.054462464230602525e-02 9.766709866856077724e+02
3.073103728242069792e+03 9.715649882363817103e-01 2.047342252602090892e-02 9.761470427411359196e+02
3.073111522884775241e+03 9.698899986257683015e-01 2.038706285138621246e-02 9.749395673845617694e+02
3.073119317527481144e+03 9.876733728366290377e-01 2.064711075570292709e-02 9.933009562546376401e+02
3.073127112170186592e+03 1.006879644404683694e+00 2.093333346924231356e-02 1.013112706811608405e+03
3.073134906812892041e+03 1.003553039180625994e+00 2.099317511482534648e-02 1.010260942116901447e+03
3.073142701455597944e+03 9.985415287794605632e-01 2.103510972610019014e-02 1.005709771254841939e+03
3.073150496098303393e+03 1.001485935362566471e+00 2.100541505991498567e-02 1.009171343151428573e+03
3.073158290741009296e+03 1.005174687832499636e+00 2.097192005163698095e-02 1.013386850127689058e+03
3.073166085383714744e+03 1.008531645510970964e+00 2.096379134039330627e-02 1.017271792817765345e+03
3.073173880026420647e+03 1.011634049625657061e+00 2.095653875232833876e-02 1.020903483887496122e+03
3.073181674669126096e+03 1.006935125795566321e+00 2.086650013064733633e-02 1.016661726416966758e+03
3.073189469311831544e+03 1.001650038392442044e+00 2.077019178231548358e-02 1.011823191861890678e+03
3.073197263954537448e+03 9.823136272579638950e-01 2.055893832283562511e-02 9.927782569480890515e+02
3.073205058597242896e+03 9.617647664668249607e-01 2.033895039149889034e-02 9.724878761897803088e+02
3.073212853239948799e+03 9.922373708679677051e-01 2.068084479714814988e-02 1.003792322193452605e+03
3.073220647882654248e+03 1.027603583340138238e+00 2.107847195597417275e-02 1.040079428491513681e+03
3.073228442525359696e+03 1.008661245892388258e+00 2.087837686997573786e-02 1.021406052812142320e+03
3.073236237168065600e+03 9.840656069121758165e-01 2.061523130862983125e-02 9.969855596829211208e+02
3.073244031810771048e+03 9.942292812198914032e-01 2.064378447695004032e-02 1.007772612756206740e+03
3.073251826453476951e+03 1.008300871561709888e+00 2.070764209179057000e-02 1.022531596266934230e+03
3.073259621096182400e+03 1.019176803268761811e+00 2.086042419978767840e-02 1.034060761862243226e+03
3.073267415738888303e+03 1.029573147906523989e+00 2.102243505128986029e-02 1.045112282117163204e+03
3.073275210381593752e+03 1.007458468331821955e+00 2.078727834366599081e-02 1.023154767851117185e+03
3.073283005024299200e+03 9.815355657050554017e-01 2.050835443810212003e-02 9.973045887771274920e+02
3.073290799667005103e+03 9.968830593738567947e-01 2.070731310678061363e-02 1.013380835695571022e+03
3.073298594309710552e+03 1.017461222642573881e+00 2.096618519264438485e-02 1.034789635587195335e+03
3.073306388952416455e+03 1.012435618540019400e+00 2.084396628290568695e-02 1.030163906218227112e+03
3.073314183595121904e+03 1.003955661498744378e+00 2.067038344239757741e-02 1.022014538568519015e+03
3.073321978237827352e+03 1.001261731731798887e+00 2.064485260940276956e-02 1.019747482739515590e+03
3.073329772880533255e+03 9.993189184604825970e-01 2.063984649635937016e-02 1.018240608611911739e+03
3.073337567523238704e+03 9.984964578463132456e-01 2.060736810424471793e-02 1.017871251241614118e+03
3.073345362165944607e+03 9.978045782217183080e-01 2.057140601751213105e-02 1.017631411252817770e+03
3.073353156808650056e+03 1.004876375141264599e+00 2.070275457054973622e-02 1.025309438943788109e+03
3.073360951451355959e+03 1.013337429439209458e+00 2.086178705462294822e-02 1.034408946225717955e+03
3.073368746094061407e+03 1.004811446583643297e+00 2.074492968006821231e-02 1.026164810869377789e+03
3.073376540736766856e+03 9.942325365767005207e-01 2.059668426656171766e-02 1.015811938400486724e+03
3.073384335379472759e+03 1.000636863775231422e+00 2.074916669399757413e-02 1.022805403583974112e+03
3.073392130022178208e+03 1.009001706238465745e+00 2.093748682595630156e-02 1.031805664788750391e+03
3.073399924664884111e+03 1.010250932839581006e+00 2.083837819518577494e-02 1.033529833753295634e+03
3.073407719307589559e+03 1.010709331433524261e+00 2.070405226920757347e-02 1.034441610079765724e+03
3.073415513950295008e+03 1.008710208072743919e+00 2.073272818984528421e-02 1.032833249682271116e+03
3.073423308593000911e+03 1.006153919868123525e+00 2.078612417353234432e-02 1.030648052932508563e+03
3.073431103235706360e+03 1.004481665663986556e+00 2.076270030617996531e-02 1.029362086082866881e+03
3.073438897878412263e+03 1.003312666754096139e+00 2.073802319552698475e-02 1.028585982963696324e+03
3.073446692521117711e+03 1.002588910780388698e+00 2.074498180862033303e-02 1.028260751371125934e+03
3.073454487163823615e+03 1.001775757586590876e+00 2.075468842093358690e-02 1.027838261995536413e+03
3.073462281806529063e+03 1.000873195104983626e+00 2.064911444911875574e-02 1.027318259106325286e+03
3.073470076449234512e+03 9.999879058312070024e-01 2.052699310363268262e-02 1.026810046544886063e+03
3.073477871091940415e+03 9.948944411508520158e-01 2.048574115564679929e-02 1.021973058876811820e+03
3.073485665734645863e+03 9.891535833246188902e-01 2.045328789516714582e-02 1.016461332338164084e+03
3.073493460377351767e+03 9.987925432350218680e-01 2.057516971144071616e-02 1.026749893384334882e+03
3.073501255020057215e+03 1.010458800911953059e+00 2.071779956817863810e-02 1.039124824044088200e+03
3.073509049662762664e+03 1.004101108886145788e+00 2.064262607283990497e-02 1.032960521704061193e+03
3.073516844305468567e+03 9.955160315936446569e-01 2.054201838116312753e-02 1.024493196366555367e+03
3.073524638948174015e+03 9.928864908205257134e-01 2.054681025897045488e-02 1.022144468083901074e+03
3.073532433590879918e+03 9.907777611697423659e-01 2.056562469373334617e-02 1.020323876830020936e+03
3.073540228233585367e+03 9.911812009701335136e-01 2.055836039423062159e-02 1.021083305740541618e+03
3.073548022876291270e+03 9.921002792222549660e-01 2.054938464716808341e-02 1.022367775844097764e+03
3.073555817518996719e+03 9.890821100738526050e-01 2.058647772420314423e-02 1.019587429156247708e+03
3.073563612161702167e+03 9.858243160162243335e-01 2.063309405019525880e-02 1.016551117475919796e+03
3.073571406804408070e+03 9.846779789838470132e-01 2.059963664002013167e-02 1.015683644596795261e+03
3.073579201447113519e+03 9.834529542566460281e-01 2.055681635937798429e-02 1.014727123577402836e+03
3.073586996089819422e+03 9.914979980321859676e-01 2.062787593930129337e-02 1.023330264980889069e+03
3.073594790732524871e+03 1.000930681998566829e+00 2.071864987060068747e-02 1.033363383109797724e+03
3.073602585375230319e+03 1.007737727527900029e+00 2.077963274358950174e-02 1.040682874209064494e+03
3.073610380017936222e+03 1.013999450287504489e+00 2.083484781689256063e-02 1.047435065173427574e+03
3.073618174660641671e+03 1.018864082536458993e+00 2.087797998675043273e-02 1.052739112859592296e+03
3.073625969303347574e+03 1.023848325487954236e+00 2.092447126801771223e-02 1.058161136173601335e+03
3.073633763946053023e+03 1.003429349910674118e+00 2.067780289359756260e-02 1.037316198245442138e+03
3.073641558588758926e+03 9.804090121756166010e-01 2.040135127503278981e-02 1.013762622411714574e+03
3.073649353231464374e+03 9.916876410653994167e-01 2.054795086952407313e-02 1.025663463471145405e+03
3.073657147874169823e+03 1.006445901153671496e+00 2.073768637750922350e-02 1.041160660475176883e+03
3.073664942516875726e+03 1.004385870352873411e+00 2.067106544076205421e-02 1.039253527114121425e+03
3.073672737159581175e+03 1.001244112095540650e+00 2.058713026714061034e-02 1.036216956859314450e+03
3.073680531802287078e+03 9.962939606214076260e-01 2.050368162831672433e-02 1.031297998720358009e+03
3.073688326444992526e+03 9.910434473098775898e-01 2.042055328384683593e-02 1.026056843222560474e+03
3.073696121087697975e+03 1.002593657761081891e+00 2.054453723285287053e-02 1.038201764875201434e+03
3.073703915730403878e+03 1.015640002497343097e+00 2.068654011136266541e-02 1.051890820761125724e+03
3.073711710373109327e+03 1.011973081907054928e+00 2.070843328829886226e-02 1.048261900621932227e+03
3.073719505015815230e+03 1.007549458863893355e+00 2.072950295456388661e-02 1.043837862293190483e+03
3.073727299658520678e+03 1.010863451777628264e+00 2.079306617490161643e-02 1.047419837600188430e+03
3.073735094301226582e+03 1.014523194344708612e+00 2.085691809291960810e-02 1.051350797725388702e+03
3.073742888943932030e+03 1.012312708421791330e+00 2.085569418146399415e-02 1.049188217947989187e+03
3.073750683586637479e+03 1.009707842791476073e+00 2.085069059320514631e-02 1.046605745044092828e+03
3.073758478229343382e+03 9.996575980894812918e-01 2.073222661014368501e-02 1.036293767652243559e+03
3.073766272872048830e+03 9.894928764802322085e-01 2.061126849338613953e-02 1.025850369911338930e+03
3.073774067514754734e+03 9.880142790608933412e-01 2.055798316601849252e-02 1.024400409840444809e+03
3.073781862157460182e+03 9.867416449595255434e-01 2.050685572683679306e-02 1.023152896507958303e+03
3.228718408647190699e+03 1.003907818744332436e+00 1.160957836406149683e-02 3.551228077924903118e+03
3.228727797541480413e+03 1.004306891500927001e+00 1.159350078313291059e-02 3.553092219616395596e+03
3.228737186435769672e+03 1.003095513354205659e+00 1.156581652496799575e-02 3.549257904936550403e+03
3.228746575330059386e+03 1.000733149386856535e+00 1.152976680141263970e-02 3.541348896006456016e+03
3.228755964224348645e+03 9.998426132944846501e-01 1.152336737695658017e-02 3.538646315843181583e+03
3.228765353118638359e+03 1.000174737888132270e+00 1.154192720982855080e-02 3.540270182868914162e+03
3.228774742012928073e+03 9.983219510082108616e-01 1.151297570567672360e-02 3.534158996661493347e+03
3.228784130907217332e+03 9.944985305112773455e-01 1.144029653743671229e-02 3.521068485903172586e+03
3.228793519801507045e+03 9.920564671332784412e-01 1.140832211903966727e-02 3.512865389866507030e+03
3.228802908695796305e+03 9.908018377971334889e-01 1.141365553849428387e-02 3.508864796828612270e+03
3.228812297590086018e+03 9.923813120451507874e-01 1.143385604804056030e-02 3.514900612516628371e+03
3.228821686484375732e+03 9.969373348547917457e-01 1.146950083185886878e-02 3.531481210095035749e+03
3.228831075378664991e+03 1.001091453160604772e+00 1.150846628546781797e-02 3.546641458242102544e+03
3.228840464272954705e+03 1.004869897139929025e+00 1.155238584292498337e-02 3.560473753451438370e+03
3.228849853167243964e+03 1.005727246035412970e+00 1.156523088408958899e-02 3.563957478225370323e+03
3.228859242061533678e+03 1.003083948913700230e+00 1.154025360270798106e-02 3.555034756110423587e+03
3.228868630955823392e+03 9.980083563334531949e-01 1.148578483049281750e-02 3.537487759532792552e+03
3.228878019850112651e+03 9.895945296215256093e-01 1.139230149543634697e-02 3.508101726647021678e+03
3.228887408744402364e+03 9.835579796456888069e-01 1.133263143825475466e-02 3.487136192058907909e+03
3.228896797638691623e+03 9.809459812362659736e-01 1.132015964450861292e-02 3.478307813751028334e+03
3.228906186532981337e+03 9.776227028430686250e-01 1.127576872158233233e-02 3.466954178304580637e+03
3.228915575427270596e+03 9.729107821946990642e-01 1.117984767539316124e-02 3.450671916951283492e+03
3.228924964321560310e+03 9.714960838672469512e-01 1.113624127955089443e-02 3.446080856490485530e+03
3.228934353215850024e+03 9.753055300871982247e-01 1.117367111193198932e-02 3.460021345558466692e+03
3.228943742110139283e+03 9.780772371770428686e-01 1.118597401058195676e-02 3.470282672997568170e+03
3.228953131004428997e+03 9.790222632669557390e-01 1.115443518104407457e-02 3.474063907880971783e+03
3.228962519898718256e+03 9.789258614622545762e-01 1.113045201101702658e-02 3.474149468125890962e+03
3.228971908793007970e+03 9.769816787695234650e-01 1.111872011747363186e-02 3.467675938581211085e+03
3.228981297687297683e+03 9.759449309589668387e-01 1.110316190381633976e-02 3.464421402930489421e+03
3.228990686581586942e+03 9.767532794865227963e-01 1.108125826174019904e-02 3.467715979459134360e+03
3.229000075475876656e+03 9.774669415860359756e-01 1.105942985442078842e-02 3.470674523598678206e+03
3.229009464370165915e+03 9.779587732563218561e-01 1.103681445431172956e-02 3.472845407564964262e+03
3.229018853264455629e+03 9.793610090656218459e-01 1.102757943293057596e-02 3.478249529260424424e+03
3.229028242158745343e+03 9.828934844148081718e-01 1.104920405613007799e-02 3.491220905103880796e+03
3.229037631053034602e+03 9.860473045861352093e-01 1.106732321208860233e-02 3.502849660304234931e+03
3.229047019947324316e+03 9.882775307265606601e-01 1.107748113776599146e-02 3.511199213847999090e+03
3.229056408841613575e+03 9.894297471296893409e-01 1.108296071045397450e-02 3.515719683254345910e+03
3.229065797735903288e+03 9.877193111582894813e-01 1.107516463448704643e-02 3.510067569915465810e+03
3.229075186630193002e+03 9.855737343593723443e-01 1.105421095045626585e-02 3.502866892203688622e+03
3.229084575524482261e+03 9.823747094139630986e-01 1.099953499281306792e-02 3.491919275535150064e+03
3.229093964418771975e+03 9.801339414308078979e-01 1.097110256401889229e-02 3.484374976260852236e+03
3.229103353313061234e+03 9.804716072672091665e-01 1.101273598127082247e-02 3.485995653138222224e+03
3.229112742207350948e+03 9.801154528490435558e-01 1.103765965194535188e-02 3.485148958556007074e+03
3.229122131101640207e+03 9.774802656377693522e-01 1.100934806950195147e-02 3.476196537485216140e+03
3.229131519995929921e+03 9.770980586530735312e-01 1.100005921664700022e-02 3.475254527482319645e+03
3.229140908890219634e+03 9.837133332107617090e-01 1.105013114063441160e-02 3.499202654330909354e+03
3.229150297784508894e+03 9.883113817755631025e-01 1.109659854509150584e-02 3.515979474437649969e+03
3.229159686678798607e+03 9.857293529534147947e-01 1.113138369343122554e-02 3.507213040356008605e+03
3.229169075573087866e+03 9.841013552042989776e-01 1.114838690098498598e-02 3.501838708277578462e+03
3.229178464467377580e+03 9.858256656049292355e-01 1.109721188193606677e-02 3.508392773743124053e+03
3.229187853361667294e+03 9.869635178145723664e-01 1.106174684579131623e-02 3.512860404770697642e+03
3.229197242255956553e+03 9.858730953452641277e-01 1.108464957206974598e-02 3.509396506415400836e+03
3.229206631150246267e+03 9.840788681903466228e-01 1.108646974844882012e-02 3.503425527056085230e+03
3.229216020044535526e+03 9.793631406128686656e-01 1.099697995635363044e-02 3.487050408334128406e+03
3.229225408938825240e+03 9.752991992884897376e-01 1.092310538183984860e-02 3.472991754076126654e+03
3.229234797833114953e+03 9.739939385050286891e-01 1.091418152852836193e-02 3.468753827553473911e+03
3.229244186727404212e+03 9.720283876470932061e-01 1.089885178506807759e-02 3.462162454543765762e+03
3.229253575621693926e+03 9.672801893578131249e-01 1.085756577733917698e-02 3.445656519851094799e+03
3.229262964515983185e+03 9.629118370351646972e-01 1.081183451385169490e-02 3.430499322225600281e+03
3.229272353410272899e+03 9.604048461425982453e-01 1.073422462067233005e-02 3.421970059711439262e+03
3.229281742304562613e+03 9.579477652237354812e-01 1.066348452844455806e-02 3.413616026095866800e+03
3.229291131198851872e+03 9.557930734509764159e-01 1.063147015822187361e-02 3.406337094901894488e+03
3.229300520093141586e+03 9.545378630654127727e-01 1.061244571999966392e-02 3.402261866073325109e+03
3.229309908987430845e+03 9.585854996525043914e-01 1.067063602351303250e-02 3.417088229638470693e+03
3.229319297881720559e+03 9.629824162333943116e-01 1.072786940916650375e-02 3.433162669873650430e+03
3.229328686776009818e+03 9.701202399103765472e-01 1.077983004623257572e-02 3.459013083679352803e+03
3.229338075670299531e+03 9.768952548122528112e-01 1.082832701207336532e-02 3.483575131218595743e+03
3.229347464564589245e+03 9.808889486493955756e-01 1.084847817652078057e-02 3.498223015141306860e+03
3.229356853458878504e+03 9.846233954761166585e-01 1.086736574053228169e-02 3.511948989963969325e+03
3.229366242353168218e+03 9.861621974740919505e-01 1.087429404061825665e-02 3.517845194831894332e+03
3.229375631247457477e+03 9.880725349796321000e-01 1.088608432517696074e-02 3.525067629283476435e+03
3.229385020141747191e+03 9.932576813535387572e-01 1.094133167186432838e-02 3.543975724094032557e+03
3.229394409036036905e+03 9.977168195662804440e-01 1.098988074378096265e-02 3.560296828341138735e+03
3.229403797930326164e+03 9.961800629673799312e-01 1.097980062977409535e-02 3.555222574718310625e+03
3.229413186824615877e+03 9.946580483721663146e-01 1.096774314923362748e-02 3.550199131651613243e+03
3.229422575718905136e+03 9.929613442635890630e-01 1.092967512754479398e-02 3.544550310651118707e+03
3.229431964613194850e+03 9.913621033624311352e-01 1.089530808169200497e-02 3.539247508096798811e+03
3.229441353507484564e+03 9.913849222344849332e-01 1.090935562039442065e-02 3.539734409997166040e+03
3.229450742401773823e+03 9.918044774291771004e-01 1.092593244132292543e-02 3.541637495310249051e+03
3.229460131296063537e+03 9.961817870924448703e-01 1.096432931280451675e-02 3.557674751925638247e+03
3.229469520190352796e+03 1.000195691593813718e+00 1.099858497744353805e-02 3.572417051315745994e+03
3.229478909084642510e+03 9.998805194559743370e-01 1.097726309444909537e-02 3.571698069125360234e+03
3.229488297978932223e+03 9.995833405140713834e-01 1.095755053091350753e-02 3.571042565178800942e+03
3.229497686873221483e+03 1.000215055643519646e+00 1.096302676504850096e-02 3.573705153125711149e+03
3.229507075767511196e+03 1.000743416385820206e+00 1.096691727803388722e-02 3.575998385754626270e+03
3.229516464661800455e+03 9.985121185465902771e-01 1.093358262405202258e-02 3.568429178791422601e+03
3.229525853556090169e+03 9.964134392622814307e-01 1.090206552370829793e-02 3.561331620201359328e+03
3.229535242450379428e+03 9.979207550948556715e-01 1.091044920676025563e-02 3.567121646327229428e+03
3.229544631344669142e+03 9.993263355216100985e-01 1.091791271724151455e-02 3.572548642607157944e+03
3.229554020238958856e+03 9.969018868444780024e-01 1.089170055410444357e-02 3.564282493976942533e+03
3.229563409133248115e+03 9.946184529478833136e-01 1.086693187855379376e-02 3.556518085524915932e+03
3.229572798027537829e+03 9.968965525048785192e-01 1.088655697342991342e-02 3.565064084181195085e+03
3.229582186921827088e+03 9.992367501840997424e-01 1.090570055639689985e-02 3.573833462734126442e+03
3.229591575816116801e+03 1.003022177970511741e+00 1.090606825040675749e-02 3.587773704607698164e+03
3.229600964710406515e+03 1.006529031952078990e+00 1.090493777310237548e-02 3.600719866190944231e+03
3.241372743862802054e+03 1.001167135973666245e+00 7.332552269581533305e-03 3.507795524113693318e+03
3.241381087159009439e+03 1.000704924535949836e+00 7.323384344171267497e-03 3.505636576786314890e+03
3.241389430455216370e+03 9.994548831147207490e-01 7.308812683582043002e-03 3.500808895720065721e+03
3.241397773751423301e+03 1.000044829351920184e+00 7.317205025308802166e-03 3.502511084364995895e+03
3.241406117047630687e+03 1.001787478250550034e+00 7.339882968944487843e-03 3.508328667407804460e+03
3.241414460343837618e+03 1.002530586253423728e+00 7.346523720990444199e-03 3.510718514465449516e+03
3.241422803640045004e+03 1.002561465390196860e+00 7.342095566791453053e-03 3.510681814552729065e+03
3.241431146936251935e+03 1.002662551252258893e+00 7.345596870637951734e-03 3.510952990412804411e+03
3.241439490232458866e+03 1.002823457478898339e+00 7.354807743805637406e-03 3.511489977173745956e+03
3.241447833528666251e+03 1.004028771679138954e+00 7.392287560733441440e-03 3.515734757755489227e+03
3.241456176824873182e+03 1.006028194375778062e+00 7.451917090745737056e-03 3.522805400817033842e+03
3.241464520121080568e+03 1.005721369679377863e+00 7.436581006822456930e-03 3.521839767685412426e+03
3.241472863417287499e+03 1.003508914639840821e+00 7.358006706498321052e-03 3.514234314515318147e+03
3.241481206713494430e+03 9.999865721521550288e-01 7.305776642747794161e-03 3.502068692159466991e+03
3.241489550009701816e+03 9.952105084139918345e-01 7.277409341859479401e-03 3.485532998627175857e+03
3.241497893305908747e+03 9.937898687623886174e-01 7.269310925295814976e-03 3.480764178659130266e+03
3.241506236602116132e+03 9.962248071596369048e-01 7.284597592463369457e-03 3.489510505218114304e+03
3.241514579898323063e+03 9.978350347177977753e-01 7.288422537232635244e-03 3.495374036939571852e+03
3.241522923194529994e+03 9.983074247167091908e-01 7.277283638965166210e-03 3.497251631599780922e+03
3.241531266490737380e+03 9.990229350187710411e-01 7.285001407438819812e-03 3.499974903517590064e+03
3.241539609786944311e+03 1.000117789446785643e+00 7.317707382606530343e-03 3.504015590462909586e+03
3.241547953083151697e+03 1.000677583513327473e+00 7.331487391590124289e-03 3.506164314603120147e+03
3.241556296379358628e+03 1.000485773237956844e+00 7.318552870084200739e-03 3.505657346865777072e+03
3.241564639675565559e+03 9.995623111616656065e-01 7.306526199012108695e-03 3.502563630833654315e+03
3.241572982971772944e+03 9.975299226358633753e-01 7.296021151599201698e-03 3.495561218435876071e+03
3.241581326267979875e+03 9.960835463174840809e-01 7.289155696838960086e-03 3.490589798484514176e+03
3.241589669564187261e+03 9.955733579454144611e-01 7.287905650434060682e-03 3.488877142445021036e+03
3.241598012860394192e+03 9.933588194465494681e-01 7.278535201134146704e-03 3.481170230377279040e+03
3.241606356156601123e+03 9.881005318090074763e-01 7.255059153436543319e-03 3.462775385527572325e+03
3.241614699452808509e+03 9.851771615116822201e-01 7.242799112422433627e-03 3.452542464051336083e+03
3.241623042749015440e+03 9.862377450811768975e-01 7.249149495170831292e-03 3.456251097760830817e+03
3.241631386045222825e+03 9.846131122671567537e-01 7.237654025063035464e-03 3.450529683940309951e+03
3.241639729341429756e+03 9.780095831461511624e-01 7.193509812153245538e-03 3.427340913642296528e+03
3.241648072637637142e+03 9.716972581902527661e-01 7.153174623818782212e-03 3.405154444025440171e+03
3.241656415933844073e+03 9.659994048843746350e-01 7.120178639424422709e-03 3.385103734327064558e+03
3.241664759230051004e+03 9.597699098639553839e-01 7.081136912121826880e-03 3.363173142053638003e+03
3.241673102526258390e+03 9.522956328271471316e-01 7.028576856039338294e-03 3.336864661148906634e+03
3.241681445822465321e+03 9.436919947160546940e-01 6.970808007175813975e-03 3.306583917560867576e+03
3.241689789118672707e+03 9.323636169375179028e-01 6.900415734123575319e-03 3.266742421417821333e+03
3.241698132414879638e+03 9.215906060316955140e-01 6.833212364658752813e-03 3.228834396453013596e+03
3.241706475711086568e+03 9.123702993348624668e-01 6.775112212718491927e-03 3.196354452383661737e+03
3.241714819007293954e+03 9.054260189237821610e-01 6.727261602784972983e-03 3.171836376964090050e+03
3.241723162303500885e+03 9.050517013901607788e-01 6.708686762936349676e-03 3.170320703705497181e+03
3.241731505599708271e+03 9.051443150218656530e-01 6.699166626355632613e-03 3.170426385007373028e+03
3.241739848895915202e+03 9.067329777707635596e-01 6.718578774277304821e-03 3.175757799125182828e+03
3.241748192192122133e+03 9.081800460712524670e-01 6.734080697348506124e-03 3.180578773472831472e+03
3.241756535488329519e+03 9.092360631882909772e-01 6.736312689001991254e-03 3.184016117215856866e+03
3.241764878784536450e+03 9.109561656903800708e-01 6.740141070544914369e-03 3.189765062804177433e+03
3.241773222080743835e+03 9.152172964942947297e-01 6.749350133871808051e-03 3.204396888666371979e+03
3.241781565376950766e+03 9.190765872433424022e-01 6.757932188063330015e-03 3.217606611310093740e+03
3.241789908673157697e+03 9.213060392724423675e-01 6.763627136734372443e-03 3.225096099827587750e+03
3.241798251969365083e+03 9.232877992385326582e-01 6.773560733873093022e-03 3.231705075102664068e+03
3.241806595265572014e+03 9.242963435757124424e-01 6.801686445759341261e-03 3.234894830198130421e+03
3.241814938561779400e+03 9.270602995933725499e-01 6.836858247870397295e-03 3.244215465533941824e+03
3.241823281857986331e+03 9.384046728374594304e-01 6.907457020689572978e-03 3.283546396520139751e+03
3.241831625154193262e+03 9.482781964453996792e-01 6.968170581615576106e-03 3.317711397807902358e+03
3.241839968450400647e+03 9.499613336177952228e-01 6.972586666144505244e-03 3.323205603694223100e+03
3.241848311746607578e+03 9.517672957070061335e-01 6.978908278112131228e-03 3.329117673604587253e+03
3.241856655042814964e+03 9.540328372869293361e-01 6.995999778447023996e-03 3.336625490816025376e+03
3.241864998339021895e+03 9.551626260827619230e-01 7.005293306780350365e-03 3.340149932546139553e+03
3.241873341635228826e+03 9.497160760990647210e-01 6.968772249721125536e-03 3.320669886507036608e+03
3.241881684931436212e+03 9.444586236014467229e-01 6.934313695902988989e-03 3.301846961164698769e+03
3.241890028227643143e+03 9.404401327270762723e-01 6.913513787824837956e-03 3.287351221179159438e+03
3.241898371523850528e+03 9.368076290699338671e-01 6.895511264843319152e-03 3.274200143204962842e+03
3.241906714820057459e+03 9.364174359407446691e-01 6.901562326442267289e-03 3.272375210582014915e+03
3.241915058116264390e+03 9.363136968854111064e-01 6.908059075136055611e-03 3.271544010225167312e+03
3.241923401412471776e+03 9.394463933837949865e-01 6.919548193816024186e-03 3.282012382838957819e+03
3.241931744708678707e+03 9.424910782455130365e-01 6.931377547063534948e-03 3.292163213638735215e+03
3.241940088004886093e+03 9.443903828827796554e-01 6.944864414267332489e-03 3.298304022842803079e+03
3.241948431301093024e+03 9.462984892981601837e-01 6.957465449756693177e-03 3.304467295299607031e+03
3.241956774597299955e+03 9.483411833265621427e-01 6.960141427997737495e-03 3.311092489907869094e+03
3.241965117893507340e+03 9.500459086685217880e-01 6.962146077362767020e-03 3.316530033635205655e+03
3.241973461189714271e+03 9.467884337797398686e-01 6.954613962169782330e-03 3.304640509286734414e+03
3.241981804485921657e+03 9.435326682045178659e-01 6.944805304294790829e-03 3.292755578909070209e+03
3.241990147782128588e+03 9.400605100923079549e-01 6.902667408350207298e-03 3.280114609176885551e+03
3.241998491078335974e+03 9.369925492064176131e-01 6.865070532174334141e-03 3.268883393326208534e+03
3.242006834374542905e+03 9.416304014505976205e-01 6.916486547055135034e-03 3.284530618122858868e+03
3.242015177670749836e+03 9.460933634235653145e-01 6.965378299352170156e-03 3.299559041368275757e+03
3.242023520966957221e+03 9.450494548840046027e-01 6.926952222221589330e-03 3.295376692275351616e+03
3.242031864263164152e+03 9.437109958966235501e-01 6.887975408781448101e-03 3.290165679181601718e+03
3.242040207559371538e+03 9.348223672469243573e-01 6.836987648377692781e-03 3.258634977309383430e+03
3.242048550855578469e+03 9.258214287904078521e-01 6.785677332254214968e-03 3.226720915079136830e+03
3.242056894151785400e+03 9.130955322411777875e-01 6.719476696821899062e-03 3.181835195718702380e+03
3.242065237447992786e+03 9.004083608586725962e-01 6.653270893974020869e-03 3.137097720495185058e+03
3.242073580744199717e+03 8.937929459420637102e-01 6.597805861937329659e-03 3.113524844798510003e+03
3.242081924040407102e+03 8.873105203123987650e-01 6.543492972922038652e-03 3.090422040205845406e+03
3.242090267336614033e+03 8.912124095782184563e-01 6.572338479900114924e-03 3.103487810726182943e+03
3.242098610632820964e+03 8.951227366709588740e-01 6.601234908049877573e-03 3.116578116017692537e+03
3.242106953929028350e+03 9.049228584161470579e-01 6.655871365175013328e-03 3.150167107713775749e+03
3.242115297225235281e+03 9.147446631726154909e-01 6.710637699597042823e-03 3.183820423640778699e+03
3.242123640521442667e+03 9.264299341007391497e-01 6.806174488208745037e-03 3.223947713569363714e+03
3.242131983817649598e+03 9.382184811949980663e-01 6.903368605807615015e-03 3.264421678828172844e+03
3.242140327113856529e+03 9.504251540128578757e-01 6.981050590588372406e-03 3.306337811790015166e+03
3.242148670410063914e+03 9.625822302031102895e-01 7.058130285351565426e-03 3.348068934478780648e+03
3.242157013706270845e+03 9.676069441927880321e-01 7.085120636330234471e-03 3.364984267946902946e+03
3.242165357002478231e+03 9.724440814961942126e-01 7.110902713240007528e-03 3.381244026486911025e+03
3.242173700298685162e+03 9.790692928258967198e-01 7.161644421822523955e-03 3.403717232589578998e+03
3.242182043594892093e+03 9.856857744542273370e-01 7.212665808809539357e-03 3.426155678755577355e+03
3.242190386891099479e+03 9.859424846994165881e-01 7.201118309501079555e-03 3.426487750489368409e+03
3.242198730187306410e+03 9.859569634914199243e-01 7.187179902771034280e-03 3.425981732214218027e+03
3.242207073483513796e+03 9.867930093747934173e-01 7.196082098473544769e-03 3.428334250757203336e+03
3.242215416779720726e+03 9.876328721751110873e-01 7.205556585147714251e-03 3.430703697637763980e+03
3.242223760075927657e+03 9.901963810750085138e-01 7.217525790863333832e-03 3.439063588053782951e+03
3.242232103372135043e+03 9.928280843459101890e-01 7.229596434423818559e-03 3.447662798292461503e+03
3.242240446668341974e+03 9.931373874136674162e-01 7.231831889479627302e-03 3.448201398367241381e+03
3.242248789964549360e+03 9.934094448684140932e-01 7.234063057524628068e-03 3.448616404214449176e+03
3.242257133260756291e+03 9.939880865220127593e-01 7.253504502903342262e-03 3.450101654039599453e+03
3.242265476556963222e+03 9.945514043684984262e-01 7.273835927989563861e-03 3.451539860862098067e+03
3.242273819853170608e+03 9.962058337319186219e-01 7.286242118209078876e-03 3.456770671652199781e+03
3.242282163149377539e+03 9.978981380518612276e-01 7.298250873243099408e-03 3.462138664939883711e+03
3.242290506445584924e+03 9.958648065255881754e-01 7.268234220154577881e-03 3.454588805816523745e+03
3.242298849741791855e+03 9.935715831365217188e-01 7.234955952858759289e-03 3.446147695813071550e+03
3.242307193037998786e+03 9.958416590746133057e-01 7.258780702662739025e-03 3.453542661819738896e+03
3.242315536334206172e+03 9.983947215393207397e-01 7.286352983664339499e-03 3.461925586268077495e+03
3.242323879630413103e+03 1.000305968893663522e+00 7.310548296789863565e-03 3.468090176214410349e+03
3.242332222926620489e+03 1.002151578396349718e+00 7.334342721071663955e-03 3.474035091722367724e+03
3.242340566222827420e+03 1.000911392090264140e+00 7.326744381764086107e-03 3.469292559115423046e+03
3.242348909519034805e+03 9.994512589437655192e-01 7.316894420949782846e-03 3.463799169310299931e+03
3.242357252815241736e+03 9.969974767023593865e-01 7.315157593268146498e-03 3.454874420971214931e+03
3.242365596111448667e+03 9.944568754210146855e-01 7.314258800515241465e-03 3.445661890933079576e+03
3.242373939407656053e+03 9.972938540084986814e-01 7.319110477497220782e-03 3.455093190834452344e+03
3.242382282703862984e+03 1.000558534141666289e+00 7.324314642092874701e-03 3.466015549011930489e+03
3.242390626000070370e+03 1.001118786118430748e+00 7.325683132516743606e-03 3.467580164263915321e+03
3.242398969296277301e+03 1.001403907078829869e+00 7.326727498191659693e-03 3.468203944421677079e+03
3.242407312592484232e+03 1.001726436640170803e+00 7.331856934618155748e-03 3.468969875802315983e+03
3.242415655888691617e+03 1.002032452516081085e+00 7.337256045743014744e-03 3.469691571339298207e+03
3.242423999184898548e+03 1.002636972523484271e+00 7.336337627165807201e-03 3.471460109652748542e+03
3.242432342481105934e+03 1.003286870939950504e+00 7.335040419741452669e-03 3.473399253504982880e+03
3.242440685777312865e+03 9.984970677908756587e-01 7.311646032003461283e-03 3.456521508141914182e+03
3.242449029073519796e+03 9.931347650676141114e-01 7.285897500313384852e-03 3.437679388090739394e+03
3.383104113877703639e+03 9.999704487672360642e-01 4.986798743489433833e-03 2.921353151625020473e+03
3.383112725656323164e+03 1.001188996544036591e+00 4.994641584984083060e-03 2.924769415140301135e+03
3.383121337434942689e+03 1.000598039919129878e+00 4.989088519739446823e-03 2.922899490630684340e+03
3.383129949213562213e+03 9.989849545987896651e-01 4.975967127548488675e-03 2.918044088536504205e+03
3.383138560992181738e+03 9.977139749140532254e-01 4.965392248040827357e-03 2.914188393902518783e+03
3.383147172770800807e+03 9.966885264670204414e-01 4.956576024912691565e-03 2.911050192496397358e+03
3.383155784549420332e+03 9.975623924567215139e-01 4.965880392206720000e-03 2.913459382463594011e+03
3.383164396328039857e+03 9.996837396403979170e-01 4.987425524105179586e-03 2.919511509566816130e+03
3.383173008106659381e+03 9.991526610603792546e-01 4.983099732808513038e-03 2.917817171125936056e+03
3.383181619885278906e+03 9.966823545373523219e-01 4.959871632576776795e-03 2.910460152156771073e+03
3.383190231663898430e+03 9.967963351368137603e-01 4.963579800556997511e-03 2.910649972579571113e+03
3.383198843442517955e+03 9.989555041943639635e-01 4.988275640926849268e-03 2.916811426739561739e+03
3.383207455221137479e+03 1.000045211808549661e+00 4.996578652608658737e-03 2.919849735768865685e+03
3.383216066999757004e+03 1.000170824159658300e+00 4.989948672785474160e-03 2.920072984391634691e+03
3.383224678778376074e+03 9.987762977520376895e-01 4.981414474228747398e-03 2.915858257100250285e+03
3.383233290556995598e+03 9.958629390885993526e-01 4.970890895623388331e-03 2.907210022278181896e+03
3.383241902335615123e+03 9.953721310695397007e-01 4.972748858701391168e-03 2.905634397193609402e+03
3.383250514114234647e+03 9.973987753114610388e-01 4.987370949479793918e-03 2.911407356938074372e+03
3.383259125892854172e+03 9.995813641340111078e-01 5.000901461573406537e-03 2.917634915026717863e+03
3.383267737671473697e+03 1.001902781339748971e+00 5.013105845736552310e-03 2.924267047060620826e+03
3.383276349450093221e+03 1.002377537079638836e+00 5.014046438938288795e-03 2.925508902383997338e+03
3.383284961228712746e+03 1.000496528201488156e+00 5.000685642051055924e-03 2.919875495783704991e+03
3.383293573007332270e+03 9.991862174900260074e-01 4.993121512547625540e-03 2.915908087676797550e+03
3.383302184785951340e+03 9.986742970097169936e-01 4.993521197849444190e-03 2.914270869609949841e+03
3.383310796564570865e+03 9.978060506456226664e-01 4.991847768116593545e-03 2.911594040948109068e+03
3.383319408343190389e+03 9.963998730447169994e-01 4.987073922008336720e-03 2.907347857434866000e+03
3.383328020121809914e+03 9.960586688625578944e-01 4.985202459626645113e-03 2.906209359984025468e+03
3.383336631900429438e+03 9.973396040552693353e-01 4.987714739912424596e-03 2.909803658382586036e+03
3.383345243679048963e+03 9.972272383971841903e-01 4.982395308710230696e-03 2.909332742569179118e+03
3.383353855457668487e+03 9.949212535257270229e-01 4.964887358543122568e-03 2.902462460658547570e+03
3.383362467236288012e+03 9.926293773134143850e-01 4.948213788602421129e-03 2.895633997335715776e+03
3.383371079014907536e+03 9.903081569413861862e-01 4.932828646285817610e-03 2.888720595019294251e+03
3.383379690793526606e+03 9.874667841094676435e-01 4.915149937770760952e-03 2.880290653062424099e+03
3.383388302572146131e+03 9.837136672560170547e-01 4.893451676563615078e-03 2.869202238425628821e+03
3.383396914350765655e+03 9.775661210162807091e-01 4.863871707804823946e-03 2.851131400979249520e+03
3.383405526129385180e+03 9.664810411434886506e-01 4.817979558509376779e-03 2.818662417134143652e+03
3.383414137908004705e+03 9.558369511629509763e-01 4.772552659146006224e-03 2.787482661707162151e+03
3.383422749686624229e+03 9.460993912815989226e-01 4.727904547228504485e-03 2.758949520988912354e+03
3.383431361465243754e+03 9.350824899075804719e-01 4.679548876670465776e-03 2.726688631052142227e+03
3.383439973243863278e+03 9.211329587377518058e-01 4.622745859499391950e-03 2.685879812152390514e+03
3.383448585022482803e+03 9.079084656031946032e-01 4.564676226571267106e-03 2.647188989815860168e+03
3.383457196801101873e+03 8.964579674354994365e-01 4.503473720534189630e-03 2.613674145499611313e+03
3.383465808579721397e+03 8.847376820962523647e-01 4.447219699403537341e-03 2.579376045885852818e+03
3.383474420358340922e+03 8.723447813908290494e-01 4.403911233190716673e-03 2.543120454204277848e+03
3.383483032136960446e+03 8.615804662882486920e-01 4.363594003917118519e-03 2.511615951640537787e+03
3.383491643915579971e+03 8.561111646713961409e-01 4.333048956981890368e-03 2.495549411798401707e+03
3.383500255694199495e+03 8.518354572261020996e-01 4.310074946331400071e-03 2.482963576773452587e+03
3.383508867472819020e+03 8.516863830398235802e-01 4.313477386624279923e-03 2.482406849941558448e+03
3.383517479251438544e+03 8.532518281083765199e-01 4.322247352790742347e-03 2.486847222214998965e+03
3.383526091030058069e+03 8.613450475215463920e-01 4.351450222337345346e-03 2.510311749500908263e+03
3.383534702808677139e+03 8.690056280239368824e-01 4.379940223748725846e-03 2.532513129709111581e+03
3.383543314587296663e+03 8.749330189874413577e-01 4.405841127963834591e-03 2.549661585826886039e+03
3.383551926365916188e+03 8.809013568595845944e-01 4.433116071091387951e-03 2.566927659440263596e+03
3.383560538144535712e+03 8.869693824169633256e-01 4.465878554478256227e-03 2.584482493859097758e+03
3.383569149923155237e+03 8.932554540154624689e-01 4.498630040213496585e-03 2.602670905920368568e+03
3.383577761701774762e+03 9.007116258476393078e-01 4.531666223457309246e-03 2.624266657464477248e+03
3.383586373480394286e+03 9.085338290912636783e-01 4.566271618985188845e-03 2.646926667003301191e+03
3.383594985259013811e+03 9.180951698708172959e-01 4.608464366551988899e-03 2.674650993715111326e+03
3.383603597037633335e+03 9.269068861709318652e-01 4.647000786375299168e-03 2.700188832394561359e+03
3.383612208816252405e+03 9.314597777202900941e-01 4.664794000057482549e-03 2.713318295874555588e+03
3.383620820594871930e+03 9.353543040312231049e-01 4.680529446676445944e-03 2.724528746373252034e+03
3.383629432373491454e+03 9.349385925152893240e-01 4.682637891181932847e-03 2.723183704601525278e+03
3.383638044152110979e+03 9.335014407070364451e-01 4.679451652446969118e-03 2.718863792576169544e+03
3.383646655930730503e+03 9.245273903452148057e-01 4.637035901693570793e-03 2.692593827521004641e+03
3.383655267709350028e+03 9.159959032660413003e-01 4.597238143203235747e-03 2.667615295578052610e+03
3.383663879487969552e+03 9.114233348159844761e-01 4.580462415870809566e-03 2.654168031485693973e+03
3.383672491266589077e+03 9.071726823698890163e-01 4.564592938815988619e-03 2.641659489226800360e+03
3.383681103045208602e+03 9.055038860418657132e-01 4.554735453910209626e-03 2.636670083430075010e+03
3.383689714823827671e+03 9.044229844611317848e-01 4.547466781155069457e-03 2.633392919579966474e+03
3.383698326602447196e+03 9.102891898044610519e-01 4.570670923593943280e-03 2.650342841429042892e+03
3.383706938381066720e+03 9.161920814434876270e-01 4.594459996205987884e-03 2.667397888249609423e+03
3.383715550159686245e+03 9.226048423105780438e-01 4.625125749323165912e-03 2.685935599217346862e+03
3.383724161938305770e+03 9.285267901755115405e-01 4.653335999551174232e-03 2.703042659856953833e+03
3.383732773716925294e+03 9.259405991474819464e-01 4.640763834085148178e-03 2.695381122507070359e+03
3.383741385495544819e+03 9.232537622417084089e-01 4.628011398733213565e-03 2.687427365052453752e+03
3.383749997274164343e+03 9.185268354846434224e-01 4.610314878903748297e-03 2.673536332894484531e+03
3.383758609052783868e+03 9.139505575662130177e-01 4.593242851598474882e-03 2.660085125894584962e+03
3.383767220831402938e+03 9.145714241784992371e-01 4.597652716857600873e-03 2.661760957698227685e+03
3.383775832610022462e+03 9.153096746476825363e-01 4.602414110223899436e-03 2.663778227483331648e+03
3.383784444388641987e+03 9.177566854718198774e-01 4.612271417615288090e-03 2.670767956798904834e+03
3.383793056167261511e+03 9.198816236830745785e-01 4.621069628398380424e-03 2.676819765139682659e+03
3.383801667945881036e+03 9.139632546630811483e-01 4.603566707616396809e-03 2.659466406395140439e+03
3.383810279724500560e+03 9.079497980745923069e-01 4.585498463329213022e-03 2.641838072137943527e+03
3.383818891503120085e+03 8.968934224066816840e-01 4.537369632985868879e-03 2.609538935681073781e+03
3.383827503281739610e+03 8.857885912757965663e-01 4.489024378767995579e-03 2.577101996246057297e+03
3.383836115060359134e+03 8.683107477260291196e-01 4.410149594216279841e-03 2.526127597031776531e+03
3.383844726838978204e+03 8.508439144073456362e-01 4.331326071905487567e-03 2.475190243107160313e+03
3.383853338617597728e+03 8.406035041874299063e-01 4.287638761233801554e-03 2.445279253838009936e+03
3.383861950396217253e+03 8.304019788494156895e-01 4.244167910782209278e-03 2.415484312007496555e+03
3.383870562174836778e+03 8.338222362815712607e-01 4.267904913991007326e-03 2.425313565903275958e+03
3.383879173953456302e+03 8.375441139405622737e-01 4.293058569412286189e-03 2.436019108697252705e+03
3.383887785732075827e+03 8.504568521822429839e-01 4.342615608446068025e-03 2.473454124773757940e+03
3.383896397510695351e+03 8.634000268679402623e-01 4.392232375161609498e-03 2.510973951889257933e+03
3.383905009289314876e+03 8.878195454336492709e-01 4.512607486268121332e-03 2.581864373343114039e+03
3.383913621067934400e+03 9.123835139724300047e-01 4.633947827489537201e-03 2.653167841045261412e+03
3.383922232846553470e+03 9.289471704854865841e-01 4.708187345284494535e-03 2.701200881117294557e+03
3.383930844625172995e+03 9.453322171357403381e-01 4.781342371779832671e-03 2.748709830371977205e+03
3.383939456403792519e+03 9.580883305840603992e-01 4.839444166859038776e-03 2.785662874761935200e+03
3.383948068182412044e+03 9.706505191641118246e-01 4.896773963595486487e-03 2.822048445679273755e+03
3.383956679961031568e+03 9.769904846423901335e-01 4.927717420880265396e-03 2.840340946887615701e+03
3.383965291739651093e+03 9.830242213418851627e-01 4.957395548610885744e-03 2.857741393695179795e+03
3.383973903518270617e+03 9.845027937644331706e-01 4.961415012201443250e-03 2.861898483125273287e+03
3.383982515296890142e+03 9.858060735418288090e-01 4.964437897448953189e-03 2.865545606802495058e+03
3.383991127075509667e+03 9.859143302362389782e-01 4.967634203614850093e-03 2.865718829385722529e+03
3.383999738854128736e+03 9.859506570887957011e-01 4.970792885684242879e-03 2.865682955551104442e+03
3.384008350632748261e+03 9.863530363080130758e-01 4.975471804403852963e-03 2.866710956424062715e+03
3.384016962411367786e+03 9.867783789232313918e-01 4.980281142791272327e-03 2.867805578756200703e+03
3.384025574189987310e+03 9.880582339962865612e-01 4.985779202555037058e-03 2.871383366731182832e+03
3.384034185968606835e+03 9.893934470433308759e-01 4.991249015750640061e-03 2.875121654596071494e+03
3.384042797747226359e+03 9.923589574944939873e-01 5.001214977873409337e-03 2.883596877866590148e+03
3.384051409525845884e+03 9.954490927578912851e-01 5.011593488061415885e-03 2.892433367083150188e+03
3.384060021304465408e+03 9.990275489605009440e-01 5.026274468276390600e-03 2.902687792522684504e+03
3.384068633083084933e+03 1.002648381425703894e+00 5.041313112600186511e-03 2.913064309805007724e+03
3.384077244861704003e+03 1.001605494522675777e+00 5.043016433438578423e-03 2.909890627878828127e+03
3.384085856640323527e+03 1.000141050846875546e+00 5.043560835607464182e-03 2.905492587878669838e+03
3.384094468418943052e+03 9.978464228589958296e-01 5.030059291642927609e-03 2.898683333042794402e+03
3.384103080197562576e+03 9.954413439369643735e-01 5.015331945289698556e-03 2.891553899254204225e+03
3.384111691976182101e+03 9.983022380179229494e-01 5.021363430588774747e-03 2.899720976667327250e+03
3.384120303754801625e+03 1.001674538598815500e+00 5.029459150839517972e-03 2.909372617854712644e+03
3.384128915533421150e+03 1.001650850999603826e+00 5.032192355741093269e-03 2.909160100672498629e+03
3.384137527312040675e+03 1.001248336870028233e+00 5.034268126244270843e-03 2.907847393964204912e+03
3.384146139090660199e+03 1.003026352416632960e+00 5.044674718270281653e-03 2.912867232040527597e+03
3.384154750869279269e+03 1.005018536934945361e+00 5.055917985173193074e-03 2.918508492669597217e+03
3.384163362647898794e+03 1.005368824586434728e+00 5.055066108703195303e-03 2.919381455444254243e+03
3.384171974426518318e+03 1.005529981725605593e+00 5.052912035090091104e-03 2.919705149261469160e+03
3.384180586205137843e+03 1.002848007223871019e+00 5.044496716252785257e-03 2.911773751179716783e+03
3.384189197983757367e+03 9.999495340126562937e-01 5.035625742497695442e-03 2.903214548789796936e+03
3.384197809762376892e+03 1.000361991114125937e+00 5.046799242716186809e-03 2.904268529266744281e+03
3.384206421540996416e+03 1.001091746387295922e+00 5.059912768419843991e-03 2.906243531493108094e+03
3.384215033319615941e+03 9.961319489655277026e-01 5.037007788087308549e-03 2.891701947512879087e+03
3.384223645098235465e+03 9.905071286066315928e-01 5.009936607255337584e-03 2.875231366753328984e+03
3.384232256876854535e+03 9.979664802720964456e-01 5.037946307535837685e-03 2.896741089221345646e+03
3.384240868655474060e+03 1.006664413144868986e+00 5.071212665080759852e-03 2.921843653354769231e+03
