9.999997270458984566e-01
9.999997226482758572e-01
9.999997168232515055e-01
9.999997099155722990e-01
9.999997022808175817e-01
9.999996941447709675e-01
9.999996856000313850e-01
9.999996766627412548e-01
9.999996673186768437e-01
9.999996575438506730e-01
9.999996473105452477e-01
9.999996365884148419e-01
9.999996253444343175e-01
9.999996135426325594e-01
9.999996011437621846e-01
9.999995881049233981e-01
9.999995743791352254e-01
9.999995599148427949e-01
9.999995446553537892e-01
9.999995285381880761e-01
9.999995114943279750e-01
9.999994934473461772e-01
9.999994743123923335e-01
9.999994539950071148e-01
9.999994323897296589e-01
9.999994093784537741e-01
9.999993848284791653e-01
9.999993585901849613e-01
9.999993304942397243e-01
9.999993003482215981e-01
9.999992679324881673e-01
9.999992329950325720e-01
9.999991952448790133e-01
9.999991543430936103e-01
9.999991098892888619e-01
9.999990613984239829e-01
9.999990082549136128e-01
9.999989496119823240e-01
9.999988841591112010e-01
9.999988095782781361e-01
9.999987212884429155e-01
9.999986096210680131e-01
9.999984536741748364e-01
9.999982084320089282e-01
9.999977788401298584e-01
9.999969698063568835e-01
9.999953940087134008e-01
9.999923097766943991e-01
9.999863500369647884e-01
9.999750931510387186e-01
9.999544230339103557e-01
9.999176381602493668e-01
9.998543083857329705e-01
9.997489558712100433e-01
9.995797563880666203e-01
9.993176100652043647e-01
9.989260840577341982e-01
9.983628260984103164e-01
9.975830117547508369e-01
9.965451474480442329e-01
9.952190723206882916e-01
9.935953273563173926e-01
9.916943304843575113e-01
9.895732372873933258e-01
9.873282295479577364e-01
9.850904409257634775e-01
9.830148202942504687e-01
9.812627563270281961e-01
9.799808670120860876e-01
9.792795459363713428e-01
9.792152790865914502e-01
9.797802324236936089e-01
9.809012595459412065e-01
9.824486276458319622e-01
9.842528810403362582e-01
9.861268180159368235e-01
9.878888647372127130e-01
9.893842710465670098e-01
9.905013671162782307e-01
9.911812833183404337e-01
9.914206930864102318e-01
9.912680332459874455e-01
9.908142005028355292e-01
9.901789821876060271e-01
9.894945936866660352e-01
9.888877920998790927e-01
9.884621933236468205e-01
9.882826819766230564e-01
9.883641930184010604e-01
9.886675857237192666e-01
9.891054782654096211e-01
9.895600395131552984e-01
9.899120044221296766e-01
9.900754286437185581e-01
9.900273820184857243e-01
9.898191033264180927e-01
9.895585473189916215e-01
9.893647016880725564e-01
9.893079817587402403e-01
9.893612612017388397e-01
9.893859284857305925e-01
9.891650721412272862e-01
9.884765229108138929e-01
9.871810788061030628e-01
9.852937462245436873e-01
9.830110618357028596e-01
9.806826569128626048e-01
9.787339896173126164e-01
9.775630573041522720e-01
9.774420199166500289e-01
9.784526978383842888e-01
9.804735646665254656e-01
9.832189636798152055e-01
9.863148886527545178e-01
9.893858638553399976e-01
9.921275822349304718e-01
9.943489249024423104e-01
9.959798862450586210e-01
9.970528139702510284e-01
9.976694186060619529e-01
9.979650915099369524e-01
9.980779297901978264e-01
9.981257507043010957e-01
9.981920140174842526e-01
9.983206928351813225e-01
9.985195058598734796e-01
9.987697488364972731e-01
9.990395335593775794e-01
9.992965142780447785e-01
9.995168265841267718e-01
9.996887748023486342e-01
9.998118597763752113e-01
9.998930817946518612e-01
9.999426752375153438e-01
9.999707793661576360e-01
9.999856039289266585e-01
9.999929096486666058e-01
9.999962941482988255e-01
9.999977866367613100e-01
9.999984304508451327e-01
9.999987178174067903e-01
9.999988630082041752e-01
9.999989526262313966e-01
9.999990194958890966e-01
9.999990755285684818e-01
9.999991250615409832e-01
9.999991698345274127e-01
9.999992107115445172e-01
9.999992482419020057e-01
9.999992828382423538e-01
9.999993148358997663e-01
9.999993445165169526e-01
9.999993721203698227e-01
9.999993978544272633e-01
9.999994218982828365e-01
9.999994444087495493e-01
9.999994655235016072e-01
9.999994853640091774e-01
9.999995040379244804e-01
9.999995216410435539e-01
9.999995382589319526e-01
9.999995539682813295e-01
9.999995688380505232e-01
9.999995829304298978e-01
9.999995963016622413e-01
9.999996090027439832e-01
9.999996210800283780e-01
9.999996325757448679e-01
9.999996435284508323e-01
9.999996539734226086e-01
9.999996639429984402e-01
9.999996734668781251e-01
9.999996825723866944e-01
9.999996912847066710e-01
9.999996996270830163e-01
9.999997076210059843e-01
9.999997152863722150e-01
9.999997226416296181e-01
9.999997297039051602e-01
9.999997364891206608e-01
9.999997430120961539e-01
9.999997492866430360e-01
9.999997553256466665e-01
9.999997611411426401e-01
9.999997667443838445e-01
9.999997721458868671e-01
9.999997773553659375e-01
9.999997823809918529e-01
9.999997872257291309e-01
9.999997918750048731e-01
9.999997962691713482e-01
9.999998002694852062e-01
9.999998036595918460e-01
9.999998062285609945e-01
9.999993185729082468e-01
9.999993085968368334e-01
9.999992955345733403e-01
9.999992800483791244e-01
9.999992628740229650e-01
9.999992445348473424e-01
9.999992252883862509e-01
9.999992052118872321e-01
9.999991842975177736e-01
9.999991625062571998e-01
9.999991397882793676e-01
9.999991160883570096e-01
9.999990913466776377e-01
9.999990654986048444e-01
9.999990384742183380e-01
9.999990101977729307e-01
9.999989805870880266e-01
9.999989495528577299e-01
9.999989169978711345e-01
9.999988828161274768e-01
9.999988468918317164e-01
9.999988090982472322e-01
9.999987692963846486e-01
9.999987273334971505e-01
9.999986830413492012e-01
9.999986362342141444e-01
9.999985867065546152e-01
9.999985342303199243e-01
9.999984785517870289e-01
9.999984193878488359e-01
9.999983564216320397e-01
9.999982892972936188e-01
9.999982176137940382e-01
9.999981409173788194e-01
9.999980586923478132e-01
9.999979703494247252e-01
9.999978752103707569e-01
9.999977724859618888e-01
9.999976612407190935e-01
9.999975403289400600e-01
9.999974082660123553e-01
9.999972629525948342e-01
9.999971010682406902e-01
9.999969167392201985e-01
9.999966986587778273e-01
9.999964240152683370e-01
9.999960460674958140e-01
9.999954695475263833e-01
9.999945036536614928e-01
9.999927754915345357e-01
9.999895767735460517e-01
9.999836032119543416e-01
9.999725303037428903e-01
9.999523541633825729e-01
9.999164178975754602e-01
9.998540527406760692e-01
9.997488022397669205e-01
9.995762817537707789e-01
9.993018649473075499e-01
9.988785823517605245e-01
9.982458414965074134e-01
9.973297815962690605e-01
9.960461768913007052e-01
9.943067032254235826e-01
9.920289961883659302e-01
9.891502243280685391e-01
9.856429429294065736e-01
9.815309678764696510e-01
9.769022007742482749e-01
9.719150602365115299e-01
9.667956636082989386e-01
9.618242030532604403e-01
9.573108704256225732e-01
9.535637959254312790e-01
9.508532711897068612e-01
9.493775839494721369e-01
9.492358438518492258e-01
9.504122174464381123e-01
9.527742252496556041e-01
9.560855423134729802e-01
9.600315033683545218e-01
9.642536457302627317e-01
9.683884461996982163e-01
9.721050973680828156e-01
9.751377129324051429e-01
9.773085518686106532e-01
9.785403791815137087e-01
9.788575849283979169e-01
9.783769000002598970e-01
9.772893661582726654e-01
9.758356730691249981e-01
9.742771824110081358e-01
9.728650486312786505e-01
9.718099338171333201e-01
9.712550136326459915e-01
9.712553853458100184e-01
9.717676070061394000e-01
9.726535841522088166e-01
9.737025467419069269e-01
9.746722612986614687e-01
9.753451397386823096e-01
9.755873008832547377e-01
9.753919254095327895e-01
9.748869707250169547e-01
9.742951063484086571e-01
9.738502484052169450e-01
9.736946134971963263e-01
9.737936554812037793e-01
9.739057272091449224e-01
9.736268835831338730e-01
9.725045505852043526e-01
9.701875615113051410e-01
9.665649953181734144e-01
9.618481119648502053e-01
9.565671921387055576e-01
9.514812457706378623e-01
9.474241339371606285e-01
9.451278698620932950e-01
9.450685805163524522e-01
9.473726929694759047e-01
9.518034519829661200e-01
9.578260409545877874e-01
9.647294520436389131e-01
9.717705047133239349e-01
9.783036167043485110e-01
9.838690045864493250e-01
9.882278554367205370e-01
9.913492225727887908e-01
9.933641771802171894e-01
9.945056470460139630e-01
9.950489051017710196e-01
9.952616455506486659e-01
9.953675003044540892e-01
9.955241020940253094e-01
9.958156733715987086e-01
9.962591031166049271e-01
9.968207392874282036e-01
9.974391052153639414e-01
9.980476167513187002e-01
9.985920215259164179e-01
9.990396016062550455e-01
9.993801552875102301e-01
9.996211347202120789e-01
9.997802767120342882e-01
9.998786296421712239e-01
9.999356480358493338e-01
9.999667316554214924e-01
9.999827177087063923e-01
9.999905157744715112e-01
9.999941619015710881e-01
9.999958318514539091e-01
9.999966139034948132e-01
9.999970154150074064e-01
9.999972579230237413e-01
9.999974326747083087e-01
9.999975755991175053e-01
9.999977006120009948e-01
9.999978133343121467e-01
9.999979163651800951e-01
9.999980111905499847e-01
9.999980988452632502e-01
9.999981801416535365e-01
9.999982557543289907e-01
9.999983262578087118e-01
9.999983921477293425e-01
9.999984538552553204e-01
9.999985117578997773e-01
9.999985661880281818e-01
9.999986174396910954e-01
9.999986657741908314e-01
9.999987114246613462e-01
9.999987545998709759e-01
9.999987954874024476e-01
9.999988342563326249e-01
9.999988710595020258e-01
9.999989060354506076e-01
9.999989393100747748e-01
9.999989709980556807e-01
9.999990012040925746e-01
9.999990300239751662e-01
9.999990575455175446e-01
9.999990838493759693e-01
9.999991090097655189e-01
9.999991330950926960e-01
9.999991561685130925e-01
9.999991782884253277e-01
9.999991995089108077e-01
9.999992198801243015e-01
9.999992394486422187e-01
9.999992582577759137e-01
9.999992763478506852e-01
9.999992937564572415e-01
9.999993105186786302e-01
9.999993266672941861e-01
9.999993422329637172e-01
9.999993572443950374e-01
9.999993717284954009e-01
9.999993857105087258e-01
9.999993992141411603e-01
9.999994122616735481e-01
9.999994248740508018e-01
9.999994370708624736e-01
9.999994488697110384e-01
9.999994602828508050e-01
9.999994713048776518e-01
9.999994818803428220e-01
9.999994918465158200e-01
9.999995008816175979e-01
9.999995085357555880e-01
9.999995144009989900e-01
9.999974748397455482e-01
9.999970908780030365e-01
9.999962961744375267e-01
9.999946617335280230e-01
9.999912994823579870e-01
9.999844511395659108e-01
9.999708021519171375e-01
9.999443979653707126e-01
9.998950488443526519e-01
9.998061763009610248e-01
9.996522088051933430e-01
9.993958986695056224e-01
9.989862929868806862e-01
9.983584746115419239e-01
9.974364438606450056e-01
9.961404290771497250e-01
9.943992931891350029e-01
9.921674611287144563e-01
9.894440838427933649e-01
9.862904277593305125e-01
9.828404025303709712e-01
9.792993726224975548e-01
9.759282724790070418e-01
9.730133206298037241e-01
9.708254694710912736e-01
9.695769578010040579e-01
9.693838692591311146e-01
9.702428638509739134e-01
9.720273782130592899e-01
9.745043730103781776e-01
9.773683109573911842e-01
9.802856472010075262e-01
9.829415184538259354e-01
9.850807436131596706e-01
9.865372810722042862e-01
9.872490868382124418e-01
9.872579899242743817e-01
9.866961577677900719e-01
9.857618375465392324e-01
9.846875645310189107e-01
9.837042783412854874e-01
9.830050625374487927e-01
9.827127106744242280e-01
9.828561539618401177e-01
9.833618490015207936e-01
9.840666477936526046e-01
9.847564706214322339e-01
9.852279927417808558e-01
9.853584680502220916e-01
9.851566313530172314e-01
9.847647619420805132e-01
9.843965603703594969e-01
9.842258845744609186e-01
9.842729587837764083e-01
9.843469800825230820e-01
9.840851985365841603e-01
9.830852257711129027e-01
9.810818055546941530e-01
9.780953882972998059e-01
9.744888511795870567e-01
9.709047421405860856e-01
9.681013670399762905e-01
9.667432098134028928e-01
9.672165589670131958e-01
9.695304741213637278e-01
9.733311095145456004e-01
9.780164035343181794e-01
9.829045522537541713e-01
9.873969308546844958e-01
9.910879181234704127e-01
9.938021325973909192e-01
9.955685433940767437e-01
9.965577184031361169e-01
9.970095187820231519e-01
9.971696078176901512e-01
9.972430650887866843e-01
9.973674219282901987e-01
9.976051290964286222e-01
9.979536399957490422e-01
9.983681670868370661e-01
9.987889928788993288e-01
9.991645354524620881e-01
9.994642576473440343e-01
9.996804836242934034e-01
9.998224724961268794e-01
9.999077594463672281e-01
9.999547971289524106e-01
9.999787022791424285e-01
9.999899473104830738e-01
9.999948813221629651e-01
9.999969338386660578e-01
9.999977727973075048e-01
9.999981326015217054e-01
9.999983059367882898e-01
9.999983985724053559e-01
9.999964690044905735e-01
9.999963752605025569e-01
9.999962501942727400e-01
9.999960986596223567e-01
9.999959261078920081e-01
9.999957359575089022e-01
9.999955290984585687e-01
9.999953046124352429e-01
9.999950604954024325e-01
9.999947938851094786e-01
9.999945007353425730e-01
9.999941747671998726e-01
9.999938050449895810e-01
9.999933706366485042e-01
9.999928291683494175e-01
9.999920930211376735e-01
9.999909814592081725e-01
9.999891277549124435e-01
9.999858057134065614e-01
9.999796183072890976e-01
9.999679617676866528e-01
9.999461432961773699e-01
9.999059961348039094e-01
9.998338158965474065e-01
9.997074597868912393e-01
9.994925371730926100e-01
9.991378106064972009e-01
9.985702464027967906e-01
9.976905996078357930e-01
9.963709325179828102e-01
9.944559185517405364e-01
9.917699702755444768e-01
9.881319102496656237e-01
9.833778787952176526e-01
9.773914074500271720e-01
9.701373153769778934e-01
9.616938504182097613e-01
9.522760473294822336e-01
9.422433262590163006e-01
9.320862655501598315e-01
9.223910287719421230e-01
9.137842904254994680e-01
9.068655512334664603e-01
9.021364332011894138e-01
8.999373419641034655e-01
9.004008154279674603e-01
9.034284071428232421e-01
9.086946726586515588e-01
9.156782314968913150e-01
9.237163276587293526e-01
9.320761489908000463e-01
9.400338139734807363e-01
9.469508571807885300e-01
9.523385553059322550e-01
9.559024926242123410e-01
9.575629110458444559e-01
9.574498990433385481e-01
9.558756197250950493e-01
9.532880720013707787e-01
9.502121593162136115e-01
9.471842295574258719e-01
9.446860641004546366e-01
9.430839908403331195e-01
9.425789132097190937e-01
9.431739845114283094e-01
9.446681886430856601e-01
9.466847813568135539e-01
9.487406963091176149e-01
9.503538760461950341e-01
9.511698578198004572e-01
9.510717435865403413e-01
9.502287596821221705e-01
9.490480841239452570e-01
9.480254572723154638e-01
9.475331084689146977e-01
9.476196257344849938e-01
9.479059458318641607e-01
9.476355286976131387e-01
9.458823130171281068e-01
9.418585374412169475e-01
9.352218652388797349e-01
9.262760528024628348e-01
9.159940399465444916e-01
9.058519087501963885e-01
8.975222049102991040e-01
8.925138885292989155e-01
8.918539546457586731e-01
8.958861179885079240e-01
9.042260252139635579e-01
9.158718822569711371e-01
9.294330645395932899e-01
9.434141347655118359e-01
9.564835882303460712e-01
9.676683906567506988e-01
9.764432700826604083e-01
9.827170692391680173e-01
9.867443051853388436e-01
9.890003281038936001e-01
9.900538333768544863e-01
9.904583625214942177e-01
9.906729676669996376e-01
9.910153463854268763e-01
9.916474626603556386e-01
9.925908510399645834e-01
9.937647195048069371e-01
9.950356387647759648e-01
9.962655871061620871e-01
9.973471685076885640e-01
9.982204063488248069e-01
9.988721423081510231e-01
9.993239219390012140e-01
9.996157965093650510e-01
9.997920207772501566e-01
9.998916990122895809e-01
9.999446622137655449e-01
9.999711995751316973e-01
9.999838241738783218e-01
9.999896058149081446e-01
9.999922290658869173e-01
9.999934745365244293e-01
9.999941439160877632e-01
9.999945753808341387e-01
9.999949038062592166e-01
9.999951809493969890e-01
9.999954264649842939e-01
9.999956476228519797e-01
9.999958458454438759e-01
9.999960184494915971e-01
9.999961600417969221e-01
9.999962657158907309e-01
9.999960755686776448e-01
9.999959782506193662e-01
9.999958489441844733e-01
9.999956927673820939e-01
9.999955155333549728e-01
9.999953210642293921e-01
9.999951106442250826e-01
9.999948837532062207e-01
9.999946388804810127e-01
9.999943739344887561e-01
9.999940862856377954e-01
9.999937725286858203e-01
9.999934278662980791e-01
9.999930447095140007e-01
9.999926095454159114e-01
9.999920960447918894e-01
9.999914502709947861e-01
9.999905598766725134e-01
9.999891920433041648e-01
9.999868727760793385e-01
9.999826606680357610e-01
9.999747389790585306e-01
9.999597094063591429e-01
9.999314207559277801e-01
9.998791132624180733e-01
9.997846215152363936e-01
9.996183856149921665e-01
9.993341145549288207e-01
9.988621793896079737e-01
9.981022315390053468e-01
9.969161556964168946e-01
9.951232205204001424e-01
9.925000227395184282e-01
9.887882524141362595e-01
9.837130763926860144e-01
9.770137041614783691e-01
9.684853239012245485e-01
9.580283233059148085e-01
9.456972758899833131e-01
9.317397010811769853e-01
9.166142441927822571e-01
9.009803290608405790e-01
8.856562519895571084e-01
8.715488733366836271e-01
8.595637384887586663e-01
8.505080433845337851e-01
8.449996461182964769e-01
8.433936876315473175e-01
8.457353967981078302e-01
8.517444012430708256e-01
8.608328622713563583e-01
8.721568455177497459e-01
8.846970854461548850e-01
8.973615512308595887e-01
9.090984846204099856e-01
9.190059273734763057e-01
9.264232981842857040e-01
9.309928568204619559e-01
9.326835417570504827e-01
9.317755428627625403e-01
9.288096252424320465e-01
9.245094424387585441e-01
9.196872423948534436e-01
9.151435349294950727e-01
9.115701150233725958e-01
9.094644210423090680e-01
9.090627946267321180e-01
9.103016032733733942e-01
9.128178383442735466e-01
9.160019902367443345e-01
9.191111324120739834e-01
9.214351772554341125e-01
9.224849653867432941e-01
9.221461184738096728e-01
9.207328311830489387e-01
9.188946947688954037e-01
9.173784957532853390e-01
9.167094359297220940e-01
9.169043627239172878e-01
9.173375968699539751e-01
9.168377529296762862e-01
9.140132385539558868e-01
9.077149339437672326e-01
8.974841028348448102e-01
8.838300075923867238e-01
8.682389471554599059e-01
8.529098551549514351e-01
8.403000707898170552e-01
8.326136231176696212e-01
8.313626645166258822e-01
8.370944908954636166e-01
8.493255930543057719e-01
8.666774347625835206e-01
8.871712598856522636e-01
9.086110629642298875e-01
9.289681773439296686e-01
9.466849517541201520e-01
9.608420425367398821e-01
9.711762160507804165e-01
9.779763496229507691e-01
9.819087746683623497e-01
9.838242795406080266e-01
9.845850310615784640e-01
9.849322626043095497e-01
9.854029499980589968e-01
9.862967827747837202e-01
9.876899313711299255e-01
9.894863088459869838e-01
9.914906243395884555e-01
9.934836825712438646e-01
9.952820012456927712e-01
9.967709876252368595e-01
9.979106605791194795e-01
9.987210836595878938e-01
9.992584194419638077e-01
9.995915165320479190e-01
9.997850158141894372e-01
9.998905846055470281e-01
9.999448240227931661e-01
9.999711789846909005e-01
9.999833881427312443e-01
9.999888725376322451e-01
9.999913471689286792e-01
9.999925431632599171e-01
9.999932146866652438e-01
9.999936706918595153e-01
9.999940313750188547e-01
9.999943418389396488e-01
9.999946182890160351e-01
9.999948648433099052e-01
9.999950789867928513e-01
9.999952544787862330e-01
9.999953855942509406e-01
