3.065537040689665901e+03 9.921722939500947636e-01 1.265055973059985885e-02 3.134345903373829060e+03
3.065545407449449158e+03 1.007778806923927517e+00 1.267673198604672528e-02 3.184289845020510711e+03
3.065553774209232870e+03 1.023379030029819559e+00 1.270317492152158063e-02 3.234233786669907204e+03
3.065562140969016127e+03 9.980632691212192320e-01 1.262108782928631281e-02 3.154862796045052164e+03
3.065570507728799839e+03 9.760391484425333664e-01 1.256286268632735015e-02 3.085866481421274784e+03
3.065578874488583097e+03 9.802776385225482336e-01 1.256896597905227814e-02 3.099891278109085306e+03
3.065587241248366354e+03 9.782089776281510662e-01 1.251578658623324174e-02 3.093972614991237606e+03
3.065595608008150066e+03 9.928786745325723917e-01 1.254258946649152405e-02 3.141003650755765193e+03
3.065603974767933323e+03 1.016309800792231322e+00 1.265301178330931371e-02 3.215776015045670647e+03
3.065612341527716580e+03 1.019024411173170996e+00 1.267407572006385569e-02 3.225014472050515906e+03
3.065620708287500292e+03 1.016010128475719698e+00 1.264397281350751988e-02 3.216121903573905911e+03
3.065629075047283550e+03 1.007139752809666833e+00 1.259205274316795194e-02 3.188684639212793627e+03
3.065637441807067262e+03 9.828508443641983394e-01 1.248893365261474590e-02 3.112409954892205860e+03
3.065645808566850519e+03 9.694447055768780075e-01 1.244170658443611091e-02 3.070573910188717491e+03
3.065654175326633776e+03 9.808489988732730369e-01 1.248784516629092810e-02 3.107319995118387851e+03
3.065662542086417488e+03 9.946660733175139990e-01 1.251919461099315622e-02 3.151725809383415253e+03
3.065670908846200746e+03 1.004932846492407661e+00 1.256252236529660331e-02 3.184897380989086287e+03
3.065679275605984458e+03 1.011152387397314056e+00 1.261247108269813316e-02 3.205252704904867187e+03
3.065687642365767715e+03 1.024001927964268699e+00 1.261977430220972453e-02 3.246636613921883509e+03
3.065696009125550972e+03 1.018976204831861132e+00 1.257404477317180386e-02 3.231351309928205410e+03
3.065704375885334684e+03 9.939986395322938373e-01 1.251315978935458977e-02 3.152776125998903353e+03
3.065712742645117942e+03 1.000018382018308394e+00 1.253580036697556251e-02 3.172506480066904260e+03
3.065721109404901654e+03 9.945828392299883580e-01 1.250850625164355752e-02 3.155895907448054459e+03
3.065729476164684911e+03 9.663384455858073929e-01 1.240307711447257398e-02 3.066889462636614553e+03
3.065737842924468168e+03 9.730818955573936613e-01 1.237989837850869690e-02 3.088911009454720897e+03
3.065746209684251880e+03 9.915074890610144909e-01 1.242210827386872052e-02 3.148031899603197417e+03
3.065754576444035138e+03 1.005778707837478914e+00 1.250978754265779161e-02 3.193983491467820841e+03
3.065762943203818395e+03 1.015125547459320154e+00 1.255792558334189665e-02 3.224312106425272304e+03
3.065771309963602107e+03 9.993875933391388466e-01 1.246102237603904754e-02 3.174960591048252809e+03
3.065779676723385364e+03 9.889181936833083553e-01 1.237834168831384619e-02 3.142330088462112144e+03
3.065788043483169076e+03 9.979052241930168599e-01 1.238908524171283311e-02 3.171522285388741693e+03
3.065796410242952334e+03 1.006053679063151352e+00 1.241110476828344820e-02 3.198060250927522247e+03
3.065804777002735591e+03 1.007735414209093738e+00 1.241042298431510940e-02 3.204047960123848497e+03
3.065813143762519303e+03 1.005684530053408743e+00 1.239380706826558910e-02 3.198167744462517931e+03
3.065821510522302560e+03 1.000488618174622646e+00 1.241180948773717291e-02 3.182281441094195543e+03
3.065829877282086272e+03 1.002143486714618392e+00 1.243587422870774846e-02 3.188183346761391022e+03
3.065838244041869530e+03 1.015551462229513868e+00 1.244480889585766747e-02 3.231485758281917697e+03
3.065846610801652787e+03 1.018166750178909563e+00 1.245096073797444594e-02 3.240456031780026933e+03
3.065854977561436499e+03 1.014354471312455930e+00 1.244949575510397380e-02 3.228968925568169652e+03
3.065863344321219756e+03 1.020533699096247915e+00 1.245552387034027340e-02 3.249289037096338689e+03
3.065871711081003468e+03 1.029323257467230635e+00 1.248231514009521398e-02 3.277929743291486375e+03
3.065880077840786726e+03 1.037562292492579141e+00 1.252040445912127806e-02 3.304828125987392468e+03
3.065888444600569983e+03 1.047108880125593666e+00 1.253674501047374705e-02 3.335902632846885808e+03
3.065896811360353695e+03 1.041454269150421386e+00 1.249379858956890105e-02 3.318551303547819316e+03
3.065905178120136952e+03 1.010500531349596942e+00 1.238199595317724007e-02 3.220562030289407630e+03
3.065913544879920209e+03 9.896723588901440438e-01 1.230310011507039676e-02 3.154810926541085792e+03
3.065921911639703922e+03 1.001328642063541219e+00 1.232410514281364125e-02 3.192605742625759831e+03
3.065930278399487179e+03 1.019798512355725606e+00 1.237559432415391916e-02 3.252143978336598593e+03
3.065938645159270891e+03 1.020923041618869265e+00 1.238936094836236290e-02 3.256380289361053201e+03
3.065947011919054148e+03 1.012336914202574212e+00 1.236990778065088538e-02 3.229638317889758582e+03
3.065955378678837405e+03 1.011283946003459278e+00 1.235508389063975053e-02 3.226923095697033204e+03
3.065963745438621118e+03 1.015155141901934899e+00 1.235568850272569970e-02 3.239922267044718865e+03
3.065972112198404375e+03 1.012672681518506757e+00 1.237010048550561854e-02 3.232644286863084290e+03
3.065980478958188087e+03 1.013996937064516768e+00 1.239250488769781319e-02 3.237517332150502625e+03
3.065988845717971344e+03 1.022202924082913134e+00 1.240328983051853552e-02 3.264368628494160475e+03
3.065997212477754601e+03 1.020044806700941331e+00 1.238853242319388342e-02 3.258126378207847665e+03
3.066005579237538313e+03 1.013586615426536053e+00 1.237692325250103371e-02 3.238143769245559724e+03
3.066013945997321571e+03 1.011183402826352662e+00 1.237125383904496244e-02 3.231110111683667128e+03
3.066022312757105283e+03 9.994924922357909525e-01 1.230557892410881309e-02 3.194389800739150814e+03
3.066030679516888540e+03 9.910956847679246451e-01 1.225058887315027753e-02 3.168184689285205422e+03
3.066039046276671797e+03 1.000992336374583624e+00 1.229293607818009171e-02 3.200458294389927687e+03
3.066047413036455509e+03 1.010788321927296840e+00 1.233357496343365743e-02 3.232422582734642674e+03
3.066055779796238767e+03 1.011884200277306523e+00 1.230631229456500934e-02 3.236571540201443895e+03
3.066064146556022024e+03 1.007622509508345532e+00 1.225855926777952645e-02 3.223581979392593894e+03
3.066072513315805736e+03 1.005532877625217703e+00 1.223125455538401525e-02 3.217537215978069980e+03
3.066080880075588993e+03 1.010346181151147160e+00 1.223218730486050169e-02 3.233582427196584831e+03
3.066089246835372705e+03 1.016925548644615596e+00 1.222941025150224396e-02 3.255287128265437786e+03
3.066097613595155963e+03 1.020550431347632792e+00 1.219788670368052684e-02 3.267540707076063427e+03
3.066105980354939220e+03 1.014286780731097126e+00 1.213785111834965284e-02 3.248132058121791488e+03
3.066114347114722932e+03 1.001994881253426728e+00 1.208031356208164042e-02 3.209406846260313614e+03
3.066122713874506189e+03 9.910286299347620398e-01 1.204106968874924660e-02 3.174912896191712207e+03
3.066131080634289901e+03 9.864855732842247038e-01 1.202294732603743747e-02 3.160986762633566286e+03
3.066139447394073159e+03 9.896057450714162984e-01 1.203187072988828009e-02 3.171614936185026636e+03
3.066147814153856416e+03 9.944739661217879556e-01 1.203411721667961391e-02 3.187850568816170835e+03
3.066156180913640128e+03 1.011792893503835611e+00 1.208110986582326685e-02 3.244011875250042976e+03
3.066164547673423385e+03 1.026536576312308213e+00 1.214114399382709188e-02 3.291936847949749790e+03
3.066172914433207097e+03 1.009908218542117098e+00 1.209504995663376187e-02 3.239255557925760513e+03
3.066181281192990355e+03 9.885252992891473411e-01 1.202125816803642847e-02 3.171299922218958272e+03
3.066189647952773612e+03 9.941329464785019221e-01 1.202282167531108260e-02 3.189923001331168962e+03
3.066198014712557324e+03 1.004136508787482063e+00 1.203814046653974013e-02 3.222661410338542737e+03
3.066206381472340581e+03 9.958111442567132432e-01 1.202447819481270060e-02 3.196576291356671391e+03
3.066214748232123839e+03 9.926295712842000407e-01 1.202848970021000961e-02 3.186995531341985043e+03
3.066223114991907551e+03 9.951991934123920469e-01 1.202246960295865093e-02 3.195879510606204349e+03
3.066231481751690808e+03 9.885652489875932369e-01 1.198884800435605705e-02 3.175205522054663106e+03
3.066239848511474520e+03 9.819720742733799579e-01 1.197780075081011919e-02 3.154654059331407552e+03
3.066248215271257777e+03 9.818183501619321962e-01 1.198878408530591570e-02 3.154785485848665303e+03
3.066256582031041034e+03 9.974466868015354759e-01 1.203833617428144535e-02 3.205637793768954452e+03
3.066264948790824747e+03 1.018558442241438655e+00 1.210617252610403372e-02 3.274136351006955920e+03
3.066273315550608004e+03 1.020804584103665036e+00 1.208947039003731815e-02 3.282006635016238761e+03
3.066281682310391716e+03 1.006144165859881312e+00 1.200803864801764341e-02 3.235512436454403542e+03
3.066290049070174973e+03 9.900520304331349442e-01 1.195480595838798593e-02 3.184394602273073360e+03
3.066298415829958230e+03 9.847673444330915515e-01 1.193617860814011160e-02 3.168024138992717781e+03
3.066306782589741943e+03 1.007512356742397364e+00 1.198100412758493043e-02 3.241837120228004096e+03
3.066315149349525200e+03 1.033662099545441970e+00 1.204488967415045381e-02 3.326636522050316671e+03
3.066323516109308912e+03 1.029802036354211303e+00 1.202518997266936035e-02 3.314869508653177036e+03
3.066331882869092169e+03 1.011143027639067382e+00 1.195457997578946129e-02 3.255451257122223979e+03
3.066340249628875426e+03 9.922418698663777459e-01 1.189875030776182258e-02 3.195229468050672494e+03
3.066348616388659138e+03 9.887805582048951880e-01 1.188578192148821537e-02 3.184713019593294121e+03
3.066356983148442396e+03 9.977497892363489385e-01 1.189000523851973905e-02 3.214236981738294617e+03
3.066365349908225653e+03 1.002313520646801015e+00 1.189205559747594579e-02 3.229577307048343755e+03
3.066373716668009365e+03 9.964683304671166919e-01 1.188678840806057721e-02 3.211377992058813561e+03
3.066382083427792622e+03 9.895447383833442245e-01 1.188403486106644549e-02 3.189695114993188326e+03
3.066390450187576334e+03 9.863011315645008326e-01 1.190185603493272050e-02 3.179867814773951068e+03
3.066398816947359592e+03 9.810684226807152575e-01 1.194053732182534348e-02 3.163622184827984711e+03
3.066407183707142849e+03 9.855252217345237264e-01 1.196330579375391549e-02 3.178621529009778897e+03
3.066415550466926561e+03 9.937598260225631863e-01 1.191874539920708027e-02 3.205813537951307808e+03
3.066423917226709818e+03 1.002275635204705306e+00 1.188683887399085044e-02 3.233923365716495027e+03
3.066432283986493530e+03 1.003403400387138156e+00 1.187553212715523714e-02 3.238201213791243390e+03
3.066440650746276788e+03 9.936313228731293856e-01 1.182850539785816786e-02 3.207297391416613209e+03
3.066449017506060045e+03 9.919843202588665143e-01 1.179166545551671268e-02 3.202612856766904770e+03
3.066457384265843757e+03 9.780096864318341687e-01 1.172625162622428774e-02 3.158118721923375688e+03
3.066465751025627014e+03 9.573198947433201322e-01 1.165575167981352557e-02 3.091918404810178799e+03
3.066474117785410726e+03 9.379905081109466414e-01 1.159502237213473619e-02 3.030086390080044112e+03
3.066482484545193984e+03 9.215643915022802002e-01 1.154311887563140918e-02 2.977610333495464147e+03
3.066490851304977241e+03 9.527822835852242100e-01 1.163956212897455586e-02 3.079083339238158715e+03
3.066499218064760953e+03 9.928754597133656601e-01 1.176293167909363106e-02 3.209283799444918259e+03
3.066507584824544210e+03 9.911163510005174260e-01 1.172829646477353133e-02 3.204229007762560286e+03
3.066515951584327468e+03 9.866547435359722673e-01 1.167488256372927261e-02 3.190433212680150973e+03
3.066524318344111180e+03 9.816299482137975652e-01 1.167490215419812391e-02 3.174810259621219302e+03
3.066532685103894437e+03 9.635000972363955141e-01 1.164689877193161339e-02 3.116787886608669396e+03
3.066541051863678149e+03 9.709384394256682649e-01 1.165625710061064281e-02 3.141468228995019672e+03
3.066549418623461406e+03 9.905545441714880273e-01 1.171001107763080910e-02 3.205566913116915202e+03
3.066557785383244664e+03 9.899483685307597369e-01 1.170650236164984780e-02 3.204235701350040472e+03
3.066566152143028376e+03 9.854747004761114093e-01 1.167525659125513704e-02 3.190383069004770732e+03
3.066574518902811633e+03 9.879196226844857431e-01 1.167454943147475631e-02 3.198927439825280089e+03
3.066582885662595345e+03 9.903255370329063778e-01 1.169002588996133352e-02 3.207348590749582854e+03
3.066591252422378602e+03 9.904712191168241198e-01 1.169162287512595828e-02 3.208451195174593977e+03
3.066599619182161859e+03 9.924491494419738213e-01 1.170068302698190621e-02 3.215490386642449721e+03
3.066607985941945572e+03 1.003152488273586940e+00 1.174034131307840137e-02 3.250807583423462347e+03
3.066616352701728829e+03 1.025778803094131053e+00 1.180218596395395808e-02 3.324783502870380289e+03
3.066624719461512541e+03 1.025517610514836475e+00 1.179885560534192981e-02 3.324590024121931947e+03
3.066633086221295798e+03 9.936204356547281291e-01 1.171066048109578074e-02 3.221816469867201249e+03
3.066641452981079055e+03 9.911075269296338863e-01 1.169932468686637507e-02 3.214299549594215932e+03
3.066649819740862768e+03 1.007750628439352480e+00 1.174731483127965277e-02 3.268917233548404511e+03
3.066658186500646025e+03 9.833176412463773275e-01 1.169519978016752247e-02 3.190288328577872562e+03
3.066666553260429282e+03 9.556562931047364318e-01 1.162408694803064406e-02 3.101152111524219436e+03
3.066674920020212994e+03 9.655245074391866078e-01 1.164052653576084541e-02 3.133789856089231762e+03
3.066683286779996251e+03 9.921226211948563911e-01 1.170119016270700432e-02 3.220750833063684695e+03
3.066691653539779963e+03 1.011466310986811612e+00 1.175253646064300904e-02 3.284190862391063092e+03
3.066700020299563221e+03 9.993228991657479021e-01 1.171914225696573872e-02 3.245398111283921935e+03
3.066708387059346478e+03 9.912880237510177661e-01 1.168805690519352479e-02 3.219935380294493825e+03
3.066716753819130190e+03 1.005310656616802412e+00 1.172925461444341080e-02 3.266124409160728192e+03
3.066725120578913447e+03 1.011063329765430563e+00 1.176771240022069127e-02 3.285458001619267634e+03
3.066733487338697159e+03 1.020703238808207791e+00 1.182858253949576298e-02 3.317432999608429327e+03
3.066741854098480417e+03 1.030795235256243059e+00 1.186502326879959775e-02 3.350889913347234597e+03
3.066750220858263674e+03 1.027743187928938928e+00 1.184996392978894010e-02 3.341622898311798963e+03
3.066758587618047386e+03 1.020503993444538349e+00 1.183192250067904676e-02 3.318735162806212429e+03
3.066766954377830643e+03 1.012907211661054241e+00 1.179942804947533425e-02 3.294675085353048416e+03
3.066775321137614355e+03 1.008439820104141793e+00 1.178673264294976576e-02 3.280786267019730076e+03
3.066783687897397613e+03 1.007068507118961120e+00 1.178857523424851374e-02 3.276966291730903777e+03
3.066792054657180870e+03 9.995526819687835518e-01 1.176338508820749112e-02 3.253146625331820360e+03
3.066800421416964582e+03 9.948659867543392377e-01 1.173790555473583526e-02 3.238526880966129283e+03
3.066808788176747839e+03 9.993507813644856297e-01 1.172104564275876053e-02 3.253762402344345901e+03
3.066817154936531097e+03 1.005883292156018571e+00 1.172452620864248077e-02 3.275672050483272869e+03
3.066825521696314809e+03 1.010723589934486633e+00 1.173639268816873381e-02 3.292078227721507574e+03
3.066833888456098066e+03 1.004767093229025576e+00 1.171622105548661766e-02 3.273316916159024004e+03
3.066842255215881778e+03 9.999952928146077502e-01 1.172779170815519724e-02 3.258408260097677612e+03
3.066850621975665035e+03 9.985358967453338286e-01 1.174963603198348958e-02 3.254288852151914853e+03
3.066858988735448293e+03 9.838611952862214016e-01 1.168425221787846441e-02 3.207089689951822947e+03
3.066867355495232005e+03 9.697318254919741198e-01 1.160260323365254476e-02 3.161649799893095405e+03
3.066875722255015262e+03 9.723878993756279732e-01 1.159766782908045434e-02 3.170928758476949042e+03
3.066884089014798974e+03 9.857743724898244686e-01 1.165510417858001656e-02 3.215209454744510367e+03
3.066892455774582231e+03 9.993340399328753954e-01 1.170314445204070734e-02 3.260072203784811791e+03
3.066900822534365489e+03 1.014854158715391419e+00 1.173430641395387629e-02 3.311348944481972921e+03
3.066909189294149201e+03 1.014703034606623033e+00 1.172311770125982096e-02 3.311502063179674224e+03
3.066917556053932458e+03 9.942968124874153046e-01 1.165503671074199707e-02 3.245539203993764204e+03
3.066925922813716170e+03 9.934037641450161882e-01 1.163436618606576538e-02 3.243256809740108110e+03
3.066934289573499427e+03 1.006580332564892988e+00 1.166404143451419545e-02 3.286916612650112256e+03
3.066942656333282684e+03 1.005526486609567893e+00 1.168390895544348107e-02 3.284115728139928251e+03
3.066951023093066397e+03 1.006117667335218568e+00 1.170215458589652507e-02 3.286687314458805758e+03
3.066959389852849654e+03 1.010769700258647319e+00 1.170056225379593855e-02 3.302527836840346481e+03
3.066967756612632911e+03 9.989552005310244898e-01 1.163526426172802573e-02 3.264562044072965364e+03
3.066976123372416623e+03 9.942741028515222901e-01 1.160760641976494104e-02 3.249897535717752362e+03
3.066984490132199880e+03 1.003386438295834182e+00 1.164259582056335722e-02 3.280321248092603582e+03
3.066992856891983593e+03 9.950841126533002123e-01 1.161607883718672463e-02 3.253812593230431958e+03
3.067001223651766850e+03 9.931854009042145881e-01 1.161494536735352238e-02 3.248236535540602745e+03
3.067009590411550107e+03 9.999797223007957925e-01 1.163676610006439405e-02 3.271094367827413407e+03
3.067017957171333819e+03 9.825700480671816228e-01 1.154896746958200549e-02 3.214770280398101022e+03
3.067026323931117076e+03 9.638680201684303173e-01 1.147020322838029037e-02 3.154194875487122317e+03
3.067034690690900788e+03 9.731347548235724787e-01 1.153502193283648808e-02 3.185139402636432806e+03
3.067043057450684046e+03 9.986332166376655772e-01 1.163312646832967596e-02 3.269233669916687177e+03
3.067051424210467303e+03 1.013384161009017292e+00 1.165343157037261428e-02 3.318169335116207094e+03
3.067059790970251015e+03 1.006734902565615375e+00 1.162820217969912952e-02 3.297038513369846441e+03
3.067068157730034272e+03 9.859955848128794109e-01 1.157109888852917226e-02 3.229745560850463789e+03
3.067076524489817984e+03 9.658983253328355945e-01 1.148872055961081690e-02 3.164529739424819127e+03
3.067084891249601242e+03 9.627436461816987201e-01 1.145513600068004574e-02 3.154807332548269642e+03
3.067093258009384499e+03 9.803931337576466953e-01 1.149975698939153732e-02 3.213267172497089632e+03
3.067101624769168211e+03 1.003263277087001137e+00 1.157754064012669025e-02 3.288863669514737467e+03
3.067109991528951468e+03 1.012609516739001458e+00 1.163266568301595666e-02 3.320147081054318733e+03
3.067118358288734726e+03 1.009126249454024071e+00 1.165257285736216383e-02 3.309368801134135538e+03
3.067126725048518438e+03 1.007188837183664143e+00 1.163703914739949025e-02 3.303656607510379217e+03
3.067135091808301695e+03 1.014144453638626819e+00 1.160060681271585063e-02 3.327117425806273332e+03
3.067143458568085407e+03 1.007742223719947150e+00 1.156130848553933547e-02 3.306755329260410690e+03
3.067151825327868664e+03 9.979307966699880739e-01 1.155576493497356694e-02 3.275196136660958928e+03
3.072160001512242616e+03 1.036626055702674298e+00 9.406996936402498011e-03 4.143810838889890874e+03
3.072167810660374926e+03 1.015479939217389660e+00 9.351038807938038405e-03 4.061065608552445156e+03
3.072175619808507236e+03 1.001759694052234861e+00 9.323315147104986600e-03 4.007948017054540287e+03
3.072183428956639091e+03 9.984652328775066588e-01 9.314113081991455892e-03 3.996504960127285813e+03
3.072191238104771401e+03 9.875278669262443909e-01 9.269294539708750752e-03 3.954437056768223556e+03
3.072199047252903711e+03 9.875832193805994530e-01 9.270401669803337089e-03 3.956361109631620820e+03
3.072206856401036021e+03 9.968312939201888767e-01 9.293519246118439950e-03 3.995119904869104630e+03
3.072214665549168330e+03 9.953442228768963895e-01 9.278507522015776166e-03 3.990859204612911071e+03
3.072222474697300640e+03 9.918170270788063680e-01 9.267153408847494250e-03 3.978401755462689835e+03
3.072230283845432496e+03 9.934123285427499672e-01 9.268497415575418369e-03 3.986480248599530569e+03
3.072238092993564806e+03 9.886958812754926829e-01 9.254602195059739855e-03 3.969216719633206594e+03
3.072245902141697115e+03 9.862444360776436714e-01 9.254854239753937048e-03 3.961025998396034993e+03
3.072253711289829425e+03 9.960803965112763336e-01 9.298909443434255628e-03 4.002188912522647115e+03
3.072261520437961735e+03 1.001825467216636678e+00 9.328457834091023748e-03 4.026932500401172547e+03
3.072269329586094045e+03 1.003756322914719723e+00 9.332486702802119533e-03 4.036348856496293592e+03
3.072277138734225900e+03 9.986487436026384445e-01 9.311462470354203019e-03 4.017448400583754392e+03
3.072284947882358210e+03 9.807611539008711521e-01 9.259479007350062546e-03 3.947089553308620907e+03
3.072292757030490520e+03 9.777095459692476398e-01 9.258382721328204529e-03 3.936396046136710538e+03
3.072300566178622830e+03 9.899453734461729493e-01 9.287310704321325230e-03 3.987258578572135775e+03
3.072308375326755140e+03 9.943016948150321666e-01 9.283434035465160453e-03 4.006402913452361645e+03
3.072316184474887450e+03 9.891107034323806113e-01 9.267336875775685628e-03 3.987068082062009125e+03
3.072323993623019305e+03 9.871912507007253312e-01 9.267629813097184518e-03 3.980901115026062143e+03
3.072331802771151615e+03 9.972992717875547308e-01 9.304992070344516447e-03 4.023240299923902967e+03
3.072339611919283925e+03 1.000770367509231873e+00 9.320926758738103807e-03 4.038818387197983611e+03
3.072347421067416235e+03 1.003265147484203146e+00 9.341083885099485049e-03 4.050457388741462182e+03
3.072355230215548545e+03 1.009320252348601343e+00 9.370184115950568743e-03 4.076475387883315307e+03
3.072363039363680400e+03 1.001293280302263833e+00 9.328350461774874425e-03 4.045606833931790334e+03
3.072370848511812710e+03 9.935064434525494592e-01 9.296602359502683863e-03 4.015675753406228068e+03
3.072378657659945020e+03 9.841217850860262129e-01 9.290015436983939043e-03 3.979251756135799496e+03
3.072386466808077330e+03 9.774581824277089881e-01 9.278039846113065106e-03 3.953797497197487246e+03
3.072394275956209640e+03 9.882008111986348986e-01 9.295692166013400440e-03 3.998749065780931232e+03
3.072402085104341950e+03 9.921402767551077417e-01 9.294473388672961148e-03 4.016185669947268252e+03
3.072409894252473805e+03 9.906047457729586503e-01 9.320703837398696887e-03 4.011454857744281981e+03
3.072417703400606115e+03 1.003034891821397823e+00 9.395530454806687998e-03 4.063286052605855730e+03
3.072425512548738425e+03 1.012448902700381126e+00 9.400973535074109988e-03 4.102923047887144094e+03
3.072433321696870735e+03 1.009004741190919319e+00 9.358244071330193425e-03 4.090453084315722663e+03
3.072441130845003045e+03 9.987980900876995971e-01 9.332420182817546817e-03 4.050539901951442516e+03
3.072448939993135355e+03 9.860516606355063107e-01 9.308285813338425599e-03 4.000285015415902308e+03
3.072456749141267210e+03 9.771414270423786075e-01 9.278755087027839438e-03 3.965553386620434594e+03
3.072464558289399520e+03 9.765600003291888820e-01 9.268203868035600895e-03 3.964600845903248228e+03
3.072472367437531830e+03 9.870053183622991000e-01 9.295536775616359410e-03 4.008420259010527388e+03
3.072480176585664140e+03 9.941512857657267555e-01 9.316611065261605831e-03 4.038857294958995226e+03
3.072487985733796449e+03 9.871029330745511032e-01 9.275974332642971526e-03 4.011620149199040497e+03
3.072495794881928759e+03 9.804330823433959896e-01 9.228565509146051046e-03 3.985893665627360406e+03
3.072503604030060615e+03 9.779027128513855249e-01 9.216911997503554957e-03 3.976974914052378153e+03
3.072511413178192925e+03 9.748471695161603501e-01 9.212154755518708535e-03 3.965904435002021728e+03
3.072519222326325234e+03 9.865361497096893917e-01 9.247647963452542905e-03 4.014821896368937814e+03
3.072527031474457544e+03 9.975257264537672475e-01 9.282257315057780567e-03 4.060916108845749477e+03
3.072534840622589854e+03 9.921254381425775870e-01 9.288538781774132239e-03 4.040286787950598864e+03
3.072542649770721710e+03 9.938637097317682967e-01 9.321348151458894171e-03 4.048714942425543086e+03
3.072550458918854019e+03 1.000377013851682761e+00 9.341596486126216292e-03 4.076598083439830589e+03
3.072558268066986329e+03 9.938074374349791240e-01 9.312462785354653355e-03 4.051159332056405674e+03
3.072566077215118639e+03 9.847743339335590651e-01 9.286276619128275983e-03 4.015649133753562182e+03
3.072573886363250949e+03 9.854227520116252137e-01 9.294101234031047071e-03 4.019598243590627135e+03
3.072581695511383259e+03 1.002205215574816899e+00 9.340645267021536677e-03 4.089373832094010140e+03
3.072589504659515114e+03 1.016738689889740366e+00 9.385312578605413403e-03 4.150005450191840282e+03
3.072597313807647424e+03 1.005205780854377062e+00 9.368354223450534729e-03 4.104237901887675434e+03
3.072605122955779734e+03 9.930371985254556888e-01 9.336949950160142175e-03 4.055835849153068011e+03
3.072612932103912044e+03 1.006616074167850927e+00 9.371492920393569015e-03 4.112586908849223619e+03
3.072620741252044354e+03 1.020477258096020634e+00 9.428399216593812832e-03 4.170518060463085931e+03
3.072628550400176664e+03 1.015230693663762507e+00 9.438182442014985199e-03 4.150361603876088338e+03
3.072636359548308519e+03 1.003419847622716965e+00 9.406102824764920808e-03 4.103339780236683509e+03
3.072644168696440829e+03 9.920143662956222297e-01 9.354788478428006579e-03 4.057938180404469676e+03
3.072651977844573139e+03 9.826929402753030729e-01 9.319224178234634601e-03 4.021027550888362384e+03
3.072659786992705449e+03 9.790325916636462011e-01 9.313554030523224503e-03 4.007256915102300354e+03
3.072667596140837759e+03 9.805711530519316543e-01 9.326202242379471111e-03 4.014755048010330029e+03
3.072675405288970069e+03 9.822803430301514371e-01 9.344025871136864628e-03 4.022947588017681483e+03
3.072683214437101924e+03 9.768738755375733218e-01 9.336500186412466373e-03 4.001985193043460185e+03
3.072691023585234234e+03 9.692429353908754708e-01 9.320586734334975268e-03 3.971885928582946690e+03
3.072698832733366544e+03 9.712235488718928833e-01 9.334908605262686593e-03 3.981159240322787809e+03
3.072706641881498854e+03 9.852917346582354963e-01 9.374201062461706355e-03 4.039991845895212009e+03
3.072714451029631164e+03 9.994419168332884240e-01 9.408183524867001074e-03 4.099185722061376509e+03
3.072722260177763019e+03 1.002228007441403834e+00 9.415115340726197199e-03 4.111781615853746189e+03
3.072730069325895329e+03 9.945118008421871547e-01 9.397005787369214908e-03 4.081276329432881994e+03
3.072737878474027639e+03 9.873031046926706855e-01 9.370909922903382372e-03 4.052828265778921377e+03
3.072745687622159949e+03 9.878115596623409100e-01 9.356504155294785574e-03 4.056042785801106220e+03
3.072753496770292259e+03 9.972264222279307866e-01 9.375305167897241693e-03 4.095830839377975281e+03
3.072761305918424569e+03 1.012008795620028767e+00 9.430785282983251971e-03 4.157683445927393223e+03
3.072769115066556424e+03 1.016234436305682332e+00 9.453911325136695951e-03 4.176178248961511599e+03
3.072776924214688734e+03 1.003754694998867159e+00 9.409328003494383391e-03 4.126005328288239070e+03
3.072784733362821044e+03 9.942399116611959631e-01 9.386502047485201228e-03 4.087987435664746044e+03
3.072792542510953353e+03 1.000634960618775660e+00 9.428079229241097259e-03 4.115373781395821425e+03
3.072800351659085663e+03 1.007634989787805191e+00 9.456732772175527324e-03 4.145254499441063672e+03
3.072808160807217973e+03 1.002721278203858368e+00 9.435002305547508794e-03 4.126117845290366859e+03
3.072815969955349829e+03 9.976442807765606435e-01 9.409083577842662985e-03 4.106290243608834317e+03
3.072823779103482138e+03 9.977121050978672301e-01 9.395290688663140988e-03 4.107625013313623640e+03
3.072831588251614448e+03 9.954141625432522122e-01 9.385479575586773079e-03 4.099209172213370039e+03
3.072839397399746758e+03 9.960774924871229619e-01 9.391598059268433177e-03 4.102978124420623317e+03
3.072847206547879068e+03 9.978972050127703497e-01 9.381752603969624460e-03 4.111504654197188756e+03
3.072855015696011378e+03 9.923995432349415058e-01 9.335292124566402575e-03 4.089870310173517282e+03
3.072862824844143233e+03 9.897747362940378935e-01 9.303328465615408674e-03 4.080058995614678679e+03
3.072870633992275543e+03 9.884968578336056355e-01 9.289772432629741020e-03 4.075787809425723026e+03
3.072878443140407853e+03 9.882347096838275391e-01 9.296762124860283652e-03 4.075694923697207741e+03
3.072886252288540163e+03 9.934767780741282639e-01 9.326543994966768336e-03 4.098299335206865180e+03
3.072894061436672473e+03 9.949651427504360157e-01 9.326626680802552541e-03 4.105417326964105996e+03
3.072901870584804328e+03 9.903059048462464764e-01 9.292054258825854091e-03 4.087157770504555174e+03
3.072909679732936638e+03 9.848572290700949861e-01 9.271953893978975361e-03 4.065622022732092319e+03
3.072917488881068948e+03 9.839475644873753035e-01 9.286725166034112688e-03 4.062809584818098301e+03
3.072925298029201258e+03 9.853194998550202088e-01 9.300937721736821789e-03 4.069410324879047039e+03
3.072933107177333568e+03 9.866203377437831046e-01 9.312646880273032363e-03 4.075711757228547867e+03
3.072940916325465878e+03 9.878294941878438262e-01 9.312694679191869246e-03 4.081628597351018470e+03
3.072948725473597733e+03 9.837128935832170074e-01 9.271340875081791194e-03 4.065528956255205230e+03
3.072956534621730043e+03 9.829390188910592796e-01 9.265231284837594991e-03 4.063231566484593714e+03
3.072964343769862353e+03 9.839901230271520527e-01 9.297423092969750794e-03 4.068470261782325906e+03
3.072972152917994663e+03 9.781469162532694384e-01 9.293868574632173710e-03 4.045190793202335044e+03
3.072979962066126973e+03 9.826558813831559602e-01 9.300601889601555969e-03 4.064714032634033629e+03
3.072987771214259283e+03 9.901210196705226840e-01 9.300733646863040827e-03 4.096467791797455902e+03
3.072995580362391138e+03 9.851993610618551278e-01 9.262664984626719014e-03 4.076967202030554290e+03
3.073003389510523448e+03 9.789458602705255474e-01 9.247209778872760716e-03 4.051937237811222985e+03
3.073011198658655758e+03 9.725149664007666228e-01 9.237355633822406931e-03 4.026153943104922291e+03
3.073019007806788068e+03 9.745837454245585008e-01 9.224277880405182262e-03 4.035546932427635511e+03
3.073026816954920378e+03 9.864759690089690558e-01 9.235358165338672376e-03 4.085620402592540813e+03
3.073034626103052688e+03 9.822953572618251528e-01 9.227270905202339391e-03 4.069124419813901113e+03
3.073042435251184543e+03 9.688991464658270880e-01 9.214685462535338392e-03 4.014430427241955840e+03
3.073050244399316853e+03 9.702726883632680766e-01 9.222852678660669462e-03 4.020913814035413907e+03
3.073058053547449163e+03 9.745967452786150620e-01 9.197877796150819019e-03 4.039620992997595749e+03
3.073065862695581473e+03 9.629694926486815909e-01 9.137849222126369353e-03 3.992197426783805895e+03
3.073073671843713782e+03 9.419500847263578835e-01 9.076524713497281099e-03 3.905802700344540426e+03
3.073081480991845638e+03 9.317622194097998634e-01 9.037694656007497218e-03 3.864288580458656270e+03
3.073089290139977948e+03 9.262561915874195639e-01 8.991548505413849909e-03 3.842171397633335800e+03
3.073097099288110257e+03 9.171597277448073626e-01 8.978569517325599506e-03 3.805141900072407225e+03
3.073104908436242567e+03 9.168533200873564271e-01 9.028580103434697898e-03 3.804566031606257184e+03
3.073112717584374877e+03 9.287683932436202605e-01 9.059488218277794366e-03 3.854705381441020563e+03
3.073120526732507187e+03 9.294580010325863562e-01 9.031474663066462252e-03 3.858256943716281057e+03
3.073128335880639042e+03 9.260021422869285646e-01 9.031246320482459733e-03 3.844590573598046831e+03
3.073136145028771352e+03 9.406041859442425546e-01 9.111621649620893840e-03 3.905897640186955869e+03
3.073143954176903662e+03 9.544447482071938271e-01 9.177999220497520469e-03 3.964055305592965851e+03
3.073151763325035972e+03 9.626386103724323684e-01 9.212520551728850191e-03 3.998768551835705694e+03
3.073159572473168282e+03 9.631977819759133252e-01 9.230756768648632274e-03 4.001765734654550670e+03
3.073167381621300592e+03 9.608662791840425488e-01 9.234079588296126295e-03 3.992743891386151518e+03
3.073175190769432447e+03 9.652696316160259693e-01 9.240651856737070943e-03 4.011701186445179701e+03
3.073182999917564757e+03 9.674068409499639865e-01 9.242786806334050975e-03 4.021236715142259982e+03
3.073190809065697067e+03 9.729210307037282623e-01 9.251660527385753216e-03 4.044806466026321232e+03
3.073198618213829377e+03 9.846598088724685116e-01 9.285230389839889756e-03 4.094257533209994108e+03
3.073206427361961687e+03 9.966340083176540299e-01 9.333088601111420857e-03 4.144694814301893530e+03
3.073214236510093997e+03 1.003409380762967373e+00 9.351957524086702139e-03 4.173515611318085575e+03
3.073222045658225852e+03 9.970944517360000869e-01 9.326693751493040155e-03 4.147881458674298301e+03
3.073229854806358162e+03 9.837405982871264554e-01 9.272965017924907419e-03 4.092944953617643478e+03
3.073237663954490472e+03 9.747447651765254184e-01 9.220106735790158450e-03 4.056118313956239035e+03
3.073245473102622782e+03 9.739765552429331397e-01 9.212141562402896902e-03 4.053514418053757254e+03
3.073253282250755092e+03 9.786449238126050387e-01 9.227105892088690448e-03 4.073530808682219686e+03
3.073261091398886947e+03 9.824937392671533321e-01 9.216315775142217004e-03 4.090132811723997747e+03
3.073268900547019257e+03 9.796040401899026584e-01 9.191264990262876244e-03 4.078674716042572072e+03
3.073276709695151567e+03 9.779886730996442123e-01 9.187598773870922150e-03 4.072511654483203529e+03
3.073284518843283877e+03 9.830053843180576179e-01 9.204480324740619071e-03 4.093959474386577313e+03
3.073292327991416187e+03 9.882961000857742873e-01 9.221167937488347968e-03 4.116546070973940004e+03
3.073300137139548497e+03 1.001539002533833767e+00 9.252312088815144858e-03 4.172257900732033704e+03
3.073307946287680352e+03 1.005716569623775536e+00 9.253034248742202442e-03 4.190206151444992429e+03
3.073315755435812662e+03 9.887768299517983861e-01 9.204286570545630597e-03 4.120156347343481684e+03
3.073323564583944972e+03 9.822537106448312461e-01 9.202929804485312018e-03 4.093491094970274389e+03
3.073331373732077282e+03 9.821964967962572013e-01 9.211862458838052103e-03 4.093760534873176766e+03
3.073339182880209592e+03 9.818971362859175711e-01 9.204842975390991472e-03 4.093012360035600523e+03
3.073346992028341901e+03 9.867897805690009072e-01 9.211413056876878100e-03 4.113901045063218589e+03
3.073354801176473757e+03 9.834093990040483346e-01 9.206719526425289138e-03 4.100292272171022887e+03
3.073362610324606067e+03 9.741945400088846130e-01 9.192953141456076255e-03 4.062342536932449548e+03
3.073370419472738376e+03 9.677482037886159238e-01 9.180988010881624764e-03 4.035921772689023783e+03
3.073378228620870686e+03 9.710810838681261936e-01 9.192001544463059698e-03 4.050274939415834524e+03
3.073386037769002996e+03 9.759587824602945494e-01 9.202471143542808110e-03 4.071067091701408572e+03
3.073393846917135306e+03 9.769122224390399678e-01 9.203056273929040298e-03 4.075484327482280605e+03
3.073401656065267161e+03 9.857890400424432764e-01 9.225267180545580759e-03 4.112952550198085191e+03
3.073409465213399471e+03 1.000477743027065491e+00 9.260941895813112890e-03 4.174671471696015942e+03
3.073417274361531781e+03 1.005505607386729006e+00 9.275578909137265071e-03 4.196079010530915184e+03
3.073425083509664091e+03 9.975955769082639479e-01 9.255108293391838339e-03 4.163485845918601626e+03
3.073432892657796401e+03 9.920909910804308618e-01 9.250272355858941628e-03 4.140918001298012314e+03
3.073440701805928256e+03 9.953590824515264890e-01 9.267515511083467689e-03 4.154957496039305624e+03
3.073448510954060566e+03 1.001036073712680219e+00 9.267598877822380912e-03 4.179047786667717446e+03
3.073456320102192876e+03 1.006765219161894542e+00 9.280499848222751799e-03 4.203351902061061992e+03
3.073464129250325186e+03 9.988181283776725872e-01 9.263952999069865676e-03 4.170547112214009758e+03
3.073471938398457496e+03 9.799757068623815570e-01 9.200298855124256978e-03 4.092230847240540243e+03
3.073479747546589806e+03 9.814702672737961597e-01 9.211790219805704102e-03 4.098824213980969034e+03
3.073487556694721661e+03 9.931571618624313036e-01 9.248773331386335103e-03 4.147979356983028083e+03
3.073495365842853971e+03 9.930548303438675450e-01 9.220651369984907142e-03 4.147891900623221773e+03
3.073503174990986281e+03 9.809933499754894815e-01 9.171332627596529355e-03 4.097839933322307843e+03
3.073510984139118591e+03 9.726714072794270249e-01 9.144736808260840732e-03 4.063393991641165485e+03
3.073518793287250901e+03 9.826367451658601926e-01 9.172421286710155663e-03 4.105336634864032021e+03
3.073526602435383211e+03 9.864631532910366207e-01 9.192835244163593753e-03 4.121627744484794675e+03
3.073534411583515066e+03 9.769416550060068261e-01 9.179623457375035017e-03 4.082138911807312979e+03
3.073542220731647376e+03 9.685494941176220340e-01 9.161883555906783286e-03 4.047355554616973677e+03
3.073550029879779686e+03 9.650482881568804849e-01 9.148576744463524091e-03 4.032998914820999744e+03
3.073557839027911996e+03 9.803533944879622153e-01 9.216030986088207672e-03 4.097230258904463881e+03
3.073565648176044306e+03 9.930159768570731016e-01 9.273146295413819615e-03 4.150417044230732245e+03
3.073573457324176616e+03 9.861366790806723737e-01 9.237683185938226627e-03 4.121919780027907109e+03
3.073581266472308471e+03 9.878746882640623284e-01 9.237394224027518225e-03 4.129432156085882525e+03
3.073589075620440781e+03 9.882126871363777765e-01 9.250167565331562924e-03 4.131084621175585198e+03
3.073596884768573091e+03 9.738833561593562838e-01 9.211150144745109541e-03 4.071410872694304999e+03
3.073604693916705401e+03 9.696962615929966001e-01 9.204116941325184501e-03 4.054125291247071800e+03
3.073612503064837711e+03 9.824193787658814792e-01 9.246796337818656564e-03 4.107532008722341743e+03
3.073620312212969566e+03 9.954139677885511794e-01 9.287168235113911138e-03 4.162071069167343012e+03
3.073628121361101876e+03 9.961732411243801044e-01 9.295550444184957559e-03 4.165445846308429282e+03
3.073635930509234186e+03 9.908301521391326139e-01 9.276846675756707586e-03 4.143294750870876669e+03
3.073643739657366496e+03 9.826231102608246060e-01 9.257843580265096364e-03 4.109156849958089879e+03
3.073651548805498805e+03 9.764101958595311492e-01 9.257235772720612266e-03 4.083347257120500217e+03
3.073659357953631115e+03 9.758963595295944149e-01 9.250969669116855185e-03 4.081361903047921714e+03
3.073667167101762971e+03 9.797840421121046806e-01 9.266900087969983518e-03 4.097776849005707845e+03
3.073674976249895280e+03 9.933007398070530236e-01 9.319056487827026211e-03 4.154457985624007051e+03
3.073682785398027590e+03 1.007249981541018968e+00 9.340381112523436780e-03 4.212943990088381724e+03
3.073690594546159900e+03 1.000473950405627033e+00 9.302903935120425058e-03 4.184736748847977651e+03
3.073698403694292210e+03 9.805256835799280868e-01 9.249019301889344069e-03 4.101421533592725609e+03
3.073706212842424520e+03 9.749787289307292326e-01 9.229966222250873126e-03 4.078333958085104769e+03
3.073714021990556375e+03 9.779017008491110996e-01 9.229299899523691481e-03 4.090667620529835403e+03
3.073721831138688685e+03 9.842523065430787144e-01 9.256459995163671822e-03 4.117332264769244830e+03
3.073729640286820995e+03 9.977146208686854534e-01 9.311656681155541446e-03 4.173740363778272695e+03
3.073737449434953305e+03 1.002425204069800291e+00 9.337343097671963951e-03 4.193530680309092531e+03
3.073745258583085615e+03 9.939225725076974438e-01 9.323827134962754323e-03 4.158036439424612581e+03
3.073753067731217925e+03 9.905565714654025467e-01 9.340745951808877498e-03 4.144021946918434878e+03
3.073760876879349780e+03 9.981574525560439337e-01 9.398558043196799869e-03 4.175879701412149188e+03
3.073768686027482090e+03 1.012065858577866573e+00 9.434556191039633957e-03 4.234118396657533594e+03
3.073776495175614400e+03 1.028729827083979975e+00 9.450520718856882454e-03 4.303878370111135155e+03
3.228349032434612582e+03 1.001998212865572002e+00 4.713305479110314888e-03 1.166620430549616322e+04
3.228358427351977753e+03 9.987749207276666041e-01 4.706597969331862905e-03 1.163134236329182750e+04
3.228367822269342923e+03 9.955524956621234489e-01 4.699891432748076400e-03 1.159648042108749178e+04
3.228377217186708094e+03 9.976305911146514660e-01 4.703988481606331297e-03 1.162336417214973881e+04
3.228386612104073265e+03 9.999584316179095378e-01 4.708942261923206030e-03 1.165317596156531363e+04
3.228396007021438436e+03 9.992786087630300962e-01 4.689067225036766887e-03 1.164794798343331604e+04
3.228405401938803607e+03 9.982953926614019924e-01 4.666139994480019738e-03 1.163918479081566693e+04
3.228414796856169232e+03 9.974919777539870136e-01 4.653417870556798494e-03 1.163251845803659853e+04
3.228424191773534403e+03 9.966404985711128095e-01 4.642063918366893908e-03 1.162529215059012131e+04
3.228433586690899574e+03 9.991582193048752503e-01 4.648155193817172549e-03 1.165737500678145079e+04
3.228442981608264745e+03 1.002578864450253349e+00 4.658431084419878410e-03 1.170001294152840273e+04
3.228452376525629916e+03 1.000727258380668783e+00 4.643518640297363866e-03 1.168113239513034932e+04
3.228461771442995087e+03 9.975057744004137694e-01 4.622500841612385558e-03 1.164625154928276970e+04
3.228471166360360257e+03 9.972081893672415376e-01 4.623518300707167572e-03 1.164550198144970091e+04
3.228480561277725428e+03 9.975880878477659808e-01 4.629656722877624302e-03 1.165266728588171827e+04
3.228489956195090599e+03 9.993374562453202214e-01 4.623334646691053783e-03 1.167583755231266878e+04
3.228499351112455770e+03 1.001514319717242252e+00 4.613567247015090515e-03 1.170401547293937256e+04
3.228508746029820941e+03 1.000906675727694317e+00 4.608358986892146028e-03 1.169965893132486235e+04
3.228518140947186112e+03 9.993759132705943848e-01 4.604546182849651378e-03 1.168450766365988784e+04
3.228527535864551737e+03 9.994540007324641540e-01 4.601371344084695565e-03 1.168816394364019652e+04
3.228536930781916908e+03 1.000026489793694351e+00 4.598332555775620084e-03 1.169760463744014851e+04
3.228546325699282079e+03 9.978915987061710569e-01 4.587564703090756327e-03 1.167537249001249074e+04
3.228555720616647250e+03 9.946504323310761952e-01 4.573545544429765200e-03 1.164018223482704161e+04
3.228565115534012421e+03 9.934479933348893121e-01 4.567087532019865719e-03 1.162883834153495081e+04
3.228574510451377591e+03 9.933173614061319157e-01 4.564517026981337877e-03 1.163003628456481965e+04
3.228583905368742762e+03 9.954641842473312963e-01 4.567954216382027685e-03 1.165790391063234347e+04
3.228593300286107933e+03 9.988826562536258225e-01 4.574659321069003866e-03 1.170067784230700454e+04
3.228602695203473104e+03 9.994139302715960849e-01 4.573800723107214992e-03 1.170964101452246905e+04
3.228612090120838275e+03 9.980470307909313776e-01 4.567984597066801142e-03 1.169635995091375662e+04
3.228621485038203446e+03 9.991491577627439336e-01 4.567355260006291176e-03 1.171201096002348640e+04
3.228630879955568616e+03 1.001668650155278728e+00 4.569857739719653672e-03 1.174428352688702034e+04
3.228640274872934242e+03 1.002263649115899824e+00 4.562246862467272783e-03 1.175399742116540983e+04
3.228649669790299413e+03 1.001597241562170115e+00 4.547850551202906218e-03 1.174891464372285554e+04
3.228659064707664584e+03 1.000980977364471780e+00 4.548074928206856903e-03 1.174441281408064242e+04
3.228668459625029755e+03 1.000491149433844429e+00 4.559284927261849155e-03 1.174138734262738399e+04
3.228677854542394925e+03 9.984138182322856991e-01 4.555674512949295894e-03 1.171972011232598743e+04
3.228687249459760096e+03 9.953368583218100696e-01 4.540937661985645218e-03 1.168630013214891005e+04
3.228696644377125267e+03 9.945937027556857046e-01 4.528696805044524556e-03 1.168026599335066203e+04
3.228706039294490438e+03 9.952017416021278207e-01 4.516942586118719016e-03 1.169009411793145409e+04
3.228715434211855609e+03 9.950303765802612777e-01 4.510464485645767144e-03 1.169076237075994504e+04
3.228724829129220780e+03 9.946700695176499130e-01 4.510397643239499182e-03 1.168920311804184712e+04
3.228734224046585950e+03 9.940505384696129987e-01 4.510900671414591438e-03 1.168458836299029826e+04
3.228743618963951121e+03 9.929096211508339209e-01 4.510948470228245966e-03 1.167383339003974288e+04
3.228753013881316747e+03 9.936899252192495924e-01 4.512842623343686979e-03 1.168565842475693535e+04
3.228762408798681918e+03 9.967399343735957595e-01 4.517399372918087970e-03 1.172417752387807195e+04
3.228771803716047089e+03 9.975052463371090194e-01 4.514544838178255644e-03 1.173582503332318811e+04
3.228781198633412259e+03 9.953695050099752306e-01 4.501811040003534867e-03 1.171332923956820377e+04
3.228790593550777430e+03 9.957219789397749876e-01 4.499054829010415597e-03 1.172010098273383664e+04
3.228799988468142601e+03 9.991442332021206463e-01 4.509225925528631551e-03 1.176300638665112274e+04
3.228809383385507772e+03 1.000183418210666364e+00 4.509928834083356056e-03 1.177785807993472736e+04
3.228818778302872943e+03 9.979801644256877102e-01 4.497207995436499316e-03 1.175451505786414054e+04
3.228828173220238114e+03 9.969953904994499627e-01 4.491894427158767307e-03 1.174550532306798777e+04
3.228837568137603284e+03 9.984127302603981180e-01 4.499561528066493322e-03 1.176478538461518838e+04
3.228846963054968455e+03 9.988213380385311257e-01 4.499677129114351692e-03 1.177217303831107711e+04
3.228856357972333626e+03 9.968886043564101351e-01 4.485841269760105707e-03 1.175195048593654610e+04
3.228865752889699252e+03 9.971270165537967634e-01 4.476498289573683370e-03 1.175730699195441048e+04
3.228875147807064423e+03 1.001093099468097325e+00 4.475246713230528889e-03 1.180661605279110154e+04
3.228884542724429593e+03 1.003301831069651762e+00 4.474966324667806888e-03 1.183520288391798022e+04
3.228893937641794764e+03 1.002840874183225317e+00 4.478554603586175006e-03 1.183228926078158474e+04
3.228903332559159935e+03 1.001316917591047906e+00 4.473404501690793345e-03 1.181681566769812889e+04
3.228912727476525106e+03 9.973462508674155735e-01 4.449515761904537965e-03 1.177244083506784409e+04
3.228922122393890277e+03 9.959141760048436653e-01 4.436120769530455844e-03 1.175800397313049325e+04
3.228931517311255448e+03 9.997365238748320282e-01 4.446585043218238310e-03 1.180559410216666583e+04
3.228940912228620618e+03 1.001727680273609922e+00 4.452695508417316497e-03 1.183156025359635896e+04
3.228950307145985789e+03 1.000190263662308343e+00 4.449649236281640920e-03 1.181583636965935511e+04
3.228959702063350960e+03 9.995594922042988495e-01 4.448521497424075440e-03 1.181080297280107698e+04
3.228969096980716131e+03 1.001159038621594055e+00 4.450853504001337467e-03 1.183211003041961158e+04
3.228978491898081757e+03 1.002280290972050070e+00 4.452755801237596317e-03 1.184775524024989136e+04
3.228987886815446927e+03 1.001210062502107423e+00 4.452782213377818633e-03 1.183747946762626452e+04
3.228997281732812098e+03 9.994500144625355631e-01 4.449461249016036998e-03 1.181902475511239572e+04
3.229006676650177269e+03 9.962644333262419272e-01 4.437043711711228904e-03 1.178368404129216106e+04
3.229016071567542440e+03 9.939428393472498069e-01 4.427370393379377600e-03 1.175853259356295894e+04
3.229025466484907611e+03 9.946694774560767005e-01 4.427632622296263920e-03 1.176942126775193537e+04
3.229034861402272782e+03 9.957933304851463996e-01 4.424874036754371763e-03 1.178499654195561016e+04
3.229044256319637952e+03 9.966005323381758041e-01 4.406474323802476653e-03 1.179681066235056460e+04
3.229053651237003123e+03 9.972062428749861596e-01 4.393457655413779590e-03 1.180622449193186549e+04
3.229063046154368294e+03 9.984865251525923968e-01 4.405304168266650257e-03 1.182361021541576156e+04
3.229072441071733465e+03 9.997890353829553822e-01 4.415363813206754813e-03 1.184124573199677252e+04
3.229081835989098636e+03 1.000795639809615167e+00 4.414304142441208105e-03 1.185536217029055661e+04
3.229091230906464261e+03 1.001181983094482364e+00 4.412858895544650127e-03 1.186211417546604753e+04
3.229100625823829432e+03 1.000280074833042043e+00 4.413700626775401113e-03 1.185358146822777235e+04
3.229110020741194603e+03 9.998284659131732033e-01 4.414455847841713791e-03 1.185036142467349055e+04
3.229119415658559774e+03 1.000229067966222907e+00 4.411622376068989777e-03 1.185722106547955264e+04
3.229128810575924945e+03 1.000356207879713466e+00 4.408663066437840637e-03 1.186081876050143728e+04
3.229138205493290116e+03 9.996439340159020137e-01 4.404332179404053631e-03 1.185444100602957951e+04
3.229147600410655286e+03 9.990569041343305701e-01 4.398923074114055067e-03 1.184952381541695831e+04
3.229156995328020457e+03 9.975877747315484712e-01 4.381914953171108656e-03 1.183411779820137417e+04
3.229166390245385628e+03 9.964286073914082609e-01 4.364834650985956709e-03 1.182236084209595174e+04
3.229175785162750799e+03 9.979380158626868225e-01 4.350811134470163738e-03 1.184224352854302742e+04
3.229185180080115970e+03 9.993303163756692697e-01 4.338484011721107682e-03 1.186071888354277689e+04
3.229194574997481141e+03 1.000448755330417328e+00 4.341011857996049730e-03 1.187592501237796751e+04
3.229203969914846766e+03 1.000885559703247774e+00 4.341440503522215472e-03 1.188301861025577455e+04
3.229213364832211937e+03 9.956119908017175835e-01 4.325329905713261487e-03 1.182228224175574724e+04
3.229222759749577108e+03 9.909512680519987349e-01 4.310219803625545999e-03 1.176878034831360128e+04
3.229232154666942279e+03 9.902779450561302044e-01 4.301427132840919716e-03 1.176260047274061071e+04
3.229241549584307450e+03 9.896723685890794764e-01 4.293937945534967437e-03 1.175720013687119535e+04
3.229250944501672620e+03 9.914780800005057460e-01 4.312291614515195021e-03 1.178042554061685405e+04
3.229260339419037791e+03 9.927738268294626911e-01 4.328054702223986874e-03 1.179757553841714616e+04
3.229269734336402962e+03 9.885016694493123923e-01 4.304798829754077384e-03 1.174853333545316855e+04
3.229279129253768133e+03 9.842797073407438813e-01 4.282312942077409063e-03 1.170005250723350582e+04
3.229288524171133304e+03 9.792425348408217989e-01 4.265524616051979967e-03 1.164184566932948655e+04
3.229297919088498475e+03 9.744275648456014460e-01 4.248602696082558541e-03 1.158624468721556150e+04
3.229307314005863645e+03 9.695420013265271253e-01 4.232996633009460108e-03 1.152976961288273742e+04
3.229316708923229271e+03 9.644340478063576638e-01 4.217507736977871638e-03 1.147061552727349044e+04
3.229326103840594442e+03 9.634208449544644504e-01 4.212619798603780240e-03 1.146013566004416862e+04
3.229335498757959613e+03 9.629947732230577095e-01 4.208923545121550161e-03 1.145662097720965539e+04
3.229344893675324784e+03 9.662694673625134012e-01 4.214146267554305311e-03 1.149712237858107437e+04
3.229354288592689954e+03 9.692295693717430938e-01 4.218933132031018295e-03 1.153387506012364065e+04
3.229363683510055125e+03 9.709066916653507073e-01 4.232556851822806034e-03 1.155535258749157583e+04
3.229373078427420296e+03 9.726255639220181548e-01 4.246624336782402372e-03 1.157731789859190394e+04
3.229382473344785467e+03 9.727817273342254101e-01 4.241284065959900415e-03 1.158067108841598201e+04
3.229391868262150638e+03 9.731441168753057758e-01 4.235491261907262453e-03 1.158646684595000261e+04
3.229401263179515809e+03 9.790332793723114380e-01 4.248232263617431059e-03 1.165806229616658493e+04
3.229410658096880979e+03 9.848979511272621945e-01 4.261964883688676084e-03 1.172937156692206008e+04
3.229420053014246150e+03 9.878625952038083691e-01 4.271372722643693859e-03 1.176614522294134076e+04
3.229429447931611776e+03 9.908950611158801047e-01 4.280546719616438144e-03 1.180372438817327384e+04
3.229438842848976947e+03 9.924245240319772288e-01 4.280393745342061899e-03 1.182339559057715815e+04
3.229448237766342118e+03 9.935564658314427477e-01 4.279524844289830585e-03 1.183832469410352678e+04
3.229457632683707288e+03 9.936758951214514912e-01 4.272874754469726567e-03 1.184118194391552970e+04
3.229467027601072459e+03 9.941295568325677623e-01 4.265965450368190692e-03 1.184801401153341794e+04
3.229476422518437630e+03 9.948420615695664493e-01 4.262386327309769518e-03 1.185792431065153141e+04
3.229485817435802801e+03 9.952856155203386734e-01 4.259037809399946611e-03 1.186462277937243562e+04
3.229495212353167972e+03 9.930278081654149158e-01 4.241047477898579610e-03 1.183910908219091834e+04
3.229504607270533143e+03 9.907609213705836915e-01 4.222345255803440674e-03 1.181347420609268374e+04
3.229514002187898313e+03 9.914626602199898553e-01 4.233228410992553696e-03 1.182322797875582546e+04
3.229523397105263484e+03 9.922925230488857107e-01 4.245747876238582796e-03 1.183450638454470027e+04
3.229532792022628655e+03 9.948234248963109261e-01 4.244323401835073395e-03 1.186607197171568077e+04
3.229542186939994281e+03 9.973913457112865144e-01 4.241664277548621263e-03 1.189808194422527231e+04
3.229551581857359452e+03 9.966113858744795051e-01 4.239626342903888255e-03 1.189015319000037562e+04
3.229560976774724622e+03 9.955858519792757377e-01 4.237575279949481501e-03 1.187928903142775380e+04
3.229570371692089793e+03 9.958496508066301267e-01 4.229137225986705911e-03 1.188380560122863426e+04
3.229579766609454964e+03 9.963434103645703033e-01 4.220219254025906093e-03 1.189106550715300000e+04
3.229589161526820135e+03 9.987921056631543504e-01 4.223916041175152132e-03 1.192165971385673947e+04
3.229598556444185306e+03 1.001200734123687264e+00 4.228535619602740055e-03 1.195178160441476393e+04
3.229607951361550477e+03 9.993169744306652502e-01 4.225719402536902425e-03 1.193066390602440151e+04
3.229617346278915647e+03 9.976940092903598956e-01 4.223882357133907500e-03 1.191265541812663105e+04
3.229626741196280818e+03 9.984598367325828727e-01 4.217242279163274481e-03 1.192316941535524529e+04
3.229636136113645989e+03 9.986105335598122190e-01 4.207651378949454901e-03 1.192634066102507495e+04
3.229645531031011160e+03 9.981529119358625302e-01 4.197305347513499013e-03 1.192224857379065543e+04
3.229654925948376786e+03 9.978156955891480662e-01 4.187603815809351308e-03 1.191959633267355821e+04
3.229664320865741956e+03 9.975609578919550913e-01 4.186732396735378357e-03 1.191793190652518388e+04
3.229673715783107127e+03 9.976174111250984966e-01 4.187379518874908071e-03 1.191998897932811633e+04
3.229683110700472298e+03 9.975958908605661035e-01 4.184771431413690686e-03 1.192111897602102363e+04
3.229692505617837469e+03 9.976110077628514983e-01 4.181918127099983062e-03 1.192269189675902453e+04
3.229701900535202640e+03 9.990285912316269057e-01 4.171839926030581312e-03 1.194103375451472857e+04
3.229711295452567811e+03 1.000159991249320868e+00 4.159696095769002157e-03 1.195596484729648000e+04
3.229720690369932981e+03 9.991153203955358553e-01 4.157852093700833626e-03 1.194489008942262080e+04
3.229730085287298152e+03 9.982340513466444465e-01 4.158625115419169009e-03 1.193577362448237727e+04
3.229739480204663323e+03 9.977365429840526767e-01 4.156189353276209739e-03 1.193125183734697566e+04
3.229748875122028494e+03 9.971615292122889551e-01 4.153364510778686375e-03 1.192581031750694092e+04
3.229758270039393665e+03 9.993657301671693416e-01 4.153022941727247536e-03 1.195361911799259178e+04
3.229767664956759290e+03 1.001614106214200106e+00 4.151711550281444313e-03 1.198197260367139825e+04
3.229777059874124461e+03 9.980602533134580456e-01 4.138718707411490928e-03 1.194092447477449241e+04
3.229786454791489632e+03 9.941009562735427796e-01 4.124969268321124899e-03 1.189502547154987587e+04
3.229795849708854803e+03 9.961849750582865148e-01 4.125275047921749330e-03 1.192144721345610196e+04
3.229805244626219974e+03 9.992721602398995095e-01 4.127901617438877596e-03 1.195989383423493200e+04
3.229814639543585145e+03 1.000659478834431848e+00 4.131797197636474447e-03 1.197801492780412809e+04
3.229824034460950315e+03 1.001254538106771452e+00 4.135148825875401869e-03 1.198666896123178958e+04
3.229833429378315486e+03 1.001326079611492670e+00 4.139537972170558890e-03 1.198907060624927908e+04
3.229842824295680657e+03 1.001694719640064513e+00 4.144675424909115280e-03 1.199504470567934550e+04
3.229852219213045828e+03 1.000551437591484349e+00 4.134337970458106318e-03 1.198292783636557033e+04
3.229861614130410999e+03 9.993280294266795316e-01 4.122455067619865132e-03 1.196986332489434790e+04
3.229871009047776170e+03 9.999275990384661750e-01 4.125748946366048289e-03 1.197864958312832459e+04
3.229880403965141795e+03 1.000301608070708559e+00 4.130035157971283406e-03 1.198475218352205047e+04
3.229889798882506966e+03 1.000739331000238153e+00 4.131803537247282117e-03 1.199163694692368517e+04
3.229899193799872137e+03 1.001727059075190551e+00 4.133925225195055411e-03 1.200513272335214606e+04
3.229908588717237308e+03 9.999061480850734984e-01 4.125694429571759303e-03 1.198498580845199467e+04
3.229917983634602479e+03 9.970620684568566316e-01 4.115026187405656892e-03 1.195258643715100698e+04
3.229927378551967649e+03 9.978614368821364655e-01 4.120622595856521242e-03 1.196388032289280272e+04
3.229936773469332820e+03 9.995128889816573547e-01 4.128757782777223509e-03 1.198541488128782839e+04
3.229946168386697991e+03 1.002254953637164325e+00 4.126627294703795121e-03 1.202005591747296057e+04
3.229955563304063162e+03 1.005392025177429760e+00 4.124363917448218772e-03 1.205946629719159318e+04
3.229964958221428333e+03 1.005332100792529548e+00 4.119843691409037431e-03 1.206055713742526859e+04
3.229974353138793504e+03 1.004037116579509670e+00 4.112363347874329993e-03 1.204685187800095628e+04
3.229983748056158674e+03 1.000806096896349695e+00 4.102055005545219082e-03 1.200993237567198958e+04
3.229993142973524300e+03 9.984618760799124360e-01 4.094712316978994619e-03 1.198366828842136056e+04
3.230002537890889471e+03 9.993075484084852356e-01 4.092434390303931364e-03 1.199571140661129175e+04
3.230011932808254642e+03 9.997366471849296055e-01 4.089133085035336415e-03 1.200278147739577253e+04
3.230021327725619813e+03 9.999347641648613783e-01 4.088133868991944246e-03 1.200710528627054737e+04
3.230030722642984983e+03 1.000280116842906741e+00 4.087186058505246251e-03 1.201322442692222285e+04
3.230040117560350154e+03 9.971942726359601661e-01 4.067697061011334332e-03 1.197815675838596144e+04
3.230049512477715325e+03 9.937106059874802888e-01 4.046175241887184706e-03 1.193832465286204388e+04
3.241808040339855324e+03 9.983674650965065345e-01 2.748379086350526568e-03 1.183285854326574190e+04
3.241816394912370924e+03 9.978386621019533775e-01 2.746963870427857664e-03 1.182517925413390185e+04
3.241824749484886979e+03 9.985133246664834594e-01 2.745446422680325547e-03 1.183175789307001833e+04
3.241833104057402579e+03 9.978829892327163442e-01 2.741494851746059235e-03 1.182286941227353782e+04
3.241841458629918179e+03 9.962447183785427818e-01 2.735585844241837476e-03 1.180203878313955283e+04
3.241849813202434234e+03 9.958421148663149092e-01 2.734115449341935691e-03 1.179584626152256169e+04
3.241858167774949834e+03 9.952983351978215154e-01 2.734165054445045900e-03 1.178797991738541168e+04
3.241866522347465889e+03 9.959650848272241230e-01 2.734547971963741629e-03 1.179444780508616350e+04
3.241874876919981489e+03 9.980314881438617780e-01 2.735977846008050621e-03 1.181748432857490843e+04
3.241883231492497544e+03 9.987025667845281784e-01 2.737131314880389844e-03 1.182399293821047104e+04
3.241891586065013144e+03 9.982674128668410640e-01 2.738193163865667006e-03 1.181740213850981854e+04
3.241899940637528744e+03 9.983801980980236968e-01 2.740663484108641582e-03 1.181729650446535015e+04
3.241908295210044798e+03 9.988903412235393686e-01 2.744019123346496097e-03 1.182189176739826871e+04
3.241916649782560398e+03 9.976081471513862375e-01 2.743664705731789239e-03 1.180527451085768007e+04
3.241925004355076453e+03 9.961505830353608593e-01 2.741975688749230620e-03 1.178658491876564949e+04
3.241933358927592053e+03 9.979804089027231040e-01 2.746094343771333154e-03 1.180679081236664933e+04
3.241941713500108108e+03 9.997887729143638547e-01 2.751737045771666165e-03 1.182673695898718688e+04
3.241950068072623708e+03 9.987095850376224160e-01 2.751144397844590677e-03 1.181252418411496546e+04
3.241958422645139308e+03 9.980182918323732277e-01 2.747847747598602258e-03 1.180290181283672791e+04
3.241966777217655363e+03 9.978397239298436583e-01 2.744583549829370493e-03 1.179934450453201316e+04
3.241975131790170963e+03 9.974478388757299641e-01 2.742967293564864927e-03 1.179326594732941885e+04
3.241983486362687017e+03 9.969769777704904357e-01 2.740125974565961291e-03 1.178625548369478929e+04
3.241991840935202617e+03 9.953676527354435866e-01 2.732405150324330057e-03 1.176578996600995924e+04
3.242000195507718672e+03 9.943962596150348610e-01 2.733718680355744397e-03 1.175286996913134135e+04
3.242008550080234272e+03 9.943229405043906288e-01 2.744425219414127048e-03 1.175056722890425590e+04
3.242016904652750327e+03 9.929023597200472562e-01 2.745695855791539016e-03 1.173234672278691869e+04
3.242025259225265927e+03 9.910285514099046456e-01 2.740677622544420485e-03 1.170877732098322304e+04
3.242033613797781527e+03 9.878773881236341259e-01 2.734074460018268669e-03 1.167012551440683092e+04
3.242041968370297582e+03 9.837165392893795213e-01 2.725332783703812798e-03 1.161955871510121870e+04
3.242050322942813182e+03 9.798280872768981853e-01 2.717132274414672550e-03 1.157222346513887715e+04
3.242058677515329236e+03 9.756696952545858004e-01 2.706363571460559253e-03 1.152171432196326350e+04
3.242067032087844836e+03 9.660385457215180383e-01 2.684604643946804890e-03 1.140659983622718391e+04
3.242075386660360891e+03 9.545030536820948708e-01 2.658367409731559900e-03 1.126903294253520653e+04
3.242083741232876491e+03 9.413101017294133177e-01 2.627949212509922070e-03 1.111193628372046078e+04
3.242092095805392091e+03 9.275495280747974025e-01 2.597768881929402203e-03 1.094818074105423329e+04
3.242100450377908146e+03 9.148694959916866543e-01 2.571662213491178461e-03 1.079722029100487816e+04
3.242108804950423746e+03 9.021406263189480912e-01 2.544008341576744266e-03 1.064572315936374980e+04
3.242117159522939801e+03 8.931499504256631417e-01 2.521590745257114036e-03 1.053837319845776983e+04
3.242125514095455401e+03 8.873533630464016664e-01 2.506032063208824944e-03 1.046873554250510097e+04
3.242133868667971456e+03 8.933045809840546303e-01 2.517135740661198377e-03 1.053769920566395012e+04
3.242142223240487056e+03 9.045140583633641818e-01 2.543997036474965074e-03 1.066867161179029608e+04
3.242150577813002656e+03 9.175135073282715270e-01 2.569083793252343369e-03 1.082072783568031446e+04
3.242158932385518710e+03 9.313475971264078002e-01 2.591566965048983009e-03 1.098259545872553645e+04
3.242167286958034310e+03 9.413522784275309974e-01 2.610768804186665900e-03 1.109927869741121322e+04
3.242175641530550365e+03 9.501980301935406548e-01 2.632339045491220633e-03 1.120227711729677685e+04
3.242183996103065965e+03 9.552730736665099309e-01 2.646091424305484566e-03 1.126080808085331591e+04
3.242192350675582020e+03 9.581625278752329278e-01 2.651393443533029901e-03 1.129357063148738780e+04
3.242200705248097620e+03 9.631342660252149024e-01 2.659422505598068882e-03 1.135087230911577353e+04
3.242209059820613220e+03 9.686776759640435275e-01 2.670509028453302812e-03 1.141490395847260152e+04
3.242217414393129275e+03 9.746787994812464717e-01 2.682918746284177099e-03 1.148432089478520902e+04
3.242225768965644875e+03 9.809168091969734382e-01 2.694455816547953065e-03 1.155652000579749802e+04
3.242234123538160929e+03 9.854382072933338677e-01 2.702589916392741237e-03 1.160848846658849106e+04
3.242242478110676529e+03 9.888557759011822323e-01 2.709478987421215079e-03 1.164745119514871840e+04
3.242250832683192584e+03 9.926508867045821249e-01 2.716746931776945449e-03 1.169085957572694315e+04
3.242259187255708184e+03 9.957177727995972782e-01 2.722011213178481687e-03 1.172569082023455667e+04
3.242267541828223784e+03 9.959661878428224258e-01 2.723815273344136912e-03 1.172733576857269145e+04
3.242275896400739839e+03 9.961458228724765496e-01 2.726065190686983736e-03 1.172817917608473363e+04
3.242284250973255439e+03 9.958854201579294685e-01 2.723469322805390988e-03 1.172385099402576088e+04
3.242292605545771494e+03 9.943488677368923501e-01 2.714928279840328560e-03 1.170451122487296379e+04
3.242300960118287094e+03 9.925223019698239391e-01 2.712369573854209008e-03 1.168177148760863020e+04
3.242309314690803149e+03 9.916836989426076610e-01 2.717146702864544055e-03 1.167067296810094922e+04
3.242317669263318749e+03 9.939356453526870805e-01 2.724333422453736712e-03 1.169595400595553656e+04
3.242326023835834349e+03 9.969302768130398062e-01 2.731987766285941775e-03 1.172997831578984915e+04
3.242334378408350403e+03 9.974308194429032381e-01 2.733565882257491756e-03 1.173466322708331791e+04
3.242342732980866003e+03 9.960945266724291480e-01 2.728434424350239043e-03 1.171774975489071221e+04
3.242351087553382058e+03 9.958477295952075092e-01 2.725976258169254818e-03 1.171366567575839144e+04
3.242359442125897658e+03 9.966471733137544087e-01 2.726295775462747508e-03 1.172189860707199114e+04
3.242367796698413713e+03 9.977032489805590654e-01 2.727599423224673011e-03 1.173315919264323384e+04
3.242376151270929313e+03 9.985345720497545985e-01 2.729086090482048428e-03 1.174178620098981264e+04
3.242384505843444913e+03 9.996919046287418009e-01 2.731406866741099924e-03 1.175425646887399671e+04
3.242392860415960968e+03 1.001680956741455963e+00 2.735182186109417872e-03 1.177651466867783529e+04
3.242401214988476568e+03 1.000530253781901413e+00 2.732802066455040577e-03 1.176187108355791679e+04
3.242409569560992622e+03 9.974809489746420121e-01 2.726238279483828627e-03 1.172492558429226665e+04
3.242417924133508222e+03 9.969709047157947479e-01 2.723660742524254032e-03 1.171784474611558289e+04
3.242426278706024277e+03 9.977135840436680558e-01 2.722480718525662358e-03 1.172550063167865119e+04
3.242434633278539877e+03 9.975098008670733041e-01 2.719886812408890079e-03 1.172204614930145544e+04
3.242442987851055477e+03 9.974468268232864476e-01 2.719794071660418255e-03 1.172026026830897717e+04
3.242451342423571532e+03 9.980043027236574771e-01 2.721567139535491925e-03 1.172577818814886268e+04
3.242459696996087132e+03 9.985677241341450738e-01 2.723187340419298396e-03 1.173137891884277633e+04
3.242468051568603187e+03 9.980629003625047790e-01 2.723517848707261973e-03 1.172444397076079440e+04
3.242476406141118787e+03 9.962326866152088067e-01 2.721866423932460186e-03 1.170195630665516546e+04
3.242484760713634842e+03 9.953544000892575738e-01 2.720627338052315942e-03 1.169066764149427399e+04
3.242493115286150442e+03 9.963180014612688096e-01 2.721618354300227912e-03 1.170102732135194310e+04
3.383487172104026740e+03 9.997465835213412699e-01 1.964111301628813661e-03 9.392386032882994186e+03
3.383495797432571180e+03 1.000928344138159787e+00 1.967610712994941578e-03 9.403114625299840554e+03
3.383504422761115165e+03 1.000452855529442076e+00 1.967611053058948047e-03 9.398274102797451633e+03
3.383513048089659605e+03 9.994646300551344176e-01 1.966423404013184148e-03 9.388617466530300590e+03
3.383521673418203591e+03 9.984118573313539580e-01 1.965637316484999345e-03 9.378355258378833241e+03
3.383530298746747576e+03 9.975179159834383080e-01 1.964995092562450089e-03 9.369585723674616020e+03
3.383538924075292016e+03 9.994224645242603122e-01 1.965031044036505241e-03 9.387101746391035704e+03
3.383547549403836001e+03 1.001889101230217793e+00 1.965023015729352920e-03 9.409895564645174090e+03
3.383556174732380441e+03 1.001414554905984078e+00 1.959597119452915429e-03 9.405064598458619002e+03
3.383564800060924426e+03 1.000193357027758134e+00 1.952655969971215299e-03 9.393221878815809760e+03
3.383573425389468412e+03 9.995919355693144714e-01 1.953378209071618497e-03 9.387200411764863020e+03
3.383582050718012852e+03 9.990491337244148395e-01 1.956681426394412879e-03 9.381729870696362923e+03
3.383590676046556837e+03 9.990293916745447422e-01 1.955326716241841296e-03 9.381171415937251368e+03
3.383599301375101277e+03 9.993832884821062246e-01 1.952409630960558543e-03 9.384121412017857438e+03
3.383607926703645262e+03 9.992229629451222506e-01 1.949637585174308040e-03 9.382242833106651233e+03
3.383616552032189702e+03 9.987670591497112005e-01 1.946838573270008718e-03 9.377589140770172889e+03
3.383625177360733687e+03 9.986895775637065764e-01 1.945679239327273565e-03 9.376488716339001257e+03
3.383633802689277672e+03 9.987645947034218263e-01 1.945201613788290077e-03 9.376820071644169730e+03
3.383642428017822112e+03 9.987240571212271378e-01 1.944042719033717758e-03 9.376066537976290419e+03
3.383651053346366098e+03 9.987368629457892277e-01 1.942825366152931780e-03 9.375813804975143285e+03
3.383659678674910538e+03 9.988105416421719784e-01 1.941123776747587584e-03 9.376132494215744373e+03
3.383668304003454523e+03 9.988636595045617961e-01 1.938670629344181780e-03 9.376258125425310936e+03
3.383676929331998963e+03 9.992394975858238659e-01 1.938688032318104833e-03 9.379412946899434246e+03
3.383685554660542948e+03 9.994157314572879036e-01 1.939937425715312696e-03 9.380693967032068031e+03
3.383694179989086933e+03 9.984707250946387447e-01 1.939073843416645260e-03 9.371451113808987429e+03
3.383702805317631373e+03 9.978093948661785895e-01 1.937660504074234080e-03 9.364871389196421660e+03
3.383711430646175359e+03 9.985092212305953785e-01 1.937489966767484348e-03 9.371066691712756437e+03
3.383720055974719799e+03 9.988017846767949237e-01 1.937723634438670139e-03 9.373439437643150086e+03
3.383728681303263784e+03 9.979619450005652315e-01 1.939664848827296444e-03 9.365185142125059429e+03
3.383737306631807769e+03 9.972048849770930312e-01 1.941974832044018277e-03 9.357708272927726284e+03
3.383745931960352209e+03 9.955463595797982013e-01 1.940572794151168004e-03 9.341773011085573671e+03
3.383754557288896194e+03 9.937645309344900202e-01 1.938487659972741844e-03 9.324682010039308807e+03
3.383763182617440634e+03 9.932026985088603377e-01 1.937360123725507220e-03 9.319039341244189927e+03
3.383771807945984619e+03 9.922489627685131541e-01 1.934908177061108771e-03 9.309720081248557108e+03
3.383780433274529059e+03 9.898479294642210657e-01 1.931612838818576750e-03 9.286822886025805929e+03
3.383789058603073045e+03 9.878182811182115719e-01 1.929516749725057254e-03 9.267411705132875795e+03
3.383797683931617030e+03 9.866866738132392678e-01 1.928768995962021598e-03 9.256426853586332072e+03
3.383806309260161470e+03 9.852839647984048543e-01 1.928524339565581853e-03 9.242899655585946675e+03
3.383814934588705455e+03 9.817054069289169460e-01 1.922484395991044120e-03 9.208962788307217124e+03
3.383823559917249895e+03 9.767989715430457354e-01 1.911855828387945978e-03 9.162572832763649785e+03
3.383832185245793880e+03 9.689859956011243058e-01 1.901134928969037399e-03 9.088923685976082197e+03
3.383840810574337866e+03 9.607000055336514244e-01 1.892453691755928251e-03 9.010843758991246432e+03
3.383849435902882306e+03 9.467406164783567224e-01 1.872496035370843160e-03 8.879558740904036313e+03
3.383858061231426291e+03 9.295480328568670458e-01 1.844844332140692768e-03 8.717960955867749362e+03
3.383866686559970731e+03 9.078133198375457624e-01 1.813872170352078157e-03 8.513778395227793226e+03
3.383875311888514716e+03 8.855055294247912157e-01 1.783595357730809834e-03 8.304237768833811060e+03
3.383883937217059156e+03 8.630875557120742947e-01 1.751390604289209405e-03 8.093680549348466229e+03
3.383892562545603141e+03 8.409308394711476620e-01 1.718262839546958560e-03 7.885589940475239928e+03
3.383901187874147126e+03 8.324004613415952880e-01 1.705166155823315335e-03 7.805287903776931671e+03
3.383909813202691566e+03 8.305794957138927792e-01 1.703752621364763246e-03 7.787902835880098792e+03
3.383918438531235552e+03 8.408536755769719928e-01 1.718368786934385125e-03 7.883924367234667443e+03
3.383927063859779992e+03 8.550770221271603022e-01 1.739809304313176801e-03 8.016964514587560188e+03
3.383935689188323977e+03 8.724558919230966936e-01 1.765730874205851016e-03 8.179578169802411139e+03
3.383944314516868417e+03 8.928314147233727960e-01 1.796189602331121297e-03 8.370272393235400159e+03
3.383952939845412402e+03 9.082502485055310437e-01 1.819393031468544879e-03 8.514484413369063986e+03
3.383961565173956387e+03 9.209265944192834841e-01 1.838010215230724683e-03 8.632976210318101948e+03
3.383970190502500827e+03 9.304317200724726566e-01 1.852071689859435258e-03 8.721731981179425929e+03
3.383978815831044813e+03 9.376240915301857770e-01 1.862152630483093199e-03 8.788802094401084105e+03
3.383987441159589252e+03 9.445086764176753302e-01 1.874939336494512755e-03 8.852981919188303436e+03
3.383996066488133238e+03 9.521901755755185492e-01 1.891241364719515759e-03 8.924625868213130161e+03
3.384004691816677223e+03 9.629483481888928553e-01 1.908301521623655779e-03 9.025099775334410879e+03
3.384013317145221663e+03 9.741742988749104715e-01 1.923245671025045067e-03 9.129949658082052338e+03
3.384021942473765648e+03 9.808101190357709775e-01 1.932513317298978177e-03 9.191774223425916716e+03
3.384030567802310088e+03 9.851392733274534352e-01 1.939467222607868394e-03 9.231977511111548665e+03
3.384039193130854073e+03 9.880077136428762064e-01 1.945437633082984638e-03 9.258489408378181906e+03
3.384047818459398513e+03 9.901670791191418131e-01 1.950347346926135667e-03 9.278354781739297323e+03
3.384056443787942499e+03 9.907888553109576169e-01 1.951885035916149386e-03 9.283811145216966906e+03
3.384065069116486484e+03 9.902459581862881333e-01 1.950025082671287763e-03 9.278354349707866277e+03
3.384073694445030924e+03 9.895803288952761401e-01 1.949158506189954849e-03 9.271748036115517607e+03
3.384082319773574909e+03 9.893418007810642623e-01 1.950191860465631897e-03 9.269143730748008238e+03
3.384090945102119349e+03 9.909186160440135449e-01 1.953765253754988045e-03 9.283546878461966116e+03
3.384099570430663334e+03 9.934806938461036019e-01 1.959159805906661531e-03 9.307179037808018620e+03
3.384108195759207774e+03 9.959869378258163763e-01 1.962906078489712932e-03 9.330286239104410924e+03
3.384116821087751759e+03 9.975702292106075619e-01 1.964118723677104727e-03 9.344745803990756031e+03
3.384125446416295745e+03 9.977127379552341857e-01 1.964571228670206060e-03 9.345708183385560915e+03
3.384134071744840185e+03 9.979624343616273485e-01 1.965358796775916028e-03 9.347674457433466159e+03
3.384142697073384170e+03 9.984881561968887986e-01 1.966222715768692255e-03 9.352225905823230278e+03
3.384151322401928610e+03 9.989338314314384348e-01 1.967473155292804188e-03 9.356027244073913607e+03
3.384159947730472595e+03 9.992614843791723933e-01 1.967473448290979390e-03 9.358722895271748712e+03
3.384168573059016580e+03 9.989845678790992833e-01 1.964627085437982250e-03 9.355756347982245643e+03
3.384177198387561020e+03 9.991200171986753809e-01 1.965288023539318862e-03 9.356651769168365718e+03
3.384185823716105006e+03 1.000030402363704107e+00 1.971249251336841535e-03 9.364803990865009837e+03
3.384194449044649446e+03 9.992539637407249487e-01 1.972126710132956172e-03 9.357159868645318056e+03
3.384203074373193431e+03 9.980137375512755371e-01 1.968493664842824870e-03 9.345173525080479521e+03
3.384211699701737871e+03 9.981479931353141044e-01 1.968630166321537131e-03 9.346057929056696594e+03
3.384220325030281856e+03 9.982034134713180240e-01 1.971303083603069550e-03 9.346204096319679593e+03
3.384228950358825841e+03 9.991801444582181224e-01 1.973289017646307191e-03 9.354976133343425317e+03
3.384237575687370281e+03 1.000672639145731679e+00 1.973532961277131310e-03 9.368576164416552274e+03
3.384246201015914266e+03 1.000682840443815058e+00 1.973658136120486507e-03 9.368297990473052778e+03
3.384254826344458706e+03 1.000594884297627774e+00 1.975919932440661601e-03 9.367100904867205827e+03
3.384263451673002692e+03 1.000345823321550309e+00 1.977444964413898210e-03 9.364395757111968123e+03
3.384272077001547132e+03 9.992933584124088497e-01 1.976890211064091362e-03 9.354170303863842491e+03
3.384280702330091117e+03 9.997786364665346426e-01 1.978834366749959023e-03 9.358339543719341236e+03
3.384289327658635102e+03 1.000548221504761859e+00 1.982361463646690677e-03 9.365169545367130922e+03
3.384297952987179542e+03 1.000098233908063960e+00 1.982087432109969332e-03 9.360584181253399947e+03
3.384306578315723527e+03 1.000052887532599799e+00 1.979568576138644731e-03 9.359786308283122708e+03
3.384315203644267967e+03 9.999954259308244664e-01 1.979956951892145999e-03 9.358875083771597929e+03
3.384323828972811953e+03 9.999589635859653658e-01 1.983605381193488931e-03 9.358160424655043244e+03
3.384332454301355938e+03 1.000271127068685484e+00 1.984674352638377340e-03 9.360708292893732505e+03
3.384341079629900378e+03 9.999613415562311758e-01 1.981958710296195369e-03 9.357435855169773276e+03
3.384349704958444363e+03 1.000185320136486089e+00 1.982552529054628504e-03 9.359158305841094261e+03
3.384358330286988803e+03 1.001446212750140008e+00 1.986414759408864500e-03 9.370583046478039250e+03
3.384366955615532788e+03 1.001860398985172207e+00 1.987885095334838981e-03 9.374084487032534525e+03
3.384375580944077228e+03 1.001305394953043271e+00 1.987215277803360252e-03 9.368517579566994755e+03
