9.999995805215144973e-01
9.999995667679677513e-01
9.999995481054322344e-01
9.999995253691041919e-01
9.999994994048878594e-01
9.999994706391586163e-01
9.999994390765991614e-01
9.999994044674903604e-01
9.999993664298447715e-01
9.999993244921028257e-01
9.999992780927400293e-01
9.999992265634007893e-01
9.999991691039249453e-01
9.999991047495528917e-01
9.999990323280012472e-01
9.999989504026781661e-01
9.999988571965869877e-01
9.999987504888436796e-01
9.999986274713639212e-01
9.999984845397580369e-01
9.999983168329853456e-01
9.999981149270744663e-01
9.999978281541946901e-01
9.999970343182869037e-01
9.999927855653694131e-01
9.999698960703831130e-01
9.998730200961385428e-01
9.995675406331487878e-01
9.988673366582763169e-01
9.977417585618033602e-01
9.965796541289348998e-01
9.960556579241577335e-01
9.964705695227393800e-01
9.972525377094079158e-01
9.971977849002072736e-01
9.951916058211978111e-01
9.911168183267158316e-01
9.866191400094044273e-01
9.844643653609387313e-01
9.860986378643886718e-01
9.899476985871918933e-01
9.925333177956252584e-01
9.905078507535660659e-01
9.812025774662872513e-01
9.626801244448903727e-01
9.352867666645676703e-01
9.039643460028710109e-01
8.782381049808648532e-01
8.680581818338957145e-01
8.777822886713186890e-01
9.032475399016275386e-01
9.345845723181149811e-01
9.622615360629296344e-01
9.814416514107286993e-01
9.922271607562545004e-01
9.972283439255837934e-01
9.991578935364237024e-01
9.997809359714560085e-01
9.999500964794018065e-01
9.999889590699846398e-01
9.999966512509310679e-01
9.999980728409723074e-01
9.999984093156453202e-01
9.999985669025410751e-01
9.999986829148570511e-01
9.999987783468102798e-01
9.999988584972124839e-01
9.999989261905803950e-01
9.999989834411966427e-01
9.999990317694059661e-01
9.999990723380943747e-01
9.999991060387927178e-01
9.999991335502658174e-01
9.999991553789339127e-01
9.999991718865369750e-01
9.999991833083807791e-01
9.999991897641882233e-01
9.999991912627026469e-01
9.999991877005105501e-01
9.999991788549886795e-01
9.999991643706948041e-01
9.999991437378403791e-01
9.999991162605939010e-01
9.999990810116631268e-01
9.999990367676331315e-01
9.999989819162666826e-01
9.999989143196095220e-01
9.999988310754649445e-01
9.999987277344803971e-01
9.999985934833890422e-01
9.999983821196409828e-01
9.999978835976537361e-01
9.999963566986282970e-01
9.999920144844989256e-01
9.999823816556869804e-01
9.999669798827615086e-01
9.999506374483567717e-01
9.999406562016093236e-01
9.999315338423448996e-01
9.998693251715380370e-01
9.995726537293834202e-01
9.986296309112240310e-01
9.964965467657738163e-01
9.931168843385842493e-01
9.896764574619190125e-01
9.881681541053533024e-01
9.894813232104198164e-01
9.921436209886553836e-01
9.933078573506416431e-01
9.904949359937336162e-01
9.823480723699071770e-01
9.689886257454417562e-01
9.527971085920934335e-01
9.385960226192775480e-01
9.318375377899767997e-01
9.354370067113455534e-01
9.478245944522707411e-01
9.640363382074288445e-01
9.788656699434031827e-01
9.894164334014549089e-01
9.954853270659497211e-01
9.983596549517781416e-01
9.994919471893757290e-01
9.998653225799574162e-01
9.999688844044340996e-01
9.999931860472446310e-01
9.999980845754812275e-01
9.999989914630452725e-01
9.999991954479489076e-01
9.999992846924689038e-01
9.999993497338184323e-01
9.999994041232289632e-01
9.999994509448029145e-01
9.999994917283654416e-01
9.999995275595976452e-01
9.999995592708670333e-01
9.999995875160387904e-01
9.999996128170413057e-01
9.999996355960715233e-01
9.999996561986149723e-01
9.999996749102655347e-01
9.999996919692430986e-01
9.999997075758595422e-01
9.999997218997802584e-01
9.999997350856641987e-01
9.999997472575949953e-01
9.999997585225972596e-01
9.999997689734541062e-01
9.999997786909813335e-01
9.999997877458683959e-01
9.999997962000849450e-01
9.999998041073330235e-01
9.999998115099539842e-01
9.999998184248063415e-01
9.999998248079282614e-01
9.999998305067744342e-01
9.999998352578116645e-01
9.999998388002429017e-01
9.994427784047636987e-01
9.994308091618956391e-01
9.994150130650143460e-01
9.993960976370879212e-01
9.993748612418311694e-01
9.993518580960388809e-01
9.993273329025154084e-01
9.993013174327922687e-01
9.992737389594728015e-01
9.992444811413387917e-01
9.992134062414086415e-01
9.991803599857658202e-01
9.991451709635978951e-01
9.991076485683074715e-01
9.990675803794184517e-01
9.990247290818177195e-01
9.989788288586889387e-01
9.989295811554197435e-01
9.988766496852965471e-01
9.988196545166800888e-01
9.987581650418286827e-01
9.986916915767947156e-01
9.986196752761462569e-01
9.985414759606351387e-01
9.984563573432999606e-01
9.983634689899814063e-01
9.982618241496930001e-01
9.981502723182329451e-01
9.980274650244727042e-01
9.978918128068829940e-01
9.977414306062866167e-01
9.975740677232763920e-01
9.973870168771697964e-01
9.971769943893289412e-01
9.969399792091930834e-01
9.966709882368706142e-01
9.963637157506778363e-01
9.960096129341824422e-01
9.955937415924617229e-01
9.950740582712032101e-01
9.942970163300279829e-01
9.927504426936966109e-01
9.891168283089843971e-01
9.810560447526511796e-01
9.663474896159804928e-01
9.459091372409024201e-01
9.261208131051413828e-01
9.160111896209977012e-01
9.198225821247381084e-01
9.326285069949590278e-01
9.440918697137847815e-01
9.451932224275958472e-01
9.300712819827220423e-01
8.928661300112490373e-01
8.259855779810633125e-01
7.251701458584832727e-01
6.002151908973574201e-01
4.817769569092730242e-01
4.121957735331053252e-01
4.205359483061486547e-01
5.008587928069072603e-01
6.138947413804232145e-01
7.098556518594421050e-01
7.513586506948021215e-01
7.223879601199667544e-01
6.271664280154131133e-01
4.868397903884715272e-01
3.335426994579259175e-01
1.989789199329107527e-01
1.020971542398702303e-01
4.460362969541664668e-02
1.652578291892985857e-02
5.551935511210390889e-03
3.393332932457772660e-03
7.930093728582370688e-03
2.350795413611779516e-02
6.046843073635527199e-02
1.319785182143682900e-01
2.463656241701478733e-01
3.981768891847592973e-01
5.658754092335946950e-01
7.206358310165432712e-01
8.404848470022971973e-01
9.188037456212730936e-01
9.623092025901747171e-01
9.830757186945595638e-01
9.917563423685185064e-01
9.950633646709430291e-01
9.963196306468630192e-01
9.968784906716732230e-01
9.972090502933589340e-01
9.974553769233843736e-01
9.976597890673255531e-01
9.978362501303026377e-01
9.979910734583201659e-01
9.981281910728487805e-01
9.982504893466067619e-01
9.983602209016744222e-01
9.984591897254696535e-01
9.985488633684321824e-01
9.986304504048376662e-01
9.987049566039427617e-01
9.987732266900379852e-01
9.988359759495093471e-01
9.988938145157636450e-01
9.989472662765885858e-01
9.989967837695489239e-01
9.990427600421178944e-01
9.990855381864180984e-01
9.991254190720260109e-01
9.991626676678978525e-01
9.991975182490645535e-01
9.992301787140664970e-01
9.992608341875752753e-01
9.992896500441295071e-01
9.993167744598105973e-01
9.993423405764821910e-01
9.993664683461309650e-01
9.993892661095822305e-01
9.994108319534916740e-01
9.994312548813335528e-01
9.994506158275184848e-01
9.994689885373492233e-01
9.994864403192862401e-01
9.995030325839093788e-01
9.995188205962000083e-01
9.995338499689759848e-01
9.995481425730254887e-01
9.995616587321869417e-01
9.995742301018698539e-01
9.995854994233053237e-01
9.995949591588015881e-01
9.996021556412102438e-01
9.997449846326290634e-01
9.997399679971479269e-01
9.997333949764061201e-01
9.997255421502350137e-01
9.997167323349926971e-01
9.997072033636489330e-01
9.996970732823033945e-01
9.996863713293449027e-01
9.996750801583234036e-01
9.996631625394457599e-01
9.996505724898308021e-01
9.996372584084148860e-01
9.996231633914587356e-01
9.996082247695003975e-01
9.995923734180585107e-01
9.995755329420776825e-01
9.995576187336534524e-01
9.995385368830402850e-01
9.995181829163768406e-01
9.994964403277257770e-01
9.994731788659511063e-01
9.994482525281839225e-01
9.994214972005714959e-01
9.993927278730676544e-01
9.993617353372870049e-01
9.993282822537588039e-01
9.992920984456856726e-01
9.992528752383285084e-01
9.992102586134272713e-01
9.991638408823388939e-01
9.991131504938419727e-01
9.990576394740841026e-01
9.989966678340838069e-01
9.989294840551201649e-01
9.988552004440611753e-01
9.987727616903474548e-01
9.986809042709976492e-01
9.985781032871579033e-01
9.984625015466825904e-01
9.983318121619260133e-01
9.981831743989644234e-01
9.980128781693169415e-01
9.978154712176878771e-01
9.975796672978929358e-01
9.972704043983127153e-01
9.967665257800735201e-01
9.957065401335611909e-01
9.932646114462388987e-01
9.881455142395192404e-01
9.793458540229027509e-01
9.677188535890623999e-01
9.568840508434474090e-01
9.515145076524342826e-01
9.536109653525579599e-01
9.604250199952466538e-01
9.662004896027083234e-01
9.651949413628275742e-01
9.522261315824638306e-01
9.208402189553847039e-01
8.631527510840486528e-01
7.753184768158168927e-01
6.673970965973179403e-01
5.685004964813273887e-01
5.165180887099998230e-01
5.345450626153605000e-01
6.131265017547906648e-01
7.154306808328150247e-01
7.996943038203863097e-01
8.377826536187167328e-01
8.185148280346583594e-01
7.426836030287100598e-01
6.203062686945273185e-01
4.708486188456699750e-01
3.203101063624737010e-01
1.927718301844286719e-01
1.015420257051615205e-01
4.658162660028909718e-02
1.928752968214605262e-02
1.011287595536554743e-02
1.431701881782408356e-02
3.426333496767958869e-02
7.840787061423243332e-02
1.568194890646042450e-01
2.738607570307493577e-01
4.217581429797925829e-01
5.804894609141413309e-01
7.256496283944596781e-01
8.391916927269179594e-01
9.154990106738563060e-01
9.598105266490193355e-01
9.822084049361680114e-01
9.921706960844939305e-01
9.961459526650116025e-01
9.976289138533699363e-01
9.981956514126224533e-01
9.984544702493856061e-01
9.986113850786919599e-01
9.987297565906272379e-01
9.988285623770248867e-01
9.989142152276865305e-01
9.989896441753662870e-01
9.990566726930392161e-01
9.991166405674808404e-01
9.991705971691449140e-01
9.992193866173431083e-01
9.992636986050034142e-01
9.993041034046642457e-01
9.993410773407325198e-01
9.993750218172040567e-01
9.994062777872587677e-01
9.994351369194633961e-01
9.994618503262897580e-01
9.994866354659317498e-01
9.995096816564932318e-01
9.995311545230758377e-01
9.995511996150912015e-01
9.995699453717680205e-01
9.995875055708807189e-01
9.996039813642378924e-01
9.996194629801127274e-01
9.996340311552700530e-01
9.996477583459631999e-01
9.996607097571164058e-01
9.996729442210612326e-01
9.996845149510977802e-01
9.996954701903639773e-01
9.997058537727159244e-01
9.997157056093204375e-01
9.997250621122519831e-01
9.997339565644545178e-01
9.997424194438575551e-01
9.997504787081623601e-01
9.997581600457712270e-01
9.997654870974703734e-01
9.997724816527762126e-01
9.997791638242599088e-01
9.997855522026773967e-01
9.997916639953289275e-01
9.997975151497195956e-01
9.998031204643076375e-01
9.998084936878868234e-01
9.998136476089316549e-01
9.998185941360697715e-01
9.998233443706842083e-01
9.998279086725295750e-01
9.998322967191262123e-01
9.998365175596101162e-01
9.998405796636269383e-01
9.998444909657925317e-01
9.998482589061781223e-01
9.998518904672279994e-01
9.998553922074646660e-01
9.998587702923045217e-01
9.998620305222589710e-01
9.998651783587166886e-01
9.998682189469143555e-01
9.998711571312111079e-01
9.998739974302142119e-01
9.998767438119575690e-01
9.998793986877672069e-01
9.998819596512584784e-01
9.998844117909881923e-01
9.998867155252273431e-01
9.998887974442591808e-01
9.998905595950129399e-01
9.998919161322654681e-01
