9.999997738604380348e-01
9.999997709769576915e-01
9.999997671741361893e-01
9.999997626928904815e-01
9.999997577793170445e-01
9.999997525909580798e-01
9.999997471958608219e-01
9.999997416114700943e-01
9.999997358357677335e-01
9.999997298611018604e-01
9.999997236782722787e-01
9.999997172773600340e-01
9.999997106478193398e-01
9.999997037784469356e-01
9.999996966573329038e-01
9.999996892718056030e-01
9.999996816083717155e-01
9.999996736526495233e-01
9.999996653892977427e-01
9.999996568019346999e-01
9.999996478730518445e-01
9.999996385839172719e-01
9.999996289144698070e-01
9.999996188432012101e-01
9.999996083470263919e-01
9.999995974011403055e-01
9.999995859788572972e-01
9.999995740514335818e-01
9.999995615878694011e-01
9.999995485546872009e-01
9.999995349156844959e-01
9.999995206316552032e-01
9.999995056600781140e-01
9.999994899547648419e-01
9.999994734654612527e-01
9.999994561373983792e-01
9.999994379107807196e-01
9.999994187202030371e-01
9.999993984939865577e-01
9.999993771534155806e-01
9.999993546118617349e-01
9.999993307737726767e-01
9.999993055335014702e-01
9.999992787739451217e-01
9.999992503649550724e-01
9.999992201614733567e-01
9.999991880013360257e-01
9.999991537026695632e-01
9.999991170607891444e-01
9.999990778444756145e-01
9.999990357914694261e-01
9.999989906029426168e-01
9.999989419365686860e-01
9.999988893974683934e-01
9.999988325254738353e-01
9.999987707749851129e-01
9.999987034781645523e-01
9.999986297683884917e-01
9.999985484075035735e-01
9.999984573830005274e-01
9.999983529692444417e-01
9.999982275824206290e-01
9.999980650240340996e-01
9.999978303036934912e-01
9.999974487009271051e-01
9.999967644499421215e-01
9.999954627269472818e-01
9.999929290183914299e-01
9.999880077605600714e-01
9.999786093458276071e-01
9.999611059374987621e-01
9.999294604451767210e-01
9.998740615011231236e-01
9.997803038159938094e-01
9.996270676344922723e-01
9.993854108778128520e-01
9.990179688797196089e-01
9.984797065430800478e-01
9.977207066686346604e-01
9.966915169836630950e-01
9.953511524877012295e-01
9.936771634680505727e-01
9.916763428710093642e-01
9.893938804481134941e-01
9.869183617006511700e-01
9.843802146752883564e-01
9.819421413399078702e-01
9.797816202234738148e-01
9.780673904981642686e-01
9.769334437665700976e-01
9.764549973060079324e-01
9.766309191353907959e-01
9.773761115347967543e-01
9.785256919047651269e-01
9.798508606291700396e-01
9.810845544991628753e-01
9.819536673219606548e-01
9.822138901401353817e-01
9.816830069902753308e-01
9.802686151877338938e-01
9.779866069809999285e-01
9.749673789519845979e-01
9.714477792368010345e-01
9.677484082184135694e-01
9.642380259097069750e-01
9.612891773626982550e-01
9.592311762276835019e-01
9.583076782920170178e-01
9.586457934546950277e-01
9.602419247418234605e-01
9.629665696286364707e-01
9.665867777886044676e-01
9.708016294363999155e-01
9.752838025163692581e-01
9.797196751024160877e-01
9.838416861765046928e-01
9.874494701720231138e-01
9.904195773925865698e-01
9.927060526150873754e-01
9.943347314822216232e-01
9.953928130232534421e-01
9.960133535714034148e-01
9.963537360616407934e-01
9.965690848944926961e-01
9.967852415908584618e-01
9.970786981388700676e-01
9.974701756521484608e-01
9.979338471559483503e-01
9.984178928460435420e-01
9.988678069668170956e-01
9.992439972438140749e-01
9.995292080925435307e-01
9.997264247472505971e-01
9.998513468780337865e-01
9.999240843607539730e-01
9.999631367096928347e-01
9.999825371144211994e-01
9.999915012834375005e-01
9.999953929053534418e-01
9.999970162257146855e-01
9.999976999723234616e-01
9.999980186390411419e-01
9.999982004236249722e-01
9.999983294230175845e-01
9.999984349681310114e-01
9.999985272006093329e-01
9.999986099570876696e-01
9.999986850543930439e-01
9.999987536203125416e-01
9.999988164941246982e-01
9.999988743539289793e-01
9.999989277661234244e-01
9.999989772112959363e-01
9.999990231012778619e-01
9.999990657917010584e-01
9.999991055916801486e-01
9.999991427714500780e-01
9.999991775684766715e-01
9.999992101924050081e-01
9.999992408291047408e-01
9.999992696440075379e-01
9.999992967848811976e-01
9.999993223841529000e-01
9.999993465608663090e-01
9.999993694223411334e-01
9.999993910655872176e-01
9.999994115785153515e-01
9.999994310409796583e-01
9.999994495256777638e-01
9.999994670989316159e-01
9.999994838213686066e-01
9.999994997485150972e-01
9.999995149313180010e-01
9.999995294166026394e-01
9.999995432474770851e-01
9.999995564636903200e-01
9.999995691019474275e-01
9.999995811961936987e-01
9.999995927778637661e-01
9.999996038761069794e-01
9.999996145179879115e-01
9.999996247286657702e-01
9.999996345315573798e-01
9.999996439484815092e-01
9.999996529997892125e-01
9.999996617044604186e-01
9.999996700800239946e-01
9.999996781414368652e-01
9.999996858954030010e-01
9.999996933210477668e-01
9.999997003263978446e-01
9.999997066941404000e-01
9.999997120833946651e-01
9.999997161615163943e-01
9.999994328584391745e-01
9.999994262611373586e-01
9.999994176553237413e-01
9.999994075085318901e-01
9.999993963340092495e-01
9.999993844978161128e-01
9.999993721851674344e-01
9.999993594602625269e-01
9.999993463314017506e-01
9.999993327874820981e-01
9.999993188117537457e-01
9.999993043855548436e-01
9.999992894890292749e-01
9.999992741011780595e-01
9.999992581997962926e-01
9.999992417613887685e-01
9.999992247610773877e-01
9.999992071725014586e-01
9.999991889677082302e-01
9.999991701170335423e-01
9.999991505889727073e-01
9.999991303500386230e-01
9.999991093646078966e-01
9.999990875947510904e-01
9.999990650000486481e-01
9.999990415373869457e-01
9.999990171607355816e-01
9.999989918209024609e-01
9.999989654652627902e-01
9.999989380374616488e-01
9.999989094770842524e-01
9.999988797192908008e-01
9.999988486944122457e-01
9.999988163275006503e-01
9.999987825378291451e-01
9.999987472383335962e-01
9.999987103349891049e-01
9.999986717261115654e-01
9.999986313015740702e-01
9.999985889419245044e-01
9.999985445173910081e-01
9.999984978867574315e-01
9.999984488960880213e-01
9.999983973772780255e-01
9.999983431464004591e-01
9.999982860018155062e-01
9.999982257220001447e-01
9.999981620630504775e-01
9.999980947557916000e-01
9.999980235024270581e-01
9.999979479726310849e-01
9.999978677989764808e-01
9.999977825715525848e-01
9.999976918315975905e-01
9.999975950639081734e-01
9.999974916877060194e-01
9.999973810454777512e-01
9.999972623889765710e-01
9.999971348608222010e-01
9.999969974683482477e-01
9.999968490420277911e-01
9.999966881605182323e-01
9.999965130003963809e-01
9.999963210145124126e-01
9.999961082248518540e-01
9.999958676680180680e-01
9.999955860321804169e-01
9.999952365607857052e-01
9.999947645228424165e-01
9.999940584368514074e-01
9.999928950690595286e-01
9.999908381649637024e-01
9.999870591731923053e-01
9.999800327157175595e-01
9.999670414580522637e-01
9.999434080334912434e-01
9.999013631543154368e-01
9.998284708233332596e-01
9.997055793752889219e-01
9.995043676601688132e-01
9.991847205588049174e-01
9.986923940185700177e-01
9.979576879512065402e-01
9.968960724065965007e-01
9.954118114029357756e-01
9.934054851673512765e-01
9.907858290571635029e-01
9.874854585249346339e-01
9.834789244569379640e-01
9.788003723506064624e-01
9.735572020915287395e-01
9.679359005107799341e-01
9.621968906905462582e-01
9.566568206401095953e-01
9.516589288419790016e-01
9.475344844926574250e-01
9.445602485318893571e-01
9.429179939287218870e-01
9.426621572528606219e-01
9.437007312779133184e-01
9.457928086830869052e-01
9.485640888874546928e-01
9.515394819332122500e-01
9.541899272239133811e-01
9.559888479950701123e-01
9.564723795819258800e-01
9.552967128401799179e-01
9.522856743493803844e-01
9.474621534585312421e-01
9.410583251951232242e-01
9.335018688343638127e-01
9.253784030626631685e-01
9.173737343498641339e-01
9.102026104942551044e-01
9.045328229077729265e-01
9.009142554535036762e-01
8.997217417320233501e-01
9.011186112092359757e-01
9.050449917728142779e-01
9.112316940706353119e-01
9.192371562117740424e-01
9.285018070062298623e-01
9.384117763739933116e-01
9.483627466698943964e-01
9.578154228970905404e-01
9.663366690146093507e-01
9.736241160953131857e-01
9.795156056335908579e-01
9.839866864312936112e-01
9.871388316202482915e-01
9.891788559403780212e-01
9.903882640058377929e-01
9.910820903315793462e-01
9.915607594553405013e-01
9.920637085060561855e-01
9.927364823711279929e-01
9.936209121914749698e-01
9.946708357434649317e-01
9.957868284685191806e-01
9.968571293813808243e-01
9.977914007020278753e-01
9.985389005117057959e-01
9.990899879999057820e-01
9.994658584189896056e-01
9.997037728018909331e-01
9.998438957813056138e-01
9.999208809403379306e-01
9.999604580121748132e-01
9.999795871031652572e-01
9.999883595489666988e-01
9.999922508151856126e-01
9.999939891759520583e-01
9.999948299504579641e-01
9.999953094253829500e-01
9.999956419204221181e-01
9.999959086748142489e-01
9.999961397921540707e-01
9.999963469033816832e-01
9.999965352178403766e-01
9.999967076825453383e-01
9.999968663530653945e-01
9.999970128453785634e-01
9.999971484993671611e-01
9.999972744522019896e-01
9.999973916809365981e-01
9.999975010320487634e-01
9.999976032437699613e-01
9.999976989636171210e-01
9.999977887624273976e-01
9.999978731457435099e-01
9.999979525631428334e-01
9.999980274159518956e-01
9.999980980636771211e-01
9.999981648294010705e-01
9.999982280043422378e-01
9.999982878517293949e-01
9.999983446101117224e-01
9.999983984962015349e-01
9.999984497073248768e-01
9.999984984235459340e-01
9.999985448095125573e-01
9.999985890160691948e-01
9.999986311816677631e-01
9.999986714336088767e-01
9.999987098891349735e-01
9.999987466563966532e-01
9.999987818353095470e-01
9.999988155183163752e-01
9.999988477910637386e-01
9.999988787330094109e-01
9.999989084179630172e-01
9.999989369145729778e-01
9.999989642867630479e-01
9.999989905941257806e-01
9.999990158922775763e-01
9.999990402331783157e-01
9.999990636654231269e-01
9.999990862345018439e-01
9.999991079830168328e-01
9.999991289507150771e-01
9.999991491735230609e-01
9.999991686780969058e-01
9.999991874615110632e-01
9.999992054372689454e-01
9.999992223390345991e-01
9.999992376325718135e-01
9.999992505667496534e-01
9.999992604606526836e-01
9.999996628690881462e-01
9.999996582789800748e-01
9.999996521689853424e-01
9.999996449823512767e-01
9.999996371396456807e-01
9.999996288817766255e-01
9.999996202965784065e-01
9.999996113984725987e-01
9.999996021782957545e-01
9.999995926210252239e-01
9.999995827098708823e-01
9.999995724268719854e-01
9.999995617528866232e-01
9.999995506675043444e-01
9.999995391489420182e-01
9.999995271739301472e-01
9.999995147175865240e-01
9.999995017532785635e-01
9.999994882524707585e-01
9.999994741845545931e-01
9.999994595166634692e-01
9.999994442134640948e-01
9.999994282369273346e-01
9.999994115460715260e-01
9.999993940966774852e-01
9.999993758409686517e-01
9.999993567272549289e-01
9.999993366995313382e-01
9.999993156970277131e-01
9.999992936537005495e-01
9.999992704976605751e-01
9.999992461505212704e-01
9.999992205266621248e-01
9.999991935323874204e-01
9.999991650649669994e-01
9.999991350115348121e-01
9.999991032478260378e-01
9.999990696367169196e-01
9.999990340265362265e-01
9.999989962491028228e-01
9.999989561174340569e-01
9.999989134230611310e-01
9.999988679328664087e-01
9.999988193853406315e-01
9.999987674861299247e-01
9.999987119027013982e-01
9.999986522579216164e-01
9.999985881222523965e-01
9.999985190041812411e-01
9.999984443383025390e-01
9.999983634700605473e-01
9.999982756351684099e-01
9.999981799290328377e-01
9.999980752541975937e-01
9.999979602140767199e-01
9.999978328697192165e-01
9.999976901473546231e-01
9.999975263765522593e-01
9.999973297408504269e-01
9.999970739258337016e-01
9.999966992252792286e-01
9.999960716397586769e-01
9.999948984174276134e-01
9.999925621529788256e-01
9.999878116914098225e-01
9.999782177683620432e-01
9.999592708778592964e-01
9.999229832981652022e-01
9.998558826615837614e-01
9.997363865625070734e-01
9.995317619906365358e-01
9.991952148522758037e-01
9.986640884801245566e-01
9.978605623423584259e-01
9.966964334614056842e-01
9.950832843877714939e-01
9.929483902918826432e-01
9.902550761228019471e-01
9.870241939339462478e-01
9.833515716068282897e-01
9.794154863463351290e-01
9.754691001080062485e-01
9.718155259242655664e-01
9.687672459626717192e-01
9.665958570083623691e-01
9.654812701439714484e-01
9.654705489875661240e-01
9.664552254304670242e-01
9.681726142081600317e-01
9.702322975324275678e-01
9.721646348723309572e-01
9.734847030197182338e-01
9.737628792351120666e-01
9.726923145676809046e-01
9.701435803156145399e-01
9.661976966692525925e-01
9.611507402329266814e-01
9.554865901393673200e-01
9.498191619284297449e-01
9.448111006121002742e-01
9.410810950574280964e-01
9.391152236363898842e-01
9.391979138997483822e-01
9.413748877538757887e-01
9.454544429087576862e-01
9.510458359064416500e-01
9.576260401811407252e-01
9.646205983470570455e-01
9.714823430644822233e-01
9.777542831431491610e-01
9.831092292407185296e-01
9.873662034610739546e-01
9.904887901399828110e-01
9.925708854612729226e-01
9.938115842829973179e-01
9.944774567836428547e-01
9.948520037434056551e-01
9.951794823871809026e-01
9.956184657840596586e-01
9.962217608638987976e-01
9.969501173210095768e-01
9.977120819068737712e-01
9.984110581132885631e-01
9.989802041943680599e-01
9.993953654224474459e-01
9.996684726847908653e-01
9.998312980734231914e-01
9.999196303717735601e-01
9.999634027684296544e-01
9.999833160379052455e-01
9.999917083307492405e-01
9.999950519879600153e-01
9.999963731880774365e-01
9.999969443025233939e-01
9.999972503077390051e-01
9.999974606183937853e-01
9.999976306832296657e-01
9.999977784475518883e-01
9.999979103806673209e-01
9.999980295229851102e-01
9.999981377940592164e-01
9.999982366384749799e-01
9.999983272243584409e-01
9.999984105233357123e-01
9.999984873551943654e-01
9.999985584184086784e-01
9.999986243128340391e-01
9.999986855571751931e-01
9.999987426026905046e-01
9.999987958440994529e-01
9.999988456283602778e-01
9.999988922618121556e-01
9.999989360160352891e-01
9.999989771326993626e-01
9.999990158276053087e-01
9.999990522940759297e-01
9.999990867058173860e-01
9.999991192193489198e-01
9.999991499760746416e-01
9.999991791040607758e-01
9.999992067195643264e-01
9.999992329283560188e-01
9.999992578268674936e-01
9.999992815031905069e-01
9.999993040379511200e-01
9.999993255050744212e-01
9.999993459724587641e-01
9.999993655025694039e-01
9.999993841529628558e-01
9.999994019767537434e-01
9.999994190230274693e-01
9.999994353372086975e-01
9.999994509613905347e-01
9.999994659346187476e-01
9.999994802930407545e-01
9.999994940691373513e-01
9.999995072857300604e-01
9.999995199296763948e-01
9.999995318778016618e-01
9.999995427786638746e-01
9.999995520139677296e-01
9.999995589338237512e-01
9.999945734314461543e-01
9.999944170026066059e-01
9.999942076925788514e-01
9.999939532034034517e-01
9.999936621335505649e-01
9.999933395195617081e-01
9.999929858214886558e-01
9.999925976491119695e-01
9.999921678546908055e-01
9.999916834034825452e-01
9.999911193198430803e-01
9.999904252013186445e-01
9.999894970461902233e-01
9.999881206011452806e-01
9.999858615386305605e-01
9.999818605542338812e-01
9.999744661204028606e-01
9.999606035351188416e-01
9.999347384867510735e-01
9.998872546932842109e-01
9.998020449289420908e-01
9.996531402211538131e-01
9.994003101422936908e-01
9.989837977542302960e-01
9.983187334137012536e-01
9.972902935674342606e-01
9.957512602738516350e-01
9.935241340987260861e-01
9.904101128996671832e-01
9.862067912352612264e-01
9.807351452725465712e-01
9.738742381573378681e-01
9.655994329670418708e-01
9.560174110438514061e-01
9.453898480991617115e-01
9.341379793676196641e-01
9.228227924644800684e-01
9.120998148169112696e-01
9.026523602310039252e-01
8.951113609305885177e-01
8.899725090420688156e-01
8.875219991732431479e-01
8.877810248415448635e-01
8.904770236817074469e-01
8.950470849755489677e-01
9.006761269774745671e-01
9.063692370511012841e-01
9.110536727022298109e-01
9.137014698029367610e-01
9.134589725896373746e-01
9.097660127136363295e-01
9.024462985569519091e-01
8.917529480960324495e-01
8.783592934151976950e-01
8.632941628332126971e-01
8.478306957436348990e-01
8.333457104551883488e-01
8.211705606246522127e-01
8.124535537325754397e-01
8.080493865700526523e-01
8.084448751985993109e-01
8.137247227633745972e-01
8.235772887282550858e-01
8.373379417576534145e-01
8.540653368727284533e-01
8.726428414643434550e-01
8.918935667759406716e-01
9.106946301058671533e-01
9.280763720265932104e-01
9.432961331372460290e-01
9.558824948427873114e-01
9.656514465401334624e-01
9.726978049142294136e-01
9.773630564473904103e-01
9.801778060980508300e-01
9.817779749596902139e-01
9.828013257703327454e-01
9.837821377731570394e-01
9.850697806865804651e-01
9.867945791383996301e-01
9.888902287995156026e-01
9.911620468600546019e-01
9.933745574621350993e-01
9.953281885720277611e-01
9.969040669511445296e-01
9.980719455905613380e-01
9.988705363285290684e-01
9.993760627217687098e-01
9.996731334473147879e-01
9.998356225996041236e-01
9.999186101574255581e-01
9.999583807274585734e-01
9.999764342724941635e-01
9.999843543579025607e-01
9.999878576720150347e-01
9.999895435948559230e-01
9.999905073932444655e-01
9.999911801405239054e-01
9.999917227090220351e-01
9.999921939427791617e-01
9.999926164838306430e-01
9.999930005862756044e-01
9.999933521717222495e-01
9.999936754372379388e-01
9.999939737071426027e-01
9.999942497443898848e-01
9.999945058946617671e-01
9.999947441725789421e-01
9.999949663223636209e-01
9.999951738629273557e-01
9.999953681165483221e-01
9.999955501987689566e-01
9.999957208924139529e-01
9.999958802542736613e-01
9.999960268671571617e-01
9.999961571215560951e-01
9.999962656049090626e-01
9.999963474468196445e-01
9.999937319517295808e-01
9.999935586766484086e-01
9.999933275815211520e-01
9.999930472085885036e-01
9.999927272472118878e-01
9.999923737244862387e-01
9.999919879139449463e-01
9.999915673274345496e-01
9.999911064301765240e-01
9.999905957004364687e-01
9.999900179467616779e-01
9.999893396042552896e-01
9.999884919380983561e-01
9.999873319940697503e-01
9.999855642155004443e-01
9.999825886310310663e-01
9.999772176347505592e-01
9.999671679320499829e-01
9.999481859409249385e-01
9.999126064228349708e-01
9.998470854629282201e-01
9.997292120065337517e-01
9.995227241505046933e-01
9.991711896307807761e-01
9.985903142629843909e-01
9.976595652235017431e-01
9.962145401709828763e-01
9.940423913543181555e-01
9.908834107094685040e-01
9.864422456759289748e-01
9.804117148208981725e-01
9.725104629610215046e-01
9.625326602165776846e-01
9.504040338306547486e-01
9.362347265225773318e-01
9.203571735499677109e-01
9.033376255468765770e-01
8.859536012607953648e-01
8.691357460856921069e-01
8.538795513473006471e-01
8.411380453952519431e-01
8.317093907091741567e-01
8.261330899469208067e-01
8.246062776476056344e-01
8.269289783108993985e-01
8.324854273330571930e-01
8.402675922741880132e-01
8.489457079741662415e-01
8.569872394085311651e-01
8.628190584501342908e-01
8.650181384549993080e-01
8.625060043633345774e-01
8.547151791129834475e-01
8.416956200564653656e-01
8.241375996116417912e-01
8.033035268306729648e-01
7.808804721621260825e-01
7.587814958832030943e-01
7.389319179027330486e-01
7.230742616408403212e-01
7.126148315906668529e-01
7.085209399728608082e-01
7.112664180832317662e-01
7.208178307509669480e-01
7.366547996304292356e-01
7.578219375972167215e-01
7.830127873377368264e-01
8.106847475100662503e-01
8.391981532437968738e-01
8.669654537339619438e-01
8.925921055236131219e-01
9.149921349951765093e-01
9.334674381522534148e-01
9.477466777236552842e-01
9.579828842528375077e-01
9.647079467058556901e-01
9.687412411941367374e-01
9.710545795625141752e-01
9.726086210234098361e-01
9.741918453711836401e-01
9.763019415725651129e-01
9.791024666466988657e-01
9.824646901378135677e-01
9.860752771294991614e-01
9.895690095335163416e-01
9.926422303133817238e-01
9.951173320440778181e-01
9.969522724867220242e-01
9.982095559322585743e-01
9.990082544611258442e-01
9.994798693585739136e-01
9.997393339275442159e-01
9.998726895249282487e-01
9.999369681145167110e-01
9.999662315013029268e-01
9.999790045468635036e-01
9.999845276175569619e-01
9.999870512269803946e-01
9.999883875492419083e-01
9.999892571918520545e-01
9.999899303559018904e-01
9.999905047614561227e-01
9.999910158629045087e-01
9.999914764425383851e-01
9.999918886573662125e-01
9.999922468864832492e-01
9.999925403288150161e-01
9.999927593576578566e-01
