9.999901269481423771e-01
9.999897831358617317e-01
9.999893258762222459e-01
9.999887610937747695e-01
9.999880934244197439e-01
9.999873127503444703e-01
9.999863772059841560e-01
9.999851832727004730e-01
9.999835036283535317e-01
9.999808600819710680e-01
9.999762774392096931e-01
9.999678309579120850e-01
9.999518551091142182e-01
9.999216302463633799e-01
9.998653214634161124e-01
9.997629390218016887e-01
9.995821662992872003e-01
9.992731134270892435e-01
9.987624499405671763e-01
9.979479568585590821e-01
9.966952459343644266e-01
9.948390288116820690e-01
9.921915528348745905e-01
9.885602232736716566e-01
9.837745700064693954e-01
9.777193080203221420e-01
9.703653642288861958e-01
9.617851527140753864e-01
9.521340362387786804e-01
9.415806674635380791e-01
9.301805774501270552e-01
9.177152291344023993e-01
9.035600380194070969e-01
8.866773734456685485e-01
8.658070642413238094e-01
8.397998485078838060e-01
8.078457583651013074e-01
7.693272897509837449e-01
7.235316178963697720e-01
6.703526535210651005e-01
6.130879474185237932e-01
5.620171078711301282e-01
5.341949033522318535e-01
5.459149246313352855e-01
6.015208562316274321e-01
6.882889978232267225e-01
7.829843523908822656e-01
8.646808918759414375e-01
9.233885583621264104e-01
9.598496188424242570e-01
9.801103438541797219e-01
9.905276691819896451e-01
9.956191820884265908e-01
9.980185862268378116e-01
9.991114345538876229e-01
9.995920972244376479e-01
9.997974880681947951e-01
9.998845725769075488e-01
9.999227663816263600e-01
9.999411461610145935e-01
9.999513653823397519e-01
9.999579938354730135e-01
9.999628460083116455e-01
9.999666834528289083e-01
9.999698584439600246e-01
9.999725553559253299e-01
9.999748836292574605e-01
9.999769156571138851e-01
9.999787034122180618e-01
9.999802863694534638e-01
9.999816956313002381e-01
9.999829562891140444e-01
9.999840889060290783e-01
9.999851105250250338e-01
9.999860353957352732e-01
9.999868755193315195e-01
9.999876410654502390e-01
9.999883406855019086e-01
9.999889817064270270e-01
9.999895701100736112e-01
9.999901100939780907e-01
9.999906030184697592e-01
9.999910459891343528e-01
9.999914312812294703e-01
9.999917484043122640e-01
9.999919893225179823e-01
9.999891916244054713e-01
9.999864811827751110e-01
9.999811595725931479e-01
9.999709488492084519e-01
9.999517750706679031e-01
9.999166224899673772e-01
9.998539066792399010e-01
9.997453231484693115e-01
9.995632460591752366e-01
9.992679566539068858e-01
9.988052649223818635e-01
9.981054042903534373e-01
9.970843298842291258e-01
9.956485838516029307e-01
9.937045163521998070e-01
9.911716807551842479e-01
9.879985341654973219e-01
9.841762091018866343e-01
9.797434503125395100e-01
9.747738290311753762e-01
9.693370209535725479e-01
9.634321476152656327e-01
9.569053270807335032e-01
9.493837508562770200e-01
9.402727676387387934e-01
9.288454309705380663e-01
9.143809450864779365e-01
8.962055544329766699e-01
8.735058720009125643e-01
8.451389965261012494e-01
8.102483376944660254e-01
7.704240937793576105e-01
7.324433830722225647e-01
7.083477402818100233e-01
7.102681960227283930e-01
7.424122398634842579e-01
7.970149581445725717e-01
8.584657344144691615e-01
9.121675455007896005e-01
9.508302395433148035e-01
9.746538713038860324e-01
9.876703729012399346e-01
9.942125955103877644e-01
9.973414601840968619e-01
9.987967862557010079e-01
9.994589665965118996e-01
9.997527577412557154e-01
9.998798507474092601e-01
9.999341589582833034e-01
9.999578343517012691e-01
9.999689252769348169e-01
9.999748258687322089e-01
9.999784819321642093e-01
9.999810676211676741e-01
9.999830695036574513e-01
9.999847060780084895e-01
9.999860870903582999e-01
9.999872747981225496e-01
9.999883083591891708e-01
9.999892136439593182e-01
9.999900066443890845e-01
9.999906941278009498e-01
9.999912744327121850e-01
9.999917411180303528e-01
9.999920901104515369e-01
