3.066037083987333062e+03 1.006703435820029080e+00 1.111248846885278321e-02 4.680995320314475975e+03
3.066045398038013900e+03 1.002660774042169356e+00 1.105084014127105489e-02 4.659766693936299816e+03
3.066053712088694738e+03 9.985914618259820186e-01 1.098893840418525489e-02 4.638538067558124567e+03
3.066062026139376030e+03 9.954047242684681551e-01 1.098527739636034027e-02 4.621527930671990362e+03
3.066070340190056868e+03 9.922589005239849103e-01 1.098341271432674848e-02 4.604821669849009595e+03
3.066078654240737706e+03 9.919313334876888044e-01 1.095335646518215238e-02 4.601299593230923165e+03
3.066086968291418543e+03 9.915336571675905653e-01 1.092069642450163060e-02 4.597549915560321097e+03
3.066095282342099836e+03 9.962986767623054352e-01 1.094413818804042086e-02 4.617825052183906337e+03
3.066103596392780673e+03 1.001654114403087270e+00 1.097263841014247884e-02 4.640911732274703354e+03
3.066111910443461511e+03 1.005952558382379625e+00 1.100717867279697726e-02 4.659176368653921600e+03
3.066120224494142349e+03 1.010108186838069244e+00 1.104248260853653470e-02 4.676856183085458724e+03
3.066128538544823186e+03 1.008228673131834396e+00 1.101517545826466958e-02 4.666677922836934158e+03
3.066136852595504479e+03 1.005525978091323713e+00 1.097907168399921661e-02 4.652782609448632684e+03
3.066145166646185316e+03 1.001766382892910867e+00 1.094963853073849941e-02 4.634089941150349659e+03
3.066153480696866154e+03 9.976380253104518703e-01 1.092015628334077476e-02 4.613783673288097816e+03
3.066161794747546992e+03 9.961800471785096089e-01 1.087669139135704136e-02 4.605914002877721941e+03
3.066170108798228284e+03 9.952585214092558585e-01 1.082975832789912114e-02 4.600605552739094492e+03
3.066178422848909122e+03 9.979428178797411508e-01 1.085226198350592447e-02 4.612039818488507080e+03
3.066186736899589960e+03 1.001908990937969701e+00 1.089437624468593026e-02 4.629466882214561338e+03
3.066195050950270797e+03 1.001185383293891284e+00 1.088221723947253340e-02 4.625294346146804855e+03
3.066203365000952090e+03 9.988282656731322096e-01 1.085314818029790157e-02 4.613648970815395842e+03
3.066211679051632927e+03 1.002456184260525296e+00 1.091191093137486995e-02 4.629717425232072856e+03
3.066219993102313765e+03 1.008531267996048308e+00 1.100675314118578461e-02 4.657149241057200925e+03
3.066228307152994603e+03 1.008975838195052877e+00 1.101491270149429665e-02 4.658642970673222408e+03
3.066236621203675440e+03 1.006832108408345805e+00 1.098784497527145743e-02 4.648251231884165463e+03
3.066244935254356733e+03 1.003404487780023224e+00 1.095961781866181504e-02 4.631997096820627121e+03
3.066253249305037571e+03 9.994315194280077863e-01 1.093050416292065154e-02 4.613288790617057202e+03
3.066261563355718408e+03 9.956981272975885533e-01 1.091421335917378346e-02 4.595747264989116957e+03
3.066269877406399246e+03 9.920883566708678103e-01 1.090472117621912353e-02 4.578834646561146656e+03
3.066278191457080538e+03 9.916312413145044191e-01 1.088627551470436675e-02 4.576527858492052474e+03
3.066286505507761376e+03 9.931004562459739837e-01 1.086325127901365158e-02 4.583163620815886134e+03
3.066294819558442214e+03 9.937280358258526736e-01 1.085579822654277916e-02 4.585965576835793399e+03
3.066303133609123051e+03 9.936958876208656921e-01 1.085780664176804432e-02 4.585771712724183089e+03
3.066311447659803889e+03 9.934311144729028875e-01 1.084871069510994109e-02 4.584551309420256075e+03
3.066319761710485182e+03 9.930428966532093282e-01 1.083146573354931176e-02 4.582806358607675065e+03
3.066328075761166019e+03 9.908767655988912626e-01 1.082777669578354612e-02 4.572899585621747065e+03
3.066336389811846857e+03 9.871633566371470492e-01 1.083499046456386575e-02 4.555892821280214775e+03
3.066344703862527695e+03 9.877087640981976335e-01 1.085629403161897724e-02 4.558580092378580957e+03
3.066353017913208987e+03 9.921920772872155903e-01 1.089066897748433571e-02 4.579480669568505618e+03
3.066361331963889825e+03 9.934540878697478705e-01 1.088438229383754952e-02 4.585550486503044340e+03
3.066369646014570662e+03 9.914610989140054675e-01 1.083811862096676834e-02 4.576629926249887831e+03
3.066377960065251500e+03 9.891495021221048400e-01 1.081158286071406266e-02 4.566269663886770104e+03
3.066386274115932338e+03 9.866460309113107563e-01 1.080716564107860739e-02 4.555052449140480348e+03
3.066394588166613630e+03 9.802654047038151797e-01 1.075822343070263060e-02 4.525960818364978877e+03
3.066402902217294468e+03 9.692804339574496719e-01 1.065504007880761772e-02 4.475630311678288308e+03
3.066411216267975306e+03 9.615219638762236842e-01 1.058485663373639508e-02 4.440214835079850673e+03
3.066419530318656143e+03 9.580873639923384033e-01 1.055899964549181919e-02 4.424784197207058241e+03
3.066427844369337436e+03 9.612303103536451454e-01 1.055856286053520610e-02 4.439751542691159557e+03
3.066436158420018273e+03 9.729931308851346161e-01 1.059437534617973901e-02 4.494558718704733110e+03
3.066444472470699111e+03 9.781520534454011262e-01 1.061446243439130403e-02 4.518886180968716872e+03
3.066452786521379949e+03 9.739367028376014757e-01 1.061288798203451067e-02 4.499922260899897083e+03
3.066461100572061241e+03 9.674733266525838982e-01 1.061351903966401694e-02 4.470579802673732047e+03
3.066469414622742079e+03 9.575831523764692932e-01 1.061719577376006585e-02 4.425405521446597959e+03
3.066477728673422916e+03 9.526748375326082874e-01 1.060304991161683391e-02 4.403256411687145373e+03
3.066486042724103754e+03 9.562204979484792977e-01 1.055482820303175681e-02 4.420189020855991657e+03
3.066494356774784592e+03 9.583927213197224182e-01 1.052008770565493988e-02 4.430782612029143820e+03
3.066502670825465884e+03 9.584502459623428505e-01 1.051287969900278375e-02 4.431605703277182329e+03
3.066510984876146722e+03 9.604424210648155880e-01 1.052819213376748018e-02 4.441378271675224823e+03
3.066519298926827560e+03 9.671130656636516276e-01 1.059621830980123081e-02 4.472791815310300080e+03
3.066527612977508397e+03 9.708323103432969781e-01 1.063916210233353463e-02 4.490561006578686829e+03
3.066535927028189690e+03 9.679491140366561774e-01 1.062467786517400786e-02 4.477788941812233134e+03
3.066544241078870527e+03 9.664847124753070950e-01 1.061403508878894057e-02 4.471573678880961779e+03
3.066552555129551365e+03 9.675399301778560002e-01 1.061049378749460287e-02 4.477009665802040217e+03
3.066560869180232203e+03 9.717332327537892001e-01 1.062233620632986424e-02 4.496961542416260272e+03
3.066569183230913040e+03 9.846473876049850471e-01 1.068016343472062875e-02 4.557271604023912005e+03
3.066577497281594333e+03 9.951564158338614963e-01 1.072821609828164199e-02 4.606451406562468947e+03
3.066585811332275171e+03 9.980337420252332059e-01 1.074074640069729546e-02 4.620298902914973951e+03
3.066594125382956008e+03 9.996869820075191537e-01 1.075662463265464330e-02 4.628466743323695482e+03
3.066602439433636846e+03 9.990858265506084024e-01 1.078846813736401497e-02 4.626180364709886817e+03
3.066610753484318138e+03 9.997014438914341161e-01 1.081400772922674718e-02 4.629509205372121869e+03
3.066619067534998976e+03 1.002706190583687151e+00 1.081365276317665380e-02 4.643882726566402198e+03
3.066627381585679814e+03 1.004059617229464685e+00 1.081367424496954693e-02 4.650587675278222378e+03
3.066635695636360651e+03 1.000684337493475518e+00 1.081331057399942223e-02 4.635364904265706173e+03
3.066644009687041489e+03 9.991318556279881191e-01 1.081986407588954834e-02 4.628557373049920898e+03
3.066652323737722782e+03 1.002739219315467389e+00 1.086452994740621548e-02 4.645625791674448919e+03
3.066660637788403619e+03 1.004635572764466245e+00 1.089432247289997581e-02 4.654739035887083446e+03
3.066668951839084457e+03 9.989068324301687563e-01 1.084650004052279196e-02 4.628490178477427435e+03
3.066677265889765295e+03 9.949927475910717023e-01 1.080421017839566268e-02 4.610613283740399311e+03
3.066685579940446587e+03 9.989355001377275833e-01 1.077771237285355364e-02 4.629108056975848740e+03
3.066693893991127425e+03 1.001671887997381161e+00 1.075541394771473841e-02 4.641976571311228327e+03
3.066702208041808262e+03 1.000355060683653763e+00 1.079942051443488760e-02 4.636022616079821091e+03
3.066710522092489100e+03 9.998956194100873107e-01 1.083946771090182545e-02 4.634000815392535515e+03
3.066718836143170392e+03 1.002583007368002654e+00 1.082527798674222559e-02 4.646520198406667078e+03
3.066727150193851230e+03 1.006266450961682990e+00 1.081805115834051124e-02 4.663611264720157124e+03
3.066735464244532068e+03 1.018263453064630175e+00 1.087646045808911277e-02 4.719184995445326422e+03
3.066743778295212906e+03 1.027602487793421782e+00 1.092750835712688259e-02 4.762389961380631576e+03
3.066752092345893743e+03 1.016139630472468580e+00 1.090598010924034855e-02 4.709138353937634747e+03
3.066760406396575036e+03 1.006459102029444219e+00 1.088838334735756086e-02 4.664096904516410177e+03
3.066768720447255873e+03 1.010359321442571456e+00 1.092218456195249120e-02 4.681937422631659501e+03
3.066777034497936711e+03 1.013824080708781716e+00 1.095527679508530132e-02 4.697701815575377623e+03
3.066785348548617549e+03 1.007544660178489870e+00 1.091327075007015625e-02 4.668257905569695140e+03
3.066793662599298841e+03 1.000843065099820350e+00 1.086908671013974564e-02 4.636802920470025128e+03
3.066801976649979679e+03 9.998925719422666614e-01 1.083734644205871026e-02 4.631934019967611675e+03
3.066810290700660516e+03 9.989853261111842908e-01 1.080591548461862575e-02 4.627203270468783558e+03
3.072814300645135972e+03 1.002160509391766929e+00 9.701539587690675981e-03 5.245203464175076078e+03
3.072822022979919893e+03 9.965299374368089547e-01 9.680330261225790142e-03 5.221951930953583542e+03
3.072829745314704269e+03 9.941817253691723755e-01 9.665373957988727949e-03 5.214837483993178466e+03
3.072837467649488190e+03 9.973649983144251552e-01 9.698199060155676676e-03 5.235791018275169336e+03
3.072845189984272565e+03 1.001320172477635495e+00 9.741054468889152190e-03 5.259938097516501330e+03
3.072852912319056486e+03 1.003971248300076446e+00 9.721483548328399560e-03 5.276431432393582327e+03
3.072860634653840862e+03 1.001320363044809758e+00 9.677329958006497188e-03 5.264302186283915034e+03
3.072868356988624782e+03 9.952381778566373738e-01 9.628286680289576197e-03 5.233429687977397407e+03
3.072876079323408703e+03 9.973725477562666031e-01 9.611414967152195551e-03 5.245135284510271049e+03
3.072883801658193079e+03 1.004046375720062390e+00 9.659758567716546576e-03 5.280155557532678358e+03
3.072891523992977000e+03 1.006317579771226489e+00 9.696501955027523809e-03 5.291524619879412057e+03
3.072899246327761375e+03 1.003678097287726390e+00 9.690432169754247677e-03 5.276641447297755803e+03
3.072906968662545296e+03 9.988334844909310117e-01 9.679853445791848296e-03 5.249809727699373980e+03
3.072914690997329672e+03 9.996053601475114458e-01 9.669753438196135309e-03 5.252205760384898895e+03
3.072922413332113592e+03 1.005825862772792956e+00 9.666580363928796091e-03 5.282985144162616052e+03
3.072930135666897513e+03 1.005678471025593934e+00 9.668287679839472279e-03 5.280138723588386711e+03
3.072937858001681889e+03 9.970111798398475500e-01 9.659721645666641265e-03 5.232477373148261904e+03
3.072945580336465810e+03 9.904539330017446686e-01 9.625288182245391594e-03 5.195887540573408842e+03
3.072953302671250185e+03 9.924435863996636797e-01 9.597619253239361714e-03 5.204174239936368394e+03
3.072961025006034106e+03 9.953528129881621389e-01 9.592426455224520657e-03 5.217367474461878373e+03
3.072968747340818027e+03 9.941408640472710889e-01 9.584727288976935614e-03 5.209115277772613808e+03
3.072976469675602402e+03 9.938574037558159935e-01 9.611211931411515336e-03 5.205956326014481419e+03
3.072984192010386323e+03 9.999735323760946537e-01 9.666062115542953248e-03 5.236601671397688733e+03
3.072991914345170699e+03 1.001473357544650167e+00 9.660124941406486587e-03 5.243420362447896878e+03
3.072999636679954619e+03 9.863141971567134236e-01 9.591168216486110898e-03 5.163434732181132858e+03
3.073007359014738995e+03 9.757301886137675906e-01 9.571300239897490361e-03 5.107808371024873850e+03
3.073015081349522916e+03 9.832750215590305709e-01 9.604659434222225650e-03 5.147458454644526682e+03
3.073022803684306837e+03 9.858236141436030886e-01 9.553894125651768779e-03 5.161308464133253437e+03
3.073030526019091212e+03 9.699750322845079875e-01 9.425260010214230044e-03 5.079159956838644575e+03
3.073038248353875133e+03 9.550513134739754273e-01 9.353057520338140321e-03 5.002129949622269123e+03
3.073045970688659509e+03 9.490893312549116834e-01 9.324250906325725480e-03 4.972292690839040006e+03
3.073053693023443429e+03 9.426347868922022588e-01 9.264202016511242921e-03 4.940114250714060290e+03
3.073061415358227805e+03 9.375492056018505105e-01 9.198475911729175891e-03 4.915326236600408265e+03
3.073069137693011726e+03 9.321456516849939700e-01 9.145794475105420776e-03 4.889065077444338385e+03
3.073076860027795647e+03 9.176413474437467022e-01 9.071253884463158570e-03 4.815218466366863140e+03
3.073084582362580022e+03 9.037458566720339981e-01 8.990950331764748643e-03 4.744667113084635275e+03
3.073092304697363943e+03 8.959394301928595983e-01 8.924788422343843397e-03 4.706175483671915572e+03
3.073100027032148319e+03 8.905769961827449954e-01 8.885874161791618500e-03 4.680613919055507722e+03
3.073107749366932239e+03 8.903666563568335413e-01 8.883865662663106150e-03 4.682223800826250226e+03
3.073115471701716615e+03 8.926154258494688465e-01 8.900398693502531780e-03 4.696862778482582144e+03
3.073123194036500536e+03 8.974634040661391143e-01 8.937216055443212084e-03 4.725273227482627590e+03
3.073130916371284457e+03 8.998333562269051900e-01 8.956623249892856770e-03 4.740713075323383237e+03
3.073138638706068832e+03 8.984412389813539734e-01 8.966523730912095286e-03 4.736369842796099874e+03
3.073146361040852753e+03 9.043531783396102641e-01 9.026878675307778779e-03 4.770561700568729066e+03
3.073154083375637128e+03 9.217225667950994517e-01 9.152328839852881190e-03 4.865266078253546766e+03
3.073161805710421049e+03 9.328759913597959308e-01 9.236262220112471943e-03 4.927230396595750790e+03
3.073169528045205425e+03 9.368123350870805055e-01 9.261629674665258077e-03 4.951080965215941433e+03
3.073177250379989346e+03 9.451752655116552049e-01 9.303091968572091766e-03 4.998300872700560831e+03
3.073184972714773266e+03 9.577086385646473854e-01 9.365168129161745639e-03 5.067554986029499560e+03
3.073192695049557642e+03 9.681362162903390800e-01 9.422001482125449967e-03 5.125629446708760952e+03
3.073200417384341563e+03 9.722619084441606052e-01 9.464728898234882684e-03 5.150253457037656517e+03
3.073208139719125938e+03 9.739801584597110873e-01 9.502385499181932246e-03 5.161990652737207711e+03
3.073215862053909859e+03 9.748122539963149924e-01 9.521315037888784805e-03 5.168866370825106060e+03
3.073223584388694235e+03 9.770240088289168234e-01 9.535225491082542290e-03 5.182872167601206456e+03
3.073231306723478156e+03 9.870238109787653480e-01 9.571366962656391655e-03 5.238003853883143165e+03
3.073239029058262076e+03 9.996114951474993626e-01 9.614897213571629853e-03 5.306676388777438660e+03
3.073246751393046452e+03 1.002345097513305250e+00 9.611999108466148800e-03 5.322802332453771669e+03
3.073254473727830373e+03 1.002280767673190853e+00 9.603271481567712820e-03 5.323790613774049234e+03
3.073262196062614748e+03 1.006058937544696663e+00 9.618540243041656321e-03 5.344887367578989142e+03
3.073269918397398669e+03 1.007349851938740493e+00 9.621070629351091003e-03 5.352446741627179108e+03
3.073277640732182590e+03 9.958094211941947993e-01 9.558622831911531975e-03 5.291474913482828924e+03
3.073285363066966966e+03 9.817690333535989966e-01 9.494897500717920658e-03 5.216847832373393430e+03
3.073293085401750886e+03 9.876585008653675501e-01 9.519053944803805914e-03 5.247737108066225119e+03
3.073300807736535262e+03 1.002853649449752416e+00 9.563534965044008518e-03 5.327648783063981682e+03
3.073308530071319183e+03 1.006331135566084889e+00 9.563695293360719926e-03 5.344859256489283325e+03
3.073316252406103558e+03 1.005697563800151517e+00 9.558315116109624907e-03 5.339774227900085862e+03
3.073323974740887479e+03 1.006546305507901806e+00 9.575785557538567250e-03 5.342080133933959587e+03
3.073331697075671400e+03 1.002510664750582370e+00 9.578148987480245014e-03 5.317971332678797808e+03
3.073339419410455776e+03 9.990355330830295033e-01 9.554787423121656117e-03 5.296337725551284166e+03
3.073347141745239696e+03 1.003825481915553874e+00 9.553817635150398460e-03 5.317974586451885443e+03
3.073354864080024072e+03 1.008396454737118475e+00 9.555209027118514303e-03 5.337850050517248746e+03
3.073362586414807993e+03 1.007361183632260904e+00 9.549742065008998138e-03 5.327446908057014298e+03
3.073370308749592368e+03 1.001624227760091079e+00 9.603844661672397698e-03 5.291606553147867089e+03
3.073378031084376289e+03 9.959934342371865590e-01 9.659276136049603501e-03 5.255766198240830818e+03
3.228851907659739936e+03 9.993204310847337846e-01 6.186759807847422646e-03 1.005626932003227921e+04
3.228861245514130587e+03 1.000224961310759220e+00 6.196772863322114015e-03 1.007591773418541743e+04
3.228870583368521693e+03 1.001212870182227599e+00 6.207294071403053962e-03 1.009556614833951244e+04
3.228879921222912344e+03 1.000035231523713763e+00 6.188049234246298727e-03 1.009254845807974198e+04
3.228889259077303450e+03 9.964750491333440596e-01 6.158094144749504291e-03 1.006464878015819522e+04
3.228898596931694101e+03 9.945771724947067849e-01 6.152871751571187958e-03 1.005273178110591471e+04
3.228907934786085207e+03 9.972521401444370825e-01 6.161745957752567081e-03 1.008630603661546047e+04
3.228917272640475858e+03 1.000668399090748117e+00 6.161153103946486777e-03 1.012671112872572485e+04
3.228926610494866964e+03 1.002199691039201701e+00 6.156193109453493920e-03 1.014739233957922443e+04
3.228935948349257615e+03 1.002231784316258034e+00 6.165576095725199338e-03 1.015225561089138682e+04
3.228945286203648266e+03 1.000515303080703911e+00 6.172833079770001334e-03 1.013878401766493516e+04
3.228954624058039371e+03 9.998169228384833351e-01 6.167134489149555393e-03 1.013503613975579356e+04
3.228963961912430022e+03 1.000701644587869810e+00 6.162839133840790698e-03 1.014678284320083912e+04
3.228973299766821128e+03 9.991615571686246478e-01 6.143528136727870875e-03 1.013341856524680406e+04
3.228982637621211779e+03 9.983943108088845220e-01 6.125204033346589791e-03 1.012739567785354302e+04
3.228991975475602885e+03 9.990641469130249197e-01 6.126723808180713042e-03 1.013548861194357960e+04
3.229001313329993536e+03 9.983949292549603172e-01 6.125391521932760028e-03 1.012956635851670580e+04
3.229010651184384187e+03 1.001004841471839768e+00 6.146064277631707248e-03 1.015651429376376109e+04
3.229019989038775293e+03 1.003314956135037628e+00 6.174928231227487345e-03 1.018005134939624986e+04
3.229029326893165944e+03 1.001057699767250897e+00 6.162924683380099217e-03 1.015690603585202371e+04
3.229038664747557050e+03 9.979718462397165757e-01 6.136947442118491358e-03 1.012504652943487963e+04
3.229048002601947701e+03 9.969836142558321512e-01 6.128453065776591491e-03 1.011419331026301188e+04
3.229057340456338807e+03 1.000190648954811357e+00 6.136776149018128602e-03 1.014565038884024398e+04
3.229066678310729458e+03 1.002704471930413233e+00 6.130163115998035067e-03 1.016985158750738265e+04
3.229076016165120564e+03 1.000009518302091394e+00 6.106047735295676640e-03 1.014103657050860238e+04
3.229085354019511215e+03 9.989070207294235004e-01 6.107429816236195977e-03 1.012822005803412503e+04
3.229094691873901866e+03 1.003058732126476116e+00 6.130459209616237991e-03 1.016854642982028599e+04
3.229104029728292971e+03 1.009083189928988711e+00 6.160709594541164888e-03 1.022774382456404237e+04
3.229113367582683622e+03 1.013502959198315123e+00 6.190079126800160023e-03 1.027059166494025703e+04
3.229122705437074728e+03 1.013736592034193640e+00 6.177722412799509059e-03 1.027097468812983971e+04
3.229132043291465379e+03 1.010687975295053720e+00 6.137349583027001954e-03 1.023810452625979269e+04
3.229141381145856485e+03 1.005141231719476780e+00 6.098451917685683045e-03 1.017997272111271559e+04
3.229150719000247136e+03 1.000537043012937000e+00 6.065392476996243898e-03 1.013146420925998609e+04
3.229160056854637787e+03 9.975115810735319943e-01 6.035939530008879381e-03 1.009904357620793962e+04
3.229169394709028893e+03 9.932128721508989289e-01 6.004776154147808097e-03 1.005384867734860200e+04
3.229178732563419544e+03 9.909473325339434036e-01 5.988566575244158585e-03 1.002935061643582776e+04
3.229188070417810650e+03 9.933118734338686195e-01 5.991282167427507306e-03 1.005181964188124766e+04
3.229197408272201301e+03 9.951624796231173242e-01 5.990921792092400097e-03 1.006918938558668742e+04
3.229206746126592407e+03 9.934967410964216095e-01 5.978993305143602381e-03 1.005108868996471574e+04
3.229216083980983058e+03 9.933326458504815326e-01 5.969522020004816056e-03 1.004829204712224237e+04
3.229225421835374163e+03 9.945547978039720460e-01 5.966453776719936666e-03 1.005962821336874185e+04
3.229234759689764815e+03 9.915839461617680373e-01 5.952308478651429161e-03 1.002866712532890051e+04
3.229244097544155466e+03 9.853111851663441945e-01 5.923334302829225823e-03 9.964432112208218314e+03
3.229253435398546571e+03 9.797316042712861384e-01 5.899452437831788527e-03 9.907329648109243863e+03
3.229262773252937222e+03 9.760277987166701141e-01 5.888926213437291335e-03 9.869315574877393374e+03
3.229272111107328328e+03 9.716248677854811833e-01 5.860632803928450887e-03 9.824351019323366927e+03
3.229281448961718979e+03 9.639773094186837588e-01 5.801390493784348498e-03 9.746699142992783891e+03
3.229290786816110085e+03 9.573996252810508256e-01 5.761298068234905340e-03 9.679984271222732787e+03
3.229300124670500736e+03 9.553175979595097678e-01 5.761354494726739391e-03 9.658841194545353574e+03
3.229309462524891387e+03 9.530676618541179534e-01 5.756767540069035807e-03 9.636117372295924724e+03
3.229318800379282493e+03 9.474421535787960202e-01 5.731249686936210931e-03 9.579381092100587921e+03
3.229328138233673144e+03 9.429215571930669171e-01 5.706636555711442314e-03 9.533932282486628537e+03
3.229337476088064250e+03 9.427445917476682258e-01 5.695941523029599170e-03 9.532519420330623689e+03
3.229346813942454901e+03 9.440815625969025682e-01 5.699006589901820484e-03 9.546534929893943627e+03
3.229356151796846007e+03 9.469225570700610106e-01 5.720203033201596947e-03 9.575882573441100249e+03
3.229365489651236658e+03 9.505934081685285530e-01 5.743066269798221754e-03 9.613749373042446678e+03
3.229374827505627763e+03 9.545723482845611674e-01 5.764242547428532343e-03 9.654862487438504104e+03
3.229384165360018415e+03 9.603014503257580881e-01 5.784245581243294305e-03 9.713812551659353630e+03
3.229393503214409066e+03 9.669767544001103277e-01 5.799028941821091077e-03 9.782475141794637238e+03
3.229402841068800171e+03 9.713834436067518840e-01 5.816927449170752190e-03 9.828330303921458835e+03
3.229412178923190822e+03 9.743753747904306817e-01 5.848793510279119874e-03 9.860012462807851989e+03
3.229421516777581928e+03 9.781767730535788630e-01 5.872173646397509800e-03 9.900028987865487579e+03
3.229430854631972579e+03 9.843386173645857218e-01 5.876303577315904539e-03 9.964086398538796857e+03
3.229440192486363685e+03 9.925737738155353540e-01 5.894521874598191401e-03 1.004929350045537103e+04
3.229449530340754336e+03 9.984279367613834166e-01 5.931498200334618144e-03 1.011056002099764737e+04
3.229458868195144987e+03 1.000076377391485360e+00 5.949486457100074295e-03 1.012939332021848895e+04
3.229468206049536093e+03 9.999280814944819795e-01 5.933942695882684151e-03 1.013017345605051378e+04
3.229477543903926744e+03 9.995297853522416842e-01 5.923471364844022646e-03 1.012856281473120544e+04
3.229486881758317850e+03 9.987066478013922888e-01 5.928874157334475085e-03 1.012278840094861880e+04
3.229496219612708501e+03 9.979893025610906410e-01 5.930353079073075531e-03 1.011822763811567711e+04
3.229505557467099607e+03 9.962436145898881934e-01 5.905268758703874875e-03 1.010338043723557348e+04
3.229514895321490258e+03 9.973881485316318241e-01 5.885577952304595767e-03 1.011799018441076259e+04
3.229524233175881363e+03 1.001926695365783493e+00 5.891537375001460949e-03 1.016719695178567235e+04
3.229533571030272014e+03 1.005131876003071856e+00 5.896547610183992122e-03 1.020304870566232603e+04
3.229542908884662666e+03 1.004355917784851782e+00 5.894930104869603935e-03 1.019864824227832105e+04
3.229552246739053771e+03 1.000786831504520080e+00 5.885882460458584722e-03 1.016602288841684640e+04
3.229561584593444422e+03 9.979138496578683348e-01 5.864787307021424555e-03 1.014059876577971590e+04
3.229570922447835528e+03 9.960629763962342009e-01 5.850914160204336370e-03 1.012569764737091100e+04
3.229580260302226179e+03 9.976474635003429459e-01 5.871093510746334086e-03 1.014587414897994859e+04
3.229589598156617285e+03 1.001568556521322373e+00 5.890467678737647608e-03 1.018999345307915792e+04
3.229598936011007936e+03 1.003433401400630309e+00 5.870585834190817330e-03 1.021337592624432182e+04
3.229608273865398587e+03 1.003010341582930565e+00 5.846957555231751917e-03 1.021363756458412718e+04
3.229617611719789693e+03 1.001886451745342077e+00 5.847663722098718833e-03 1.020691671462792146e+04
3.229626949574180344e+03 1.000861766203032133e+00 5.852331498853610009e-03 1.020135849966087153e+04
3.229636287428571450e+03 9.982455164984798124e-01 5.828947808173255869e-03 1.017972323622574368e+04
3.229645625282962101e+03 9.968167131512611912e-01 5.803863799352052683e-03 1.017034048281717332e+04
3.229654963137353207e+03 9.990790185654615518e-01 5.814144530781522290e-03 1.019878709696245642e+04
3.229664300991743858e+03 1.000858330973366739e+00 5.828721567736928032e-03 1.022249170877745928e+04
3.229673638846134963e+03 1.000071151558368676e+00 5.824886514839094573e-03 1.022015618845921563e+04
3.229682976700525614e+03 9.992683372046705648e-01 5.820974894950051159e-03 1.021782066814108657e+04
3.241836804539253990e+03 9.986732224744416797e-01 3.838219675637430904e-03 9.745319952816242221e+03
3.241845107789057238e+03 9.981356738115861882e-01 3.834168034236510106e-03 9.732023300707181988e+03
3.241853411038860486e+03 9.988700399317415046e-01 3.834779905009134873e-03 9.730074334660217573e+03
3.241861714288663734e+03 1.000441949459967450e+00 3.837930275640588727e-03 9.735114711341673683e+03
3.241870017538466982e+03 1.000954764350106219e+00 3.841041639417872716e-03 9.728586189305424341e+03
3.241878320788269775e+03 1.000828292029612321e+00 3.844626589008894469e-03 9.714661805177904171e+03
3.241886624038073023e+03 1.001074228152063705e+00 3.849497265032800729e-03 9.703521648426987667e+03
3.241894927287876271e+03 1.001629998468979821e+00 3.854760131108938420e-03 9.694924212787314900e+03
3.241903230537679519e+03 1.000997291099619213e+00 3.851645421562810596e-03 9.674754586101234963e+03
3.241911533787482767e+03 9.995451804461386036e-01 3.842555032358796734e-03 9.647003924408512830e+03
3.241919837037285561e+03 9.999243085031558342e-01 3.842105008188717238e-03 9.637630644832122925e+03
3.241928140287088809e+03 1.001493779711345455e+00 3.848256003037043259e-03 9.640717136166946148e+03
3.241936443536892057e+03 1.001724293438271740e+00 3.855044344959052821e-03 9.631956184229866267e+03
3.241944746786695305e+03 1.001608042594335446e+00 3.861980771790512242e-03 9.620893731791033133e+03
3.241953050036498553e+03 1.000813522858956084e+00 3.857146019649593683e-03 9.604329153676388160e+03
3.241961353286301346e+03 9.980007744214548504e-01 3.841545538089043404e-03 9.569400669354068668e+03
3.241969656536104594e+03 9.963424181304780802e-01 3.832293432439104128e-03 9.546517802160187784e+03
3.241977959785907842e+03 9.983410409153816722e-01 3.830760409937572497e-03 9.559585884695996356e+03
3.241986263035711090e+03 9.997140480823606401e-01 3.823618161383057941e-03 9.567528614411621675e+03
3.241994566285514338e+03 9.960981526234877759e-01 3.807143674398753667e-03 9.528591289081781724e+03
3.242002869535317132e+03 9.905130271642502704e-01 3.799073218946873252e-03 9.471676103106769006e+03
3.242011172785120380e+03 9.857554961145722494e-01 3.802768924334387884e-03 9.423497944919763540e+03
3.242019476034923628e+03 9.807071179422702789e-01 3.795984063973095127e-03 9.373320173854701352e+03
3.242027779284726876e+03 9.746046244083789167e-01 3.776434562163567821e-03 9.313810125545251140e+03
3.242036082534530124e+03 9.671044681564814338e-01 3.752220035322513265e-03 9.241646844936072739e+03
3.242044385784332917e+03 9.562307580293513132e-01 3.717373972868707847e-03 9.137906458208941331e+03
3.242052689034136165e+03 9.435823775376445122e-01 3.674246362965695629e-03 9.017817919102108135e+03
3.242060992283939413e+03 9.310954653897400846e-01 3.627867838747612060e-03 8.899831374793961004e+03
3.242069295533742661e+03 9.186246323303359773e-01 3.581231749958431552e-03 8.782507319105185161e+03
3.242077598783545909e+03 9.024504772481821702e-01 3.524711491803893433e-03 8.630228108029372379e+03
3.242085902033348702e+03 8.838473903091567108e-01 3.462140570006192256e-03 8.455102694533563408e+03
3.242094205283151950e+03 8.665189799517085678e-01 3.399340270414395130e-03 8.292496223444828502e+03
3.242102508532955198e+03 8.528743555004582033e-01 3.350790470970432117e-03 8.165436335988712926e+03
3.242110811782758446e+03 8.445765297257669113e-01 3.324492154275281424e-03 8.089853768417744504e+03
3.242119115032561695e+03 8.388872983369812797e-01 3.304180409745745457e-03 8.039544285642581599e+03
3.242127418282364488e+03 8.370127330432841628e-01 3.295242827980896828e-03 8.026080309235494497e+03
3.242135721532167736e+03 8.374958469299976782e-01 3.294146222200084687e-03 8.035517292763176556e+03
3.242144024781970984e+03 8.410089378497942469e-01 3.306256791853025030e-03 8.074326305498783768e+03
3.242152328031774232e+03 8.470266000633158709e-01 3.324102043588473328e-03 8.137493517824579612e+03
3.242160631281577480e+03 8.563292583427103422e-01 3.349005776206699560e-03 8.232549974655375991e+03
3.242168934531380273e+03 8.669898430407408929e-01 3.379652035308286593e-03 8.341003575932945751e+03
3.242177237781183521e+03 8.794118269266754107e-01 3.425331684506956534e-03 8.466748892171872285e+03
3.242185541030986769e+03 8.919570815421186127e-01 3.469848291172177718e-03 8.594021780409100757e+03
3.242193844280790017e+03 9.043629653242427624e-01 3.507754066387910440e-03 8.720272849442628285e+03
3.242202147530593265e+03 9.171818319091908922e-01 3.547976770393446080e-03 8.850808114912795645e+03
3.242210450780396059e+03 9.309163827284185899e-01 3.597192111385138450e-03 8.990469424884789987e+03
3.242218754030199307e+03 9.443151053502516490e-01 3.642756024404859242e-03 9.127157727102323406e+03
3.242227057280002555e+03 9.569500054258903710e-01 3.676209369618166096e-03 9.256699846467727184e+03
3.242235360529805803e+03 9.708971221643128979e-01 3.715420195987984616e-03 9.399148969498119186e+03
3.242243663779609051e+03 9.812407428454346103e-01 3.754772300894233545e-03 9.506880585306160356e+03
3.242251967029411844e+03 9.867724760959035724e-01 3.780189525274350697e-03 9.568064468276550542e+03
3.242260270279215092e+03 9.894307859223484547e-01 3.788367706791293411e-03 9.601370577215697267e+03
3.242268573529018340e+03 9.922444272996642223e-01 3.797930038375051977e-03 9.636117268921867435e+03
3.242276876778821588e+03 9.955295006979378858e-01 3.806526383996409069e-03 9.675350101894709951e+03
3.242285180028624836e+03 9.987036442477069675e-01 3.813933033837440482e-03 9.713384826043096837e+03
3.242293483278427630e+03 9.996633250986407537e-01 3.810855313787144417e-03 9.729714630105156175e+03
3.242301786528230878e+03 9.987756764155514277e-01 3.805727982993922440e-03 9.727849181740590211e+03
3.242310089778034126e+03 9.992229511266260689e-01 3.807338623583553672e-03 9.738763037008186075e+03
3.242318393027837374e+03 1.001789927087880283e+00 3.811587907565636320e-03 9.770133412398827204e+03
3.242326696277640622e+03 1.002750583576710541e+00 3.816903674306409717e-03 9.785634984142416215e+03
3.242334999527443415e+03 1.002459338994488913e+00 3.820630042327219627e-03 9.788695958012434858e+03
3.242343302777246663e+03 1.001129250292770667e+00 3.808650537331991631e-03 9.781373600245948182e+03
3.242351606027049911e+03 9.994513544602425803e-01 3.796817935322292781e-03 9.770404157190894693e+03
3.242359909276853159e+03 9.974236723782383685e-01 3.792649751665200936e-03 9.755761329750823279e+03
3.242368212526656407e+03 9.960753788818674792e-01 3.789399033198770708e-03 9.747510073085402837e+03
3.242376515776459200e+03 9.987460759161306267e-01 3.798201717581147028e-03 9.778355820154883986e+03
3.242384819026262448e+03 1.000793444007681776e+00 3.805767537414947443e-03 9.802879036464484670e+03
3.242393122276065696e+03 1.001286773314499001e+00 3.807074462538315510e-03 9.811947071239350407e+03
3.242401425525868945e+03 1.002382611308429095e+00 3.809821170795897952e-03 9.826678714761237643e+03
3.242409728775672193e+03 1.002961569828304533e+00 3.815715912117273109e-03 9.836099991748995308e+03
3.242418032025474986e+03 1.002778825535499907e+00 3.820719687765266812e-03 9.837800369623233564e+03
3.242426335275278234e+03 1.000752387853845571e+00 3.809213698669094029e-03 9.821151166491692493e+03
3.242434638525081482e+03 9.996936852939528606e-01 3.797977000408308927e-03 9.813732684895381681e+03
3.242442941774884730e+03 1.000861590595290895e+00 3.802475693807925213e-03 9.827913358709927707e+03
3.383541998523865914e+03 1.001798997016035031e+00 2.642821433329387622e-03 8.099363026769852695e+03
3.383550585813858561e+03 1.001056861207045623e+00 2.638335518647848526e-03 8.087492802477607256e+03
3.383559173103850753e+03 1.000852895672676102e+00 2.634366718281668483e-03 8.079783668540472718e+03
3.383567760393842946e+03 1.000372712220407356e+00 2.630296100537920286e-03 8.069587055374679039e+03
3.383576347683835138e+03 1.001029095589947904e+00 2.633997005145326340e-03 8.068214777099346065e+03
3.383584934973827330e+03 1.003110349234491272e+00 2.642192263098865415e-03 8.077884121484851676e+03
3.383593522263819978e+03 1.002969676321229020e+00 2.639101887360792518e-03 8.069141480779353515e+03
3.383602109553812170e+03 1.001500816996085064e+00 2.629815547714645964e-03 8.049139891338528287e+03
3.383610696843804362e+03 1.001273117289997572e+00 2.628098901013366066e-03 8.038461161857878324e+03
3.383619284133796555e+03 1.001540697269782676e+00 2.631436905157327148e-03 8.031010939653258902e+03
3.383627871423789202e+03 1.001491197159804392e+00 2.632122196822457398e-03 8.020187861477612387e+03
3.383636458713781394e+03 1.001101549796036716e+00 2.630162519809090861e-03 8.005772227773284612e+03
3.383645046003773587e+03 1.000963375104735320e+00 2.630097473323745726e-03 7.992632554252778391e+03
3.383653633293765779e+03 1.000924673028440459e+00 2.632172408649143067e-03 7.979735392136088194e+03
3.383662220583758426e+03 1.001132219714673477e+00 2.631558839252222393e-03 7.968432420472168815e+03
3.383670807873750618e+03 1.001742525926725413e+00 2.627680384239920123e-03 7.960144757739311899e+03
3.383679395163742811e+03 1.002047554237100124e+00 2.628340205237764127e-03 7.949426674760004971e+03
3.383687982453735003e+03 1.001513706487532573e+00 2.634015711586095137e-03 7.932251265406123821e+03
3.383696569743727196e+03 1.000591502949322198e+00 2.634260356607421357e-03 7.912400281477206590e+03
3.383705157033719843e+03 9.992489583099888328e-01 2.627830385526679861e-03 7.889821525540099174e+03
3.383713744323712035e+03 9.979397264605774920e-01 2.624926508119409477e-03 7.868291115952498330e+03
3.383722331613704227e+03 9.973971769504629270e-01 2.626744080760628521e-03 7.853753176179483489e+03
3.383730918903696420e+03 9.963125329684388021e-01 2.626323928767186275e-03 7.835935267416928582e+03
3.383739506193689067e+03 9.942789869997069596e-01 2.623422614003714879e-03 7.811626578319053806e+03
3.383748093483681259e+03 9.923080523901560701e-01 2.619943174686187402e-03 7.788757201092725154e+03
3.383756680773673452e+03 9.899102568236644029e-01 2.615481705238656331e-03 7.763454160475476783e+03
3.383765268063665644e+03 9.867716692903635289e-01 2.608419462670209278e-03 7.733231857684415445e+03
3.383773855353658291e+03 9.828262889389147716e-01 2.597492494778785941e-03 7.697550652568339501e+03
3.383782442643650484e+03 9.781896275855705980e-01 2.586972609313905203e-03 7.657289518912610220e+03
3.383791029933642676e+03 9.718510651725824623e-01 2.576921931213071310e-03 7.604510764180951810e+03
3.383799617223634868e+03 9.644621447451530161e-01 2.562336713624585333e-03 7.544285988012334201e+03
3.383808204513627516e+03 9.540259927454274314e-01 2.538902460470376671e-03 7.460963314019823883e+03
3.383816791803619708e+03 9.408208622621014872e-01 2.509814993328000551e-03 7.356685905341924808e+03
3.383825379093611900e+03 9.230155541674112118e-01 2.471569156380059792e-03 7.217091132881874728e+03
3.383833966383604093e+03 9.049178881078073777e-01 2.431802874441026368e-03 7.075807730290833206e+03
3.383842553673596285e+03 8.837816156874261919e-01 2.386583893604251640e-03 6.911299911417232579e+03
3.383851140963588932e+03 8.610815675492666799e-01 2.336770788897325670e-03 6.735032455058126288e+03
3.383859728253581125e+03 8.345250458433931540e-01 2.276487332135613498e-03 6.528998114348765739e+03
3.383868315543573317e+03 8.078090571649212404e-01 2.216992018450077064e-03 6.322039982251400943e+03
3.383876902833565509e+03 7.841091026100619477e-01 2.163349584447026106e-03 6.138954125660769932e+03
3.383885490123558156e+03 7.631390022033556209e-01 2.115955922567523337e-03 5.977469496049423469e+03
3.383894077413550349e+03 7.510798443091063481e-01 2.086864131992305013e-03 5.886003780978629038e+03
3.383902664703542541e+03 7.427139796544931505e-01 2.065836892980251523e-03 5.823714176757430323e+03
3.383911251993534734e+03 7.419216026115438289e-01 2.060888151844637861e-03 5.821062168309973458e+03
3.383919839283527381e+03 7.431983994151258877e-01 2.061464127771171512e-03 5.834920271543839590e+03
3.383928426573519573e+03 7.506618930018611469e-01 2.078100470914458729e-03 5.897651050178039441e+03
3.383937013863511766e+03 7.607957567168951440e-01 2.100980681204659209e-03 5.981696345225463119e+03
3.383945601153503958e+03 7.764706338508926553e-01 2.137693188102471505e-03 6.109678595072244207e+03
3.383954188443496150e+03 7.931129800911330685e-01 2.175287470382897704e-03 6.245674441127526734e+03
3.383962775733488797e+03 8.110064205063419740e-01 2.214753216680245655e-03 6.391928125368609471e+03
3.383971363023480990e+03 8.286337126940873654e-01 2.254929889390692738e-03 6.536485304243035898e+03
3.383979950313473182e+03 8.467170092153529781e-01 2.297973435212038746e-03 6.685029370207518696e+03
3.383988537603465375e+03 8.659052253476543504e-01 2.342371565490787219e-03 6.842683299629962676e+03
3.383997124893458022e+03 8.884593589429897742e-01 2.392011021820589049e-03 7.027338102850294490e+03
3.384005712183450214e+03 9.110063153520535639e-01 2.442070392341873578e-03 7.212345066544881774e+03
3.384014299473442406e+03 9.308861633275351544e-01 2.490082374473763429e-03 7.376606300422000459e+03
3.384022886763434599e+03 9.490182565345686161e-01 2.533815702015276231e-03 7.527332294824944256e+03
3.384031474053427246e+03 9.627942235240797286e-01 2.564789996373377078e-03 7.643751157360573416e+03
3.384040061343419438e+03 9.758230430723268123e-01 2.594381519923358477e-03 7.754418136024693013e+03
3.384048648633411631e+03 9.844015451458414390e-01 2.615185232696865154e-03 7.829833858249983678e+03
3.384057235923403823e+03 9.914023598567530682e-01 2.633074580518159156e-03 7.892741022366974903e+03
3.384065823213396470e+03 9.949378211715478315e-01 2.642679066657790607e-03 7.928034359206942099e+03
3.384074410503388663e+03 9.975814486494061217e-01 2.650781191080063721e-03 7.956135480581355296e+03
3.384082997793380855e+03 9.989469652994251714e-01 2.656118686974900424e-03 7.973913444689592325e+03
3.384091585083373047e+03 1.000156924447308304e+00 2.660847721653583284e-03 7.990281634286007829e+03
3.384100172373365240e+03 1.001276506647688525e+00 2.661834506167081414e-03 8.005729953939061488e+03
3.384108759663357887e+03 1.002509633741449857e+00 2.663219305905968181e-03 8.021873492527827693e+03
3.384117346953350079e+03 1.001818327044447621e+00 2.662542037486411925e-03 8.022398943625259562e+03
3.384125934243342272e+03 1.000609200856205749e+00 2.660768089859630141e-03 8.018550705368605122e+03
3.384134521533334464e+03 1.000930486479020720e+00 2.660839939619105091e-03 8.026752564225451351e+03
3.384143108823327111e+03 1.001671678518806896e+00 2.662226291365184325e-03 8.038125372811271518e+03
3.384151696113319304e+03 1.001365433201056643e+00 2.664332707541525094e-03 8.040899560895453760e+03
3.384160283403311496e+03 1.000396854222944665e+00 2.664628324269273374e-03 8.038159895747930932e+03
3.384168870693303688e+03 9.988480878857205481e-01 2.659211239404423235e-03 8.030564060517564940e+03
3.384177457983296335e+03 9.975935722002730044e-01 2.654905706878687467e-03 8.025145557690668284e+03
3.384186045273288528e+03 9.976870687244678848e-01 2.655276415358333048e-03 8.030397604212083024e+03
3.384194632563280720e+03 9.981217656133569704e-01 2.655612695840705705e-03 8.038236873639777514e+03
3.384203219853272913e+03 9.987894074869748673e-01 2.657094426935751111e-03 8.047802032841203982e+03
3.384211807143265105e+03 9.994555963167037760e-01 2.658833971985375202e-03 8.057212784053672294e+03
3.384220394433257752e+03 9.983798475943789219e-01 2.656724036114684225e-03 8.052437635342546855e+03
3.384228981723249944e+03 9.970819836755631105e-01 2.654962014113729576e-03 8.045727185614202426e+03
3.384237569013242137e+03 9.982872482078999354e-01 2.659603714388288943e-03 8.059086784093495226e+03
3.384246156303234329e+03 9.998780215305030916e-01 2.663550337014693268e-03 8.075447212223583847e+03
3.384254743593226976e+03 9.999660500970353194e-01 2.661438784400876195e-03 8.079561900373329991e+03
3.384263330883219169e+03 9.997796833561204410e-01 2.660221901576140507e-03 8.081351081708402489e+03
3.384271918173211361e+03 1.001084679694115742e+00 2.666766300773967032e-03 8.095097305381299520e+03
3.384280505463203554e+03 1.002591529398402237e+00 2.673132365610303256e-03 8.110389806693753599e+03
