3.065530411970822115e+03 1.003799720327633427e+00 9.009167820599709928e-03 6.167609369955388502e+03
3.065538789411535618e+03 9.972758643854557903e-01 8.992455972178063639e-03 6.128388870483868232e+03
3.065547166852248665e+03 9.907538472383227157e-01 8.975827752471108451e-03 6.089168371014476179e+03
3.065555544292962168e+03 9.902823823654062219e-01 8.967701498260120460e-03 6.087128479290474388e+03
3.065563921733675215e+03 9.990071578535523189e-01 8.976528255738537229e-03 6.141623750370483322e+03
3.065572299174388718e+03 1.001906139450605471e+00 8.978314835354078705e-03 6.160313696162994347e+03
3.065580676615102220e+03 9.935912836524433134e-01 8.949200149580793101e-03 6.110049621961706180e+03
3.065589054055815268e+03 9.913526752548689203e-01 8.943287069930279734e-03 6.097142045833543307e+03
3.065597431496528770e+03 9.918838530982118096e-01 8.930934644687180124e-03 6.101268078907512972e+03
3.065605808937241818e+03 9.898588122948390744e-01 8.897689551261482935e-03 6.089669026241715983e+03
3.065614186377955320e+03 9.945314023476657939e-01 8.913186404248703981e-03 6.119276481591376069e+03
3.065622563818668823e+03 9.998112005587116435e-01 8.936224453076301727e-03 6.152628663023972877e+03
3.065630941259381871e+03 1.004169711416941668e+00 8.947113300434506727e-03 6.180319783284126061e+03
3.065639318700095373e+03 1.011565909958668241e+00 8.972844637494443304e-03 6.226717009513904486e+03
3.065647696140808421e+03 1.017205406719081884e+00 8.974308017114017086e-03 6.262312108713628731e+03
3.065656073581521923e+03 1.019516551003680993e+00 8.950507923021898404e-03 6.277423461981364198e+03
3.065664451022235426e+03 1.023038343970788411e+00 8.961212572929734554e-03 6.299994140173788765e+03
3.065672828462948473e+03 1.024713384065664590e+00 8.988203024831704566e-03 6.311196791522133935e+03
3.065681205903661976e+03 1.017427999703631514e+00 8.960422933364273895e-03 6.267207442422981330e+03
3.065689583344375023e+03 1.003099584469434591e+00 8.903938872133181776e-03 6.179815334128656104e+03
3.065697960785088526e+03 9.982286730631509952e-01 8.903887761715471166e-03 6.150671626211474177e+03
3.065706338225802028e+03 1.005565917677824661e+00 8.942102724592670970e-03 6.196751655393269175e+03
3.065714715666515076e+03 1.005441894493984245e+00 8.933064380821850725e-03 6.196858227945214821e+03
3.065723093107228578e+03 1.001079012112955358e+00 8.904184676856136127e-03 6.170835476563881457e+03
3.065731470547942081e+03 1.005400650985923905e+00 8.927221479291086795e-03 6.198345678567098730e+03
3.065739847988655129e+03 1.009113992517148173e+00 8.955613017117778837e-03 6.222112656270482148e+03
3.065748225429368631e+03 9.999836111724896837e-01 8.915123941139488015e-03 6.166681618722944222e+03
3.065756602870081679e+03 9.900411517323425281e-01 8.861204297277573347e-03 6.106226152172646835e+03
3.065764980310795181e+03 9.975740253845323258e-01 8.885766172859757561e-03 6.153550316288479735e+03
3.065773357751508684e+03 1.012893479345782222e+00 8.941228761227250355e-03 6.248925911112552058e+03
3.065781735192221731e+03 1.016518664300230412e+00 8.936414399799247690e-03 6.272171512301422808e+03
3.065790112632935234e+03 1.009803028507067379e+00 8.896119375046696032e-03 6.231609015731421096e+03
3.065798490073648281e+03 1.000529926151543458e+00 8.867998737768239062e-03 6.175250254368551396e+03
3.065806867514361784e+03 9.924585646164968411e-01 8.850443793300624348e-03 6.126293589949501438e+03
3.065815244955075286e+03 9.932488902668973330e-01 8.859262093954822781e-03 6.132032446789724418e+03
3.065823622395788334e+03 1.003520712717202557e+00 8.894838937473149854e-03 6.196316914242567691e+03
3.065831999836501836e+03 1.008846313107675030e+00 8.897706180460773079e-03 6.230074057432078916e+03
3.065840377277214884e+03 1.006143470114644112e+00 8.868703538798126257e-03 6.214254268626649718e+03
3.065848754717928387e+03 1.005136014440340730e+00 8.852122683089144739e-03 6.208902504304737704e+03
3.065857132158641889e+03 1.005051025967525602e+00 8.840598071115875201e-03 6.209248036427578882e+03
3.065865509599354937e+03 9.994184320410562927e-01 8.819659755499330289e-03 6.175315273563438495e+03
3.065873887040068439e+03 9.894459342364468890e-01 8.791237647341423878e-03 6.114553124456506339e+03
3.065882264480781487e+03 9.865843623147224628e-01 8.789390966897936072e-03 6.097723780279774473e+03
3.065890641921494989e+03 9.912633993782271613e-01 8.816160666815044122e-03 6.127501807509745049e+03
3.065899019362208492e+03 9.926934823324999879e-01 8.806061978786553987e-03 6.137201693018473634e+03
3.065907396802921539e+03 9.903338644772113897e-01 8.757686469641690757e-03 6.123471428265487702e+03
3.065915774243635042e+03 9.898989538678820699e-01 8.745121980202113718e-03 6.121639668832868665e+03
3.065924151684348089e+03 9.914560618904540990e-01 8.769133371527277829e-03 6.132127734973464612e+03
3.065932529125061592e+03 9.936814202115944461e-01 8.788859729437019028e-03 6.146752186501280448e+03
3.065940906565775094e+03 9.982545507466017431e-01 8.805394220488539994e-03 6.175905464846564428e+03
3.065949284006488142e+03 1.003876491307800434e+00 8.808453854611561148e-03 6.211556250840902067e+03
3.065957661447201644e+03 1.004643375826187235e+00 8.781195152724134007e-03 6.217171570455106121e+03
3.065966038887914692e+03 1.003050626444740301e+00 8.763284296474790555e-03 6.208183730587221362e+03
3.065974416328628195e+03 1.006003610234108780e+00 8.788904882674615851e-03 6.227331986471985147e+03
3.065982793769341697e+03 1.006735555600360321e+00 8.803559954678087315e-03 6.232734831677761576e+03
3.065991171210054745e+03 9.986612724352003090e-01 8.770563823505772572e-03 6.183611650292376908e+03
3.065999548650768247e+03 9.897589814668904529e-01 8.734374673516873827e-03 6.129346822438412346e+03
3.066007926091481295e+03 9.911236458085341816e-01 8.723897885098782015e-03 6.138656328597761785e+03
3.066016303532194797e+03 9.961291390177413607e-01 8.710416569455254124e-03 6.170521310832213203e+03
3.066024680972908300e+03 9.919384341935211236e-01 8.675200105328661690e-03 6.145421155990234183e+03
3.066033058413621347e+03 9.865279675170753881e-01 8.657376168512616668e-03 6.112755814631257635e+03
3.066041435854334850e+03 9.871117527938526592e-01 8.667585755105523468e-03 6.117228066324280917e+03
3.066049813295048352e+03 9.915029671362872721e-01 8.663137386251107061e-03 6.145299637359387816e+03
3.066058190735761400e+03 9.942784602917076331e-01 8.624594502680920510e-03 6.163363234154137899e+03
3.066066568176474902e+03 9.902170436241575224e-01 8.592608547930037990e-03 6.139044874841169985e+03
3.066074945617187950e+03 9.857722941863774624e-01 8.600822622960817634e-03 6.112342601215068498e+03
3.066083323057901453e+03 9.875825747553980127e-01 8.604576237030663391e-03 6.124422749491657669e+03
3.066091700498614955e+03 9.905101920400537496e-01 8.578647949692340402e-03 6.143436085259397260e+03
3.066100077939328003e+03 9.861770610593685316e-01 8.561488280169296528e-03 6.117414903376389702e+03
3.066108455380041505e+03 9.788059815666523278e-01 8.570128254979318683e-03 6.072538700765850081e+03
3.066116832820754553e+03 9.713473317154570630e-01 8.552140546399404630e-03 6.027106364579553883e+03
3.066125210261468055e+03 9.641391922479309873e-01 8.499793945946054405e-03 5.983215714965821462e+03
3.066133587702181558e+03 9.694491592388304602e-01 8.501785617237286874e-03 6.017007776261413710e+03
3.066141965142894605e+03 9.879268612790685911e-01 8.586380722606359525e-03 6.132547639975843595e+03
3.066150342583608108e+03 9.983273145051700936e-01 8.636866673597427824e-03 6.197973062655721151e+03
3.066158720024321156e+03 9.942473153374072892e-01 8.614973511515576152e-03 6.173504131760941164e+03
3.066167097465034658e+03 9.875022650506568578e-01 8.583694552105862116e-03 6.132477925854197565e+03
3.066175474905748160e+03 9.771977802754766573e-01 8.521842102052094164e-03 6.069332544093998877e+03
3.066183852346461208e+03 9.647300900743133178e-01 8.459422351318260369e-03 5.992731864303747898e+03
3.066192229787174711e+03 9.669490420665614039e-01 8.474226217060594826e-03 6.007353118753619128e+03
3.066200607227887758e+03 9.791758237509562424e-01 8.513928699004176190e-03 6.084162412980052977e+03
3.066208984668601261e+03 9.769758130024586151e-01 8.499381884500960618e-03 6.071338729824528855e+03
3.066217362109314763e+03 9.687851367977894368e-01 8.470901462825149164e-03 6.021277531313097825e+03
3.066225739550027811e+03 9.729440379867342337e-01 8.479227367002588681e-03 6.047969006802179138e+03
3.066234116990741313e+03 9.805812693309032824e-01 8.494208911265371809e-03 6.096292531915873042e+03
3.066242494431454361e+03 9.800767344191664288e-01 8.485747144073641987e-03 6.094004718238584246e+03
3.066250871872167863e+03 9.688917288421065033e-01 8.465624271182770402e-03 6.025296838182946885e+03
3.066259249312881366e+03 9.612050535401925888e-01 8.459136971699657281e-03 5.978327858948091489e+03
3.066267626753594413e+03 9.637772378237465798e-01 8.456681792654234531e-03 5.995160633352191326e+03
3.066276004194307916e+03 9.640338348429361437e-01 8.435307749588260781e-03 5.997591784975824339e+03
3.066284381635020964e+03 9.657643752441747997e-01 8.426510196300411593e-03 6.009194575237010213e+03
3.066292759075734466e+03 9.716168752697317279e-01 8.440303293669538034e-03 6.046451656760862534e+03
3.066301136516447968e+03 9.762978367031222016e-01 8.452820450354637041e-03 6.076427280870662798e+03
3.066309513957161016e+03 9.814943600995708062e-01 8.473070859205768246e-03 6.109620291338272182e+03
3.066317891397874519e+03 9.819836668792836232e-01 8.482857995359176922e-03 6.113516676473068401e+03
3.066326268838587566e+03 9.813271262167426734e-01 8.476236614255297508e-03 6.110279236552983093e+03
3.066334646279301069e+03 9.800118543403201210e-01 8.459115608440925804e-03 6.102938468051053860e+03
3.066343023720014571e+03 9.761050715467759487e-01 8.433100915624401617e-03 6.079454767960594836e+03
3.066351401160727619e+03 9.756469293131341258e-01 8.433410910568815352e-03 6.077446382958878530e+03
3.066359778601441121e+03 9.820761154016474093e-01 8.492843886241042278e-03 6.118345337885783920e+03
3.066368156042154624e+03 9.869677298088973538e-01 8.540010109599089141e-03 6.149675009264863547e+03
3.066376533482867671e+03 9.838364769420052669e-01 8.530240924055094293e-03 6.131016702284564417e+03
3.066384910923581174e+03 9.850905074554483498e-01 8.525667341227231161e-03 6.139684731145299338e+03
3.066393288364294222e+03 9.947063610142006240e-01 8.541261390119738242e-03 6.200478155004938344e+03
3.066401665805007724e+03 1.002748509551403711e+00 8.550184564689032249e-03 6.251477220905564536e+03
3.066410043245721226e+03 1.000304596734708173e+00 8.521377320865759428e-03 6.237107442225599698e+03
3.066418420686434274e+03 9.908036306882817001e-01 8.480212145540417384e-03 6.178725121242649948e+03
3.066426798127147777e+03 9.908239786093774315e-01 8.495713042999706449e-03 6.179710210606283908e+03
3.066435175567860824e+03 9.993824193120711685e-01 8.531922653647178861e-03 6.233954307202102427e+03
3.066443553008574327e+03 9.974351378092751741e-01 8.502506282937090376e-03 6.222671466126153064e+03
3.066451930449287829e+03 9.902821965278374439e-01 8.469983056505184585e-03 6.178904334850659325e+03
3.066460307890000877e+03 9.909213753660096602e-01 8.494005013614851218e-03 6.183750798680528533e+03
3.066468685330714379e+03 9.996686295436910674e-01 8.539736417227692528e-03 6.239203067183718304e+03
3.066477062771427427e+03 1.000793074349023648e+00 8.541452312447520706e-03 6.247087865115063323e+03
3.066485440212140929e+03 9.901163615349147795e-01 8.481587107694130157e-03 6.181299942212604947e+03
3.066493817652854432e+03 9.871985383572297046e-01 8.467543549675165745e-03 6.163939019862385976e+03
3.066502195093567479e+03 9.954021687753573655e-01 8.505536280862745560e-03 6.216023582675574289e+03
3.066510572534280982e+03 1.001668708340918590e+00 8.518700155587755063e-03 6.256024058127060016e+03
3.066518949974994030e+03 9.979603985855882708e-01 8.510435302285358425e-03 6.233727810809717994e+03
3.066527327415707532e+03 9.952406817260094352e-01 8.508224512582349824e-03 6.217601209885984645e+03
3.066535704856421034e+03 9.977345331927707228e-01 8.498180024040713140e-03 6.234045317362285459e+03
3.066544082297134082e+03 9.963769345102598818e-01 8.467889013317232011e-03 6.226425776605289684e+03
3.066552459737847585e+03 1.000340071037757905e+00 8.463846838957051963e-03 6.252058121067944739e+03
3.066560837178560632e+03 1.005894857211228732e+00 8.473878795382699600e-03 6.287646412610378320e+03
3.066569214619274135e+03 9.996740425832103538e-01 8.463606150618033924e-03 6.249627215374581283e+03
3.066577592059987637e+03 1.000337757897738822e+00 8.505213897942776741e-03 6.254642979707329687e+03
3.066585969500700685e+03 1.009424299202059450e+00 8.558885232335644230e-03 6.312331170956271308e+03
3.066594346941414187e+03 1.010336547281971420e+00 8.556137696505011769e-03 6.318910919569066209e+03
3.066602724382127235e+03 1.005907102489550287e+00 8.541805114542038585e-03 6.292079267390736277e+03
3.066611101822840737e+03 1.003195542038997079e+00 8.525014996910006831e-03 6.275987019214201609e+03
3.066619479263554240e+03 1.000628751305970843e+00 8.503274364927666112e-03 6.260795877948470661e+03
3.066627856704267288e+03 9.943688814921368690e-01 8.459968425792307664e-03 6.222490005830304654e+03
3.066636234144980790e+03 9.937538653542209444e-01 8.430522842541114323e-03 6.219502138039264537e+03
3.066644611585693838e+03 9.968731678652977823e-01 8.433448435726043427e-03 6.239888024213398239e+03
3.066652989026407340e+03 9.897132118448723759e-01 8.428344129613855179e-03 6.195927799840307671e+03
3.066661366467120843e+03 9.776620838398881741e-01 8.399731195723434546e-03 6.121330602508455740e+03
3.066669743907833890e+03 9.769345406661281705e-01 8.381830893903043436e-03 6.117621482507835935e+03
3.066678121348547393e+03 9.944722377832986293e-01 8.449855887285178530e-03 6.228304930226269789e+03
3.066686498789260895e+03 1.002872177321782798e+00 8.505616019037730291e-03 6.281781754348151480e+03
3.066694876229973943e+03 9.918045091374350086e-01 8.480747896163791030e-03 6.213315241085034359e+03
3.066703253670687445e+03 9.848615863046453756e-01 8.456716652170084836e-03 6.170673243610433929e+03
3.066711631111400493e+03 9.912671998875506318e-01 8.477117924831181414e-03 6.211666347051579578e+03
3.066720008552113995e+03 1.000420306135153314e+00 8.516426203166440820e-03 6.269889785728813877e+03
3.066728385992827498e+03 9.949936056200573420e-01 8.507417819997472458e-03 6.236741076149161017e+03
3.066736763433540546e+03 9.855914528885478809e-01 8.472132804531280412e-03 6.178660904051384932e+03
3.066745140874254048e+03 9.863671626297738637e-01 8.457277356932170476e-03 6.184378157003375236e+03
3.066753518314967096e+03 9.963790912278601697e-01 8.479310247026281694e-03 6.248014497902550829e+03
3.066761895755680598e+03 9.964645540996662776e-01 8.476711731604479744e-03 6.249413495435810546e+03
3.066770273196394101e+03 9.827415850839368305e-01 8.437186217305660610e-03 6.164199907961414283e+03
3.066778650637107148e+03 9.791754153740758193e-01 8.417519705948575681e-03 6.142679386722962590e+03
3.066787028077820651e+03 9.844150149841627284e-01 8.407388398373894650e-03 6.176401711748154412e+03
3.066795405518533698e+03 9.892326458115128229e-01 8.410133259712385470e-03 6.207485237685587890e+03
3.066803782959247201e+03 9.922759430349461507e-01 8.427626540942688774e-03 6.227441538596522150e+03
3.066812160399960703e+03 1.000573410914392669e+00 8.471151085966211261e-03 6.280382401625009152e+03
3.066820537840673751e+03 1.004601105519624449e+00 8.498459882244182098e-03 6.306533498778719149e+03
3.066828915281387253e+03 1.000943157173937115e+00 8.496769749767126359e-03 6.284437144545499905e+03
3.066837292722100301e+03 1.002168884182579101e+00 8.492622763465689992e-03 6.293000915148523745e+03
3.066845670162813803e+03 1.001380239882730505e+00 8.472981609013960011e-03 6.288916058070848521e+03
3.066854047603527306e+03 1.006020553511164817e+00 8.485115523968347548e-03 6.318929738238461141e+03
3.066862425044240354e+03 1.021162941153110237e+00 8.536360127033973400e-03 6.414925276761957321e+03
3.066870802484953856e+03 1.038752617346336615e+00 8.841783097984317469e-03 6.526322984013184396e+03
3.066879179925666904e+03 1.043404836434135508e+00 9.136335910658328896e-03 6.556455902165240332e+03
3.066887557366380406e+03 1.033137001122939935e+00 8.849589744760617480e-03 6.492830625634848730e+03
3.066895934807093909e+03 1.023107899084635619e+00 8.556493937357158991e-03 6.430688106997069553e+03
3.066904312247806956e+03 1.007243187720264554e+00 8.472693520740823617e-03 6.331843760911439858e+03
3.066912689688520459e+03 1.001671302134147901e+00 8.456851639286291911e-03 6.297684749779890808e+03
3.066921067129233506e+03 1.009310777709055751e+00 8.497458000689007279e-03 6.346589695215830034e+03
3.066929444569947009e+03 9.984450165206503192e-01 8.440325728733565069e-03 6.279130119439770169e+03
3.066937822010660511e+03 9.863242361315053275e-01 8.374796539871710160e-03 6.203757932078053273e+03
3.066946199451373559e+03 9.954008677025995011e-01 8.435572261892291396e-03 6.261710068657584998e+03
3.066954576892087061e+03 1.001532284370841852e+00 8.486199295240486398e-03 6.301148086351906386e+03
3.066962954332800109e+03 9.967514725320844038e-01 8.444558022832745689e-03 6.271932904110188247e+03
3.066971331773513612e+03 9.904217956828312852e-01 8.406816852607190693e-03 6.232962060868801018e+03
3.066979709214227114e+03 9.894658526174217039e-01 8.420808241022061796e-03 6.227803103611561710e+03
3.066988086654940162e+03 1.005560128565954336e+00 8.473641536211657180e-03 6.329973146636453748e+03
3.066996464095653664e+03 1.017945305476857021e+00 8.523653922459625137e-03 6.408819181357389425e+03
3.067004841536367167e+03 1.012408628060671223e+00 8.520633395011746949e-03 6.374838048537335453e+03
3.067013218977080214e+03 1.000887896799574683e+00 8.440206161205525068e-03 6.303162322238839806e+03
3.067021596417793717e+03 9.872478564357675124e-01 8.368091734644887703e-03 6.218118304067318604e+03
3.067029973858506764e+03 9.858082393568723401e-01 8.377426585211976418e-03 6.209904820623293745e+03
3.067038351299220267e+03 9.951284251566614447e-01 8.404186029276602965e-03 6.269477421684808178e+03
3.067046728739933769e+03 1.001803309981244672e+00 8.411812115609549126e-03 6.312398033170336930e+03
3.067055106180646817e+03 1.000772236147474015e+00 8.401174307885644899e-03 6.306768015390970504e+03
3.067063483621360319e+03 9.850391435497966031e-01 8.352685926202559411e-03 6.208472803893424498e+03
3.067071861062073367e+03 9.797852038845925593e-01 8.327386740094894213e-03 6.176207080195538765e+03
3.067080238502786870e+03 9.952715795814098820e-01 8.361325760280655453e-03 6.274689571209010865e+03
3.067088615943500372e+03 1.008364809373728299e+00 8.393909969338114729e-03 6.358109228224109756e+03
3.067096993384213420e+03 1.004544229264182631e+00 8.356305071516637734e-03 6.334889154090445118e+03
3.067105370824926922e+03 9.850531473159954698e-01 8.296792191112992501e-03 6.212827065538028364e+03
3.067113748265639970e+03 9.733439936954016991e-01 8.305626432252568789e-03 6.139819340226434178e+03
3.067122125706353472e+03 9.842725718843884364e-01 8.339406719197219736e-03 6.209608947012522549e+03
3.067130503147066975e+03 9.976609374655087681e-01 8.360455755903200420e-03 6.294937997857794471e+03
3.067138880587780022e+03 1.000574003760202668e+00 8.379185181742975635e-03 6.314185206017147721e+03
3.067147258028493525e+03 9.999961623345978712e-01 8.391959580484444417e-03 6.311404844008230612e+03
3.067155635469206572e+03 1.000118302063387921e+00 8.404183595167600065e-03 6.313041968697982156e+03
3.067164012909920075e+03 1.000240408277807580e+00 8.416408844767674438e-03 6.314679093387823741e+03
3.072160277985050925e+03 1.010719957311444706e+00 7.322627492243000656e-03 7.192145155567514848e+03
3.072168091932419429e+03 1.001400957601932484e+00 7.301434587965044583e-03 7.126625450511456620e+03
3.072175905879787933e+03 9.921219072159913610e-01 7.280385715858699036e-03 7.061375322955963384e+03
3.072183719827156438e+03 9.931504846116000484e-01 7.277260169643814426e-03 7.069482658560178606e+03
3.072191533774525396e+03 9.941841296837586883e-01 7.274155612734947013e-03 7.077627700201910557e+03
3.072199347721893901e+03 9.897799407220749801e-01 7.265863475838918624e-03 7.047057963266095612e+03
3.072207161669262405e+03 9.851902168494043321e-01 7.257316669555604303e-03 7.015160128198205712e+03
3.072214975616630909e+03 9.878802477485505440e-01 7.270724150981854733e-03 7.035097118964224137e+03
3.072222789563999413e+03 9.910688118368449206e-01 7.285545267715315236e-03 7.058589022720614594e+03
3.072230603511367917e+03 1.004428875799382448e+00 7.316409362997910656e-03 7.154537474956418919e+03
3.072238417458736421e+03 1.018859445313042400e+00 7.349749261363582725e-03 7.258133136012166688e+03
3.072246231406105380e+03 1.014852543114088457e+00 7.346949627543776680e-03 7.230392512494322546e+03
3.072254045353473884e+03 1.008924226394319668e+00 7.339678840986704408e-03 7.188954760304492083e+03
3.072261859300842389e+03 9.981310130412341941e-01 7.290664927678884751e-03 7.112839595191014268e+03
3.072269673248210893e+03 9.863118706540509040e-01 7.235072420797476235e-03 7.029395590331771018e+03
3.072277487195579397e+03 9.833279672698534979e-01 7.244946058443241937e-03 7.008908171163690895e+03
3.072285301142947901e+03 9.820349711996674280e-01 7.267259084921485514e-03 7.000469716341884123e+03
3.072293115090316860e+03 9.920925743150452725e-01 7.295276088584903146e-03 7.072951334958196639e+03
3.072300929037685364e+03 1.004805439562225455e+00 7.325150261048829145e-03 7.164381215059014721e+03
3.072308742985053868e+03 1.005187788986375175e+00 7.332307471007562527e-03 7.167903434300781555e+03
3.072316556932422372e+03 1.002444346159955257e+00 7.333294594358474514e-03 7.149134041231475749e+03
3.072324370879790877e+03 1.006431641082792483e+00 7.366145766648695206e-03 7.178367246992116634e+03
3.072332184827159381e+03 1.012441161274344026e+00 7.407814041322899508e-03 7.222031878178770967e+03
3.072339998774527885e+03 1.008217300653897919e+00 7.388226453458279080e-03 7.192700296261891708e+03
3.072347812721896844e+03 1.000374988997583481e+00 7.348798964070289014e-03 7.137544849076166429e+03
3.072355626669265348e+03 9.952655201029219079e-01 7.328670561078326831e-03 7.101877621250396260e+03
3.072363440616633852e+03 9.915149150931018562e-01 7.315189487631316122e-03 7.075899769392578492e+03
3.072371254564002356e+03 9.901173090782162678e-01 7.290667970776811176e-03 7.066709907753082007e+03
3.072379068511370861e+03 9.897959323334408754e-01 7.262551827420095016e-03 7.065199996905472290e+03
3.072386882458739365e+03 9.858455400659843493e-01 7.254144957980069967e-03 7.037782656072898135e+03
3.072394696406107869e+03 9.796919950649752851e-01 7.253377736342210384e-03 6.994629383327532196e+03
3.072402510353476828e+03 9.867302068076083676e-01 7.286399762452111691e-03 7.045660952506633294e+03
3.072410324300845332e+03 1.001010252332660055e+00 7.336610230707404923e-03 7.148419086218101256e+03
3.072418138248213836e+03 9.981755769751442520e-01 7.328296647796128140e-03 7.128966559033809972e+03
3.072425952195582340e+03 9.853630411642523290e-01 7.288124011307186081e-03 7.038239795342059551e+03
3.072433766142950844e+03 9.876299156162753334e-01 7.287342216793329421e-03 7.055213718548732686e+03
3.072441580090319349e+03 9.993198501053542904e-01 7.310762443528420751e-03 7.139513081447455988e+03
3.072449394037688307e+03 9.981189903872629277e-01 7.321067345287293228e-03 7.131724117408759412e+03
3.072457207985056812e+03 9.875936010266987974e-01 7.320138937256940800e-03 7.057300571426892930e+03
3.072465021932425316e+03 9.834699617625900503e-01 7.314366002334336814e-03 7.028612050168394489e+03
3.072472835879793820e+03 9.851167566292987621e-01 7.308095743377472121e-03 7.041161406442753105e+03
3.072480649827162324e+03 9.855116033129348585e-01 7.312015535794398266e-03 7.044764029826846127e+03
3.072488463774530828e+03 9.842628102594739303e-01 7.321285915256567876e-03 7.036616694596892557e+03
3.072496277721899332e+03 9.838684478853489956e-01 7.328131664759566719e-03 7.034576488844117193e+03
3.072504091669268291e+03 9.844431491703296011e-01 7.334145835009199185e-03 7.039465149401097733e+03
3.072511905616636795e+03 9.818683404707189144e-01 7.327518043838565469e-03 7.021831000930157643e+03
3.072519719564005300e+03 9.769334024515474724e-01 7.310232429487794129e-03 6.987312441600974125e+03
3.072527533511373804e+03 9.791394503884368605e-01 7.321065160380283571e-03 7.003866134168670214e+03
3.072535347458742308e+03 9.870247469554214170e-01 7.354859363427747147e-03 7.061051957233572466e+03
3.072543161406110812e+03 9.874298152266369755e-01 7.348051856199570853e-03 7.064731725118897884e+03
3.072550975353479316e+03 9.809529716310930736e-01 7.303000542932142417e-03 7.019168895474644160e+03
3.072558789300848275e+03 9.776531757515620757e-01 7.298091816116167307e-03 6.996331558649088947e+03
3.072566603248216779e+03 9.765565796510388141e-01 7.330685972510266740e-03 6.989257390973374640e+03
3.072574417195585283e+03 9.783066297612559303e-01 7.354514196600608553e-03 7.002557309992383125e+03
3.072582231142953788e+03 9.840255251988643259e-01 7.370237097846435784e-03 7.044271483263534719e+03
3.072590045090322292e+03 9.870649491242408091e-01 7.374865034049580409e-03 7.066811255833697942e+03
3.072597859037690796e+03 9.869122575711466450e-01 7.366835538129213462e-03 7.066499623196851644e+03
3.072605672985059755e+03 9.876285591147002663e-01 7.373358305598072884e-03 7.072410610486359474e+03
3.072613486932428259e+03 9.884086259679392139e-01 7.396157984248177310e-03 7.078779406315627966e+03
3.072621300879796763e+03 9.861260835526881596e-01 7.392084845766236714e-03 7.063213234268087945e+03
3.072629114827165267e+03 9.803917414313725320e-01 7.354774314336808005e-03 7.022916900044947397e+03
3.072636928774533772e+03 9.816181514064228342e-01 7.349712410284554159e-03 7.032479496259009466e+03
3.072644742721902276e+03 9.942516188236694141e-01 7.396029067323966859e-03 7.123775169170547088e+03
3.072652556669270780e+03 9.940860654985401723e-01 7.393603140615424146e-03 7.123376217036412527e+03
3.072660370616639739e+03 9.724597117526676548e-01 7.312205621819782737e-03 6.969177190753379364e+03
3.072668184564008243e+03 9.628576045859352783e-01 7.284252971186987342e-03 6.901125749599794290e+03
3.072675998511376747e+03 9.771517973485689401e-01 7.350975657282775994e-03 7.004350879038489438e+03
3.072683812458745251e+03 9.846790025478222574e-01 7.384963553334547050e-03 7.059086644216999048e+03
3.072691626406113755e+03 9.772020081445277340e-01 7.360773910150619943e-03 7.006258517412432411e+03
3.072699440353482260e+03 9.674087053112171430e-01 7.334230478116848806e-03 6.936809445981120916e+03
3.072707254300850764e+03 9.533382031515780231e-01 7.300933937601043582e-03 6.836671795145854048e+03
3.072715068248219723e+03 9.437005016774102639e-01 7.265180917459964326e-03 6.768304301552589095e+03
3.072722882195588227e+03 9.450033066175229646e-01 7.233263607236176465e-03 6.778396496784497685e+03
3.072730696142956731e+03 9.475398765352328612e-01 7.221172580373282079e-03 6.797341382144542877e+03
3.072738510090325235e+03 9.519979073982942630e-01 7.244298511980798612e-03 6.830075739445680483e+03
3.072746324037693739e+03 9.565136037481233311e-01 7.259116331492593277e-03 6.863230922192417893e+03
3.072754137985062243e+03 9.616470616113819148e-01 7.261437106445008983e-03 6.900826343862207068e+03
3.072761951932431202e+03 9.621281884337623547e-01 7.251623759492543085e-03 6.905040856729571715e+03
3.072769765879799706e+03 9.503443628554583134e-01 7.208459421955909843e-03 6.821222807782509335e+03
3.072777579827168211e+03 9.408796733267351664e-01 7.173105681066225051e-03 6.754033838653294879e+03
3.072785393774536715e+03 9.378606424792179652e-01 7.157412005417847743e-03 6.733104658640474554e+03
3.072793207721905219e+03 9.343151272920426909e-01 7.139628507323203706e-03 6.708390534976844719e+03
3.072801021669273723e+03 9.287862019118554580e-01 7.115229081411695786e-03 6.669428323131221077e+03
3.072808835616642227e+03 9.259739645057279978e-01 7.100129484181837147e-03 6.649967499867985680e+03
3.072816649564011186e+03 9.339078922658825554e-01 7.119120541151783589e-03 6.707685309632294775e+03
3.072824463511379690e+03 9.424580290012999351e-01 7.141339711270091456e-03 6.769842022987200835e+03
3.072832277458748194e+03 9.491941572182158726e-01 7.159842086559638392e-03 6.818980499056548979e+03
3.072840091406116699e+03 9.539924085515850694e-01 7.172686245533876383e-03 6.854206463751318552e+03
3.072847905353485203e+03 9.539032599761398945e-01 7.176841905888311189e-03 6.854321362455671078e+03
3.072855719300853707e+03 9.525614509457676071e-01 7.177741897052745956e-03 6.845434071277840303e+03
3.072863533248222211e+03 9.430704569829857498e-01 7.157115035335515248e-03 6.777975356882209780e+03
3.072871347195591170e+03 9.344296136067937741e-01 7.138506352157822192e-03 6.716612431260144149e+03
3.072879161142959674e+03 9.366475851239515205e-01 7.139614281870353303e-03 6.733296794796100585e+03
3.072886975090328178e+03 9.399333540927595765e-01 7.144989137551948158e-03 6.757661613226549889e+03
3.072894789037696682e+03 9.430846222165469861e-01 7.157645934009570880e-03 6.781064533874430708e+03
3.072902602985065187e+03 9.457737195617489379e-01 7.171358940421438712e-03 6.801148931487301525e+03
3.072910416932433691e+03 9.437305175576131688e-01 7.182315831593526559e-03 6.787203425075490486e+03
3.072918230879802650e+03 9.402614798317435740e-01 7.180633066523760960e-03 6.762999103771373484e+03
3.072926044827171154e+03 9.354363981193036803e-01 7.135875171943767241e-03 6.729034624979564796e+03
3.072933858774539658e+03 9.323655861752325746e-01 7.103137299843555186e-03 6.707683182062732158e+03
3.072941672721908162e+03 9.344785767311979408e-01 7.118654773717036921e-03 6.723624618841493429e+03
3.072949486669276666e+03 9.357497389767154283e-01 7.128810849365110544e-03 6.733511734709160010e+03
3.072957300616645171e+03 9.376668162485362057e-01 7.114570485536192597e-03 6.748049280944234852e+03
3.072965114564013675e+03 9.396723211952267008e-01 7.104292872210153827e-03 6.763226315554587927e+03
3.072972928511382634e+03 9.393777936860402411e-01 7.115001120513039790e-03 6.761850381141214712e+03
3.072980742458751138e+03 9.402515572685038459e-01 7.130193996100101655e-03 6.768884524668927952e+03
3.072988556406119642e+03 9.462753702256657684e-01 7.164139492522605956e-03 6.812999410229596833e+03
3.072996370353488146e+03 9.523665696960290639e-01 7.199645139800753615e-03 6.857609059689235437e+03
3.073004184300856650e+03 9.674904404146263959e-01 7.263393260589416298e-03 6.967276146496780711e+03
3.073011998248225154e+03 9.809171107059808659e-01 7.315456364519832416e-03 7.064743640419560506e+03
3.073019812195593659e+03 9.757966316092742121e-01 7.283315171963545241e-03 7.028637765107303494e+03
3.073027626142962617e+03 9.728568817138325553e-01 7.266026287816231867e-03 7.008233242516942482e+03
3.073035440090331122e+03 9.736849037365234993e-01 7.307185446326816547e-03 7.014969194529646302e+03
3.073043254037699626e+03 9.729588608665015181e-01 7.343079063901075156e-03 7.010508876914207576e+03
3.073051067985068130e+03 9.758438083592257950e-01 7.364596809616683754e-03 7.032068717444446520e+03
3.073058881932436634e+03 9.792551364765442745e-01 7.380671791414132252e-03 7.057426717432566875e+03
3.073066695879805138e+03 9.820356883838459172e-01 7.365388613058931368e-03 7.078243658616620451e+03
3.073074509827174097e+03 9.851451120373486692e-01 7.357246758829400803e-03 7.101435681424233735e+03
3.073082323774542601e+03 9.937561372874093024e-01 7.397421204957731720e-03 7.164295376660613329e+03
3.073090137721911105e+03 1.001996766542734507e+00 7.435285994690613541e-03 7.224498117671675573e+03
3.073097951669279610e+03 1.002783298057149608e+00 7.447530708194730238e-03 7.230963208141121868e+03
3.073105765616648114e+03 1.001274860044208515e+00 7.449401432425264459e-03 7.220878946893531065e+03
3.073113579564016618e+03 9.860622696559553368e-01 7.388551636391058920e-03 7.111951413106817199e+03
3.073121393511385122e+03 9.735276036624520568e-01 7.337265659774097268e-03 7.022316373896110235e+03
3.073129207458754081e+03 9.773111577727269239e-01 7.342465044108389093e-03 7.050382113914898582e+03
3.073137021406122585e+03 9.807621752801661819e-01 7.344813785430407728e-03 7.076054643824285449e+03
3.073144835353491089e+03 9.860226739013810970e-01 7.347913732804908955e-03 7.114789212237405081e+03
3.073152649300859593e+03 9.914001518366472032e-01 7.356336363062557226e-03 7.154376286177660404e+03
3.073160463248228098e+03 9.914268729560752336e-01 7.372923377403978705e-03 7.155354242753645849e+03
3.073168277195596602e+03 9.919145486376698129e-01 7.385940019175903613e-03 7.159659421072398800e+03
3.073176091142965106e+03 9.985011646644100791e-01 7.388839805080809654e-03 7.207992477294775199e+03
3.073183905090334065e+03 1.003238864453693147e+00 7.388078916579561561e-03 7.242987522152188831e+03
3.073191719037702569e+03 9.931101743147575656e-01 7.354957850672665630e-03 7.170648846600953220e+03
3.073199532985071073e+03 9.841475229636234001e-01 7.323597226057032734e-03 7.106714314275605830e+03
3.073207346932439577e+03 9.939105010555440156e-01 7.325492060303459563e-03 7.178001706961288619e+03
3.073215160879808082e+03 1.003925023548821516e+00 7.333761589168902306e-03 7.251121410358580761e+03
3.073222974827176586e+03 9.950415167500041846e-01 7.333929911496501856e-03 7.187745855229638437e+03
3.073230788774545545e+03 9.863413718219600224e-01 7.331443063978590642e-03 7.125680901519504914e+03
3.073238602721914049e+03 1.000761932202845372e+00 7.364409020926013238e-03 7.230652676837951731e+03
3.073246416669282553e+03 1.014369033136686360e+00 7.395145263168148402e-03 7.329769283092771730e+03
3.073254230616651057e+03 1.008860633843680743e+00 7.384236721269231592e-03 7.290764854317843856e+03
3.073262044564019561e+03 1.003043315330120366e+00 7.370381686477391926e-03 7.249518980301296324e+03
3.073269858511388065e+03 9.936223493926978900e-01 7.319653993459092518e-03 7.182215592973549064e+03
3.073277672458756570e+03 9.860485985244437090e-01 7.284156182843610008e-03 7.128251000160219519e+03
3.073285486406125528e+03 9.978323523499189607e-01 7.367824245589294808e-03 7.214227217413599647e+03
3.073293300353494033e+03 1.006799020278955847e+00 7.432477823625389078e-03 7.279852620464276697e+03
3.073301114300862537e+03 9.964326309685570537e-01 7.370423628679251965e-03 7.205685551961703823e+03
3.073308928248231041e+03 9.877055649850978725e-01 7.318412661691686520e-03 7.143358101714509758e+03
3.073316742195599545e+03 9.855690109069894511e-01 7.325533292596284399e-03 7.128686441809824828e+03
3.073324556142968049e+03 9.836419592873134610e-01 7.333632639728416593e-03 7.115526909142837212e+03
3.073332370090336553e+03 9.918827587937969481e-01 7.357529146824368441e-03 7.175925174384236925e+03
3.073340184037705512e+03 1.000246007909215029e+00 7.381506824064004886e-03 7.237222468746566847e+03
3.073347997985074016e+03 9.997666672938687604e-01 7.394710276249715462e-03 7.234545957007092511e+03
3.073355811932442521e+03 9.981398405638968185e-01 7.399275594277486025e-03 7.223564298858768780e+03
3.073363625879811025e+03 9.934377213183002153e-01 7.347525694620643706e-03 7.190321655843998087e+03
3.073371439827179529e+03 9.896148671639131145e-01 7.303061401533755478e-03 7.163436222690777868e+03
3.073379253774548033e+03 9.882705441959651615e-01 7.309031199229720950e-03 7.154487818579958002e+03
3.073387067721916992e+03 9.860619634545597645e-01 7.311130521755182347e-03 7.139279891363239585e+03
3.073394881669285496e+03 9.845219917657647146e-01 7.284694284607348518e-03 7.128909854850911870e+03
3.073402695616654000e+03 9.841660253109216772e-01 7.263920394195041291e-03 7.127111682115322765e+03
3.073410509564022504e+03 9.882937324457236050e-01 7.292205479993866223e-03 7.157786264178538659e+03
3.073418323511391009e+03 9.922314784768994089e-01 7.317949058163377568e-03 7.187091426853343364e+03
3.073426137458759513e+03 9.905244116941959165e-01 7.310440606211677725e-03 7.175510935447699012e+03
3.073433951406128017e+03 9.889654793089419638e-01 7.306667678649466681e-03 7.165000965971444202e+03
3.073441765353496976e+03 9.965102397352416652e-01 7.345850357491707366e-03 7.220451494723881297e+03
3.073449579300865480e+03 1.003452258989695256e+00 7.379937070340834328e-03 7.271546191527125302e+03
3.073457393248233984e+03 1.002250473926915797e+00 7.363211105178106390e-03 7.263631117542396169e+03
3.073465207195602488e+03 1.000858863014817857e+00 7.348639293708791355e-03 7.254338260905804418e+03
3.073473021142970993e+03 9.973778038622601594e-01 7.349442896697369436e-03 7.229896988316268107e+03
3.073480835090339497e+03 9.926248043377868813e-01 7.341792260757451852e-03 7.196229020084868353e+03
3.073488649037708001e+03 9.819409880331319007e-01 7.294164651954819674e-03 7.119552202871529516e+03
3.073496462985076960e+03 9.747128840507033321e-01 7.264435111404110405e-03 7.067916804672574472e+03
3.073504276932445464e+03 9.863903491321331929e-01 7.318036136475822816e-03 7.153374519624064305e+03
3.073512090879813968e+03 9.956269737026951505e-01 7.361073463307167032e-03 7.221147643919495749e+03
3.073519904827182472e+03 9.964111799471648823e-01 7.361502540804656936e-03 7.227624458096393937e+03
3.073527718774550976e+03 9.987123892889324672e-01 7.364274854548952080e-03 7.245107535075441774e+03
3.073535532721919481e+03 1.000292429729457311e+00 7.372132667036997676e-03 7.257362003061435644e+03
3.073543346669288439e+03 1.000713878662531808e+00 7.377655207223763646e-03 7.261212196196011064e+03
3.073551160616656944e+03 9.967108572761550489e-01 7.352270878762978343e-03 7.232955453617636522e+03
3.073558974564025448e+03 9.935090234985964885e-01 7.333446368100396059e-03 7.210507083025669090e+03
3.073566788511393952e+03 9.953160419809117254e-01 7.356929327642512846e-03 7.224409934655906909e+03
3.073574602458762456e+03 9.948136397219290439e-01 7.370682357833985461e-03 7.221551101416446727e+03
3.073582416406130960e+03 9.937600781557247576e-01 7.358260099148152510e-03 7.214690060383613854e+03
3.073590230353499464e+03 9.958886806421206606e-01 7.354677325384983283e-03 7.230932355753269803e+03
3.073598044300868423e+03 9.981788311559345317e-01 7.366471119210159409e-03 7.248351115690911683e+03
3.073605858248236927e+03 9.995876419708614735e-01 7.378096318173194175e-03 7.259372889974230020e+03
3.073613672195605432e+03 1.005954138511481410e+00 7.400176863119360335e-03 7.306405357749819814e+03
3.073621486142973936e+03 1.011461250406759493e+00 7.417801422512286351e-03 7.347205380657042042e+03
3.073629300090342440e+03 1.007303250463601474e+00 7.409189345835453210e-03 7.317799569134964258e+03
3.073637114037710944e+03 1.003627687708674499e+00 7.401348773728003844e-03 7.291892336445909677e+03
3.073644927985079448e+03 9.998205168246662167e-01 7.390833342126311954e-03 7.265022974571433224e+03
3.073652741932448407e+03 9.961579151217847539e-01 7.388129479338360894e-03 7.239198184242841307e+03
3.073660555879816911e+03 9.975361658578570934e-01 7.418132488754735493e-03 7.250004059804536155e+03
3.073668369827185415e+03 9.980184556957745201e-01 7.437001281991835640e-03 7.254299644699627606e+03
3.073676183774553920e+03 9.970554344049401552e-01 7.423561384153736994e-03 7.248089311701336555e+03
3.073683997721922424e+03 9.970176914786971212e-01 7.415609568602493304e-03 7.248604492458135610e+03
3.073691811669290928e+03 1.006187861240499304e+00 7.441247511692632502e-03 7.316071070747882004e+03
3.073699625616659887e+03 1.014985736589684162e+00 7.467185454415565388e-03 7.380844896239834270e+03
3.073707439564028391e+03 1.008799134439715584e+00 7.464345365923519618e-03 7.336655608860949542e+03
3.073715253511396895e+03 1.001971567767236948e+00 7.451695711992361269e-03 7.287794496743075797e+03
3.073723067458765399e+03 1.001945739999867468e+00 7.421471515099894826e-03 7.288400095011685153e+03
3.073730881406133904e+03 1.003245894777860192e+00 7.406056791691842563e-03 7.298652226066787080e+03
3.073738695353502408e+03 1.002739757195512560e+00 7.433731548316614181e-03 7.295764139962148874e+03
3.073746509300870912e+03 1.000909573981840550e+00 7.452020380218307531e-03 7.283240672590663962e+03
3.073754323248239871e+03 9.982934132270336880e-01 7.444462989345086538e-03 7.264994422591101284e+03
3.073762137195608375e+03 9.955953775615610235e-01 7.437219819566459958e-03 7.246148126584373131e+03
3.073769951142976879e+03 9.883017741931354738e-01 7.418838139594640183e-03 7.193846430196979782e+03
3.073777765090345383e+03 9.810084562660361662e-01 7.400545281063566211e-03 7.141535259941932964e+03
3.228349370092565096e+03 9.955168332314459079e-01 4.422346979853815016e-03 1.449614172138069262e+04
3.228358767295764210e+03 9.984159836167642021e-01 4.433767148408206647e-03 1.453750406944927818e+04
3.228368164498963324e+03 1.001314958621869700e+00 4.445189516956801583e-03 1.457886641751786556e+04
3.228377561702162438e+03 1.001116491800784436e+00 4.440377927206456271e-03 1.457513609694680417e+04
3.228386958905361553e+03 1.000741943054525018e+00 4.434747860919996919e-03 1.456885020708717457e+04
3.228396356108561122e+03 1.002041533615821489e+00 4.434487776014150485e-03 1.458694326445850311e+04
3.228405753311760236e+03 1.003495887749117799e+00 4.434785240234009884e-03 1.460729450450077820e+04
3.228415150514959350e+03 1.003723759900939649e+00 4.426619978445478845e-03 1.460979872660919500e+04
3.228424547718158465e+03 1.003883106196076458e+00 4.417505191692054113e-03 1.461131272930421983e+04
3.228433944921357579e+03 1.001230478381471611e+00 4.406319602288076738e-03 1.457190853480552687e+04
3.228443342124556693e+03 9.981492672702148017e-01 4.394871012863072433e-03 1.452627878188870272e+04
3.228452739327755808e+03 1.000128287202018518e+00 4.398039608888625572e-03 1.455430001707221345e+04
3.228462136530954922e+03 1.002862258814845919e+00 4.403467988206432801e-03 1.459331148234162538e+04
3.228471533734154036e+03 1.004370446372355508e+00 4.391939912439073168e-03 1.461449001024549943e+04
3.228480930937353605e+03 1.005847476184103861e+00 4.377452977988115397e-03 1.463522042568253528e+04
3.228490328140552720e+03 1.005071234850394957e+00 4.380490765294932365e-03 1.462317244025609943e+04
3.228499725343751834e+03 1.003535075255868714e+00 4.386880248200122033e-03 1.460007736844312421e+04
3.228509122546950948e+03 1.003957063505038771e+00 4.385858607875165426e-03 1.460547905447605808e+04
3.228518519750150062e+03 1.004925321449729791e+00 4.383150992840027793e-03 1.461883433921156757e+04
3.228527916953349177e+03 1.004382867758748077e+00 4.374680494542235003e-03 1.461022024562005754e+04
3.228537314156548291e+03 1.003511140490636722e+00 4.364931176597427499e-03 1.459682492945487502e+04
3.228546711359747405e+03 1.000691376383529452e+00 4.354803120878713261e-03 1.455510408537646072e+04
3.228556108562946520e+03 9.971024201131010178e-01 4.344162642950961072e-03 1.450220729907240093e+04
3.228565505766146089e+03 9.988151850916556773e-01 4.348002698830760737e-03 1.452642940512107998e+04
3.228574902969345203e+03 1.002685045761417593e+00 4.357600620992844488e-03 1.458202724876106731e+04
3.228584300172544317e+03 1.003225801363046621e+00 4.357959155591663476e-03 1.458921450311815533e+04
3.228593697375743432e+03 1.002576013337706629e+00 4.355124731214399941e-03 1.457909610289879129e+04
3.228603094578942546e+03 1.002976814119146187e+00 4.353439445050384313e-03 1.458426267163072953e+04
3.228612491782141660e+03 1.003510522268167282e+00 4.351474918262651821e-03 1.459136875287827570e+04
3.228621888985340775e+03 1.000864812113808622e+00 4.333131929353559869e-03 1.455225394375337237e+04
3.228631286188539889e+03 9.968823486023391522e-01 4.307281951599354480e-03 1.449371491880566464e+04
3.228640683391739003e+03 9.971301509950952768e-01 4.308115879818372185e-03 1.449668976822553486e+04
3.228650080594938572e+03 9.995981415135556380e-01 4.323539744428776810e-03 1.453194841560334498e+04
3.228659477798137686e+03 1.001043827515737838e+00 4.325712479174055256e-03 1.455235008630439916e+04
3.228668875001336801e+03 1.001936541671351710e+00 4.320146563651349088e-03 1.456471918480478416e+04
3.228678272204535915e+03 9.998692924024742412e-01 4.312506276720319207e-03 1.453406878424839306e+04
3.228687669407735029e+03 9.958335673442826330e-01 4.302732105371204034e-03 1.447481581005016051e+04
3.228697066610934144e+03 9.949404488195108254e-01 4.294860572295811606e-03 1.446125218597370986e+04
3.228706463814133258e+03 9.964104607556828475e-01 4.289046564725797726e-03 1.448204330644232323e+04
3.228715861017332372e+03 9.978386998823773890e-01 4.289711099715389463e-03 1.450223310244577806e+04
3.228725258220531487e+03 9.991834809284591001e-01 4.295017073583666870e-03 1.452121586204078631e+04
3.228734655423731056e+03 9.992324114251300848e-01 4.293651131564167438e-03 1.452137262920892135e+04
3.228744052626930170e+03 9.983379033242552048e-01 4.288120471720437317e-03 1.450782680531031838e+04
3.228753449830129284e+03 9.987927581374441699e-01 4.285154480504672729e-03 1.451389762811962646e+04
3.228762847033328399e+03 1.000646873751200872e+00 4.283824852758393725e-03 1.454030798444799439e+04
3.228772244236527513e+03 1.000876970303572033e+00 4.276256269768288418e-03 1.454312626568151973e+04
3.228781641439726627e+03 9.990090716443925656e-01 4.261419645991369569e-03 1.451546822362707644e+04
3.228791038642925741e+03 9.987999001621798989e-01 4.258264880576343933e-03 1.451191983084136518e+04
3.228800435846124856e+03 1.000521573581878654e+00 4.269341939209999118e-03 1.453643210466697565e+04
3.228809833049323970e+03 1.001326387997793166e+00 4.273283114041577513e-03 1.454762970842066716e+04
3.228819230252523539e+03 1.001217392634158099e+00 4.269235498380419096e-03 1.454555831985682562e+04
3.228828627455722653e+03 1.000296468350036383e+00 4.264937461114385285e-03 1.453169933556372780e+04
3.228838024658921768e+03 9.989126185342102060e-01 4.261270239983792549e-03 1.451112384780428329e+04
3.228847421862120882e+03 9.988892897456836950e-01 4.260994537287881440e-03 1.451032069639901965e+04
3.228856819065319996e+03 1.000078646377361657e+00 4.263688014807013975e-03 1.452714052407726194e+04
3.228866216268519111e+03 1.000238273704251890e+00 4.263641563627415011e-03 1.452900939054255286e+04
3.228875613471718225e+03 9.992174425644486657e-01 4.260611252236065453e-03 1.451373933175528691e+04
3.228885010674917339e+03 9.969390608567713086e-01 4.249736652562591255e-03 1.448021215357295296e+04
3.228894407878116454e+03 9.923672632851823217e-01 4.225559392009660235e-03 1.441338428465415927e+04
3.228903805081316023e+03 9.887513724214385125e-01 4.208502833368334660e-03 1.436045115181908295e+04
3.228913202284515137e+03 9.871131974389275587e-01 4.203863584121103440e-03 1.433625162549754532e+04
3.228922599487714251e+03 9.861993115239107155e-01 4.198714260014091079e-03 1.432257969611772933e+04
3.228931996690913365e+03 9.857963683039708824e-01 4.191860525477687782e-03 1.431633611745338931e+04
3.228941393894112480e+03 9.846967275973644851e-01 4.183473864169616994e-03 1.429998265490957237e+04
3.228950791097311594e+03 9.830691259082383615e-01 4.172824269980109774e-03 1.427597046256563226e+04
3.228960188300510708e+03 9.810608517563634834e-01 4.161293764221124687e-03 1.424643895408408571e+04
3.228969585503709823e+03 9.774711779771377840e-01 4.148335204177689903e-03 1.419395263806681032e+04
3.228978982706908937e+03 9.748788693527044025e-01 4.139132040508221137e-03 1.415595873890075927e+04
3.228988379910108506e+03 9.755470693489926015e-01 4.138226445761070474e-03 1.416531783343260759e+04
3.228997777113307620e+03 9.755610640190283123e-01 4.133818747206158967e-03 1.416518469174040729e+04
3.229007174316506735e+03 9.738026785350396564e-01 4.122760125034550908e-03 1.413932442583181546e+04
3.229016571519705849e+03 9.725062112515792112e-01 4.113580194946266956e-03 1.412017939832934280e+04
3.229025968722904963e+03 9.716228820172716496e-01 4.106767757772628383e-03 1.410704088163404049e+04
3.229035365926104078e+03 9.714426325926434069e-01 4.104373473880448472e-03 1.410411804399259563e+04
3.229044763129303192e+03 9.741139791697446260e-01 4.115256152007355783e-03 1.414260329422202449e+04
3.229054160332502306e+03 9.764710829293490324e-01 4.121636623325369321e-03 1.417653201105022163e+04
3.229063557535701420e+03 9.784151109325250895e-01 4.116049839392001315e-03 1.420446968976342396e+04
3.229072954738900989e+03 9.799509326901426620e-01 4.111505124727714809e-03 1.422648742967011458e+04
3.229082351942100104e+03 9.781706459364157835e-01 4.106155855508348412e-03 1.420037080155098010e+04
3.229091749145299218e+03 9.761150333216173092e-01 4.099581416736179131e-03 1.417026557686555861e+04
3.229101146348498332e+03 9.741659672637930090e-01 4.089532427365791950e-03 1.414171547535362333e+04
3.229110543551697447e+03 9.722889219045529607e-01 4.077566764185159946e-03 1.411421917516488065e+04
3.229119940754896561e+03 9.710037522326698811e-01 4.060406107420459591e-03 1.409532291848554451e+04
3.229129337958095675e+03 9.700024820756317778e-01 4.047442527762999155e-03 1.408055565532460059e+04
3.229138735161294790e+03 9.706285861931491787e-01 4.053378559102920053e-03 1.408941872596752910e+04
3.229148132364493904e+03 9.712289499647620561e-01 4.058941162575459109e-03 1.409791515486414028e+04
3.229157529567693473e+03 9.696045524955142492e-01 4.055290694515902711e-03 1.407412546929921882e+04
3.229166926770892587e+03 9.679708048520764274e-01 4.049020687492908485e-03 1.405020803041505496e+04
3.229176323974091702e+03 9.680976879404603608e-01 4.036776549553959363e-03 1.405185392658531418e+04
3.229185721177290816e+03 9.690771939329227980e-01 4.030923130734892154e-03 1.406588261428632177e+04
3.229195118380489930e+03 9.731810488337386822e-01 4.051831895232318494e-03 1.412526665520527604e+04
3.229204515583689044e+03 9.762933168659284622e-01 4.068579410814104208e-03 1.417026424817787847e+04
3.229213912786888159e+03 9.752602030900274777e-01 4.065021189131351464e-03 1.415510125344626977e+04
3.229223309990087273e+03 9.757000932263465431e-01 4.066039382492679481e-03 1.416132512104864873e+04
3.229232707193286387e+03 9.824842996762640501e-01 4.088777937156649195e-03 1.425963666447973992e+04
3.229242104396485502e+03 9.880748328247116463e-01 4.107153524382415634e-03 1.434062886830468233e+04
3.229251501599685071e+03 9.871665985168762703e-01 4.096884965442233392e-03 1.432730656597673260e+04
3.229260898802884185e+03 9.864715437744476789e-01 4.088467531099344333e-03 1.431708588556499672e+04
3.229270296006083299e+03 9.881464303174709585e-01 4.101318676169825490e-03 1.434126846137807661e+04
3.229279693209282414e+03 9.897637086491800629e-01 4.112316089758481438e-03 1.436462195575269652e+04
3.229289090412481528e+03 9.905386784342292694e-01 4.105813595627307716e-03 1.437575801421938377e+04
3.229298487615680642e+03 9.916003143417686516e-01 4.100727679512477727e-03 1.439106170900153666e+04
3.229307884818879756e+03 9.946030542018414744e-01 4.110735978142579863e-03 1.443454361300323944e+04
3.229317282022078871e+03 9.972061894222876699e-01 4.118971667793627604e-03 1.447223304078398724e+04
3.229326679225277985e+03 9.963754797145065734e-01 4.112558933679412096e-03 1.446009514948248398e+04
3.229336076428477554e+03 9.955931358302843037e-01 4.107188524005047151e-03 1.444866677617134337e+04
3.229345473631676668e+03 9.967310021804635101e-01 4.105665835784142077e-03 1.446511313669898300e+04
3.229354870834875783e+03 9.979439250644859261e-01 4.103212179302677919e-03 1.448265608547116790e+04
3.229364268038074897e+03 9.970290989765722145e-01 4.093069171607885415e-03 1.446932754790235049e+04
3.229373665241274011e+03 9.961002965473627624e-01 4.084030047476519890e-03 1.445580374641355229e+04
3.229383062444473126e+03 9.959605655933976287e-01 4.089601592225869907e-03 1.445373878140528905e+04
3.229392459647672240e+03 9.955954040077643619e-01 4.094009366657784012e-03 1.444840977137661139e+04
3.229401856850871354e+03 9.940867543990883348e-01 4.084873067649014144e-03 1.442649359622523843e+04
3.229411254054070469e+03 9.931178218231381249e-01 4.077388400095427641e-03 1.441241746450615392e+04
3.229420651257270038e+03 9.993621046518200712e-01 4.090486905985302353e-03 1.450302904994195706e+04
3.229430048460469152e+03 1.005400317144566458e+00 4.103274856010444456e-03 1.459065753445522932e+04
3.229439445663668266e+03 1.002132387222239851e+00 4.098849044711128792e-03 1.454324012961751941e+04
3.229448842866867381e+03 9.987963565332569349e-01 4.093405344704860623e-03 1.449484186622543530e+04
3.229458240070066495e+03 9.985979305371284198e-01 4.083881043060851902e-03 1.449198492876124510e+04
3.229467637273265609e+03 9.984064010886344320e-01 4.075039963975292737e-03 1.448923555526370183e+04
3.229477034476464723e+03 9.998653469067808608e-01 4.081908765983722175e-03 1.451044601410289761e+04
3.229486431679663838e+03 1.001558426050035200e+00 4.089066971003055447e-03 1.453506193979208001e+04
3.229495828882862952e+03 1.000454811321745074e+00 4.078616523360275442e-03 1.451909852831034186e+04
3.229505226086062521e+03 9.987231701481414925e-01 4.066649278662213401e-03 1.449402822500129878e+04
3.229514623289261635e+03 9.956945910559308333e-01 4.057831371439242669e-03 1.445014321541597201e+04
3.229524020492460750e+03 9.928019677527599729e-01 4.049128608125829136e-03 1.440823832621192560e+04
3.229533417695659864e+03 9.959755360339060948e-01 4.047974289820724034e-03 1.445437775373272598e+04
3.229542814898858978e+03 9.996915453671989527e-01 4.047871409490445653e-03 1.450839757836146237e+04
3.229552212102058093e+03 9.994703048222977060e-01 4.045482516345333228e-03 1.450528440212623173e+04
3.229561609305257207e+03 9.991571086353235875e-01 4.043478152046557292e-03 1.450084411748881212e+04
3.229571006508456321e+03 9.988413243538223352e-01 4.040433325364763302e-03 1.449637369655547263e+04
3.229580403711655435e+03 9.980108292838385520e-01 4.035578317349007918e-03 1.448444053593731587e+04
3.229589800914855005e+03 9.988690816545889861e-01 4.033835053384507256e-03 1.449702418505684909e+04
3.229599198118054119e+03 1.000251041233835236e+00 4.034199868155252146e-03 1.451721641388618991e+04
3.229608595321253233e+03 1.000200548144077661e+00 4.024581500206458884e-03 1.451662631778346622e+04
3.229617992524452347e+03 9.997446440759234498e-01 4.013739281474701728e-03 1.451015962763337848e+04
3.229627389727651462e+03 9.989377849048359792e-01 4.008062442807523891e-03 1.449860652434611984e+04
3.229636786930850576e+03 9.981976151918560136e-01 4.002162718948600387e-03 1.448802859570944202e+04
3.229646184134049690e+03 1.000179383753299289e+00 4.005132889253100632e-03 1.451696509920570497e+04
3.229655581337248805e+03 1.002293705888213093e+00 4.008630063513322211e-03 1.454783375760145464e+04
3.229664978540447919e+03 1.000772828482891397e+00 3.997980745045022141e-03 1.452594677332480569e+04
3.229674375743647488e+03 9.993862515972876670e-01 3.987339683158025276e-03 1.450601607417357445e+04
3.229683772946846602e+03 9.973258646811539174e-01 3.979778663182903346e-03 1.447631188009562902e+04
3.229693170150045717e+03 9.947608988185075996e-01 3.971685146331866735e-03 1.443929018127267591e+04
3.229702567353244831e+03 9.960564056655930587e-01 3.971738778201013009e-03 1.445831175011115192e+04
3.229711964556443945e+03 9.979691650193389663e-01 3.972863757563091340e-03 1.448630126480988656e+04
3.229721361759643059e+03 9.997091669793271018e-01 3.966950978006379344e-03 1.451179139135027253e+04
3.229730758962842174e+03 1.001480207700360392e+00 3.960822912848209476e-03 1.453774040488703213e+04
3.229740156166041288e+03 1.002596517960479439e+00 3.972482651152234832e-03 1.455419339800931630e+04
3.229749553369240402e+03 1.002982778299137401e+00 3.983417687096976918e-03 1.456005651503901936e+04
3.229758950572439971e+03 1.000168238127333575e+00 3.968631686901427473e-03 1.451946127258747583e+04
3.229768347775639086e+03 9.975999902206205139e-01 3.953500541056965273e-03 1.448244752730672008e+04
3.229777744978838200e+03 9.967720398499840817e-01 3.955779068899058747e-03 1.447070474248774917e+04
3.229787142182037314e+03 9.960890198957594865e-01 3.959080994568780869e-03 1.446107304552783899e+04
3.229796539385236429e+03 1.000073272047250494e+00 3.958927024325395103e-03 1.451920855646492419e+04
3.229805936588435543e+03 1.004591651046432554e+00 3.959465794052777210e-03 1.458510862130265741e+04
3.229815333791634657e+03 1.000875675741407234e+00 3.948397600126248366e-03 1.453146641340047790e+04
3.229824730994833772e+03 9.962536248226609992e-01 3.936409425621332538e-03 1.446467402377080361e+04
3.229834128198032886e+03 9.995699180444342913e-01 3.946776773501180571e-03 1.451314607670341502e+04
3.229843525401232455e+03 1.003698338286733271e+00 3.958137972507669473e-03 1.457341964903775079e+04
3.229852922604431569e+03 1.000252402584698164e+00 3.945401570559379546e-03 1.452372341478539238e+04
3.229862319807630683e+03 9.960455509877086389e-01 3.931015338687581830e-03 1.446298352295812219e+04
3.229871717010829798e+03 9.957132456322634884e-01 3.919214074946548824e-03 1.445850950748393734e+04
3.229881114214028912e+03 9.956921388904897974e-01 3.907315250747565687e-03 1.445856167410536727e+04
3.229890511417228026e+03 9.973691592894743385e-01 3.912309250732454863e-03 1.448328061950788469e+04
3.229899908620427141e+03 9.992900555128996221e-01 3.919918027546934886e-03 1.451154982130289136e+04
3.229909305823626255e+03 9.979077567854156561e-01 3.921830616306107124e-03 1.449185817618030160e+04
3.229918703026825369e+03 9.957625084494661216e-01 3.921849138672585389e-03 1.446109291002761347e+04
3.229928100230024938e+03 9.983102414548076231e-01 3.920804161234485788e-03 1.449848973111628038e+04
3.229937497433224053e+03 1.001794302088404587e+00 3.920364723789281081e-03 1.454949477868124632e+04
3.229946894636423167e+03 9.992390044723690190e-01 3.908970080603832095e-03 1.451279546757778189e+04
3.229956291839622281e+03 9.961990773292497270e-01 3.898378076076367514e-03 1.446906263297674741e+04
3.229965689042821396e+03 9.957252504767812873e-01 3.901183940728005384e-03 1.446260651859979407e+04
3.229975086246020510e+03 9.952344501996057691e-01 3.902812885181668710e-03 1.445591092186103742e+04
3.229984483449219624e+03 9.953343422857776623e-01 3.896681202165315668e-03 1.445780250384350802e+04
3.229993880652418738e+03 9.957969626746624447e-01 3.891632068778612917e-03 1.446497063986661306e+04
3.230003277855617853e+03 9.986113857727600962e-01 3.899800476542151801e-03 1.450631008333204227e+04
3.230012675058817422e+03 1.001295299593739418e+00 3.907793257091078144e-03 1.454576371225972980e+04
3.230022072262016536e+03 9.996903933887563154e-01 3.907843931226348891e-03 1.452292187955195550e+04
3.230031469465215650e+03 9.977955054979057437e-01 3.907422369238145940e-03 1.449587319009441853e+04
3.230040866668414765e+03 9.997166872497964540e-01 3.902814936117863891e-03 1.452427148857304564e+04
3.230050263871613879e+03 1.002348500234309547e+00 3.898339390654788263e-03 1.456300385091213684e+04
3.241263975080270029e+03 9.982450502148204619e-01 2.614072969999877132e-03 1.428401778563034168e+04
3.241272325713869577e+03 1.001155825239046004e+00 2.623096745672826545e-03 1.432335464342387058e+04
3.241280676347468670e+03 1.004771180655035456e+00 2.634710372963241631e-03 1.437278226858287599e+04
3.241289026981067764e+03 1.005014668560845870e+00 2.632260674455759453e-03 1.437399337324625412e+04
3.241297377614667312e+03 1.005106542871276654e+00 2.627732368987494016e-03 1.437306032852414501e+04
3.241305728248266405e+03 1.004305295349717353e+00 2.628210566856340694e-03 1.435938193910941482e+04
3.241314078881865953e+03 1.002737032987763399e+00 2.628969356082081453e-03 1.433476658691957346e+04
3.241322429515465046e+03 1.001389920872838735e+00 2.626415592067065079e-03 1.431334324080841907e+04
3.241330780149064594e+03 1.000238908171498853e+00 2.623210557957297503e-03 1.429475209633664599e+04
3.241339130782663688e+03 1.000606860546447985e+00 2.621812822963349218e-03 1.429789427295283167e+04
3.241347481416263236e+03 1.001438121144625937e+00 2.620732453894583126e-03 1.430767758789507934e+04
3.241355832049862329e+03 1.000624606948796069e+00 2.621781050415120974e-03 1.429398483177727940e+04
3.241364182683461422e+03 9.993047660181216818e-01 2.624237434916372631e-03 1.427308636635818766e+04
3.241372533317060970e+03 9.994750802967505843e-01 2.626671638801508779e-03 1.427349669218742565e+04
3.241380883950660063e+03 9.998257367152889596e-01 2.627908814946892935e-03 1.427650370259751435e+04
3.241389234584259611e+03 9.978446898877558757e-01 2.621968989250567442e-03 1.424624157149126040e+04
3.241397585217858705e+03 9.951106711769195368e-01 2.613643803798484065e-03 1.420526022917569753e+04
3.241405935851458253e+03 9.939165476730803528e-01 2.610577480787338103e-03 1.418629002533250605e+04
3.241414286485057346e+03 9.938163254577729866e-01 2.610707121619859454e-03 1.418295680863998132e+04
3.241422637118656894e+03 9.933156712755196738e-01 2.608635156568026980e-03 1.417393092174805497e+04
3.241430987752255987e+03 9.922094781990312695e-01 2.604800604599403092e-03 1.415628799713015178e+04
3.241439338385855081e+03 9.925469024726811806e-01 2.605977502898669963e-03 1.415926352394694914e+04
3.241447689019454629e+03 9.936528762038064899e-01 2.609953946046019227e-03 1.417322023698507473e+04
3.241456039653053722e+03 9.924689715898249442e-01 2.606723991603531951e-03 1.415453459852855485e+04
3.241464390286653270e+03 9.898323295620421458e-01 2.598424463083957685e-03 1.411515648311715631e+04
3.241472740920252363e+03 9.890905330883126290e-01 2.595664444402193561e-03 1.410282438526612168e+04
3.241481091553851911e+03 9.896398625385287584e-01 2.596864306467589530e-03 1.410892091937962687e+04
3.241489442187451004e+03 9.879531077973443542e-01 2.593821004819374994e-03 1.408315908366258373e+04
3.241497792821050552e+03 9.843919909404273971e-01 2.586996634926222536e-03 1.403070585153263892e+04
3.241506143454649646e+03 9.815721076899368569e-01 2.590686694936138613e-03 1.398884650747169871e+04
3.241514494088248739e+03 9.795363906245762031e-01 2.607564878558843013e-03 1.395818864300532186e+04
3.241522844721848287e+03 9.765841255649468922e-01 2.608697697724871901e-03 1.391449594437879932e+04
3.241531195355447380e+03 9.726705221946266855e-01 2.588777969645506688e-03 1.385713446534604009e+04
3.241539545989046928e+03 9.721572837516965215e-01 2.577598541873043787e-03 1.384824032356956923e+04
3.241547896622646022e+03 9.754722373543406322e-01 2.577960983632962642e-03 1.389389027977972182e+04
3.241556247256245570e+03 9.774157720116080084e-01 2.578904800816607824e-03 1.392001470160104145e+04
3.241564597889844663e+03 9.777299508099813741e-01 2.580674183765482681e-03 1.392294694690873803e+04
3.241572948523444211e+03 9.790984604951095127e-01 2.583402481984333355e-03 1.394090619386547041e+04
3.241581299157043304e+03 9.817959175001674810e-01 2.587241290096579244e-03 1.397779701947358990e+04
3.241589649790642397e+03 9.835686448869439547e-01 2.590642233669747819e-03 1.400153105485346168e+04
3.241598000424241945e+03 9.841386851893348942e-01 2.593959396997400080e-03 1.400815594250439608e+04
3.241606351057841039e+03 9.842673126232330816e-01 2.596376501033826906e-03 1.400851169209522413e+04
3.241614701691440587e+03 9.835579525656863442e-01 2.596722658162756592e-03 1.399695640551131874e+04
3.241623052325039680e+03 9.830788283266326255e-01 2.596660951933082041e-03 1.398869377844430164e+04
3.241631402958639228e+03 9.832262855593228990e-01 2.597041326587854002e-03 1.398936173058341228e+04
3.241639753592238321e+03 9.828052764868907554e-01 2.595899531852723791e-03 1.398195583548082686e+04
3.241648104225837869e+03 9.811496889256327014e-01 2.591018182402518924e-03 1.395700272789135852e+04
3.241656454859436963e+03 9.784384733687637725e-01 2.585712881568778907e-03 1.391705271120137695e+04
3.241664805493036056e+03 9.738174018537428811e-01 2.580148611881071408e-03 1.384996077460450397e+04
3.241673156126635604e+03 9.697839689215522752e-01 2.577570120226072535e-03 1.379125124863032215e+04
3.241681506760234697e+03 9.667043919074539415e-01 2.579287904844842268e-03 1.374612873297867191e+04
3.241689857393834245e+03 9.615459087974123076e-01 2.572082432548595740e-03 1.367146845638759805e+04
3.241698208027433338e+03 9.524558042894222254e-01 2.546966307240113459e-03 1.354093865389001803e+04
3.241706558661032886e+03 9.451948549842212888e-01 2.526743128435427789e-03 1.343644715364668809e+04
3.241714909294631980e+03 9.418047965332976279e-01 2.518294581446768252e-03 1.338700776300784310e+04
3.241723259928231528e+03 9.379813952179735237e-01 2.509088924162968838e-03 1.333142911509033183e+04
3.241731610561830621e+03 9.331304485162884577e-01 2.496867991870548639e-03 1.326126797737466768e+04
3.241739961195429714e+03 9.292352230336674568e-01 2.486589003388585406e-03 1.320471076940684907e+04
3.241748311829029262e+03 9.281860339368824819e-01 2.482860416868560433e-03 1.318861294154733696e+04
3.241756662462628356e+03 9.260841604576521835e-01 2.477544268115498046e-03 1.315757123727640646e+04
3.241765013096227904e+03 9.210459134553254934e-01 2.467267894450287692e-03 1.308482874997986437e+04
3.241773363729826997e+03 9.156670704074271194e-01 2.456374844149420821e-03 1.300726982374526415e+04
3.241781714363426545e+03 9.080333401392243209e-01 2.440960107021192087e-03 1.289770474630811077e+04
3.241790064997025638e+03 9.007214625620029169e-01 2.426021596274568343e-03 1.279273828961960317e+04
3.241798415630625186e+03 8.957044243037195486e-01 2.415800030567866012e-03 1.272038828605510207e+04
3.241806766264224279e+03 8.917382727638408779e-01 2.407252902567068743e-03 1.266298141097234475e+04
3.241815116897823373e+03 8.915834597437043429e-01 2.404823703116476009e-03 1.265970951637654798e+04
3.241823467531422921e+03 8.919762343289798778e-01 2.404268537318672832e-03 1.266422007506685259e+04
3.241831818165022014e+03 8.957489194885596140e-01 2.413839307845888627e-03 1.271672067078981127e+04
3.241840168798621562e+03 8.998164012337577233e-01 2.424885559773097121e-03 1.277340417432053800e+04
3.241848519432220655e+03 9.047460244297442777e-01 2.442803470832061608e-03 1.284232251819153862e+04
3.241856870065820203e+03 9.097822373698404297e-01 2.461214879747495535e-03 1.291274882491000244e+04
3.241865220699419297e+03 9.164099193952889300e-01 2.488781565811808670e-03 1.300575610818507266e+04
3.241873571333018845e+03 9.222598527664654933e-01 2.512228566205238108e-03 1.308771735520517359e+04
3.241881921966617938e+03 9.212099389895219703e-01 2.492229585937971205e-03 1.307176391304280696e+04
3.241890272600217031e+03 9.197229113608198503e-01 2.472262015943812487e-03 1.304961660066549666e+04
3.241898623233816579e+03 9.152266863724967116e-01 2.455751979354533175e-03 1.298478518851480476e+04
3.241906973867415672e+03 9.109950119787000311e-01 2.440592670882832469e-03 1.292372221255610930e+04
3.241915324501015220e+03 9.107428765929603820e-01 2.443356746615739112e-03 1.291912454468131546e+04
3.241923675134614314e+03 9.099990594585434245e-01 2.445077299013691773e-03 1.290755811871594778e+04
3.241932025768213862e+03 9.047829354125258572e-01 2.435433674360702131e-03 1.283256698880855765e+04
3.241940376401812955e+03 8.995348807996982332e-01 2.425458385834873727e-03 1.275713884086623875e+04
3.241948727035412503e+03 8.939098312589320861e-01 2.413868754960063652e-03 1.267638017438780844e+04
3.241957077669011596e+03 8.886596052557035330e-01 2.403041074935546341e-03 1.260095250948335161e+04
3.241965428302610690e+03 8.879596274261387645e-01 2.398705725544781481e-03 1.259005613975338929e+04
3.241973778936210238e+03 8.874341454623781988e-01 2.394980001130024138e-03 1.258163846780492531e+04
3.241982129569809331e+03 8.917240490688737031e-01 2.407137737279658497e-03 1.264149007075963527e+04
3.241990480203408879e+03 8.963357571974268634e-01 2.419601742043357272e-03 1.270589685944842495e+04
3.241998830837007972e+03 9.058549448558737005e-01 2.436543807214797391e-03 1.283985631096550787e+04
3.242007181470607520e+03 9.154209638057367870e-01 2.453839817454801526e-03 1.297446133137063589e+04
3.242015532104206613e+03 9.264932352019745743e-01 2.480198560551612370e-03 1.313039472693057542e+04
3.242023882737805707e+03 9.375588029909774912e-01 2.506361368240268925e-03 1.328621126400232606e+04
3.242032233371405255e+03 9.452922042602374120e-01 2.517886250823584120e-03 1.339478898049819691e+04
3.242040584005004348e+03 9.529224500178019586e-01 2.529251532307175056e-03 1.350189000643772670e+04
3.242048934638603896e+03 9.570759108664178560e-01 2.540020553177424045e-03 1.355971734827589717e+04
3.242057285272202989e+03 9.611662172754057432e-01 2.550734481053610822e-03 1.361664211066892130e+04
3.242065635905802537e+03 9.649609309279247871e-01 2.554852863117003901e-03 1.366937159804225303e+04
3.242073986539401631e+03 9.687355438953071385e-01 2.559002489699584160e-03 1.372180876247904052e+04
3.242082337173001179e+03 9.699914641723736963e-01 2.568047876982728142e-03 1.373856437857459423e+04
3.242090687806600272e+03 9.712767339737370387e-01 2.577151063007662203e-03 1.375573296504640894e+04
3.242099038440199365e+03 9.758371328637108766e-01 2.583917627204724600e-03 1.381927915244081669e+04
3.242107389073798913e+03 9.804236031851505384e-01 2.590546890988679098e-03 1.388318426589646333e+04
3.242115739707398006e+03 9.826792836923461394e-01 2.597303176793035965e-03 1.391407638932787086e+04
3.242124090340997554e+03 9.849418282573705330e-01 2.604234130296115453e-03 1.394505983030093921e+04
3.242132440974596648e+03 9.840420179367994624e-01 2.596722774853612789e-03 1.393126707475278090e+04
3.242140791608196196e+03 9.830358975521253928e-01 2.588692806280048445e-03 1.391596974480055724e+04
3.242149142241795289e+03 9.859214884525863143e-01 2.599270625023310331e-03 1.395576008966014888e+04
3.242157492875394837e+03 9.889906844780708139e-01 2.610864110224474580e-03 1.399814088947881100e+04
3.242165843508993930e+03 9.901726164775835892e-01 2.611002293848442828e-03 1.401380249218140307e+04
3.242174194142593024e+03 9.912387302254118682e-01 2.610533094024805687e-03 1.402781989328356212e+04
3.242182544776192572e+03 9.919296596027379342e-01 2.609934808578142761e-03 1.403652298119891202e+04
3.242190895409791665e+03 9.926363245398465152e-01 2.609477176073898754e-03 1.404544408454784207e+04
3.242199246043391213e+03 9.928115419010304921e-01 2.607929550507859066e-03 1.404684103832503388e+04
3.242207596676990306e+03 9.930250608722251959e-01 2.606418656893460736e-03 1.404877581858083977e+04
3.242215947310589854e+03 9.947327854616331289e-01 2.611074880160539190e-03 1.407184377266482625e+04
3.242224297944188947e+03 9.964041727082488809e-01 2.615890682021072920e-03 1.409438977923567654e+04
3.242232648577788495e+03 9.986559052884337317e-01 2.623082565720962368e-03 1.412513612609169286e+04
3.242240999211387589e+03 1.001026473603585654e+00 2.630725099248951929e-03 1.415755344707440599e+04
3.242249349844986682e+03 1.000607404564200165e+00 2.626342754111906427e-03 1.415050965600549716e+04
3.242257700478586230e+03 9.999859670492019514e-01 2.621053167258295246e-03 1.414059988641958262e+04
3.242266051112185323e+03 1.000633390598054895e+00 2.622490205799559142e-03 1.414862726906238822e+04
3.242274401745784871e+03 1.001350132009026561e+00 2.624485998675458055e-03 1.415762745247127532e+04
3.242282752379383965e+03 1.001185542252974736e+00 2.620946792677586196e-03 1.415416022047135630e+04
3.242291103012983513e+03 1.000953658983473993e+00 2.616979610510632246e-03 1.414973576830426464e+04
3.242299453646582606e+03 9.997123936298439872e-01 2.612569674489645475e-03 1.413103755020898461e+04
3.242307804280182154e+03 9.984018202393535324e-01 2.608189520057083675e-03 1.411135577085872683e+04
3.242316154913781247e+03 9.984449920768085907e-01 2.610146223418281092e-03 1.411080213341338458e+04
3.242324505547380340e+03 9.985777453791343516e-01 2.612598673274312434e-03 1.411150697692376343e+04
3.242332856180979888e+03 9.991426983041845622e-01 2.613255083799850831e-03 1.411831106147807805e+04
3.242341206814578982e+03 9.997811360213010312e-01 2.613759780126851794e-03 1.412614421434346150e+04
3.242349557448178530e+03 1.000163059582022562e+00 2.613819137579517955e-03 1.413034365767756390e+04
3.242357908081777623e+03 1.000512037753017669e+00 2.613836160596448056e-03 1.413406835972066438e+04
3.242366258715377171e+03 9.999483580632114732e-01 2.610361375839622723e-03 1.412489168318562588e+04
3.242374609348976264e+03 9.992491434194969990e-01 2.606425148632410954e-03 1.411379309763562742e+04
3.242382959982575812e+03 1.000406623885486956e+00 2.610002728871596914e-03 1.412890945425784594e+04
3.242391310616174906e+03 1.001829219672939031e+00 2.614554711084700073e-03 1.414775742548226481e+04
3.242399661249773999e+03 1.000753459616611885e+00 2.612607705819176406e-03 1.413131364424760250e+04
3.242408011883373547e+03 9.993531933508813525e-01 2.609810893610630539e-03 1.411028073835369469e+04
3.242416362516972640e+03 9.983929576407555295e-01 2.611162839720765783e-03 1.409545355432189535e+04
3.242424713150572188e+03 9.975396904815506671e-01 2.612990817395005778e-03 1.408212839199229711e+04
3.242433063784171281e+03 9.978778206423377650e-01 2.613345507283280043e-03 1.408561193320370876e+04
3.242441414417770829e+03 9.983791284326226645e-01 2.613536299689311199e-03 1.409138672083695201e+04
3.242449765051369923e+03 9.998545670015149822e-01 2.617796180122416039e-03 1.411089677878830116e+04
3.382898333282622843e+03 9.990058911359699367e-01 1.844975042979141297e-03 1.130235207295912187e+04
3.382906965777836831e+03 9.996070021677595507e-01 1.845826231849522284e-03 1.130857711283226854e+04
3.382915598273050364e+03 1.000194002730933507e+00 1.846519851109179686e-03 1.131464292582410962e+04
3.382924230768263897e+03 1.000291151813845536e+00 1.847925382007978680e-03 1.131516801554734775e+04
3.382932863263477429e+03 1.000374148349017611e+00 1.849325132620554266e-03 1.131553399969427301e+04
3.382941495758691417e+03 9.994092148487661031e-01 1.848039819886289608e-03 1.130404812445873358e+04
3.382950128253904950e+03 9.983299062464351392e-01 1.846566255798722921e-03 1.129127083908876193e+04
3.382958760749118483e+03 1.000002826922083754e+00 1.851478881301666995e-03 1.130962245742417508e+04
3.382967393244332470e+03 1.002071300742914506e+00 1.857252427008095974e-03 1.133244658104357404e+04
3.382976025739546003e+03 1.001458940299041256e+00 1.852847374439111575e-03 1.132495335377211995e+04
3.382984658234759536e+03 1.000421146465556355e+00 1.846918913092303934e-03 1.131265115780796259e+04
3.382993290729973523e+03 9.996585454719805197e-01 1.848055921882841473e-03 1.130346291996947730e+04
3.383001923225187056e+03 9.990172167969232353e-01 1.850707160537621871e-03 1.129564782891103641e+04
3.383010555720400589e+03 1.000805117152502310e+00 1.852798698948849871e-03 1.131529989080191081e+04
3.383019188215614122e+03 1.003094591524246404e+00 1.854703731978942600e-03 1.134062164502599262e+04
3.383027820710828109e+03 1.003400555594126331e+00 1.856466767497655032e-03 1.134351819003834862e+04
3.383036453206041642e+03 1.003117549989346990e+00 1.858098283221653246e-03 1.133975746864961729e+04
3.383045085701255175e+03 1.000810943977886946e+00 1.852657612381670288e-03 1.131312346514043384e+04
3.383053718196469163e+03 9.979517817594607543e-01 1.845301736253585154e-03 1.128024736226074674e+04
3.383062350691682695e+03 9.974394969265594213e-01 1.845606580642933110e-03 1.127390191699023126e+04
3.383070983186896228e+03 9.976614801040812885e-01 1.848445161121843290e-03 1.127585703584139446e+04
3.383079615682110216e+03 9.971302959630568008e-01 1.849245351864599535e-03 1.126930089876778766e+04
3.383088248177323749e+03 9.963422689891712203e-01 1.849145244269159109e-03 1.125984380868736116e+04
3.383096880672537281e+03 9.951490550784993783e-01 1.849747612397564410e-03 1.124580980754608936e+04
3.383105513167751269e+03 9.936827870844979760e-01 1.850530496461084235e-03 1.122869267388410117e+04
3.383114145662964802e+03 9.919801287755460883e-01 1.847964177367697469e-03 1.120890713743048400e+04
3.383122778158178335e+03 9.902640205025760034e-01 1.843895281297714848e-03 1.118897258089601564e+04
3.383131410653391868e+03 9.894736910866150925e-01 1.841790665703413234e-03 1.117950083341749996e+04
3.383140043148605855e+03 9.891559761458542654e-01 1.840771252493244789e-03 1.117537057243324307e+04
3.383148675643819388e+03 9.881086452873329984e-01 1.838728901319962653e-03 1.116299901690857769e+04
3.383157308139032921e+03 9.865134012692814425e-01 1.835731976916475184e-03 1.114444001613364526e+04
3.383165940634246908e+03 9.843016598368315995e-01 1.832632237473018951e-03 1.111891971459505839e+04
3.383174573129460441e+03 9.818037242185346791e-01 1.829783557225428967e-03 1.109017011925512998e+04
3.383183205624673974e+03 9.805206322462611812e-01 1.827366158472680047e-03 1.107514616328674674e+04
3.383191838119887962e+03 9.801205120249806280e-01 1.825095722371524679e-03 1.107009750067444475e+04
3.383200470615101494e+03 9.801636172867080887e-01 1.825587789741452615e-03 1.107005616581856157e+04
3.383209103110315027e+03 9.804334826209718523e-01 1.828135121888395040e-03 1.107257677889401202e+04
3.383217735605528560e+03 9.798218897136548033e-01 1.827372249651008267e-03 1.106514384826552123e+04
3.383226368100742548e+03 9.786354279201939788e-01 1.824072626793269130e-03 1.105122094532891606e+04
3.383235000595956080e+03 9.767400505016922141e-01 1.820178741992545734e-03 1.102929534147225786e+04
3.383243633091169613e+03 9.742237337635374361e-01 1.815639870731271992e-03 1.100036154401141357e+04
3.383252265586383601e+03 9.696878593984827877e-01 1.809340974738318265e-03 1.094862890745098412e+04
3.383260898081597134e+03 9.631377745610019137e-01 1.801403421807146535e-03 1.087416101352235273e+04
3.383269530576810666e+03 9.585567983358459498e-01 1.796414424012081606e-03 1.082193199936524979e+04
3.383278163072024654e+03 9.560639303411765377e-01 1.794411927416181057e-03 1.079328213922848772e+04
3.383286795567238187e+03 9.544475112757120350e-01 1.792430004393951804e-03 1.077452997820297423e+04
3.383295428062451720e+03 9.536862369139059714e-01 1.790581705316706372e-03 1.076543363564940228e+04
3.383304060557665707e+03 9.543456644472022576e-01 1.792390049300854457e-03 1.077237560202836721e+04
3.383312693052879240e+03 9.565099659488975892e-01 1.797801446895329466e-03 1.079630370408419003e+04
3.383321325548092773e+03 9.591377414695263504e-01 1.801869240001534051e-03 1.082546165273419138e+04
3.383329958043306306e+03 9.622363773209052784e-01 1.804657541090502358e-03 1.085993209142483829e+04
3.383338590538520293e+03 9.650343945694073167e-01 1.808885157923541091e-03 1.089100767709010870e+04
3.383347223033733826e+03 9.680009331206543832e-01 1.815365202347440660e-03 1.092398317788648092e+04
3.383355855528947359e+03 9.699148770418666299e-01 1.819513614225389984e-03 1.094507856435138456e+04
3.383364488024161346e+03 9.700845350834874647e-01 1.820087313840922181e-03 1.094649039815266042e+04
3.383373120519374879e+03 9.700451545128475628e-01 1.819773622397632571e-03 1.094554441715885514e+04
3.383381753014588412e+03 9.696311225576593751e-01 1.818226082729197017e-03 1.094037233244831623e+04
3.383390385509802400e+03 9.694093086957588090e-01 1.817787652590691083e-03 1.093737043331567475e+04
3.383399018005015932e+03 9.696321781881337420e-01 1.818993462070396788e-03 1.093938673426879723e+04
3.383407650500229465e+03 9.680306913903167221e-01 1.817235835313488895e-03 1.092082241691198942e+04
3.383416282995442998e+03 9.633526475662418376e-01 1.810852228290706599e-03 1.086755424084058359e+04
3.383424915490656986e+03 9.579193976173475678e-01 1.803671589046726073e-03 1.080577282246688810e+04
3.383433547985870518e+03 9.510852322354704791e-01 1.795131035523911660e-03 1.072819573079995462e+04
3.383442180481084051e+03 9.429287030205760756e-01 1.783280560897078284e-03 1.063571110303529895e+04
3.383450812976298039e+03 9.320820986504994021e-01 1.764948383578489842e-03 1.051289460047166358e+04
3.383459445471511572e+03 9.210558972391906796e-01 1.746024241664803070e-03 1.038806453351768141e+04
3.383468077966725104e+03 9.097156500059111472e-01 1.725837741771105724e-03 1.025970483562260051e+04
3.383476710461939092e+03 9.002198349992863724e-01 1.710817241350310941e-03 1.015215801114774513e+04
3.383485342957152625e+03 8.945807569987132002e-01 1.706505048246357735e-03 1.008811383610856501e+04
3.383493975452366158e+03 8.894599358589330151e-01 1.700885662631434819e-03 1.002992038156674607e+04
3.383502607947580145e+03 8.857033884602772966e-01 1.692539484974222956e-03 9.987116465286979292e+03
3.383511240442793678e+03 8.824109981560210869e-01 1.686103037083000727e-03 9.949550836090180383e+03
3.383519872938007211e+03 8.799837562027175153e-01 1.683690473723191807e-03 9.921743930630354953e+03
3.383528505433220744e+03 8.754920168203045305e-01 1.677367647048990480e-03 9.870664391008551320e+03
3.383537137928434731e+03 8.662351657508096103e-01 1.662562758011494959e-03 9.765868765916806296e+03
3.383545770423648264e+03 8.569157798697556450e-01 1.648419449493740982e-03 9.660378282823117843e+03
3.383554402918861797e+03 8.466071456355859226e-01 1.634679085404849202e-03 9.543746223883828861e+03
3.383563035414075785e+03 8.377534655495375571e-01 1.622183948774971914e-03 9.443526149572913710e+03
3.383571667909289317e+03 8.345066798822813325e-01 1.615244808658793845e-03 9.406516335482927389e+03
3.383580300404502850e+03 8.322060815465944783e-01 1.610621057774567046e-03 9.380175532305662273e+03
3.383588932899716838e+03 8.320214692464225070e-01 1.611412917366579619e-03 9.377687102315521770e+03
3.383597565394930371e+03 8.325950151907524077e-01 1.612569194957754045e-03 9.383744565758297540e+03
3.383606197890143903e+03 8.363228621774333460e-01 1.616307968635739096e-03 9.425351321108735647e+03
3.383614830385357436e+03 8.403265594127634630e-01 1.621292151003492351e-03 9.470064051050138005e+03
3.383623462880571424e+03 8.453839522500762316e-01 1.629229369051200674e-03 9.526647920136820176e+03
3.383632095375784957e+03 8.502914344887764209e-01 1.636339075346874899e-03 9.581538531920657988e+03
3.383640727870998489e+03 8.547224748249970805e-01 1.640892185611946084e-03 9.631056748793171209e+03
3.383649360366212477e+03 8.583338855020682390e-01 1.644841841497422059e-03 9.671336384302610895e+03
3.383657992861426010e+03 8.585191848066162645e-01 1.647501204222427598e-03 9.673011177280710399e+03
3.383666625356639543e+03 8.586833212484527023e-01 1.649405424994911931e-03 9.674448293583043778e+03
3.383675257851853530e+03 8.580132034948214637e-01 1.646455146425437107e-03 9.666487372439531100e+03
3.383683890347067063e+03 8.564696580322306296e-01 1.642612296228880510e-03 9.648688295288986410e+03
3.383692522842280596e+03 8.521984323795380734e-01 1.636352353282505235e-03 9.600163831990439576e+03
3.383701155337494583e+03 8.478111534061785193e-01 1.629931927569306348e-03 9.550337059611294535e+03
3.383709787832708116e+03 8.420172825802958450e-01 1.621838319692978916e-03 9.484671214439269534e+03
3.383718420327921649e+03 8.360385936191763179e-01 1.613162900352985108e-03 9.416930034509372490e+03
3.383727052823135182e+03 8.298008884039993482e-01 1.602653186483003192e-03 9.346278048800115357e+03
3.383735685318349169e+03 8.243356728827645474e-01 1.593695162905016741e-03 9.284333256035442901e+03
3.383744317813562702e+03 8.220911389976163219e-01 1.590650347563288790e-03 9.258666907086077117e+03
3.383752950308776235e+03 8.210915763790139765e-01 1.589285956085876228e-03 9.247024263191333375e+03
3.383761582803990223e+03 8.282804068821653098e-01 1.599872155036641524e-03 9.327596213269102009e+03
3.383770215299203755e+03 8.367441969399936896e-01 1.612698484374487000e-03 9.422519576372527808e+03
3.383778847794417288e+03 8.543643024740116276e-01 1.638885014526505080e-03 9.620540335791822145e+03
3.383787480289631276e+03 8.718732867592319247e-01 1.664511231518670149e-03 9.817294400996635886e+03
3.383796112784844809e+03 8.891492505448029826e-01 1.688804248067341321e-03 1.001140945494952939e+04
3.383804745280058341e+03 9.056218973858888299e-01 1.712110093683383077e-03 1.019646486782864304e+04
3.383813377775271874e+03 9.159721806756193629e-01 1.727562991969736148e-03 1.031257671869216574e+04
3.383822010270485862e+03 9.261311754933282403e-01 1.742814953358818838e-03 1.042652646933472170e+04
3.383830642765699395e+03 9.334441003044732232e-01 1.754934479308587056e-03 1.050842770002873112e+04
3.383839275260912927e+03 9.403537268350758982e-01 1.766415969567160845e-03 1.058578321308352861e+04
3.383847907756126915e+03 9.445697146189180327e-01 1.773026834944769602e-03 1.063281173101664353e+04
3.383856540251340448e+03 9.489527038181509999e-01 1.779670480580227213e-03 1.068171724907511998e+04
3.383865172746553981e+03 9.545358595118951239e-01 1.787200544781411245e-03 1.074412872183547734e+04
3.383873805241767968e+03 9.599652653647204881e-01 1.794748742986650158e-03 1.080480564158514062e+04
3.383882437736981501e+03 9.647623640191002048e-01 1.803635081664218187e-03 1.085836209138447884e+04
3.383891070232195034e+03 9.691006141885057934e-01 1.811753694876409382e-03 1.090675113847165267e+04
3.383899702727409021e+03 9.694808241652286274e-01 1.811770550234189465e-03 1.091059331284323707e+04
3.383908335222622554e+03 9.702595955841475384e-01 1.812360978515471614e-03 1.091892145527732646e+04
3.383916967717836087e+03 9.741859693547155752e-01 1.819921315605900957e-03 1.096267042754126669e+04
3.383925600213049620e+03 9.777077485070292395e-01 1.826998796652295164e-03 1.100186415650391791e+04
3.383934232708263607e+03 9.775696029130781506e-01 1.826875121819996955e-03 1.099987335568725393e+04
3.383942865203477140e+03 9.775316051903204517e-01 1.826804833679180826e-03 1.099901058872849717e+04
3.383951497698690673e+03 9.800826333369879739e-01 1.831971550834574081e-03 1.102727902596922468e+04
3.383960130193904661e+03 9.828982986601890737e-01 1.837550721771949794e-03 1.105852368293604377e+04
3.383968762689118194e+03 9.867154790076573256e-01 1.842006681637094840e-03 1.110103445532277874e+04
3.383977395184331726e+03 9.904566856357598370e-01 1.846427853764068001e-03 1.114268822445271326e+04
3.383986027679545714e+03 9.933608030835840985e-01 1.853452346231203871e-03 1.117492284999083495e+04
3.383994660174759247e+03 9.961097004072351213e-01 1.860098811901238647e-03 1.120540990846608838e+04
3.384003292669972780e+03 9.972869771023133989e-01 1.863075417716062105e-03 1.121821689924197199e+04
3.384011925165186312e+03 9.983603006738024366e-01 1.865759960203196722e-03 1.122985465148256844e+04
3.384020557660400300e+03 9.990116256949392870e-01 1.865844207361948975e-03 1.123674597340944638e+04
3.384029190155613833e+03 9.995316017635929029e-01 1.865746553095184394e-03 1.124216047901853926e+04
3.384037822650827366e+03 9.992957507355947344e-01 1.865424060441171674e-03 1.123907483825644158e+04
3.384046455146041353e+03 9.993054017177612769e-01 1.865566037772380418e-03 1.123875154396097969e+04
3.384055087641254886e+03 1.000446008877858617e+00 1.868450617653702071e-03 1.125114821264048260e+04
3.384063720136468419e+03 1.001204436916163898e+00 1.870570915305642479e-03 1.125924711628963269e+04
3.384072352631682406e+03 1.000656993936749117e+00 1.869503938189082635e-03 1.125266158234771865e+04
3.384080985126895939e+03 1.000347891394247846e+00 1.869163062346380086e-03 1.124875770875008675e+04
3.384089617622109472e+03 1.001408232665006670e+00 1.871510564662281833e-03 1.126025378894408277e+04
3.384098250117323460e+03 1.002337387042350425e+00 1.873282922578603559e-03 1.127027499159624494e+04
3.384106882612536992e+03 1.000525101917400406e+00 1.871160377692870870e-03 1.124947293215653735e+04
3.384115515107750525e+03 9.987109565821961077e-01 1.869328732263640745e-03 1.122865258459978213e+04
3.384124147602964058e+03 9.998666437844064836e-01 1.871901445869444264e-03 1.124122386421350893e+04
3.384132780098178046e+03 1.001120278235658301e+00 1.874450843630160466e-03 1.125489641052531988e+04
3.384141412593391578e+03 1.000517880947099592e+00 1.873866332729979926e-03 1.124770370312346495e+04
3.384150045088605111e+03 9.998993404492442227e-01 1.873136875117291421e-03 1.124033111776526130e+04
3.384158677583819099e+03 1.000555906891526625e+00 1.873760286232499647e-03 1.124729367337242365e+04
3.384167310079032632e+03 1.001055780665558892e+00 1.874369381526687708e-03 1.125249544669069837e+04
3.384175942574246164e+03 9.999818732746018624e-01 1.874466917363196020e-03 1.124000826018623957e+04
3.384184575069460152e+03 9.990714564476731452e-01 1.874989895445019648e-03 1.122936065557183974e+04
3.384193207564673685e+03 9.986987172093926279e-01 1.876072760627800007e-03 1.122475805800408671e+04
3.384201840059887218e+03 9.982025678399880642e-01 1.876544257343499113e-03 1.121876985327413058e+04
