9.999996887681839031e-01
9.999996775462172138e-01
9.999996623036240262e-01
9.999996436279741108e-01
9.999996221292950516e-01
9.999995980995544098e-01
9.999995714891922738e-01
9.999995420233398491e-01
9.999995092922091544e-01
9.999994727795509242e-01
9.999994318522418268e-01
9.999993857300677469e-01
9.999993334388584953e-01
9.999992737347958016e-01
9.999992049486252643e-01
9.999991245394024286e-01
9.999990275166359410e-01
9.999989006229912381e-01
9.999987019265783594e-01
9.999982951981623014e-01
9.999972597267337004e-01
9.999943991237721930e-01
9.999866241828276880e-01
9.999667534491717413e-01
9.999198747482200833e-01
9.998186040543131092e-01
9.996191376081453583e-01
9.992620354944518057e-01
9.986826004303619442e-01
9.978330630219713893e-01
9.967112896245973186e-01
9.953812555331351675e-01
9.939667464750923109e-01
9.926094863918162314e-01
9.914056404845386083e-01
9.903569426078138171e-01
9.893749323412646124e-01
9.883495476915686861e-01
9.872497791858527716e-01
9.861946078760984724e-01
9.854421259397633248e-01
9.852916871211152561e-01
9.859479277308265122e-01
9.874198175349222506e-01
9.895067853202295094e-01
9.918733597886499886e-01
9.941677843303824424e-01
9.961255766357887120e-01
9.976186830586870613e-01
9.986459036813439827e-01
9.992872845062126252e-01
9.996522961011212738e-01
9.998422623264032749e-01
9.999329441058636414e-01
9.999727851903643661e-01
9.999889839297804173e-01
9.999951480478197485e-01
9.999974025508533426e-01
9.999982455187903518e-01
9.999986064412479392e-01
9.999988038299922888e-01
9.999989401142495016e-01
9.999990476191749078e-01
9.999991373985933629e-01
9.999992141886600017e-01
9.999992806906250475e-01
9.999993387777066367e-01
9.999993898697221439e-01
9.999994350831713508e-01
9.999994753125387437e-01
9.999995112835805555e-01
9.999995435912709674e-01
9.999995727277954938e-01
9.999995991036142451e-01
9.999996230635124217e-01
9.999996448987076292e-01
9.999996648544164923e-01
9.999996831272939257e-01
9.999996998371101231e-01
9.999997149546075992e-01
9.999997282112015329e-01
9.999997391117927403e-01
9.999997471817296812e-01
9.999989084085139091e-01
9.999988647676893994e-01
9.999988057355697624e-01
9.999987327501193013e-01
9.999986474692186267e-01
9.999985506030979465e-01
9.999984416166827206e-01
9.999983189490208035e-01
9.999981802326685099e-01
9.999980222432276467e-01
9.999978403413406491e-01
9.999976265009982157e-01
9.999973625911946495e-01
9.999969982239294009e-01
9.999963824158999426e-01
9.999950698880639699e-01
9.999918219188976831e-01
9.999834474384050598e-01
9.999624048543318544e-01
9.999124499832069413e-01
9.998019041402653739e-01
9.995753066135144582e-01
9.991465829832140155e-01
9.983998002071672317e-01
9.972050116182624713e-01
9.954534954391237589e-01
9.931069279788389270e-01
9.902412919483717380e-01
9.870571769266185402e-01
9.838344092280637554e-01
9.808349256873899469e-01
9.781933714940889146e-01
9.758572134457170755e-01
9.736256386096484583e-01
9.712870684599982374e-01
9.687937090294739262e-01
9.663775121513569211e-01
9.645321913901552247e-01
9.638537037999166390e-01
9.648081056811487199e-01
9.675354026843285826e-01
9.717786803101327031e-01
9.769633885704892551e-01
9.823808214971698760e-01
9.873903340530856276e-01
9.915619249308063043e-01
9.947221809561144212e-01
9.969143541409309917e-01
9.983129688274341440e-01
9.991363940689733658e-01
9.995849407098177375e-01
9.998115675968991534e-01
9.999180663287241533e-01
9.999648083507022278e-01
9.999841195325480658e-01
9.999917591108758996e-01
9.999947657650478661e-01
9.999960355455024263e-01
9.999966732883251996e-01
9.999970740446815221e-01
9.999973732671181281e-01
9.999976178369924806e-01
9.999978258333821479e-01
9.999980059637788576e-01
9.999981635709176420e-01
9.999983024853431601e-01
9.999984256394194304e-01
9.999985352639249037e-01
9.999986328389754986e-01
9.999987188403799410e-01
9.999987925043587467e-01
9.999988521214600024e-01
9.999988962134150894e-01
9.999994029889879288e-01
9.999993763499788191e-01
9.999993394480352071e-01
9.999992936490542661e-01
9.999992401760516847e-01
9.999991792460773965e-01
9.999991101096789015e-01
9.999990313511257778e-01
9.999989410137437584e-01
9.999988364768257476e-01
9.999987139398327507e-01
9.999985665282185021e-01
9.999983767196505280e-01
9.999980869458576782e-01
9.999974952551549112e-01
9.999959249899915692e-01
9.999913052458910823e-01
9.999779517656723904e-01
9.999420177565612189e-01
9.998538574275562807e-01
9.996583918197254892e-01
9.992686081755232097e-01
9.985720447432699931e-01
9.974604573509151528e-01
9.958824381875110987e-01
9.938973679232425695e-01
9.916903051042880168e-01
9.895143559059238481e-01
9.875710889347708576e-01
9.858980077050701896e-01
9.843541138814035918e-01
9.827435648157337722e-01
9.810156068474925606e-01
9.794037163557915981e-01
9.783885536634611135e-01
9.784838346942363874e-01
9.799681978574773522e-01
9.827250600974181127e-01
9.862795936138533115e-01
9.899966391819934319e-01
9.933170002132131193e-01
9.959124998935506845e-01
9.977117629381107022e-01
9.988270467670548047e-01
9.994486541363822862e-01
9.997614792097739844e-01
9.999041497191363259e-01
9.999633674822687723e-01
9.999858938425965071e-01
9.999938690957224097e-01
9.999966002909786988e-01
9.999975906828315608e-01
9.999980313847487423e-01
9.999982933300307630e-01
9.999984857190815646e-01
9.999986414387267430e-01
9.999987723259984307e-01
9.999988842219884599e-01
9.999989808559561766e-01
9.999990648063603604e-01
9.999991375627629298e-01
9.999991992237506899e-01
9.999992484963682315e-01
9.999992838504273562e-01
9.999977857410762283e-01
9.999976958652825321e-01
9.999975739604125557e-01
9.999974231157524596e-01
9.999972468032812811e-01
9.999970464060008446e-01
9.999968206529553649e-01
9.999965661239766934e-01
9.999962776992386004e-01
9.999959483936526894e-01
9.999955680182071038e-01
9.999951184301179019e-01
9.999945571089601248e-01
9.999937624410084602e-01
9.999923639401853137e-01
9.999892601456654706e-01
9.999813790415309489e-01
9.999608195649449804e-01
9.999090106091145236e-01
9.997863306687319040e-01
9.995166045017066514e-01
9.989691310027694060e-01
9.979467308413690896e-01
9.961945968269829699e-01
9.934458338333511662e-01
9.895083834638338516e-01
9.843724009956180687e-01
9.782873200333017660e-01
9.717465784481755797e-01
9.653471969369286088e-01
9.595604440660063794e-01
9.545235616246454668e-01
9.499862226704898216e-01
9.454835268178785057e-01
9.406794740675273880e-01
9.357057068322025550e-01
9.312939012085649226e-01
9.285970376368302137e-01
9.287626673542725975e-01
9.324581298931562401e-01
9.395723155113830938e-01
9.492230334420070914e-01
9.600459903189338950e-01
9.706177004201568259e-01
9.798290971820338147e-01
9.870822803042702542e-01
9.922845154366168874e-01
9.957011031371592047e-01
9.977635406973170973e-01
9.989112897769811816e-01
9.995016697113761062e-01
9.997831438012749761e-01
9.999079979734127877e-01
9.999598677475347586e-01
9.999803364786328252e-01
9.999882575747880420e-01
9.999914723673619665e-01
9.999929916556349330e-01
9.999938930464398190e-01
9.999945431837222731e-01
9.999950660647634049e-01
9.999955073733769462e-01
9.999958878491046477e-01
9.999962196460010500e-01
9.999965112740591966e-01
9.999967691849004359e-01
9.999969982855601014e-01
9.999972018832989917e-01
9.999973811601836626e-01
9.999975346322121927e-01
9.999976587111965021e-01
9.999977502148688080e-01
9.999971861111671689e-01
9.999970698696696303e-01
9.999969122762699669e-01
9.999967169637395958e-01
9.999964880852658666e-01
9.999962271824114346e-01
9.999959323699254554e-01
9.999955988487932990e-01
9.999952192477323809e-01
9.999947826097183023e-01
9.999942695969071815e-01
9.999936352131492123e-01
9.999927502595822304e-01
9.999912165174994483e-01
9.999878313186159051e-01
9.999791778624134153e-01
9.999562809886938242e-01
9.998975320817190537e-01
9.997555442872861908e-01
9.994362692934825043e-01
9.987721665187569986e-01
9.974985865436580834e-01
9.952522722557104462e-01
9.916165967330508035e-01
9.862295466746359152e-01
9.789403678210746307e-01
9.699563368956501952e-01
9.598892360516572131e-01
9.496269840541857743e-01
9.400348840999275257e-01
9.316034656179628115e-01
9.242356082677678497e-01
9.173354927613752707e-01
9.102141984974516653e-01
9.026338307516978965e-01
8.951963445211235104e-01
8.893342330818041486e-01
8.868621560351834798e-01
8.892827983045663576e-01
8.971675370381044790e-01
9.098871658909073457e-01
9.257900475700191478e-01
9.427197794807423703e-01
9.586342937507791317e-01
9.720835746814349143e-01
9.824062459228710686e-01
9.896481603687945494e-01
9.943125065824103270e-01
9.970796245286519532e-01
9.985957081762208976e-01
9.993647141561234903e-01
9.997267681548780427e-01
9.998855437893261477e-01
9.999508053186472178e-01
9.999762813365434821e-01
9.999860172103787193e-01
9.999899056167647071e-01
9.999917099591579817e-01
9.999927657740408371e-01
9.999935231988426043e-01
9.999941324516929964e-01
9.999946477605688999e-01
9.999950931621170991e-01
9.999954825083399168e-01
9.999958253904002170e-01
9.999961288531865611e-01
9.999963976125437748e-01
9.999966334918011235e-01
9.999968348326493395e-01
9.999969973136573209e-01
9.999971171686268256e-01
