3.065538146526368564e+03 1.013530200145233762e+00 2.365339232746128256e-02 2.016033983237272423e+03
3.065546498728184361e+03 1.011537518355123844e+00 2.344279340437895390e-02 2.012177737073646540e+03
3.065554850929999702e+03 1.010655842456280817e+00 2.325755689287041864e-02 2.010531228524936523e+03
3.065563203131815499e+03 1.006166437314117479e+00 2.326219019721392431e-02 2.001707173910154779e+03
3.065571555333630840e+03 1.000216861496320719e+00 2.325168185261840617e-02 1.989977089435559719e+03
3.065579907535446637e+03 9.929525514153180188e-01 2.311291894346218651e-02 1.975629877659715476e+03
3.065588259737261978e+03 9.866018148047943637e-01 2.298204782769513316e-02 1.963098912929432345e+03
3.065596611939077775e+03 9.886474460710739098e-01 2.300812400876741173e-02 1.967274231597154994e+03
3.065604964140893117e+03 9.901529546100792389e-01 2.302730314119676158e-02 1.970375156524571821e+03
3.065613316342708913e+03 9.855109573228982844e-01 2.273021393405143600e-02 1.961242393157598144e+03
3.065621668544524709e+03 9.820372003663198068e-01 2.243990708886092061e-02 1.954433655651945628e+03
3.065630020746340051e+03 9.816460290753961093e-01 2.265763755791852518e-02 1.953759416958291013e+03
3.065638372948155848e+03 9.797166582238938659e-01 2.288464605373259630e-02 1.950023469933950764e+03
3.065646725149971189e+03 9.847620412451977279e-01 2.281480163086666707e-02 1.960170371469239853e+03
3.065655077351786986e+03 9.914198911739464659e-01 2.273829725112847672e-02 1.973528133923723544e+03
3.065663429553602327e+03 9.917701808800036822e-01 2.289414747505621323e-02 1.974330762376224357e+03
3.065671781755418124e+03 9.904406493521876742e-01 2.306858293019795406e-02 1.971789243208984544e+03
3.065680133957233920e+03 9.992713510932690335e-01 2.315036330771312253e-02 1.989475718306759063e+03
3.065688486159049262e+03 1.010131312619092281e+00 2.322452556839345317e-02 2.011204391699416419e+03
3.065696838360865058e+03 1.005985742993495746e+00 2.312006141701095432e-02 2.003057276278758081e+03
3.065705190562680400e+03 9.985240439854907724e-01 2.297982724843919064e-02 1.988306054031587109e+03
3.065713542764496196e+03 9.910513977460431168e-01 2.291541509249771930e-02 1.973531446940084152e+03
3.065721894966311538e+03 9.837943014458291335e-01 2.286963030554727341e-02 1.959184510998595670e+03
3.065730247168127335e+03 9.909432949770738963e-01 2.297888933201736039e-02 1.973526678789981815e+03
3.065738599369942676e+03 1.002548115406456608e+00 2.313300043157006172e-02 1.996744901513949344e+03
3.065746951571758473e+03 1.001013274694299238e+00 2.318003003356228220e-02 1.993794326252972269e+03
3.065755303773574269e+03 9.944712193590596883e-01 2.319027672466421330e-02 1.980869642655836287e+03
3.065763655975389611e+03 9.971000646837132608e-01 2.306272450631439638e-02 1.986211898335487831e+03
3.065772008177205407e+03 1.004010068292102709e+00 2.289452481826084740e-02 2.000083185389456503e+03
3.065780360379020749e+03 1.008296792636520722e+00 2.289450172103631512e-02 2.008729840835294681e+03
3.065788712580836545e+03 1.010891934402152303e+00 2.296380685655442094e-02 2.014007254784169845e+03
3.065797064782651887e+03 1.005570974818705610e+00 2.294134774670899060e-02 2.003513073693844035e+03
3.065805416984467684e+03 9.963294166691381015e-01 2.287519422677102010e-02 1.985205892796971284e+03
3.065813769186283025e+03 9.994979963471872786e-01 2.294510536852174820e-02 1.991625509755344183e+03
3.065822121388098822e+03 1.009177967553529287e+00 2.308369761608763948e-02 2.011021258251003701e+03
3.065830473589914618e+03 1.011870887538930175e+00 2.309319219233818901e-02 2.016495000158813127e+03
3.065838825791729960e+03 1.010293884096677974e+00 2.302366732540329919e-02 2.013459593896689057e+03
3.065847177993545756e+03 1.008960128342543783e+00 2.302368986346690211e-02 2.010908657604788004e+03
3.065855530195361098e+03 1.007593467239229934e+00 2.306887915570525818e-02 2.008291852464919884e+03
3.065863882397176894e+03 1.002491962368865952e+00 2.301674369914152515e-02 1.998230230767012927e+03
3.065872234598992236e+03 9.948869760276567442e-01 2.289641356722561111e-02 1.983177162249821322e+03
3.065880586800808032e+03 9.924804510017988246e-01 2.286051740122147305e-02 1.978485483609617859e+03
3.065888939002623829e+03 9.945601864437102479e-01 2.289739292026919670e-02 1.982737020680976912e+03
3.065897291204439171e+03 9.969045044208111328e-01 2.293396604206998993e-02 1.987516494554206929e+03
3.065905643406254967e+03 9.996355075064020657e-01 2.297147080700895697e-02 1.993067436933319414e+03
3.065913995608070309e+03 1.004295157878540845e+00 2.303738787208684663e-02 2.002464489993575171e+03
3.065922347809886105e+03 1.010841128115033127e+00 2.313063061054601924e-02 2.015623867119510351e+03
3.065930700011701447e+03 1.006339452780498744e+00 2.302521787680193721e-02 2.006754383345213000e+03
3.065939052213517243e+03 9.888229916725832513e-01 2.268599364970831297e-02 1.971929610062767324e+03
3.065947404415332585e+03 9.852936719831919543e-01 2.262378736855521350e-02 1.964996024789829335e+03
3.065955756617148381e+03 9.993804756505203502e-01 2.291056674581492050e-02 1.993195840050524112e+03
3.065964108818964178e+03 1.006278404446375063e+00 2.301948630292015643e-02 2.007060166112021761e+03
3.065972461020779519e+03 1.003446411382348913e+00 2.288811482222259663e-02 2.001518228528364034e+03
3.065980813222595316e+03 1.003767448854866240e+00 2.284729298534305536e-02 2.002265197264716335e+03
3.065989165424410658e+03 1.008786377763297715e+00 2.293813809926771238e-02 2.012383852485705120e+03
3.065997517626226454e+03 1.010044688585346018e+00 2.297247052641025397e-02 2.015001281782514980e+03
3.066005869828041796e+03 1.004698431874346154e+00 2.290835281533544834e-02 2.004442412297592909e+03
3.066014222029857592e+03 1.000633754200404457e+00 2.285072528165869865e-02 1.996439381493886458e+03
3.066022574231672934e+03 9.980035651407631603e-01 2.280086098808322553e-02 1.991297695329290264e+03
3.066030926433488730e+03 9.962413798179946545e-01 2.279124395260814784e-02 1.987887454125984732e+03
3.066039278635304527e+03 9.973302687260249266e-01 2.286765994186202092e-02 1.990166138884651673e+03
3.066047630837119868e+03 9.981371705310639886e-01 2.290938416886424689e-02 1.991882321550256620e+03
3.066055983038935665e+03 9.976614399834231595e-01 2.287191054731883139e-02 1.991038918545120396e+03
3.066064335240751006e+03 9.977124908542236437e-01 2.283097740375737011e-02 1.991246771269191868e+03
3.066072687442566803e+03 9.993669606611083056e-01 2.278152862336872697e-02 1.994654928232313523e+03
3.066081039644382145e+03 9.986907402517045673e-01 2.269724386405047589e-02 1.993411321557132396e+03
3.066089391846197941e+03 9.907225377950443779e-01 2.250851804394342001e-02 1.977611820916937404e+03
3.066097744048013283e+03 9.860169675092195218e-01 2.238943181959430692e-02 1.968323614881844378e+03
3.066106096249829079e+03 9.911700018616430574e-01 2.250035016487671874e-02 1.978715568337595414e+03
3.066114448451644876e+03 9.959603906632393810e-01 2.260475544645126900e-02 1.988384612908854251e+03
3.066122800653460217e+03 1.000941466835564730e+00 2.268685449310475083e-02 1.998435393042099577e+03
3.066131152855276014e+03 1.003661072149682809e+00 2.274417299411238963e-02 2.003971838552051395e+03
3.066139505057091355e+03 9.972649768918785407e-01 2.270360481749516060e-02 1.991306921407864138e+03
3.066147857258907152e+03 9.918159353399824685e-01 2.265784474659498365e-02 1.980531792810109664e+03
3.066156209460722494e+03 9.900547647832698139e-01 2.258756144496141746e-02 1.977120113358135086e+03
3.066164561662538290e+03 9.881872789278359770e-01 2.253613321585931292e-02 1.973495738910894033e+03
3.066172913864354086e+03 9.861193860936869893e-01 2.257836285671496052e-02 1.969470716349273516e+03
3.066181266066169428e+03 9.853201940815075055e-01 2.260937226993922286e-02 1.967979229642155587e+03
3.066189618267985225e+03 9.909724032453445242e-01 2.256858870944430245e-02 1.979373636759473357e+03
3.066197970469800566e+03 9.957145062206582686e-01 2.251883714474566325e-02 1.988951296867306837e+03
3.066206322671616363e+03 9.908372218687973021e-01 2.238205856679066630e-02 1.979314104649068440e+03
3.066214674873431704e+03 9.857870743695921201e-01 2.226090922057698956e-02 1.969330543501015200e+03
3.066223027075247501e+03 9.870986047963807852e-01 2.234972106475459699e-02 1.972055462233447088e+03
3.066231379277062842e+03 9.893721556857049126e-01 2.242544769938060664e-02 1.976702715339444467e+03
3.066239731478878639e+03 9.912392497775959210e-01 2.224007524639736236e-02 1.980538333376088758e+03
3.066248083680694435e+03 9.919741814744438280e-01 2.206077644904409774e-02 1.982112118989008422e+03
3.066256435882509777e+03 9.861947999407340015e-01 2.209868943423037510e-02 1.970668801002706232e+03
3.066264788084325573e+03 9.813625766386263605e-01 2.213821392098594409e-02 1.961117019703083315e+03
3.066273140286140915e+03 9.869087277045888174e-01 2.207902556717318207e-02 1.972305056193391010e+03
3.066281492487956712e+03 9.916077088915985494e-01 2.201663246155356052e-02 1.981801139348524430e+03
3.066289844689772053e+03 9.888910918635078762e-01 2.205239398402598916e-02 1.976476813108158240e+03
3.066298196891587850e+03 9.862880827865078137e-01 2.208950648326525948e-02 1.971378987789242728e+03
3.066306549093403191e+03 9.884975740530863586e-01 2.230249399441716629e-02 1.975900279843817316e+03
3.066314901295218988e+03 9.912535093116046081e-01 2.251846385314764526e-02 1.981514382029931312e+03
3.066323253497034784e+03 9.885246975392729674e-01 2.240444539175635158e-02 1.976164485435047936e+03
3.066331605698850126e+03 9.852037255812291505e-01 2.228237191869094497e-02 1.969630155993311746e+03
3.066339957900665922e+03 9.857326307572279456e-01 2.220391008036962446e-02 1.970792246831834973e+03
3.066348310102481264e+03 9.867346922300620493e-01 2.212871178279483472e-02 1.972900489822615327e+03
3.066356662304297060e+03 9.849188263585122449e-01 2.202587941905849098e-02 1.969374416343205212e+03
3.066365014506112402e+03 9.823713083307589189e-01 2.191805005957687263e-02 1.964384919220185338e+03
3.066373366707928199e+03 9.814571148656131561e-01 2.200127020953475052e-02 1.962661108822919005e+03
3.066381718909743995e+03 9.820248994350982974e-01 2.210647965226771386e-02 1.963900835494887360e+03
3.066390071111559337e+03 9.972942095942407548e-01 2.226728357421593404e-02 1.994543065379329164e+03
3.066398423313375133e+03 1.012470216509690601e+00 2.242624672748651932e-02 2.025001926712822296e+03
3.066406775515190475e+03 1.009242111511786888e+00 2.221888433631718715e-02 2.018652715446366756e+03
3.066415127717006271e+03 1.004106011319657377e+00 2.197040138050058988e-02 2.008486306864050448e+03
3.066423479918821613e+03 1.003248350559987845e+00 2.222168117084784636e-02 2.006877309240073373e+03
3.066431832120637409e+03 1.004477061133110860e+00 2.255134832778795187e-02 2.009441885210800137e+03
3.066440184322452751e+03 1.002253911795147889e+00 2.242137829496804527e-02 2.005100959551895130e+03
3.066448536524268548e+03 9.982282859687511278e-01 2.220939735675419788e-02 1.997153350504623631e+03
3.066456888726084344e+03 9.963383832002213891e-01 2.217997495724389687e-02 1.993478050033374302e+03
3.066465240927899686e+03 9.956889134715427581e-01 2.219306858412014097e-02 1.992284343518538208e+03
3.066473593129715482e+03 1.001145032722772665e+00 2.224457752010532141e-02 2.003307884274956223e+03
3.066481945331530824e+03 1.006536106675335107e+00 2.229473291535792254e-02 2.014202420420076578e+03
3.066490297533346620e+03 1.010417548119181053e+00 2.238057864729286334e-02 2.022076981293055269e+03
3.066498649735161962e+03 1.014378386547765132e+00 2.247477507052657308e-02 2.030111266674150102e+03
3.066507001936977758e+03 1.011351145242053384e+00 2.239776539473845376e-02 2.024160160604602879e+03
3.066515354138793100e+03 1.007137797554731540e+00 2.228687034026742217e-02 2.015834362944922759e+03
3.066523706340608896e+03 1.003695429198008249e+00 2.218838630257186084e-02 2.009050904069192711e+03
3.066532058542424693e+03 1.000617098630055990e+00 2.209283261738073656e-02 2.002995430281333711e+03
3.066540410744240035e+03 1.001822286520802852e+00 2.211907578777404237e-02 2.005514334079934088e+03
3.066548762946055831e+03 1.004250112428819453e+00 2.217843750071510356e-02 2.010481181669634680e+03
3.066557115147871173e+03 1.002463297600066694e+00 2.221689382625641196e-02 2.007010502182430400e+03
3.066565467349686969e+03 1.000015422174308277e+00 2.225149428149844968e-02 2.002215877517671061e+03
3.066573819551502311e+03 1.009161114518090097e+00 2.242422092430670227e-02 2.020634431727728497e+03
3.066582171753318107e+03 1.019922777144367076e+00 2.263356997475000215e-02 2.042290743457354438e+03
3.066590523955133904e+03 1.014653175294051746e+00 2.245981559545573783e-02 2.031846675796033651e+03
3.066598876156949245e+03 1.004513941213694750e+00 2.215156648953191254e-02 2.011649515252577430e+03
3.066607228358765042e+03 9.993291496595473333e-01 2.194936774692254552e-02 2.001372542510641779e+03
3.066615580560580383e+03 9.950330073626271199e-01 2.178139363721302846e-02 1.992874274912604051e+03
3.066623932762396180e+03 9.932294337189883082e-01 2.180866062550498516e-02 1.989367531473766803e+03
3.066632284964211522e+03 9.941836519106996839e-01 2.191478819286114474e-02 1.991384357663074525e+03
3.066640637166027318e+03 1.001057990057113711e+00 2.206006028847407735e-02 2.005260221073581988e+03
3.066648989367842660e+03 1.009176116211340624e+00 2.221523434444984402e-02 2.021629159532715448e+03
3.066657341569658456e+03 1.013068501640548735e+00 2.230543435564006499e-02 2.029534170682237800e+03
3.066665693771474253e+03 1.016210367737745646e+00 2.237457132452801145e-02 2.035936373548149732e+03
3.066674045973289594e+03 1.009571013424677588e+00 2.225339004107417668e-02 2.022741925421044243e+03
3.066682398175105391e+03 9.981773017023038985e-01 2.204271129189289483e-02 2.000019894178871255e+03
3.066690750376920732e+03 1.000578739522616445e+00 2.210090099028855573e-02 2.004937862488409337e+03
3.066699102578736529e+03 1.007398490252139567e+00 2.226957828813501752e-02 2.018710129283858350e+03
3.066707454780551870e+03 1.008763823021341599e+00 2.243197742096576450e-02 2.021553242326508553e+03
3.066715806982367667e+03 1.010078878309106587e+00 2.259979965358081822e-02 2.024295884460289244e+03
3.066724159184183009e+03 1.004109844843769972e+00 2.245975900592515548e-02 2.012440013054724204e+03
3.066732511385998805e+03 9.935200807950939073e-01 2.216107025756396467e-02 1.991321500560995446e+03
3.066740863587814601e+03 1.000806973398049582e+00 2.221715755806611195e-02 2.006032985770840241e+03
3.066749215789629943e+03 1.013633735545651726e+00 2.244640180203730587e-02 2.031850807564702336e+03
3.066757567991445740e+03 1.018689858988942598e+00 2.249844402374852684e-02 2.042094114936456435e+03
3.066765920193261081e+03 1.022059896872538509e+00 2.247221203565159461e-02 2.048958343119087203e+03
3.066774272395076878e+03 1.014561135918057966e+00 2.241218818190355080e-02 2.034033080954206980e+03
3.066782624596892219e+03 1.005782743979831473e+00 2.235919850999619138e-02 2.016540634139766098e+03
3.066790976798708016e+03 9.985379006422856474e-01 2.220644571578804863e-02 2.002121168410204973e+03
3.066799329000523358e+03 9.882609719333964593e-01 2.196647122010254860e-02 1.981620350511419474e+03
3.066807681202339154e+03 9.894289786490378935e-01 2.192379066164934498e-02 1.984067480028954606e+03
3.066816033404154950e+03 9.972580390499238279e-01 2.199938908552179911e-02 1.999872744177681170e+03
3.066824385605970292e+03 1.004807170464554700e+00 2.207045878581363751e-02 2.015118280111277272e+03
3.066832737807786089e+03 1.010621582150804887e+00 2.213676955027791410e-02 2.026886293858638055e+03
3.066841090009601430e+03 1.007254715653900234e+00 2.209867672190264642e-02 2.020240744591409793e+03
3.066849442211417227e+03 9.994392494213374389e-01 2.199374931564814645e-02 2.004671495459545440e+03
3.066857794413232568e+03 9.993320863777752638e-01 2.201044097207167927e-02 2.004562690446395436e+03
3.066866146615048365e+03 1.005221139607076930e+00 2.210350154923688276e-02 2.016482324518645783e+03
3.066874498816864161e+03 1.009070228509006739e+00 2.212479245859267155e-02 2.024310806776039726e+03
3.066882851018679503e+03 1.007612848165331254e+00 2.208801680702840095e-02 2.021494156116825707e+03
3.066891203220495299e+03 1.005379464385648181e+00 2.214901029058174292e-02 2.017120278983299158e+03
3.066899555422310641e+03 1.008186164763797077e+00 2.230699105305906926e-02 2.022858521247491126e+03
3.066907907624126437e+03 1.008086032788223063e+00 2.225896647880629131e-02 2.022764685096427002e+03
3.066916259825941779e+03 1.002470065392425225e+00 2.205135684346920186e-02 2.011602498856056854e+03
3.066924612027757576e+03 9.969673566615578908e-01 2.201758926051038123e-02 2.000666401707507475e+03
3.066932964229572917e+03 9.943858415007675866e-01 2.212864764566162268e-02 1.995591557429991553e+03
3.066941316431388714e+03 9.902151831794611114e-01 2.207116921159438250e-02 1.987326810716565888e+03
3.066949668633204510e+03 9.829695923025884019e-01 2.188324378319217445e-02 1.972889570686640354e+03
3.066958020835019852e+03 9.854250994880121572e-01 2.182503975388273496e-02 1.977922612581830890e+03
3.066966373036835648e+03 9.928372241729890302e-01 2.185501091049885450e-02 1.992905511281139297e+03
3.066974725238650990e+03 1.000697200636980533e+00 2.202957548374392255e-02 2.008788997444572942e+03
3.066983077440466786e+03 1.014491847028997640e+00 2.235143832359653623e-02 2.036587977382503823e+03
3.066991429642282128e+03 1.017553966548749855e+00 2.237244157045593929e-02 2.042843246641737778e+03
3.066999781844097924e+03 1.007249128299107177e+00 2.212807673485731041e-02 2.022262217207374078e+03
3.067008134045913266e+03 1.004175451773744454e+00 2.211970613652014528e-02 2.016197828647225833e+03
3.067016486247729063e+03 1.009780660786679940e+00 2.233233642095644456e-02 2.027559299433924707e+03
3.067024838449544859e+03 1.014875940236477536e+00 2.235796608440441050e-02 2.037898008724802821e+03
3.067033190651360201e+03 1.017609989655996028e+00 2.222540036196862454e-02 2.043496136593008259e+03
3.067041542853175997e+03 1.024428749758657942e+00 2.234315467304098454e-02 2.057297921153597599e+03
3.067049895054991339e+03 1.036560487479259329e+00 2.267209299720657906e-02 2.081771448159254305e+03
3.067058247256807135e+03 1.022721952511606247e+00 2.254105803423842036e-02 2.054087517159774507e+03
3.067066599458622477e+03 9.929786996377740760e-01 2.207657829641352862e-02 1.994455101459116804e+03
3.067074951660438273e+03 9.910004305776377587e-01 2.185244252536206952e-02 1.990586891015616857e+03
3.067083303862254070e+03 1.000021556791721000e+00 2.175955489275523819e-02 2.008813517948955905e+03
3.067091656064069412e+03 9.982873589194477537e-01 2.177444773989292703e-02 2.005435944169309550e+03
3.067100008265885208e+03 9.984614277629433321e-01 2.193462231379800231e-02 2.005891676707972010e+03
3.067108360467700550e+03 1.001490233245345918e+00 2.206612804079212398e-02 2.012082865788002891e+03
3.067116712669516346e+03 1.004532210185155927e+00 2.217251932128657538e-02 2.018301162293294738e+03
3.067125064871331688e+03 1.001703778012857038e+00 2.218036773032403680e-02 2.012724684444991681e+03
3.067133417073147484e+03 9.925835308882481334e-01 2.208968398491963081e-02 1.994504785645597167e+03
3.067141769274962826e+03 9.939744459397265031e-01 2.208557941300705665e-02 1.997405273939432391e+03
3.067150121476778622e+03 1.002234963064481343e+00 2.214091051553764358e-02 2.014111346873128241e+03
3.072607715649564398e+03 9.934347769264566530e-01 1.984005970667957267e-02 2.287407448334276978e+03
3.072615504147525826e+03 9.944261229255986212e-01 1.982908674017935108e-02 2.289850289058398630e+03
3.072623292645487709e+03 9.967956826619178701e-01 1.986171192581909217e-02 2.295461936294985662e+03
3.072631081143449592e+03 1.001732204856880415e+00 1.992414851172464446e-02 2.306980830481756584e+03
3.072638869641411020e+03 1.006435201156165693e+00 1.999003286684124941e-02 2.317958303147222068e+03
3.072646658139372903e+03 1.001536843215769634e+00 1.997285988583099095e-02 2.306817627356818775e+03
3.072654446637334331e+03 9.931081359320939050e-01 1.991038122428463383e-02 2.287539012593678308e+03
3.072662235135296214e+03 9.919821149664971305e-01 1.991816071871862354e-02 2.285075678772732772e+03
3.072670023633258097e+03 9.960493181711878030e-01 1.998687155381809535e-02 2.294571166505577821e+03
3.072677812131219525e+03 9.999254504350628681e-01 2.003148491997947325e-02 2.303623245261339889e+03
3.072685600629181408e+03 1.001071056838222395e+00 2.003825455688717019e-02 2.306381266833333484e+03
3.072693389127142837e+03 9.962476037223150227e-01 2.002242073971494118e-02 2.295382727623476512e+03
3.072701177625104719e+03 9.890502183066196551e-01 2.000027077817450108e-02 2.278909457988215763e+03
3.072708966123066602e+03 9.874755693192922568e-01 2.001238889315360911e-02 2.275387198904573324e+03
3.072716754621028031e+03 9.906378378969611376e-01 2.005898007301866459e-02 2.282776694918628891e+03
3.072724543118989914e+03 9.898796336185828881e-01 2.003999291628636922e-02 2.281129012967397557e+03
3.072732331616951342e+03 9.851042372539375869e-01 1.994659765431906415e-02 2.270220237985446602e+03
3.072740120114913225e+03 9.811852467993105176e-01 1.988069462206516411e-02 2.261281295798779865e+03
3.072747908612875108e+03 9.772746077965802636e-01 1.984097401236453034e-02 2.252358076602509755e+03
3.072755697110836536e+03 9.652328995958245894e-01 1.968414339798176330e-02 2.224690845145887124e+03
3.072763485608798419e+03 9.452493122966437733e-01 1.938213718965716911e-02 2.178713746185806031e+03
3.072771274106759847e+03 9.360396048543131453e-01 1.920487754103884087e-02 2.157564712797971879e+03
3.072779062604721730e+03 9.377521613363620778e-01 1.917661560791692615e-02 2.161588704121809769e+03
3.072786851102683613e+03 9.403335039276640162e-01 1.917904200293078440e-02 2.167613715545689956e+03
3.072794639600645041e+03 9.429399040240714625e-01 1.923633650702492870e-02 2.173695095505155678e+03
3.072802428098606924e+03 9.463387338544398952e-01 1.932578182352748947e-02 2.181602011411579497e+03
3.072810216596568353e+03 9.526738254575365383e-01 1.947967251273776193e-02 2.196277125814423925e+03
3.072818005094530236e+03 9.548271592577768363e-01 1.958886504226272501e-02 2.201310939640223751e+03
3.072825793592492118e+03 9.527256315004052345e-01 1.961527828447739638e-02 2.196534135540473926e+03
3.072833582090453547e+03 9.521204058236555356e-01 1.955708925687428892e-02 2.195205820644228879e+03
3.072841370588415430e+03 9.472755760025497462e-01 1.928548727308494401e-02 2.184101375985433606e+03
3.072849159086376858e+03 9.466345925916738180e-01 1.919343862114291505e-02 2.182688437647966566e+03
3.072856947584338741e+03 9.609202308801095826e-01 1.959853802467735259e-02 2.215692626754306730e+03
3.072864736082300169e+03 9.742166823954295785e-01 1.990941778612381405e-02 2.246417321618205278e+03
3.072872524580262052e+03 9.763857306857808283e-01 1.991819736586803585e-02 2.251484363103061241e+03
3.072880313078223935e+03 9.760758251850716327e-01 1.995782676127053068e-02 2.250835021707649503e+03
3.072888101576185363e+03 9.768020913461155086e-01 2.011217187055345385e-02 2.252575081204794515e+03
3.072895890074147246e+03 9.747699442317127039e-01 2.017835822865724285e-02 2.247954065077335144e+03
3.072903678572108674e+03 9.748894399755165807e-01 2.003621741792549135e-02 2.248295167185020546e+03
3.072911467070070557e+03 9.817060697463632080e-01 1.996191244644263812e-02 2.264082116987911832e+03
3.072919255568032440e+03 9.833522473824883869e-01 1.996433981224977894e-02 2.267945735166037593e+03
3.072927044065993869e+03 9.765848251161206584e-01 1.990726930251401905e-02 2.252405090435316197e+03
3.072934832563955752e+03 9.726036998049457649e-01 1.981512447705296304e-02 2.243290914618643910e+03
3.072942621061917180e+03 9.687480432039237144e-01 1.972381315334121449e-02 2.234466596755991304e+03
3.072950409559879063e+03 9.598288201846152390e-01 1.961664892235268423e-02 2.213963154505968305e+03
3.072958198057840946e+03 9.546842995101656459e-01 1.954204322882314299e-02 2.202166810450181856e+03
3.072965986555802374e+03 9.556427413093335765e-01 1.955855531812796672e-02 2.204449287769117291e+03
3.072973775053764257e+03 9.600413110463683619e-01 1.956622211820349677e-02 2.214669359014278598e+03
3.072981563551725685e+03 9.610799245509541455e-01 1.940615533709514479e-02 2.217140694053731295e+03
3.072989352049687568e+03 9.567377601442904611e-01 1.926076159599534460e-02 2.207200607575271988e+03
3.072997140547649451e+03 9.580467682528964746e-01 1.939139787032126069e-02 2.210299619535083821e+03
3.073004929045610879e+03 9.571365984399535787e-01 1.948433021659413608e-02 2.208281018162409509e+03
3.073012717543572762e+03 9.497396511790715534e-01 1.934187115100753293e-02 2.191297911929453221e+03
3.073020506041534190e+03 9.538459590677644817e-01 1.927601681149225879e-02 2.200858023838940426e+03
3.073028294539496073e+03 9.694525482933701310e-01 1.957484126827141110e-02 2.236957778882334424e+03
3.073036083037457956e+03 9.756735249770017715e-01 1.983821411767881793e-02 2.251405625596180926e+03
3.073043871535419385e+03 9.804199735637840751e-01 1.999826160719051990e-02 2.262455001859410459e+03
3.073051660033381268e+03 9.882128663537340652e-01 2.013600089924621681e-02 2.280538899308714463e+03
3.073059448531342696e+03 9.923410210015285449e-01 2.017663733294286846e-02 2.290170106333408057e+03
3.073067237029304579e+03 9.999661334512930377e-01 2.025458263972243142e-02 2.307876531668511234e+03
3.073075025527266462e+03 1.003319251848465266e+00 2.018603355005844230e-02 2.315728292582943141e+03
3.073082814025227890e+03 9.985159248419749334e-01 2.006199031312914591e-02 2.304758113170776141e+03
3.073090602523189773e+03 9.916874519087447437e-01 1.999478241112595187e-02 2.289116146763070446e+03
3.073098391021151201e+03 9.869287700532446417e-01 1.996384187186764358e-02 2.278254602655559665e+03
3.073106179519113084e+03 9.900614474135649434e-01 2.014930804985182872e-02 2.285613773065465466e+03
3.073113968017074512e+03 1.000848709422948790e+00 2.035012329620640090e-02 2.310650266716921124e+03
3.073121756515036395e+03 1.001726430875207186e+00 2.022373032715258506e-02 2.312814890828147327e+03
3.073129545012998278e+03 9.944284324774377293e-01 2.006005770511113187e-02 2.296107052695916082e+03
3.073137333510959706e+03 9.968585953544785161e-01 2.008079666271417318e-02 2.301865496735580564e+03
3.073145122008921589e+03 1.003781982139136497e+00 2.013174538656729504e-02 2.318005832377581555e+03
3.073152910506883018e+03 1.004421930613536684e+00 2.020240701703105574e-02 2.319642433738818454e+03
3.073160699004844901e+03 9.998750931556134036e-01 2.024519463468779298e-02 2.309305308142912509e+03
3.073168487502806784e+03 9.999034765397584179e-01 2.029404455957080008e-02 2.309539912696228839e+03
3.073176276000768212e+03 1.003163923035318650e+00 2.035399333990165968e-02 2.317246114408239919e+03
3.073184064498730095e+03 1.000313059596766418e+00 2.029093361382546326e-02 2.310841524222935732e+03
3.073191852996691523e+03 9.977174484327973047e-01 2.023217998910675774e-02 2.305031634667702292e+03
3.073199641494653406e+03 1.000049127742600907e+00 2.029814527916043096e-02 2.310611431436321254e+03
3.073207429992615289e+03 1.000652279213311235e+00 2.035726523863665843e-02 2.312204385730880404e+03
3.228761516958791617e+03 9.977709682799096313e-01 1.386475450576573828e-02 3.655692822477342816e+03
3.228770899198381358e+03 9.996647206697547583e-01 1.389099192812979014e-02 3.662788425668077252e+03
3.228780281437971553e+03 9.994438303079395958e-01 1.389195509278637851e-02 3.662138120992601216e+03
3.228789663677561293e+03 9.979738402435022193e-01 1.388018443812994232e-02 3.656912434279352965e+03
3.228799045917151034e+03 1.001397667713861184e+00 1.392378479381422944e-02 3.669621367703381111e+03
3.228808428156741229e+03 1.007497402993297042e+00 1.399489150693311416e-02 3.692139326976402117e+03
3.228817810396330970e+03 1.005117626592421320e+00 1.394724402166680303e-02 3.683584841487398535e+03
3.228827192635921165e+03 9.971626578054179069e-01 1.382708890316511341e-02 3.654597900485437094e+03
3.228836574875510905e+03 9.931134045077456562e-01 1.378519520961592887e-02 3.639924665283022478e+03
3.228845957115100646e+03 9.914302579824634254e-01 1.379764483785951047e-02 3.633923807982673225e+03
3.228855339354690841e+03 9.928451556263647726e-01 1.378909509820796207e-02 3.639279342807049034e+03
3.228864721594280581e+03 9.974346573253576320e-01 1.376791943002389496e-02 3.656273399682381751e+03
3.228874103833870322e+03 9.964848087540482124e-01 1.371827642208254920e-02 3.652963474840087656e+03
3.228883486073460517e+03 9.901235968749895200e-01 1.364242318601382488e-02 3.629815797971788470e+03
3.228892868313050258e+03 9.898789282223952046e-01 1.364930556841289708e-02 3.629091013365588879e+03
3.228902250552640453e+03 9.964377708398665101e-01 1.373491371484470390e-02 3.653310887521620771e+03
3.228911632792230193e+03 9.972622334207054129e-01 1.370634743422007029e-02 3.656508127869123200e+03
3.228921015031819934e+03 9.918845344623974380e-01 1.356012064425132953e-02 3.636964397309136075e+03
3.228930397271410129e+03 9.904784170539113752e-01 1.351262652300636545e-02 3.631982394710040353e+03
3.228939779510999870e+03 9.930504049393598098e-01 1.356677459223825342e-02 3.641588028916911753e+03
3.228949161750590065e+03 9.917581806474722317e-01 1.356554650372241919e-02 3.637023566113084144e+03
3.228958543990179805e+03 9.848486935386085994e-01 1.349694104072507103e-02 3.611857686193257905e+03
3.228967926229769546e+03 9.795052087216931103e-01 1.343895794024741602e-02 3.592432668150893733e+03
3.228977308469359741e+03 9.772384302094071495e-01 1.339677146860122035e-02 3.584290158044304007e+03
3.228986690708949482e+03 9.751659047402496672e-01 1.334669918667784165e-02 3.576858979287497277e+03
3.228996072948539222e+03 9.731450941066095428e-01 1.328709651141049899e-02 3.569616286139329986e+03
3.229005455188129417e+03 9.716287832785079903e-01 1.324992645193880277e-02 3.564222956351346056e+03
3.229014837427719158e+03 9.710884263859950183e-01 1.324716055010559043e-02 3.562408668725121515e+03
3.229024219667309353e+03 9.702528469793820776e-01 1.323469836433451181e-02 3.559510337244146285e+03
3.229033601906899094e+03 9.693750380285506285e-01 1.320812617428413459e-02 3.556455893635682514e+03
3.229042984146488834e+03 9.707944223818920637e-01 1.321952281732748612e-02 3.561828520221050894e+03
3.229052366386079029e+03 9.755740208744380082e-01 1.329428228450573769e-02 3.579529668103536096e+03
3.229061748625668770e+03 9.795632246084045036e-01 1.334758201054877733e-02 3.594331008846941586e+03
3.229071130865258510e+03 9.828059298606447447e-01 1.336204301725507811e-02 3.606393103361804606e+03
3.229080513104848706e+03 9.866422794076713521e-01 1.338703185206848063e-02 3.620633319285548168e+03
3.229089895344438446e+03 9.916530434758115131e-01 1.343484308893495849e-02 3.639183148909614829e+03
3.229099277584028641e+03 9.948544360649234086e-01 1.347177166127136970e-02 3.651092614742964997e+03
3.229108659823618382e+03 9.932154743684081799e-01 1.347965901011202380e-02 3.645236596691213435e+03
3.229118042063208122e+03 9.924448557580726193e-01 1.349234749045419984e-02 3.642565278846111141e+03
3.229127424302798318e+03 9.940975134791824042e-01 1.351740540756644904e-02 3.648786279600747548e+03
3.229136806542388058e+03 9.936053386165297763e-01 1.351312242499329297e-02 3.647132895485205609e+03
3.229146188781977798e+03 9.866545732517100209e-01 1.342541003050270326e-02 3.621769276347555206e+03
3.229155571021567994e+03 9.812463769439453420e-01 1.335331477447323535e-02 3.602063932263087736e+03
3.229164953261157734e+03 9.812119877460191431e-01 1.332963045617830029e-02 3.602082171794025271e+03
3.229174335500747929e+03 9.818428690755895971e-01 1.331873767334388996e-02 3.604540291809396876e+03
3.229183717740337670e+03 9.845334759606625408e-01 1.334947497372930385e-02 3.614557992902108253e+03
3.229193099979927410e+03 9.851075960407216225e-01 1.334582630943688744e-02 3.616803146988719163e+03
3.229202482219517606e+03 9.773232832014558946e-01 1.322048662159928424e-02 3.588356725565208762e+03
3.229211864459107346e+03 9.719006717694563813e-01 1.313129005744769102e-02 3.568576927526232794e+03
3.229221246698697087e+03 9.768911508403176347e-01 1.319085837046534565e-02 3.587028391278905019e+03
3.229230628938287282e+03 9.808780989237748660e-01 1.323504244844935646e-02 3.601793114150672409e+03
3.229240011177877022e+03 9.795243702195056690e-01 1.321284864288510205e-02 3.596943994072159512e+03
3.229249393417467218e+03 9.790637238954884580e-01 1.319632982654528851e-02 3.595370898380615927e+03
3.229258775657056958e+03 9.836016597516809012e-01 1.320861460195443295e-02 3.612150974516681345e+03
3.229268157896646699e+03 9.872685839683956743e-01 1.321504035999308824e-02 3.625729834164929343e+03
3.229277540136236894e+03 9.866179159780607000e-01 1.319334928363429492e-02 3.623449137917842563e+03
3.229286922375826634e+03 9.866741858317896741e-01 1.318160336645699676e-02 3.623760965598430175e+03
3.229296304615416375e+03 9.912928134009942882e-01 1.323379717688212553e-02 3.640825645975604857e+03
3.229305686855006570e+03 9.956082647349140391e-01 1.327773258055434634e-02 3.656773786318134171e+03
3.229315069094596311e+03 9.981263185552532446e-01 1.326647668154759367e-02 3.666116867275269669e+03
3.229324451334186506e+03 1.000464414886564013e+00 1.325588346744120162e-02 3.674795244357877891e+03
3.229333833573776246e+03 1.000543278024683902e+00 1.324868975341886995e-02 3.675171189180859983e+03
3.229343215813365987e+03 1.000718358195971769e+00 1.324110697870963145e-02 3.675896186541138832e+03
3.229352598052956182e+03 1.002144216982662206e+00 1.323067150803078004e-02 3.681211243823494442e+03
3.229361980292545923e+03 1.003501887478807530e+00 1.322168370655466517e-02 3.686271423429387141e+03
3.229371362532135663e+03 1.003852335094289172e+00 1.322519690840940308e-02 3.687627065496579235e+03
3.229380744771725858e+03 1.004254532332500949e+00 1.322891579236851016e-02 3.689168030676075887e+03
3.229390127011315599e+03 1.004700707557217187e+00 1.323215637942864661e-02 3.690865667539955666e+03
3.229399509250905794e+03 1.004789946562193892e+00 1.322886846305231304e-02 3.691247052913132393e+03
3.229408891490495535e+03 9.995919140997961971e-01 1.312039509157738974e-02 3.672199456911729158e+03
3.229418273730085275e+03 9.949762335040265304e-01 1.302331333954533099e-02 3.655285570667749198e+03
3.229427655969675470e+03 1.000400483390436523e+00 1.312538866731631851e-02 3.675250493138757065e+03
3.229437038209265211e+03 1.005639417762451693e+00 1.322473044574823745e-02 3.694529538606164806e+03
3.229446420448854951e+03 1.002750566633412221e+00 1.321489181231180754e-02 3.683943149330222241e+03
3.229455802688445146e+03 9.999851792324602195e-01 1.320581252168895846e-02 3.673804545976743611e+03
3.229465184928034887e+03 1.002356545194639681e+00 1.322936567663184938e-02 3.682531873940965852e+03
3.229474567167625082e+03 1.004663634964462204e+00 1.325242606661661618e-02 3.691017243683584638e+03
3.241510556647793237e+03 1.003037111552092631e+00 8.684774056810517368e-03 3.586833507346286297e+03
3.241518894727833867e+03 1.005213644277153984e+00 8.710813483297639298e-03 3.594418955707049918e+03
3.241527232807874498e+03 1.005429058224693639e+00 8.712217302334195404e-03 3.595070034817806118e+03
3.241535570887915583e+03 1.002320876211865608e+00 8.660959312324431267e-03 3.583915693418923183e+03
3.241543908967956213e+03 1.000371195614633280e+00 8.628085079090045892e-03 3.576981937344122343e+03
3.241552247047996843e+03 1.000649177560856584e+00 8.638984839700148549e-03 3.578091413182307406e+03
3.241560585128037928e+03 1.001372421345961161e+00 8.645440469376651157e-03 3.580871055321896165e+03
3.241568923208078559e+03 1.003110177669857217e+00 8.639570543627374949e-03 3.587356962100858709e+03
3.241577261288119189e+03 1.003803132766101447e+00 8.628865299554875148e-03 3.590184954259234928e+03
3.241585599368160274e+03 1.001264926954907875e+00 8.604228755561047978e-03 3.581533370639625446e+03
3.241593937448200904e+03 9.991753167286894222e-01 8.589900685106489908e-03 3.574561763619781232e+03
3.241602275528241535e+03 9.993925773779278598e-01 8.617262381612787042e-03 3.575919304931704573e+03
3.241610613608282165e+03 9.995126547747842372e-01 8.641726266288837083e-03 3.577006451005679992e+03
3.241618951688323250e+03 9.990801686876917831e-01 8.652274320617802869e-03 3.576192908865160462e+03
3.241627289768363880e+03 9.990604550568596975e-01 8.658443836912063998e-03 3.576933448001238503e+03
3.241635627848404511e+03 9.995712985056429689e-01 8.640643110454383422e-03 3.579650775780238746e+03
3.241643965928445596e+03 9.997056634779524220e-01 8.621725654445737408e-03 3.581097156527089282e+03
3.241652304008486226e+03 9.986839641253822952e-01 8.597494041618601590e-03 3.578477190284250810e+03
3.241660642088526856e+03 9.973315204290219560e-01 8.574915920565763169e-03 3.574743383810431624e+03
3.241668980168567487e+03 9.948321936508179864e-01 8.567865574998429976e-03 3.566966169521642769e+03
3.241677318248608572e+03 9.917514518051360195e-01 8.556171642265275254e-03 3.557167225344366670e+03
3.241685656328649202e+03 9.867233184154960979e-01 8.510534361025950609e-03 3.540440594265400250e+03
3.241693994408689832e+03 9.825506352775779106e-01 8.469256779626599049e-03 3.526836350942350236e+03
3.241702332488730917e+03 9.831613774048124643e-01 8.473659084716908541e-03 3.530460439757024233e+03
3.241710670568771548e+03 9.835367115245841063e-01 8.477157773086566039e-03 3.533302106858513980e+03
3.241719008648812178e+03 9.822368881296282828e-01 8.467126918095278787e-03 3.530183977659552966e+03
3.241727346728853263e+03 9.807835859494486996e-01 8.457153680214017297e-03 3.526567454405343142e+03
3.241735684808893893e+03 9.746306866402207891e-01 8.460527163948858634e-03 3.506095643150618798e+03
3.241744022888934524e+03 9.679097845680179057e-01 8.461057143864844643e-03 3.483611814795002374e+03
3.241752360968975154e+03 9.574943197028046304e-01 8.335430758823222583e-03 3.447851585101090222e+03
3.241760699049016239e+03 9.470055990475148011e-01 8.209308559260332719e-03 3.411838234586987710e+03
3.241769037129056869e+03 9.352897062380198800e-01 8.103414281331218494e-03 3.371408477923445844e+03
3.241777375209097499e+03 9.236987930533359092e-01 7.998533792940680509e-03 3.331428516864533776e+03
3.241785713289138585e+03 9.160159327712182886e-01 7.945484339210986610e-03 3.305547348477851301e+03
3.241794051369179215e+03 9.089033628326342873e-01 7.896076070556179091e-03 3.281734083668256062e+03
3.241802389449219845e+03 9.098504519906741583e-01 7.906149157391828206e-03 3.287046651669393214e+03
3.241810727529260475e+03 9.111790015227788642e-01 7.918580849014577108e-03 3.293778162522032744e+03
3.241819065609301560e+03 9.113603810938054606e-01 7.911678882723567965e-03 3.296400386361597612e+03
3.241827403689342191e+03 9.116483151149307185e-01 7.904451265021088247e-03 3.299441665792122876e+03
3.241835741769382821e+03 9.192803555016734185e-01 7.975507868761298746e-03 3.329111295198988500e+03
3.241844079849423906e+03 9.274888829559611025e-01 8.052976959912527821e-03 3.360933581173689163e+03
3.241852417929464536e+03 9.393098329259396140e-01 8.154247065878394637e-03 3.405919677399350348e+03
3.241860756009505167e+03 9.514632529479799539e-01 8.258503924649652356e-03 3.452192994168526184e+03
3.241869094089546252e+03 9.596683577438762658e-01 8.324485542450256112e-03 3.484213028979311275e+03
3.241877432169586882e+03 9.674961308028167117e-01 8.385247560797620334e-03 3.514924247707792802e+03
3.241885770249627512e+03 9.752295135178083996e-01 8.465658369711684048e-03 3.545351287075231994e+03
3.241894108329668143e+03 9.826255153759269056e-01 8.548415246762156028e-03 3.574608161682414902e+03
3.241902446409709228e+03 9.845580211579328944e-01 8.557452902439449671e-03 3.584030692263505443e+03
3.241910784489749858e+03 9.853837813036653293e-01 8.551508716624913256e-03 3.589447578107229674e+03
3.241919122569790488e+03 9.800704095514175540e-01 8.514155889786731088e-03 3.572505047906598520e+03
3.241927460649831573e+03 9.741377226305262260e-01 8.471421523371476178e-03 3.553289909509554036e+03
3.241935798729872204e+03 9.669901747606265419e-01 8.399378783819737293e-03 3.529621681785677993e+03
3.241944136809912834e+03 9.589866168335277052e-01 8.318914084834249170e-03 3.502799982777185051e+03
3.241952474889953464e+03 9.512822262190772094e-01 8.263048842492511786e-03 3.477038673121633565e+03
3.241960812969994549e+03 9.444314168677814259e-01 8.215665542284708925e-03 3.454365863876547337e+03
3.241969151050035180e+03 9.382328401039441435e-01 8.170640873349536634e-03 3.434049114822263618e+03
3.241977489130075810e+03 9.319732918908846253e-01 8.126115255262149686e-03 3.413479288968751007e+03
3.241985827210116895e+03 9.286958798087423528e-01 8.087980214468650994e-03 3.403807572415286813e+03
3.241994165290157525e+03 9.260717400670844812e-01 8.050909153678158930e-03 3.396513192986197282e+03
3.242002503370198156e+03 9.240122671996197079e-01 8.017874182567967176e-03 3.391274127118051638e+03
3.242010841450239241e+03 9.221259499841574225e-01 7.986738109219756673e-03 3.386654996711316926e+03
3.242019179530279871e+03 9.234113130503612821e-01 8.012492055153641601e-03 3.393675407599602750e+03
3.242027517610320501e+03 9.258245690218441792e-01 8.060426949255180412e-03 3.404840959888261750e+03
3.242035855690361132e+03 9.356438436135117165e-01 8.135737876704468227e-03 3.443262328008463101e+03
3.242044193770402217e+03 9.477578662570599333e-01 8.220092132995902509e-03 3.490169660020268566e+03
3.242052531850442847e+03 9.598342922106576358e-01 8.313467231989408318e-03 3.536982843550441430e+03
3.242060869930483477e+03 9.713162574989910869e-01 8.410256954697457876e-03 3.581645791981299226e+03
3.242069208010524562e+03 9.806753053123120623e-01 8.495877282822977480e-03 3.618511981171707703e+03
3.242077546090565193e+03 9.899492924906677649e-01 8.579185642186525768e-03 3.655087850123421049e+03
3.242085884170605823e+03 9.939033903573852857e-01 8.597264971491436203e-03 3.672029930882406006e+03
3.242094222250646453e+03 9.948620334861325576e-01 8.576099681628309573e-03 3.677891603769703124e+03
3.242102560330687538e+03 9.970546343835954284e-01 8.573515149173947802e-03 3.688295350872883319e+03
3.242110898410728169e+03 9.995704766991743151e-01 8.580860323009819463e-03 3.699876631116754652e+03
3.242119236490768799e+03 9.979357181736843163e-01 8.572568722413555220e-03 3.696066094352767323e+03
3.242127574570809884e+03 9.962116723631297965e-01 8.560294235282629727e-03 3.691886515108621552e+03
3.242135912650850514e+03 1.000279488995339916e+00 8.606124116503164473e-03 3.709145268567587664e+03
3.242144250730891144e+03 1.006340773038140401e+00 8.686996240731971464e-03 3.733786734964422521e+03
3.242152588810932230e+03 1.005448125338677556e+00 8.697876709683255089e-03 3.732606920178317978e+03
3.242160926890972860e+03 1.000901747610535963e+00 8.661528520829329253e-03 3.717820035113432368e+03
3.242169264971013490e+03 1.002536132434201921e+00 8.668954324907780784e-03 3.725953642080679856e+03
3.242177603051054120e+03 1.006760412064449550e+00 8.702783023433423998e-03 3.743692764769652968e+03
3.242185941131095205e+03 1.008173124048536096e+00 8.717186938178526218e-03 3.750956203939701936e+03
3.242194279211135836e+03 1.008686608994347145e+00 8.719781760682181540e-03 3.754845575856755204e+03
3.242202617291176466e+03 1.007807299185587091e+00 8.709871472226680608e-03 3.753517138489124591e+03
3.242210955371217551e+03 1.006564112925232068e+00 8.691274901711863732e-03 3.750796872788933797e+03
3.242219293451258181e+03 1.005280863019866855e+00 8.662918971044942726e-03 3.747889930630529307e+03
3.242227631531298812e+03 1.002016291390320335e+00 8.622727466797560844e-03 3.737555116907880347e+03
3.242235969611339442e+03 9.990891830411976482e-01 8.607823038205257224e-03 3.728435043579691410e+03
3.383141690165934506e+03 1.000372853708398679e+00 5.880894000426552248e-03 2.965230735763289886e+03
3.383150297140211478e+03 9.994645787848649432e-01 5.872619267533580288e-03 2.962510500434022106e+03
3.383158904114488450e+03 1.000090050761021754e+00 5.891714598343799139e-03 2.964336464244050148e+03
3.383167511088764968e+03 1.000236810410712440e+00 5.909871114455244462e-03 2.964743485681859966e+03
3.383176118063041940e+03 9.970851965921101456e-01 5.896696149957658152e-03 2.955374091007910010e+03
3.383184725037318913e+03 9.959897551132145255e-01 5.886383188974500351e-03 2.952099353826536117e+03
3.383193332011595885e+03 9.992318234393379184e-01 5.916423880885099754e-03 2.961680889589270919e+03
3.383201938985872857e+03 1.000617800200956475e+00 5.942963011118655367e-03 2.965760935299111225e+03
3.383210545960149375e+03 9.985292989592331470e-01 5.905264644429655818e-03 2.959542907845775517e+03
3.383219152934426347e+03 9.970985406496822856e-01 5.868946671393861399e-03 2.955274480341447088e+03
3.383227759908703320e+03 1.000897895652067326e+00 5.904222836308896036e-03 2.966507400231744214e+03
3.383236366882980292e+03 1.004928850207802649e+00 5.941846347143882844e-03 2.978426543877125368e+03
3.383244973857256809e+03 1.001452288044714534e+00 5.919282042157547087e-03 2.968094772944983106e+03
3.383253580831533782e+03 9.975483314662337841e-01 5.892917337228640966e-03 2.956496516428721861e+03
3.383262187805810754e+03 9.973441240916433026e-01 5.894270314452354845e-03 2.955863569371431367e+03
3.383270794780087726e+03 9.972844666968724292e-01 5.898821453861483391e-03 2.955659054106003168e+03
3.383279401754364699e+03 9.982225005421200281e-01 5.900168797888256239e-03 2.958411395771452590e+03
3.383288008728641216e+03 9.996273712849167437e-01 5.901166138782756344e-03 2.962547244065481209e+03
3.383296615702918189e+03 9.991722694272162641e-01 5.903066065463815140e-03 2.961170772132364164e+03
3.383305222677195161e+03 9.979483224432544874e-01 5.904563502917143519e-03 2.957515795926904957e+03
3.383313829651472133e+03 9.970111863559633081e-01 5.903537525318712509e-03 2.954710888254323891e+03
3.383322436625748651e+03 9.964926096905013519e-01 5.902488914861979581e-03 2.953146467427068274e+03
3.383331043600025623e+03 9.960172187966371826e-01 5.911638190310214945e-03 2.951710073999184260e+03
3.383339650574302595e+03 9.954308965881832894e-01 5.922831928629185630e-03 2.949944980686927011e+03
3.383348257548579568e+03 9.937400911733919040e-01 5.906819067758416718e-03 2.944906847601401296e+03
3.383356864522856540e+03 9.916407865296197333e-01 5.882683949080757223e-03 2.938658266214265041e+03
3.383365471497133058e+03 9.916083923486046503e-01 5.878199152111354513e-03 2.938534905882057501e+03
3.383374078471410030e+03 9.925884110854027442e-01 5.880972567613123106e-03 2.941411723861578139e+03
3.383382685445687002e+03 9.925113963417527829e-01 5.878167317090046175e-03 2.941156147740825418e+03
3.383391292419963975e+03 9.913385724045474801e-01 5.871614557436537728e-03 2.937653360131259888e+03
3.383399899394240947e+03 9.871074752038709876e-01 5.852165451789694516e-03 2.925088096679665796e+03
3.383408506368517465e+03 9.826843558224741537e-01 5.830431980768674242e-03 2.911954071013836256e+03
3.383417113342794437e+03 9.818813551799060457e-01 5.818451188869709460e-03 2.909547577447308868e+03
3.383425720317071409e+03 9.815589126728566649e-01 5.807317630163183128e-03 2.908565140244447321e+03
3.383434327291348382e+03 9.773690207526453122e-01 5.781918390998407736e-03 2.896122779966270627e+03
3.383442934265624899e+03 9.721314742410165355e-01 5.752845279779421339e-03 2.880576304277149575e+03
3.383451541239901871e+03 9.687597103778986529e-01 5.736686546781936090e-03 2.870558685630388936e+03
3.383460148214178844e+03 9.662927026870569147e-01 5.725923004196979520e-03 2.863222152656103390e+03
3.383468755188455816e+03 9.642991549886904545e-01 5.708651557508803362e-03 2.857288668909129683e+03
3.383477362162732788e+03 9.623009703598223163e-01 5.687953130865303769e-03 2.851341572513873416e+03
3.383485969137009306e+03 9.589323398981757229e-01 5.669915022007119415e-03 2.841333947211725445e+03
3.383494576111286278e+03 9.547487380789072553e-01 5.653227954335529257e-03 2.828911771082321138e+03
3.383503183085563251e+03 9.440100411400661473e-01 5.596852270723927034e-03 2.797067333342277834e+03
3.383511790059840223e+03 9.285655824130113478e-01 5.511485845806884595e-03 2.751280627206555437e+03
3.383520397034116741e+03 9.101200490812293431e-01 5.410665387195809535e-03 2.696602870069159508e+03
3.383529004008393713e+03 8.916468127490223550e-01 5.302566384335895451e-03 2.641844054879265968e+03
3.383537610982670685e+03 8.755525062832975047e-01 5.215170183464729395e-03 2.594134685950400581e+03
3.383546217956947658e+03 8.600590161432201119e-01 5.142013831005533449e-03 2.548206324766100352e+03
3.383554824931224630e+03 8.516628410970874530e-01 5.106839461284072741e-03 2.523306748642695311e+03
3.383563431905501147e+03 8.495760860943664117e-01 5.104184636372550467e-03 2.517101024040086486e+03
3.383572038879778120e+03 8.491794370795372471e-01 5.095277775101735886e-03 2.515902783365732830e+03
3.383580645854055092e+03 8.476310573014465000e-01 5.075827368029658601e-03 2.511292326277814027e+03
3.383589252828332064e+03 8.485696030767371223e-01 5.082834876628804753e-03 2.514049962699835760e+03
3.383597859802609037e+03 8.533502626918909595e-01 5.120833838093303940e-03 2.528190458544774174e+03
3.383606466776885554e+03 8.624478360117979747e-01 5.174840595158799843e-03 2.555120161618136990e+03
3.383615073751162527e+03 8.740939852459623793e-01 5.243068367726200218e-03 2.589599826105888496e+03
3.383623680725439499e+03 8.893082491105145371e-01 5.325236941841940928e-03 2.634649714173674511e+03
3.383632287699716471e+03 9.064394689630557167e-01 5.420764073369266182e-03 2.685377887024873871e+03
3.383640894673992989e+03 9.226559580114428449e-01 5.508961127537888823e-03 2.733395235474793026e+03
3.383649501648269961e+03 9.380570261503384799e-01 5.586535263741442860e-03 2.778996040420247482e+03
3.383658108622546933e+03 9.484842687342555090e-01 5.641082368909464129e-03 2.809861197877631639e+03
3.383666715596823906e+03 9.546070174456090518e-01 5.669952776697632230e-03 2.827973971355947015e+03
3.383675322571100878e+03 9.573911779393347032e-01 5.681985815914999266e-03 2.836196128785766177e+03
3.383683929545377396e+03 9.564077421280561264e-01 5.670476913424782675e-03 2.833257048830524582e+03
3.383692536519654368e+03 9.498678546189113225e-01 5.633320075624123104e-03 2.813857788239994079e+03
3.383701143493931340e+03 9.383475851061984230e-01 5.556154413750945611e-03 2.779705309522453717e+03
3.383709750468208313e+03 9.281244717876718786e-01 5.489670276060783054e-03 2.749396052238378616e+03
3.383718357442484830e+03 9.191185495260865146e-01 5.442620060959900766e-03 2.722693031685681945e+03
3.383726964416761803e+03 9.086246348737613276e-01 5.389285207071419642e-03 2.691582691885355416e+03
3.383735571391038775e+03 8.974358491443356067e-01 5.326661480830463882e-03 2.658414562444876537e+03
3.383744178365315747e+03 8.870789804661028954e-01 5.269998647341823071e-03 2.627711360696447173e+03
3.383752785339592720e+03 8.784611129599967372e-01 5.227179338015109158e-03 2.602159965747698152e+03
3.383761392313869237e+03 8.717089823842311125e-01 5.187771373579203905e-03 2.582135648374653101e+03
3.383769999288146209e+03 8.655164121588124759e-01 5.147289482406679911e-03 2.563769198260420580e+03
3.383778606262423182e+03 8.603327350117960792e-01 5.114268218440039433e-03 2.548391538707227937e+03
3.383787213236700154e+03 8.569394406693647825e-01 5.098703129256755041e-03 2.538317418542608721e+03
3.383795820210977126e+03 8.574933404901599054e-01 5.099586932956001219e-03 2.539935270279654105e+03
3.383804427185253644e+03 8.653192056392868814e-01 5.139107214108143938e-03 2.563092817378318159e+03
3.383813034159530616e+03 8.800968858718977161e-01 5.210300960827685818e-03 2.606841196835235678e+03
3.383821641133807589e+03 9.024577022137776350e-01 5.345892591285940874e-03 2.673049806966469987e+03
3.383830248108084561e+03 9.240655568033061540e-01 5.469830493135281919e-03 2.737027020452526813e+03
3.383838855082361079e+03 9.426744956337806958e-01 5.564289610378256659e-03 2.792120576586074094e+03
3.383847462056638051e+03 9.594587642459649901e-01 5.655602447601337963e-03 2.841808698221304439e+03
3.383856069030915023e+03 9.724129673178256716e-01 5.730658122864835946e-03 2.880151829854227344e+03
3.383864676005191996e+03 9.794920492756534758e-01 5.783055293982368450e-03 2.901093160963930131e+03
3.383873282979468968e+03 9.801693329568421653e-01 5.788980049768282371e-03 2.903073241995206445e+03
3.383881889953745485e+03 9.824885013004250878e-01 5.798583949892040408e-03 2.909916211820973331e+03
3.383890496928022458e+03 9.861464079751877110e-01 5.810093456646475522e-03 2.920724095327828309e+03
3.383899103902299430e+03 9.872491943054790831e-01 5.816650835235769035e-03 2.923964233942077044e+03
3.383907710876576402e+03 9.862427139476310778e-01 5.821165801626887806e-03 2.920957315820185613e+03
3.383916317850852920e+03 9.877149833441429827e-01 5.830138652404087685e-03 2.925291725779693934e+03
3.383924924825129892e+03 9.910980624043305154e-01 5.842185759982600028e-03 2.935285228563491728e+03
3.383933531799406865e+03 9.938221803993935177e-01 5.854962640446150987e-03 2.943326980601163086e+03
3.383942138773683837e+03 9.971128243828537574e-01 5.874081983027820350e-03 2.953046433002579761e+03
3.383950745747960809e+03 9.999538053112628777e-01 5.889315398813193408e-03 2.961434025568797551e+03
3.383959352722237327e+03 9.984530253916786835e-01 5.877513593543813065e-03 2.956963172737207515e+03
3.383967959696514299e+03 9.953029307456023878e-01 5.864098392701564723e-03 2.947607944829300322e+03
3.383976566670791271e+03 9.946962263946852456e-01 5.874517893992856413e-03 2.945785134662329710e+03
3.383985173645068244e+03 9.957113855717849571e-01 5.886758383052580722e-03 2.948765472240444979e+03
3.383993780619345216e+03 9.959197276610656235e-01 5.875019316899452414e-03 2.949356438683652414e+03
3.384002387593621734e+03 9.959440312187261002e-01 5.864387715932757074e-03 2.949402402353151956e+03
3.384010994567898706e+03 9.987074309529704319e-01 5.888397219774413154e-03 2.957559912939641436e+03
3.384019601542175678e+03 1.000133897038344655e+00 5.909084013912041002e-03 2.961758157912057413e+03
3.384028208516452651e+03 9.984131093852413041e-01 5.899675699945688273e-03 2.956636276684325821e+03
3.384036815490729168e+03 9.998445809517222393e-01 5.895180943642878112e-03 2.960849323136525527e+03
3.384045422465006141e+03 1.003462470632321413e+00 5.901160149058103446e-03 2.971536921927416188e+03
3.384054029439283113e+03 1.003239544607313238e+00 5.901243728325454227e-03 2.970850710951155634e+03
3.384062636413560085e+03 1.000608538608548814e+00 5.898058462872550478e-03 2.963033651973293672e+03
3.384071243387837058e+03 9.998237533229586971e-01 5.897378101741217876e-03 2.960683791818116333e+03
3.384079850362113575e+03 9.992639530961743288e-01 5.894419371561170420e-03 2.959000216616766465e+03
3.384088457336390547e+03 9.984995176556993313e-01 5.892016179568303723e-03 2.956710737165931278e+03
3.384097064310667520e+03 9.984820367227208449e-01 5.895011611880316728e-03 2.956633148371103744e+03
3.384105671284944492e+03 9.983735278818121062e-01 5.897034699567656191e-03 2.956286040774175490e+03
3.384114278259221010e+03 9.979651100516121476e-01 5.896358915719451636e-03 2.955050908657251966e+03
3.384122885233497982e+03 9.980471511861633838e-01 5.898391544748166938e-03 2.955268094776161888e+03
3.384131492207774954e+03 9.989154005888640775e-01 5.905384150315367425e-03 2.957813282275588790e+03
3.384140099182051927e+03 9.982238112373597039e-01 5.907296981757508003e-03 2.955739767471183768e+03
3.384148706156328899e+03 9.975285868665363376e-01 5.917513188134749212e-03 2.953655548632626960e+03
3.384157313130605417e+03 9.989329013519973044e-01 5.932745008669429443e-03 2.957788013776004846e+03
3.384165920104882389e+03 9.998213530615976952e-01 5.925092606001591648e-03 2.960393001065754106e+03
3.384174527079159361e+03 9.989903950169067848e-01 5.914331402684372060e-03 2.957906972564131593e+03
