9.999999958394536481e-01
9.999999957904927017e-01
9.999999957256406891e-01
9.999999956495225772e-01
9.999999955666215579e-01
9.999999954796108259e-01
9.999999953895446492e-01
9.999999952966611705e-01
9.999999952009237525e-01
9.999999951022269240e-01
9.999999950004491156e-01
9.999999948954600981e-01
9.999999947871232031e-01
9.999999946752946567e-01
9.999999945598221363e-01
9.999999944405457697e-01
9.999999943172955819e-01
9.999999941898931599e-01
9.999999940581494329e-01
9.999999939218643386e-01
9.999999937808264905e-01
9.999999936348114016e-01
9.999999934835820392e-01
9.999999933268859387e-01
9.999999931644563134e-01
9.999999929960091682e-01
9.999999928212424116e-01
9.999999926398355221e-01
9.999999924514466620e-01
9.999999922557119003e-01
9.999999920522432140e-01
9.999999918406264898e-01
9.999999916204194150e-01
9.999999913911492566e-01
9.999999911523100860e-01
9.999999909033601142e-01
9.999999906437184727e-01
9.999999903727618822e-01
9.999999900898211003e-01
9.999999897941753702e-01
9.999999894850503113e-01
9.999999891616102587e-01
9.999999888229537115e-01
9.999999884681067819e-01
9.999999880960165344e-01
9.999999877055416597e-01
9.999999872954451474e-01
9.999999868643836276e-01
9.999999864108954917e-01
9.999999859333896790e-01
9.999999854301301339e-01
9.999999848992200402e-01
9.999999843385838361e-01
9.999999837459467855e-01
9.999999831188097765e-01
9.999999824544235638e-01
9.999999817497583487e-01
9.999999810014665869e-01
9.999999802058430198e-01
9.999999793587774910e-01
9.999999784557001004e-01
9.999999774915169226e-01
9.999999764605356223e-01
9.999999753563797444e-01
9.999999741718843538e-01
9.999999728989761305e-01
9.999999715285292634e-01
9.999999700501951416e-01
9.999999684521965193e-01
9.999999667210820453e-01
9.999999648414270581e-01
9.999999627954705428e-01
9.999999605626697097e-01
9.999999581191513220e-01
9.999999554370284649e-01
9.999999524835454512e-01
9.999999492199980189e-01
9.999999456003557663e-01
9.999999415694872384e-01
9.999999370608482208e-01
9.999999319934318454e-01
9.999999262676910750e-01
9.999999197599971357e-01
9.999999123149843072e-01
9.999999037347455655e-01
9.999998937632266216e-01
9.999998820629059093e-01
9.999998681768327291e-01
9.999998514416241768e-01
9.999998305761500506e-01
9.999998007651030862e-01
9.999997336284289773e-01
9.999994607504629762e-01
9.999981206577908122e-01
9.999920601719419766e-01
9.999686500578160997e-01
9.998929059461014734e-01
9.996893123526244818e-01
9.992380042437982723e-01
9.984211253560211219e-01
9.972328418937266292e-01
9.958818094275574406e-01
9.947436146348337394e-01
9.941063182822840183e-01
9.938874630563548918e-01
9.936231376200149734e-01
9.928226202249855747e-01
9.914201179051269630e-01
9.899281389266700870e-01
9.891408104684635827e-01
9.896117204085572716e-01
9.913066565030570487e-01
9.936693815543857777e-01
9.959957946593825939e-01
9.978014950359861412e-01
9.989523220874897413e-01
9.995665543866014691e-01
9.998441520698766460e-01
9.999511331452757279e-01
9.999864761974521787e-01
9.999965443968625856e-01
9.999990479960021439e-01
9.999996141152358575e-01
9.999997490261913757e-01
9.999997963679010393e-01
9.999998243644323548e-01
9.999998456499274990e-01
9.999998629957695950e-01
9.999998774534447632e-01
9.999998896626833833e-01
9.999999000813599714e-01
9.999999090524880341e-01
9.999999168386772830e-01
9.999999236442884687e-01
9.999999296305872587e-01
9.999999349264031556e-01
9.999999396357831527e-01
9.999999438435871468e-01
9.999999476196421710e-01
9.999999510218706700e-01
9.999999540986748148e-01
9.999999568907771419e-01
9.999999594326521857e-01
9.999999617536552421e-01
9.999999638789168754e-01
9.999999658300586791e-01
9.999999676257703696e-01
9.999999692822781894e-01
9.999999708137276011e-01
9.999999722324981466e-01
9.999999735494629061e-01
9.999999747742054357e-01
9.999999759151996237e-01
9.999999769799620131e-01
9.999999779751784779e-01
9.999999789068139133e-01
9.999999797802032742e-01
9.999999806001304004e-01
9.999999813708948526e-01
9.999999820963707542e-01
9.999999827800560848e-01
9.999999834251158681e-01
9.999999840344191426e-01
9.999999846105732670e-01
9.999999851559502329e-01
9.999999856727133096e-01
9.999999861628379172e-01
9.999999866281311656e-01
9.999999870702493965e-01
9.999999874907119501e-01
9.999999878909158202e-01
9.999999882721465339e-01
9.999999886355885881e-01
9.999999889823353305e-01
9.999999893133976192e-01
9.999999896297095958e-01
9.999999899321333485e-01
9.999999902214387060e-01
9.999999904981593524e-01
9.999999907620130690e-01
9.999999910103750667e-01
9.999999912360224563e-01
9.999999914266481937e-01
9.999999915696512476e-01
9.999842385779247333e-01
9.999835496612616836e-01
9.999825905998098730e-01
9.999814051736179987e-01
9.999800297507540625e-01
9.999784706285744784e-01
9.999767087486344241e-01
9.999747094807793779e-01
9.999724263338688468e-01
9.999697994143498248e-01
9.999667508440056585e-01
9.999631770351029569e-01
9.999589332343967740e-01
9.999537812047030183e-01
9.999471135071271721e-01
9.999363935582983309e-01
9.999092401179207057e-01
9.998093828494682977e-01
9.994159020517228154e-01
9.980000849132799612e-01
9.935818504678437524e-01
9.818362399182549716e-01
9.554755119414847231e-01
9.058711926457367891e-01
8.281649842521479066e-01
7.278786024883088235e-01
6.234502699523832847e-01
5.402434928509640688e-01
4.979197742351145761e-01
4.985184952715699391e-01
5.228266268598102950e-01
5.389714377603549433e-01
5.203742485912612459e-01
4.618655838528049618e-01
3.818000400990466670e-01
3.096738405798155069e-01
2.710995706776460068e-01
2.804988744877425777e-01
3.408827920737952377e-01
4.447714227840416923e-01
5.747699635888776637e-01
7.072774159390935456e-01
8.205718368591521372e-01
9.026717655270435348e-01
9.534029228370957121e-01
9.802878099913699961e-01
9.925866805247082203e-01
9.974802129704185560e-01
9.991898504470981823e-01
9.997224299433198347e-01
9.998757029321218015e-01
9.999206058270423414e-01
9.999370835219077991e-01
9.999460269288364955e-01
9.999524645614257246e-01
9.999576410676969118e-01
9.999619589133905695e-01
9.999656193455132014e-01
9.999687562252430606e-01
9.999714683705221985e-01
9.999738314433459507e-01
9.999759045012297509e-01
9.999777343121918349e-01
9.999793583711431566e-01
9.999808070642317581e-01
9.999821052232963359e-01
9.999832730533144698e-01
9.999843257001674868e-01
9.999852694989529445e-01
9.999860940880768156e-01
9.999867683555559994e-01
9.999872564348722959e-01
