9.999991650953162781e-01
9.999990634837978565e-01
9.999988317596939513e-01
9.999982356646240911e-01
9.999966019091625080e-01
9.999921670520171002e-01
9.999807517703664939e-01
9.999534394307161289e-01
9.998932356759411277e-01
9.997715511875922001e-01
9.995467915929998615e-01
9.991686994280933876e-01
9.985918902904920014e-01
9.977986618648401196e-01
9.968246245486175328e-01
9.957741317430772732e-01
9.948114015822852041e-01
9.941215921831920710e-01
9.938515914507388693e-01
9.940536226236285078e-01
9.946557440622534330e-01
9.954697797851921326e-01
9.962287307591166652e-01
9.966369108810606559e-01
9.964235129198749652e-01
9.954042698456689875e-01
9.935564463531108004e-01
9.910891645890441692e-01
9.884602520616871946e-01
9.862888095285933243e-01
9.851621911303416468e-01
9.854130563418901367e-01
9.869845212894248210e-01
9.894633252001536761e-01
9.922619928559930358e-01
9.948451293305273779e-01
9.968846741726488103e-01
9.982914981272784649e-01
9.991490929608050076e-01
9.996144411372398508e-01
9.998403459654416903e-01
9.999388831599421712e-01
9.999776995202671603e-01
9.999916333470322272e-01
9.999962888296389796e-01
9.999978184037087159e-01
9.999983779083352342e-01
9.999986461331671350e-01
9.999988191116602199e-01
9.999989515115093042e-01
9.999990600125538975e-01
9.999991513467560988e-01
9.999992293165848034e-01
9.999992965396901079e-01
9.999993549385930436e-01
9.999994058710839351e-01
9.999994500661785191e-01
9.999994874840265613e-01
9.999995174151681265e-01
9.999995391359586261e-01
9.999991472756070143e-01
9.999991157033607525e-01
9.999990731256582777e-01
9.999990206543943883e-01
9.999989595730076619e-01
9.999988904926400135e-01
9.999988131363211075e-01
9.999987265005616521e-01
9.999986290199648353e-01
9.999985185337164628e-01
9.999983918720446452e-01
9.999982433989281772e-01
9.999980601470397357e-01
9.999978061652554651e-01
9.999973752992168397e-01
9.999964597179340497e-01
9.999942152243669335e-01
9.999884884947957131e-01
9.999742141409685425e-01
9.999404686214226068e-01
9.998657838854465574e-01
9.997119960714546671e-01
9.994184072272400687e-01
9.989002078820432562e-01
9.980568877966391472e-01
9.967957621531312595e-01
9.950708095712901269e-01
9.929278085877086824e-01
9.905370266477319108e-01
9.881912571392755806e-01
9.862555882966362875e-01
9.850752292596329784e-01
9.848696513099002292e-01
9.856516994915756058e-01
9.872009670373276258e-01
9.890962196738983803e-01
9.907881383936438802e-01
9.916876400168153083e-01
9.912595550972003178e-01
9.891304162963401314e-01
9.852176362634913476e-01
9.798542730929364897e-01
9.738393710147097426e-01
9.683332410243964405e-01
9.645727369475163293e-01
9.634860211706400834e-01
9.653710661421542882e-01
9.697968849294928972e-01
9.757801279927111882e-01
9.821470247865276004e-01
9.879049593738575830e-01
9.924690824205506523e-01
9.956897217690129365e-01
9.977310707900215458e-01
9.989000147304305521e-01
9.995072864070724261e-01
9.997945093438240782e-01
9.999186696680855135e-01
9.999680168825586524e-01
9.999862724733756814e-01
9.999927462495171726e-01
9.999951047640448509e-01
9.999961061476951851e-01
9.999966596876970204e-01
9.999970465055078028e-01
9.999973527926071526e-01
9.999976081059100963e-01
9.999978256461450332e-01
9.999980132733343741e-01
9.999981765396217526e-01
9.999983196603781099e-01
9.999984459358202127e-01
9.999985579945636083e-01
9.999986579571035206e-01
9.999987475524835245e-01
9.999988282039207199e-01
9.999989010924743571e-01
9.999989672031185384e-01
9.999990273498937654e-01
9.999990821609925362e-01
9.999991319868388739e-01
9.999991767178069146e-01
9.999992156252426323e-01
9.999992475049199747e-01
9.999992713161797164e-01
9.999989090235598121e-01
9.999988181121979292e-01
9.999986574053456589e-01
9.999983279042548023e-01
9.999974872988248720e-01
9.999950647491906430e-01
9.999880550906474763e-01
9.999689175062875801e-01
9.999208481409370686e-01
9.998109252931353108e-01
9.995833166111499635e-01
9.991583039550522294e-01
9.984457161160009697e-01
9.973791608087273497e-01
9.959665885804513952e-01
9.943357470094040806e-01
9.927416574289033013e-01
9.915118978759047685e-01
9.909371668511006703e-01
9.911513319484037687e-01
9.920579842803447512e-01
9.933355003454431564e-01
9.945085520353210695e-01
9.950494614653744296e-01
9.944884575726591347e-01
9.925432160382778868e-01
9.892729314343846614e-01
9.852001615855714434e-01
9.812810203180759583e-01
9.786370401905921668e-01
9.781159197607470768e-01
9.799120482302060564e-01
9.834874784175132723e-01
9.878482021412932079e-01
9.919950477831739333e-01
9.952796349492767369e-01
9.975075782988053197e-01
9.988205138062150601e-01
9.994985527818219806e-01
9.998072668212849567e-01
9.999318487480748363e-01
9.999767194129547399e-01
9.999913472970141104e-01
9.999958262266280817e-01
9.999972477590890474e-01
9.999978121365554751e-01
9.999981299920296385e-01
9.999983592572065927e-01
9.999985424435327008e-01
9.999986943148602148e-01
9.999988224197859932e-01
9.999989317441595471e-01
9.999990259301227979e-01
9.999991077419487784e-01
9.999991793215399216e-01
9.999992423544179498e-01
9.999992981844396667e-01
9.999993478954393167e-01
9.999993923705359222e-01
9.999994323359595594e-01
9.999994683939207318e-01
9.999995010475801749e-01
9.999995307200961747e-01
9.999995577680880210e-01
9.999995824843317394e-01
9.999996050689241578e-01
9.999996255313601257e-01
9.999996435324709498e-01
9.999996583462789079e-01
9.999996692131755127e-01
9.999985478425017504e-01
9.999984988886303494e-01
9.999984330608269190e-01
9.999983524796283163e-01
9.999982595446004208e-01
9.999981555840862235e-01
9.999980405795555471e-01
9.999979135084966497e-01
9.999977727025076701e-01
9.999976159937395970e-01
9.999974406820879569e-01
9.999972433764539037e-01
9.999970196548108037e-01
9.999967631945738678e-01
9.999964630536585242e-01
9.999960945473169716e-01
9.999955892684482262e-01
9.999947425599886586e-01
9.999929502206165166e-01
9.999885247838624647e-01
9.999770888757071319e-01
9.999481923494796254e-01
9.998790207141878827e-01
9.997243082252432744e-01
9.994030764516004250e-01
9.987862188146224840e-01
9.976938358146024699e-01
9.959150656287384384e-01
9.932612898713026883e-01
9.896517088717606825e-01
9.852091622172587382e-01
9.803232721295653818e-01
9.756332984862690072e-01
9.719061354628799609e-01
9.698309905879409776e-01
9.697979155765201753e-01
9.717430917427927195e-01
9.751160283514591631e-01
9.789685312081437552e-01
9.821201691998825423e-01
9.833520299155684707e-01
9.816169306222746194e-01
9.762865668439095757e-01
9.674327480422708625e-01
9.560549137902869532e-01
9.440866767006658167e-01
9.340388816572000596e-01
9.283026800438826109e-01
9.283583493918635687e-01
9.342528722906280336e-01
9.446123624427442689e-01
9.571858007980987848e-01
9.696451504462599846e-01
9.802670041392267386e-01
9.882396930771422117e-01
9.935733243653306346e-01
9.967770546456135028e-01
9.985135505299700398e-01
9.993662007157106952e-01
9.997468992310702962e-01
9.999022283290748270e-01
9.999606704535820567e-01
9.999813740345395718e-01
9.999886409154892242e-01
9.999914569112438034e-01
9.999928416222063632e-01
9.999937335809664374e-01
9.999944139990659675e-01
9.999949724244294735e-01
9.999954444376979446e-01
9.999958493037706120e-01
9.999962000134807738e-01
9.999965062370408386e-01
9.999967754665285424e-01
9.999970136250692088e-01
9.999972254611850797e-01
9.999974148256048911e-01
9.999975848724598215e-01
9.999977382085416533e-01
9.999978770057790234e-01
9.999980030871400416e-01
9.999981179930277353e-01
9.999982230331512234e-01
9.999983193274490922e-01
9.999984078386632280e-01
9.999984893984823486e-01
9.999985647286793178e-01
9.999986344582880715e-01
9.999986991373699396e-01
9.999987592463546182e-01
9.999988151940508718e-01
9.999988672815984803e-01
9.999989155884029257e-01
9.999989597558741616e-01
9.999989987827559990e-01
9.999990311454756142e-01
9.999990554856545977e-01
9.999979581630370484e-01
9.999978834834636343e-01
9.999977827947001963e-01
9.999976588279742007e-01
9.999975147210575788e-01
9.999973520089202594e-01
9.999971701310566008e-01
9.999969668419823599e-01
9.999967386341996889e-01
9.999964807305101733e-01
9.999961863237123438e-01
9.999958438149787465e-01
9.999954273361062462e-01
9.999948651474841466e-01
9.999939404817919097e-01
9.999920039073662004e-01
9.999872093657767858e-01
9.999746704234744321e-01
9.999424512489689665e-01
9.998638055330855146e-01
9.996840546264708083e-01
9.993019047997637738e-01
9.985489336185169318e-01
9.971775956544376429e-01
9.948750362417948523e-01
9.913214845920750307e-01
9.863008839007239015e-01
9.798450672828937780e-01
9.723597329320657900e-01
9.646609422527121502e-01
9.578660633736979513e-01
9.531375082949948840e-01
9.513485744423733070e-01
9.527875781219989904e-01
9.570072160350611146e-01
9.628626781402953583e-01
9.687043001335300385e-01
9.726513181501503791e-01
9.728973428245391020e-01
9.680538923337140833e-01
9.575529146894631305e-01
9.420522757765134036e-01
9.236586959188965995e-01
9.057255300566503520e-01
8.921083046991542531e-01
8.860444916717642450e-01
8.890914158993766803e-01
9.006078412175513304e-01
9.180341117352690539e-01
9.378371085823347109e-01
9.566724553264579489e-01
9.722612895732718474e-01
9.836941549920733552e-01
9.911988285878605698e-01
9.956352527957921250e-01
9.980073964150486532e-01
9.991586519313367942e-01
9.996675314362039044e-01
9.998733222672062659e-01
9.999500863970667286e-01
9.999770003006526187e-01
9.999862947164264160e-01
9.999898016744208640e-01
9.999914729585359652e-01
9.999925281789183718e-01
9.999933281732937829e-01
9.999939849028200989e-01
9.999945411416633068e-01
9.999950193343296601e-01
9.999954344395447503e-01
9.999957975836201163e-01
9.999961174079466941e-01
9.999964007646574560e-01
9.999966531626456323e-01
9.999968790808079211e-01
9.999970821964183632e-01
9.999972655550237732e-01
9.999974316980616562e-01
9.999975827555986907e-01
9.999977204949722642e-01
9.999978462799267165e-01
9.999979608524260932e-01
9.999980639016248229e-01
9.999981536808395521e-01
9.999982273284488965e-01
9.999982823576050173e-01
