9.999993614234423678e-01
9.999993325835933033e-01
9.999992920997327062e-01
9.999992389220193623e-01
9.999991670671302124e-01
9.999990555428559524e-01
9.999988448911411032e-01
9.999983830240813942e-01
9.999973102644377221e-01
9.999948399918368036e-01
9.999893877047507651e-01
9.999780294299898120e-01
9.999558578149430055e-01
9.999154641650056519e-01
9.998469705132682073e-01
9.997391417812614423e-01
9.995818646423322296e-01
9.993690992301280662e-01
9.990974629306821342e-01
9.987432053481551941e-01
9.981668629567030937e-01
9.968296834076912916e-01
9.931503219955926109e-01
9.834651099115896411e-01
9.611505321364877119e-01
9.173907600726938227e-01
8.451596009467390314e-01
7.457748962932506664e-01
6.337892093354899892e-01
5.351042228129032630e-01
4.775203932949450003e-01
4.787259302172439113e-01
5.383951921154846998e-01
6.383316928251867584e-01
7.505896140397156913e-01
8.495122376880648307e-01
9.209846252414202183e-01
9.640460377827713145e-01
9.858579058079961488e-01
9.951950931367453679e-01
9.985877154705771197e-01
9.996384767243646774e-01
9.999172755959135905e-01
9.999811850197491969e-01
9.999941593594339206e-01
9.999967367096611603e-01
9.999974288235854436e-01
9.999977762639453704e-01
9.999980304647252405e-01
9.999982360091779210e-01
9.999984064069463718e-01
9.999985492905669737e-01
9.999986700925800331e-01
9.999987728943804388e-01
9.999988608246206390e-01
9.999989363144605736e-01
9.999990012736055256e-01
9.999990572149379808e-01
9.999991053443001432e-01
9.999991466260593764e-01
9.999991818314746261e-01
9.999992115745870436e-01
9.999992363388496841e-01
9.999992564966568853e-01
9.999992723230494152e-01
9.999992840035516473e-01
9.999992916325437520e-01
9.999992951868228452e-01
9.999992944208990764e-01
9.999992885158047740e-01
9.999992749976209794e-01
9.999992466575998717e-01
9.999991834652437461e-01
9.999990330832140284e-01
9.999986680414120199e-01
9.999978005734279085e-01
9.999958312718644216e-01
9.999916137381690273e-01
9.999831474399603071e-01
9.999672761447864211e-01
9.999395637550156923e-01
9.998946007313559425e-01
9.998269647359989687e-01
9.997327164704574720e-01
9.996100872167910101e-01
9.994540215939965444e-01
9.992273384223127053e-01
9.987629981319456896e-01
9.975089502334764102e-01
9.940225758521156196e-01
9.852979354889468411e-01
9.664848873983368227e-01
9.320615795995950137e-01
8.791735530510439434e-01
8.120056057584366105e-01
7.438586191775458101e-01
6.937854689480288384e-01
6.782813347313128016e-01
7.028182199046606460e-01
7.588776904805142332e-01
8.285383621408690669e-01
8.934495290143892321e-01
9.423079192790813075e-01
9.728506965491887648e-01
9.889150293275861259e-01
9.960759896198450036e-01
9.987948747432230379e-01
9.996777083087069471e-01
9.999238444167855011e-01
9.999831021837799483e-01
9.999956001459924249e-01
9.999980428969055257e-01
9.999985935366629830e-01
9.999988099656825780e-01
9.999989539659567273e-01
9.999990685776829480e-01
9.999991637330412075e-01
9.999992439922729126e-01
9.999993124294361824e-01
9.999993713279646812e-01
9.999994224327599657e-01
9.999994670997126578e-01
9.999995063970517073e-01
9.999995411766056108e-01
9.999995721247061375e-01
9.999995997973860629e-01
9.999996246367977015e-01
9.999996469515681774e-01
9.999996668369690589e-01
9.999996840626239614e-01
9.999996980839193084e-01
9.999997083598076708e-01
9.994221144113226707e-01
9.994087311227386472e-01
9.993910358431741248e-01
9.993697889467298978e-01
9.993458532452943466e-01
9.993198228523363369e-01
9.992919485708602334e-01
9.992622427133597274e-01
9.992305979752303946e-01
9.991968541375697566e-01
9.991608218181047274e-01
9.991222864522750768e-01
9.990810051420931925e-01
9.990366995761832403e-01
9.989890432204220350e-01
9.989376368119534666e-01
9.988819594605871099e-01
9.988212701490700729e-01
9.987544119430886713e-01
9.986794331934361058e-01
9.985928800890525592e-01
9.984885282645796778e-01
9.983552092618621643e-01
9.981732662509958942e-01
9.979090831316682619e-01
9.975071475411545485e-01
9.968793448821771097e-01
9.958917734215991802e-01
9.943504324250876936e-01
9.919886702252340704e-01
9.884610685333798941e-01
9.833499420740112740e-01
9.761909816112306348e-01
9.665227619165148720e-01
9.539601598600765398e-01
9.382842431566471575e-01
9.195317659027008039e-01
8.980563595236754626e-01
8.745171336259117689e-01
8.497180467227941625e-01
8.241669515539338242e-01
7.971979840354915803e-01
7.656955324924566986e-01
7.231261521542053927e-01
6.605052167484570802e-01
5.707625707274925908e-01
4.552350639725324388e-01
3.271856736394804788e-01
2.074702163788116338e-01
1.140642232818062929e-01
5.362351763993922910e-02
2.132379697182654535e-02
7.112158059503150172e-03
1.976405693523089306e-03
4.553784078823802585e-04
8.860694691677266583e-05
3.010911230033286404e-05
1.085867135574097403e-04
5.659419276261351203e-04
2.472002381736953733e-03
8.951734249049082826e-03
2.700841667665496854e-02
6.833875047479659459e-02
1.462198476285416493e-01
2.673574077863946630e-01
4.233778416511738141e-01
5.904093497548625891e-01
7.397475799417505549e-01
8.519213177143976079e-01
9.232775173012069958e-01
9.621711048265667587e-01
9.806930856889428672e-01
9.886899759953758915e-01
9.920597209539185890e-01
9.936276141485234081e-01
9.945294946939480241e-01
9.951666405622446865e-01
9.956726772492587862e-01
9.960952469443342672e-01
9.964557667994888845e-01
9.967669627665363130e-01
9.970378445338625717e-01
9.972752881035058525e-01
9.974847063580176698e-01
9.976704316204461076e-01
9.978359729737408257e-01
9.979842012766505510e-01
9.981174861293911071e-01
9.982377990684700997e-01
9.983467923910399611e-01
9.984458600828678421e-01
9.985361854160692552e-01
9.986187784930395939e-01
9.986945061220496855e-01
9.987641157838834660e-01
9.988282550024061290e-01
9.988874871092812135e-01
9.989423041570532069e-01
9.989931375602756347e-01
9.990403669139800158e-01
9.990843273404448333e-01
9.991253156404309443e-01
9.991635954676681974e-01
9.991994017010572549e-01
9.992329441545260149e-01
9.992644107374550888e-01
9.992939701572509659e-01
9.993217742387334734e-01
9.993479599215132625e-01
9.993726509856993845e-01
9.993959595475609969e-01
9.994179873596797936e-01
9.994388269442744388e-01
9.994585625823129149e-01
9.994772711641717322e-01
9.994950228094878764e-01
9.995118806455258742e-01
9.995278971271168711e-01
9.995430991896488981e-01
9.995574485163098988e-01
9.995707712896231278e-01
9.995826956629063620e-01
9.995926931924267178e-01
9.996002932054222079e-01
9.996438507113853955e-01
9.996349895266912755e-01
9.996233072615097193e-01
9.996092335919795069e-01
9.995932793398308869e-01
9.995758105550698325e-01
9.995569854010071253e-01
9.995368033152625120e-01
9.995151733270448702e-01
9.994919540068373243e-01
9.994669616034648207e-01
9.994399534427214071e-01
9.994105845588014958e-01
9.993783211143228984e-01
9.993422765944233177e-01
9.993009128046889122e-01
9.992515145274666333e-01
9.991893043158386334e-01
9.991060174032279084e-01
9.989877192742481204e-01
9.988116445105093000e-01
9.985419019089388781e-01
9.981240729470026718e-01
9.974790701918154756e-01
9.964971346034947608e-01
9.950334933084941103e-01
9.929078402122537561e-01
9.899102050617091253e-01
9.858156293790181213e-01
9.804090628262356333e-01
9.735198512136424842e-01
9.650621231002372014e-01
9.550732931827556893e-01
9.437368751657004839e-01
9.313641570038018180e-01
9.182841748646458635e-01
9.045470028059342527e-01
8.893071470948263890e-01
8.698329285465122851e-01
8.404782167757425260e-01
7.926785744333955108e-01
7.174505798093786524e-01
6.107130545997332405e-01
4.787423899435788721e-01
3.388699645619215328e-01
2.129101383283407700e-01
1.170665649215779369e-01
5.568993442979494612e-02
2.271279383980713898e-02
7.884388776866761012e-03
2.316602631118783173e-03
5.778562787853681274e-04
1.514298966244708128e-04
2.018928071116925140e-04
8.491479223726593369e-04
3.317222199768004101e-03
1.096059744511362725e-02
3.068279008193994933e-02
7.320475302745124702e-02
1.499812370596407540e-01
2.663667838243708452e-01
4.149284347881199153e-01
5.751645180583623285e-01
7.218065475559183319e-01
8.362470465202714864e-01
9.128833987080982038e-01
9.572813248582507928e-01
9.797921756987411079e-01
9.899698672952963463e-01
9.942185093709754451e-01
9.959723799316031467e-01
9.967756915073024970e-01
9.972306998323998695e-01
9.975486722993026634e-01
9.978002254885680600e-01
9.980103991586151135e-01
9.981901296351562980e-01
9.983457029597888610e-01
9.984814944028912453e-01
9.986008297840922587e-01
9.987063308767960557e-01
9.988001022567027931e-01
9.988838540242761521e-01
9.989589895664784391e-01
9.990266706008554820e-01
9.990878663241948843e-01
9.991433910742804070e-01
9.991939335320200177e-01
9.992400796027427479e-01
9.992823305156822711e-01
9.993211172655136476e-01
9.993568122272790122e-01
9.993897385668319977e-01
9.994201779173172984e-01
9.994483766810045022e-01
9.994745512333460535e-01
9.994988922443734936e-01
9.995215682858584749e-01
9.995427288570688518e-01
9.995625069345801528e-01
9.995810211304074766e-01
9.995983775261719773e-01
9.996146712378123356e-01
9.996299877528450617e-01
9.996444040561329736e-01
9.996579894442968461e-01
9.996708054228373719e-01
9.996829024337708924e-01
9.996943077309077275e-01
9.997049961740993584e-01
9.997148442302736804e-01
9.997235967408514279e-01
9.997309060056385199e-01
9.997364760210891710e-01
