9.999999283523854920e-01
9.999999269463537566e-01
9.999999250771554049e-01
9.999999228495590753e-01
9.999999203723124452e-01
9.999999177136960071e-01
9.999999149000999843e-01
9.999999119336225872e-01
9.999999088064590591e-01
9.999999055073287568e-01
9.999999020233247826e-01
9.999998983402007546e-01
9.999998944422836544e-01
9.999998903123077376e-01
9.999998859312140276e-01
9.999998812779202773e-01
9.999998763290538495e-01
9.999998710586429640e-01
9.999998654377574292e-01
9.999998594340889779e-01
9.999998530114604378e-01
9.999998461292471941e-01
9.999998387416958456e-01
9.999998307971136313e-01
9.999998222369037570e-01
9.999998129944092096e-01
9.999998029935215360e-01
9.999997921469943041e-01
9.999997803543905217e-01
9.999997674995645403e-01
9.999997534475534300e-01
9.999997380407116276e-01
9.999997210938631476e-01
9.999997023881712632e-01
9.999996816633091035e-01
9.999996586073582883e-01
9.999996328436220328e-01
9.999996039131863190e-01
9.999995712515102886e-01
9.999995341564006379e-01
9.999994917428534080e-01
9.999994428749319209e-01
9.999993860442872862e-01
9.999993190753897476e-01
9.999992381565123711e-01
9.999991342033378583e-01
9.999989793198504895e-01
9.999986798571497415e-01
9.999979287250458926e-01
9.999957893401227871e-01
9.999896577266791375e-01
9.999730008213554289e-01
9.999311430971884462e-01
9.998348273638869577e-01
9.996329392677480996e-01
9.992488640032255454e-01
9.985881568850718537e-01
9.975651930828696168e-01
9.961492983465076723e-01
9.944163102214753636e-01
9.925770403104641204e-01
9.909529967234007586e-01
9.898908288262715516e-01
9.896428815639324306e-01
9.902680971095760842e-01
9.916018591787363334e-01
9.933056152726214005e-01
9.949691213692499758e-01
9.962351959329822648e-01
9.969320382764839117e-01
9.971649222824352510e-01
9.972577239762367984e-01
9.975098468581151678e-01
9.979586539708447113e-01
9.983894260005035104e-01
9.985610332743066753e-01
9.983904918846893128e-01
9.979595219131062178e-01
9.974259739993178719e-01
9.969515976563745330e-01
9.966663423101225217e-01
9.966461455672862568e-01
9.968980623877794489e-01
9.973628360978461505e-01
9.979391063456666267e-01
9.985195050379065407e-01
9.990222322198606397e-01
9.994062052605171553e-01
9.996682541438921543e-01
9.998293277846819205e-01
9.999189701693802501e-01
9.999643174913876997e-01
9.999852425872217676e-01
9.999940881425680717e-01
9.999975393989035677e-01
9.999988033640145879e-01
9.999992562657811224e-01
9.999994304935588829e-01
9.999995132005885523e-01
9.999995649381725471e-01
9.999996042550002295e-01
9.999996369185579770e-01
9.999996650221627537e-01
9.999996895861482660e-01
9.999997112622041051e-01
9.999997305298304884e-01
9.999997477625939268e-01
9.999997632590278407e-01
9.999997772614079850e-01
9.999997899687071978e-01
9.999998015460040968e-01
9.999998121314921384e-01
9.999998218417931461e-01
9.999998307760418204e-01
9.999998390190667497e-01
9.999998466438935196e-01
9.999998537137362309e-01
9.999998602835943329e-01
9.999998664015473659e-01
9.999998721098086740e-01
9.999998774455931549e-01
9.999998824418330212e-01
9.999998871277744339e-01
9.999998915294774360e-01
9.999998956702349506e-01
9.999998995709284966e-01
9.999999032503295027e-01
9.999999067253573237e-01
9.999999100113003969e-01
9.999999131220047577e-01
9.999999160700399070e-01
9.999999188668394767e-01
9.999999215228259075e-01
9.999999240475179185e-01
9.999999264496253204e-01
9.999999287371315049e-01
9.999999309173663864e-01
9.999999329970714612e-01
9.999999349824562067e-01
9.999999368792481524e-01
9.999999386927390654e-01
9.999999404278241411e-01
9.999999420890375301e-01
9.999999436805850905e-01
9.999999452063722538e-01
9.999999466700304485e-01
9.999999480749395264e-01
9.999999494242496345e-01
9.999999507208987559e-01
9.999999519676310289e-01
9.999999531670116237e-01
9.999999543214403985e-01
9.999999554331654439e-01
9.999999565042938521e-01
9.999999575368032634e-01
9.999999585325503038e-01
9.999999594932802438e-01
9.999999604206348813e-01
9.999999613161594247e-01
9.999999621813101536e-01
9.999999630174598586e-01
9.999999638259038370e-01
9.999999646078651105e-01
9.999999653644991993e-01
9.999999660968990067e-01
9.999999668060980396e-01
9.999999674930750704e-01
9.999999681587573575e-01
9.999999688040237533e-01
9.999999694297077024e-01
9.999999700366004607e-01
9.999999706254529830e-01
9.999999711969795868e-01
9.999999717518581743e-01
9.999999722907344513e-01
9.999999728142223709e-01
9.999999733229067989e-01
9.999999738173446229e-01
9.999999742980665296e-01
9.999999747655792248e-01
9.999999752203652115e-01
9.999999756628854541e-01
9.999999760935799342e-01
9.999999765128690932e-01
9.999999769211547207e-01
9.999999773188207319e-01
9.999999777062344997e-01
9.999999780837461882e-01
9.999999784516802048e-01
9.999999788102753584e-01
9.999999791594007537e-01
9.999999794976084377e-01
9.999999798200227552e-01
9.999999801157248847e-01
9.999999803678276677e-01
9.999999805597556968e-01
9.999998132233813841e-01
9.999998098097679922e-01
9.999998053226148986e-01
9.999997999755287914e-01
9.999997940079914382e-01
9.999997875888793075e-01
9.999997807978671105e-01
9.999997736536490045e-01
9.999997661456303533e-01
9.999997582518711514e-01
9.999997499458073147e-01
9.999997411979377748e-01
9.999997319759534875e-01
9.999997222444889644e-01
9.999997119647757726e-01
9.999997010942380804e-01
9.999996895860288060e-01
9.999996773885000412e-01
9.999996644445912075e-01
9.999996506911249528e-01
9.999996360579933574e-01
9.999996204672108036e-01
9.999996038318126335e-01
9.999995860545656257e-01
9.999995670264557601e-01
9.999995466249036458e-01
9.999995247116535424e-01
9.999995011302610370e-01
9.999994757030906678e-01
9.999994482277088093e-01
9.999994184725249369e-01
9.999993861714953081e-01
9.999993510176443667e-01
9.999993126550872358e-01
9.999992706691342992e-01
9.999992245739173224e-01
9.999991737967831584e-01
9.999991176584239749e-01
9.999990553473107058e-01
9.999989858864155590e-01
9.999989080893058047e-01
9.999988205012240172e-01
9.999987213178700429e-01
9.999986082669435339e-01
9.999984784107949221e-01
9.999983277237267654e-01
9.999981498887438036e-01
9.999979322641957546e-01
9.999976419764502467e-01
9.999971800500893071e-01
9.999962411427225639e-01
9.999939216625250982e-01
9.999877289335240560e-01
9.999713352267698419e-01
9.999300700818652965e-01
9.998330676852180687e-01
9.996218319387092377e-01
9.991975406558000206e-01
9.984138586671187365e-01
9.970867207812286193e-01
9.950333376429457699e-01
9.921444724194669051e-01
9.884752578732443062e-01
9.843173934864619667e-01
9.802048685496682623e-01
9.768213293473408942e-01
9.748204541684811764e-01
9.746204544103258538e-01
9.762575578036394308e-01
9.793600807625093552e-01
9.832464480833933429e-01
9.871022001327658391e-01
9.901928605862638788e-01
9.920944873946264675e-01
9.928819042567991193e-01
9.931109760024010580e-01
9.934737300579498109e-01
9.943115145736634020e-01
9.954071805336103251e-01
9.962390742345192951e-01
9.964095301986726216e-01
9.958606538978240774e-01
9.948077935142620731e-01
9.935760129480530889e-01
9.924857646647283760e-01
9.917958748971406058e-01
9.916656647357955379e-01
9.921276620169192650e-01
9.930869408094782358e-01
9.943563894465957675e-01
9.957168437888180845e-01
9.969779188236015388e-01
9.980174333758748961e-01
9.987904366410575996e-01
9.993133773348147342e-01
9.996369767950288310e-01
9.998208489126794163e-01
9.999170755947335287e-01
9.999635911672201116e-01
9.999844358532888888e-01
9.999931487919704320e-01
9.999965905313711323e-01
9.999979147212477715e-01
9.999984448497345468e-01
9.999986912031437747e-01
9.999988361563986183e-01
9.999989411980170217e-01
9.999990266918473703e-01
9.999990998696037803e-01
9.999991638714493813e-01
9.999992204819960762e-01
9.999992709385574496e-01
9.999993161864098035e-01
9.999993569781542302e-01
9.999993939252524999e-01
9.999994275310538638e-01
9.999994582142275323e-01
9.999994863261379985e-01
9.999995121640180562e-01
9.999995359811176820e-01
9.999995579946199253e-01
9.999995783918881331e-01
9.999995973354420808e-01
9.999996149669621026e-01
9.999996314105350503e-01
9.999996467753086149e-01
9.999996611576741357e-01
9.999996746430769301e-01
9.999996873075241988e-01
9.999996992188494582e-01
9.999997104377785773e-01
9.999997210188320551e-01
9.999997310110944060e-01
9.999997404588689687e-01
9.999997494022434541e-01
9.999997578775745577e-01
9.999997659179079568e-01
9.999997735533437959e-01
9.999997808113537667e-01
9.999997877170582194e-01
9.999997942934698569e-01
9.999998005617070085e-01
9.999998065411821457e-01
9.999998122497680830e-01
9.999998177039455260e-01
9.999998229189335230e-01
9.999998279088062603e-01
9.999998326865973119e-01
9.999998372643912337e-01
9.999998416534081613e-01
9.999998458640770860e-01
9.999998499061041324e-01
9.999998537885321781e-01
9.999998575197961426e-01
9.999998611077708377e-01
9.999998645598173752e-01
9.999998678828223575e-01
9.999998710832352922e-01
9.999998741671013436e-01
9.999998771400924191e-01
9.999998800075347027e-01
9.999998827744338570e-01
9.999998854454981156e-01
9.999998880251597111e-01
9.999998905175944142e-01
9.999998929267395198e-01
9.999998952563091681e-01
9.999998975098109977e-01
9.999998996905588022e-01
9.999999018016860752e-01
9.999999038461571121e-01
9.999999058267790009e-01
9.999999077462105035e-01
9.999999096069722704e-01
9.999999114114548338e-01
9.999999131619274895e-01
9.999999148605446253e-01
9.999999165093536035e-01
9.999999181103007562e-01
9.999999196652371580e-01
9.999999211759247331e-01
9.999999226440410283e-01
9.999999240711838766e-01
9.999999254588768371e-01
9.999999268085721926e-01
9.999999281216553904e-01
9.999999293994493721e-01
9.999999306432170165e-01
9.999999318541645810e-01
9.999999330334452541e-01
9.999999341821617094e-01
9.999999353013683256e-01
9.999999363920744067e-01
9.999999374552460685e-01
9.999999384918084600e-01
9.999999395026482052e-01
9.999999404886146248e-01
9.999999414505225115e-01
9.999999423891530181e-01
9.999999433052557674e-01
9.999999441995486293e-01
9.999999450727112826e-01
9.999999459253294809e-01
9.999999467576301537e-01
9.999999475685200645e-01
9.999999483530653821e-01
9.999999490980282513e-01
9.999999497778008228e-01
9.999999503567136294e-01
9.999999508021315542e-01
9.999996936621338151e-01
9.999996820971090994e-01
9.999996662288568317e-01
9.999996467717329196e-01
9.999996243998734435e-01
9.999995993743039380e-01
9.999995715736550439e-01
9.999995406493631389e-01
9.999995061175792621e-01
9.999994673764516229e-01
9.999994236858000818e-01
9.999993741283943471e-01
9.999993175546164625e-01
9.999992525039721469e-01
9.999991770884075759e-01
9.999990887948433382e-01
9.999989840373031402e-01
9.999988566874105089e-01
9.999986921780046334e-01
9.999984435175844899e-01
9.999979407448387203e-01
9.999965843521210207e-01
9.999924295649156303e-01
9.999798059277096307e-01
9.999440249739479647e-01
9.998516067325953216e-01
9.996361886481355263e-01
9.991854606001031591e-01
9.983425953080657944e-01
9.969409711045211786e-01
9.948828440372885495e-01
9.922441775361696692e-01
9.893501338313523963e-01
9.867509030513748058e-01
9.850658251757190564e-01
9.847463239902327636e-01
9.858766882461027503e-01
9.881218365163584316e-01
9.908417936065954112e-01
9.933089597029075568e-01
9.949678169233784342e-01
9.956921372666918124e-01
9.958760196648637208e-01
9.961335123957213433e-01
9.967539041862457649e-01
9.974829948723286099e-01
9.978636957141142627e-01
9.976744945772700879e-01
9.970229915893085160e-01
9.961842567690575301e-01
9.954477495998779180e-01
9.950419188734989095e-01
9.950893389739506878e-01
9.955800571054577164e-01
9.963850536154745807e-01
9.973134290253692358e-01
9.981855943126275443e-01
9.988862598730483544e-01
9.993783935804105845e-01
9.996842751597473375e-01
9.998537672213525518e-01
9.999379298374098113e-01
9.999755432185514215e-01
9.999907479030935020e-01
9.999963551387691663e-01
9.999982797905773158e-01
9.999989274689093932e-01
9.999991681716906555e-01
9.999992845027605437e-01
9.999993603498054107e-01
9.999994194409598247e-01
9.999994688842783752e-01
9.999995113953177306e-01
9.999995484397570245e-01
9.999995810170777544e-01
9.999996098790682186e-01
9.999996356132669906e-01
9.999996586880719462e-01
9.999996794822525459e-01
9.999996983057497513e-01
9.999997154148196898e-01
9.999997310232897618e-01
9.999997453110591739e-01
9.999997584306138387e-01
9.999997705120804437e-01
9.999997816671926110e-01
9.999997919924353829e-01
9.999998015715618749e-01
9.999998104776246510e-01
9.999998187746275136e-01
9.999998265188809743e-01
9.999998337601185838e-01
9.999998405424244119e-01
9.999998469050090932e-01
9.999998528828587530e-01
9.999998585072846780e-01
9.999998638063893885e-01
9.999998688054618778e-01
9.999998735273190054e-01
9.999998779925947101e-01
9.999998822199931414e-01
9.999998862265051525e-01
9.999998900275952618e-01
9.999998936373367675e-01
9.999998970683119381e-01
9.999999003302455503e-01
9.999999034238323814e-01
9.999999063234479291e-01
9.999999089499259641e-01
9.999999111624574555e-01
9.999999128141364713e-01
9.999989116869543171e-01
9.999988752567426920e-01
9.999988263334231853e-01
9.999987665421100624e-01
9.999986977297813384e-01
9.999986209633714429e-01
9.999985363296024499e-01
9.999984431994566325e-01
9.999983405094763356e-01
9.999982268926316253e-01
9.999981006884355317e-01
9.999979598905798239e-01
9.999978020589492811e-01
9.999976241974641855e-01
9.999974225851515630e-01
9.999971925309640852e-01
9.999969279712324077e-01
9.999966206248455114e-01
9.999962576086534050e-01
9.999958133708615193e-01
9.999952213813205759e-01
9.999942789485984918e-01
9.999923508908243885e-01
9.999875285879646913e-01
9.999744764018397847e-01
9.999395040901193354e-01
9.998506260256251332e-01
9.996402551815896098e-01
9.991802600774262189e-01
9.982551794299208137e-01
9.965496004762737225e-01
9.936756981179122317e-01
9.892666118938566733e-01
9.831394825852989294e-01
9.754875684729985563e-01
9.670136662558286300e-01
9.589035848255234029e-01
9.525872612872996470e-01
9.493366369966894647e-01
9.498487301988950415e-01
9.539906634117671924e-01
9.608108096609377924e-01
9.687927807320455553e-01
9.762510842396722177e-01
9.817982105143386873e-01
9.848392203443697701e-01
9.858879329964083116e-01
9.863083948557047620e-01
9.873874471215243753e-01
9.894021428307565591e-01
9.915502272146254903e-01
9.927481617364479760e-01
9.924411444561611617e-01
9.907914873078245144e-01
9.883918635638270223e-01
9.859401715728192128e-01
9.840580871271212837e-01
9.831953225718278455e-01
9.835573554673320285e-01
9.850712196666319143e-01
9.874238057686248737e-01
9.901706666778566923e-01
9.928725079352110905e-01
9.952048918232636598e-01
9.970065784647421658e-01
9.982654102510830629e-01
9.990662654928355035e-01
9.995322789604317304e-01
9.997811518632908623e-01
9.999034988267359036e-01
9.999590538190143985e-01
9.999824783856222643e-01
9.999917488016695222e-01
9.999952786422787732e-01
9.999966469417760351e-01
9.999972463683433066e-01
9.999975767206619182e-01
9.999978059531760000e-01
9.999979887750563012e-01
9.999981438698539726e-01
9.999982788683651203e-01
9.999983978483316660e-01
9.999985034469838219e-01
9.999985973321434685e-01
9.999986800946756293e-01
9.999987510462127194e-01
9.999988085050065534e-01
9.999988509681845272e-01
9.999987491052506616e-01
9.999987089484052571e-01
9.999986551983017780e-01
9.999985896501610849e-01
9.999985143727272430e-01
9.999984306238360876e-01
9.999983386135428143e-01
9.999982377797071997e-01
9.999981270997979621e-01
9.999980052480600401e-01
9.999978706227946601e-01
9.999977213071375992e-01
9.999975549959512211e-01
9.999973688947746409e-01
9.999971595838763605e-01
9.999969228316445413e-01
9.999966533242985456e-01
9.999963442192230101e-01
9.999959861886520418e-01
9.999955646534584019e-01
9.999950502626868687e-01
9.999943651189446836e-01
9.999932682338432688e-01
9.999909956114623188e-01
9.999852272919096396e-01
9.999694041686335577e-01
9.999264759256794033e-01
9.998159861761026779e-01
9.995508549293816714e-01
9.989622706944563113e-01
9.977584303988309422e-01
9.954966244913769913e-01
9.916039800153828576e-01
9.854872978157005470e-01
9.767498688395419570e-01
9.654760434115567946e-01
9.524727665744161520e-01
9.393191445171118481e-01
9.281176098255830009e-01
9.209668182689749738e-01
9.193268613402300060e-01
9.235279846196255971e-01
9.326219603197142272e-01
9.446149240342758269e-01
9.569704562412379989e-01
9.672583799868164078e-01
9.738992404193721475e-01
9.768451429102621431e-01
9.776855314551322618e-01
9.786848364602348527e-01
9.811804219567539231e-01
9.846969164602975555e-01
9.875875175763737523e-01
9.884417984124654888e-01
9.869262552190973814e-01
9.836609315213366012e-01
9.796866439483399303e-01
9.760596652920778826e-01
9.736493476086818255e-01
9.730131268091071206e-01
9.743040313632516103e-01
9.772571604000102052e-01
9.812912013963721591e-01
9.856971006879069463e-01
9.898388869014813629e-01
9.932921586507846845e-01
9.958848844041043868e-01
9.976532703296506766e-01
9.987551226779536329e-01
9.993847559209443343e-01
9.997157133303433696e-01
9.998761651091014890e-01
9.999481340791800399e-01
9.999781450091462798e-01
9.999898951285709492e-01
9.999943156712567394e-01
9.999960022905683976e-01
9.999967260884843334e-01
9.999971173954957937e-01
9.999973862312911965e-01
9.999976002127181074e-01
9.999977819887749808e-01
9.999979405655446962e-01
9.999980806754156237e-01
9.999982054695933931e-01
9.999983173207556142e-01
9.999984181090435520e-01
9.999985093591894358e-01
9.999985923250003239e-01
9.999986680484933554e-01
9.999987374035363974e-01
9.999988011288389878e-01
9.999988598530012984e-01
9.999989141120018132e-01
9.999989643535946993e-01
9.999990109090317603e-01
9.999990538958329900e-01
9.999990930365523223e-01
9.999991274973463184e-01
9.999991560086589626e-01
9.999991774554066737e-01
