9.999999134701487158e-01
9.999999032057261816e-01
9.999998735173493136e-01
9.999997865045728851e-01
9.999995420579266270e-01
9.999989048326213270e-01
9.999973859294578604e-01
9.999940976265709880e-01
9.999876582267988034e-01
9.999762945529960811e-01
9.999583074012596828e-01
9.999329424628579099e-01
9.999014148615794628e-01
9.998674603729647004e-01
9.998363753815908694e-01
9.998104972129236989e-01
9.997763878642613733e-01
9.996777599859282271e-01
9.993849312207759850e-01
9.987201871191315750e-01
9.976171034043896935e-01
9.963453971651229368e-01
9.955004274906608108e-01
9.955778245034611063e-01
9.965072398521841457e-01
9.977027904913062795e-01
9.985677830515836684e-01
9.988710301316114926e-01
9.987140384193005094e-01
9.983098174495611543e-01
9.978032904592724073e-01
9.970939682680584060e-01
9.955022721987789591e-01
9.912667748587804528e-01
9.812787176978126080e-01
9.619612723947729149e-01
9.319682149159370654e-01
8.955815177869176358e-01
8.634624203788178187e-01
8.480618173878087251e-01
8.557705198651450740e-01
8.822790584089978960e-01
9.157124960607596620e-01
9.448747009401097241e-01
9.652136489879090675e-01
9.782142271986714599e-01
9.869296647286641688e-01
9.930005412735563031e-01
9.968449186366379333e-01
9.988427893837553695e-01
9.996600643752500126e-01
9.999202377711007284e-01
9.999846821343676417e-01
9.999971887642467028e-01
9.999991528874149216e-01
9.999994538316130388e-01
9.999995391304409287e-01
9.999995928924771960e-01
9.999996356246156903e-01
9.999996708724034900e-01
9.999997003128198170e-01
9.999997251166319323e-01
9.999997461536839216e-01
9.999997640815415645e-01
9.999997793933332879e-01
9.999997924131673877e-01
9.999998031506869278e-01
9.999998107102899825e-01
9.999998113845421921e-01
9.999997933130488903e-01
9.999997234174684557e-01
9.999995198313460509e-01
9.999990030032441801e-01
9.999978268273825854e-01
9.999954137387851993e-01
9.999909526168158092e-01
9.999835436522709342e-01
9.999725482365022788e-01
9.999580908724947648e-01
9.999414832774001782e-01
9.999251535990627549e-01
9.999113567667796687e-01
9.998979979348414648e-01
9.998684395838898231e-01
9.997751678470986336e-01
9.995349993162190305e-01
9.990768121749167285e-01
9.984517716236225304e-01
9.979001179348101491e-01
9.977244388340482661e-01
9.980279524350552656e-01
9.986073855055587201e-01
9.991350984104854227e-01
9.994081849933360573e-01
9.994174000455602336e-01
9.992577160824589466e-01
9.990246816902341731e-01
9.987345425206514138e-01
9.981974671995264003e-01
9.967856168786926041e-01
9.931881408735248051e-01
9.855197096404209045e-01
9.722907083738064893e-01
9.542063729838210495e-01
9.354924357938756430e-01
9.228138621796622143e-01
9.215065478163813051e-01
9.318353638168641595e-01
9.487631405268269758e-01
9.656217347364384196e-01
9.783070649306739863e-01
9.864822681985436770e-01
9.917204001233870247e-01
9.953151209041734004e-01
9.977141247582794747e-01
9.990807187373575982e-01
9.997022208806691790e-01
9.999229714636748145e-01
9.999839586314563933e-01
9.999971064102552987e-01
9.999993532477837732e-01
9.999996856645303467e-01
9.999997515647292001e-01
9.999997832770690653e-01
9.999998073874104554e-01
9.999998272662073973e-01
9.999998439705952702e-01
9.999998581745276338e-01
9.999998703726796778e-01
9.999998809394130550e-01
9.999998901633446735e-01
9.999998982704471073e-01
9.999999054400280363e-01
9.999999118160483036e-01
9.999999175152445297e-01
9.999999226327218604e-01
9.999999272442863241e-01
9.999999314021487118e-01
9.999999351193704644e-01
9.999999383482778281e-01
9.999999409823567831e-01
9.999999429161592346e-01
9.998691520619088502e-01
9.998634302804139118e-01
9.998533381122417518e-01
9.998352981681581930e-01
9.998022756434827851e-01
9.997412726754042467e-01
9.996299792850948940e-01
9.994328381196329047e-01
9.990973726053166137e-01
9.985524354770393129e-01
9.977107469257546768e-01
9.964782278872114096e-01
9.947716653451231794e-01
9.925438768651728694e-01
9.898120734152954237e-01
9.866816606781718679e-01
9.833559595045542334e-01
9.801237781038403263e-01
9.773215628535374400e-01
9.752719026754632647e-01
9.741953565410310656e-01
9.740550537574282908e-01
9.741971826373031496e-01
9.725455221975899400e-01
9.642853987613058120e-01
9.409048744478472059e-01
8.919200782070563216e-01
8.114968902260664141e-01
7.079761099279652248e-01
6.081402961697084386e-01
5.480332071940525740e-01
5.527644263216245912e-01
6.200156552159891143e-01
7.212389907658820487e-01
8.194350578030408228e-01
8.885212828704130983e-01
9.207599408539465236e-01
9.216415111109446112e-01
9.009717916237049984e-01
8.674929459974218826e-01
8.279886030338389213e-01
7.881959401428724199e-01
7.532156162874390493e-01
7.266830214841284441e-01
7.088982101060403718e-01
6.946312961178165990e-01
6.722133930190662410e-01
6.263759779961788343e-01
5.459677624418951547e-01
4.329606737775277825e-01
3.050336713261564969e-01
1.873167877017722915e-01
9.878912737372214092e-02
4.424939540239315738e-02
1.674182537502461737e-02
5.561358368662056365e-03
2.509171199135589239e-03
3.699366968714254585e-03
8.406831920147014164e-03
1.698971661739126504e-02
2.940454261922173518e-02
4.612909060200212630e-02
7.219429838340421512e-02
1.205883650665804940e-01
2.081344822196517508e-01
3.424502365727731257e-01
5.101768105310983126e-01
6.797678360620649229e-01
8.190257847766004851e-01
9.122454848514730541e-01
9.633035775623839392e-01
9.862969783440200811e-01
9.948994065685858867e-01
9.976546156685712763e-01
9.984852599109064197e-01
9.987836181289007076e-01
9.989446662407583943e-01
9.990624405717221101e-01
9.991584797728763068e-01
9.992393838821600482e-01
9.993085346901104948e-01
9.993682449055723005e-01
9.994202402554388520e-01
9.994658490778431936e-01
9.995061132764666567e-01
9.995418611534574449e-01
9.995737530565419471e-01
9.996022971207292329e-01
9.996278218605005872e-01
9.996504031364839005e-01
9.996698019895692289e-01
9.996855438398453142e-01
9.996972248546127648e-01
9.997871819197075016e-01
9.996901443675760834e-01
9.995225118856835289e-01
9.992514956991148667e-01
9.988378565396822673e-01
9.982396160400689444e-01
9.974193958024676343e-01
9.963550434539061307e-01
9.950517449821241200e-01
9.935525284401021118e-01
9.919433784636981777e-01
9.903495915579700881e-01
9.889216729815835105e-01
9.878111590162254041e-01
9.871360510121430787e-01
9.869239787579768830e-01
9.869853602883678079e-01
9.866087131603722415e-01
9.839615246866562082e-01
9.753308314026403192e-01
9.550096677869015505e-01
9.172656038010988944e-01
8.610513011605644973e-01
7.951313373780488636e-01
7.384051323566711567e-01
7.119936369166302015e-01
7.268724634342962343e-01
7.765883719059896162e-01
8.413475168064080689e-01
8.998593534540794137e-01
9.393148542661433620e-01
9.574632408165322239e-01
9.584954904401785658e-01
9.480674368572186150e-01
9.307813590306258655e-01
9.100310444282178057e-01
8.886607656895633145e-01
8.692895193768469531e-01
8.539341436585181633e-01
8.429669876339382917e-01
8.336159359586603479e-01
8.186129685428295000e-01
7.863556774319734322e-01
7.242815048982327308e-01
6.255867739207483513e-01
4.958416796989558173e-01
3.537653135570756335e-01
2.235835618318167684e-01
1.235947408449796364e-01
5.927678633760098681e-02
2.500050462371553386e-02
1.111248279097555233e-02
1.041676731772117094e-02
2.064151580383709675e-02
4.274424845870876399e-02
7.675893203727174319e-02
1.186641100288835932e-01
1.625281611168170603e-01
2.080227824310346696e-01
2.657155798188419737e-01
3.514081633029237928e-01
4.715954678493380348e-01
6.136789094752705953e-01
7.514520528040916636e-01
8.610191648849087054e-01
9.328581783975464781e-01
9.718995271738446462e-01
9.895801953712575205e-01
9.963061334315852502e-01
9.984972975177714982e-01
9.991461568565183082e-01
9.993535422985140304e-01
9.994477158523238369e-01
9.995105677130087241e-01
9.995605769567438292e-01
9.996024520121629120e-01
9.996379965683126478e-01
9.996680869129904723e-01
9.996930168161615171e-01
9.997127146105300177e-01
9.997271163072372069e-01
