9.999998815956880893e-01
9.999998797433531372e-01
9.999998772928212487e-01
9.999998743910584187e-01
9.999998711896085357e-01
9.999998677852423024e-01
9.999998642184944053e-01
9.999998604976361172e-01
9.999998566182077830e-01
9.999998525717882503e-01
9.999998483485912359e-01
9.999998439379687021e-01
9.999998393284252884e-01
9.999998345075480355e-01
9.999998294619150130e-01
9.999998241769916252e-01
9.999998186370162578e-01
9.999998128248682727e-01
9.999998067219209030e-01
9.999998003078731657e-01
9.999997935605593469e-01
9.999997864557303995e-01
9.999997789668060300e-01
9.999997710645867066e-01
9.999997627169232572e-01
9.999997538883338422e-01
9.999997445395578666e-01
9.999997346270339538e-01
9.999997241022859917e-01
9.999997129111966032e-01
9.999997009931385072e-01
9.999996882799213616e-01
9.999996746944845860e-01
9.999996601491956127e-01
9.999996445434435888e-01
9.999996277597791305e-01
9.999996096567475012e-01
9.999995900538609650e-01
9.999995686977842801e-01
9.999995451843817218e-01
9.999995187800632124e-01
9.999994880214776449e-01
9.999994498464470638e-01
9.999993977751433505e-01
9.999993182524993252e-01
9.999991835982343646e-01
9.999989390122439037e-01
9.999984797275391912e-01
9.999976128099719030e-01
9.999959966592661953e-01
9.999930507517291733e-01
9.999878298273092714e-01
9.999788621615695039e-01
9.999639623117358989e-01
9.999400454541662597e-01
9.999029918320786470e-01
9.998476315439353002e-01
9.997679340574914253e-01
9.996574829793463124e-01
9.995102844711645229e-01
9.993218915188772922e-01
9.990907292241180127e-01
9.988193925986175170e-01
9.985155804617741326e-01
9.981922503339677455e-01
9.978665478443176085e-01
9.975571001525155301e-01
9.972794179421441418e-01
9.970395463369743361e-01
9.968269179046735928e-01
9.966086586853828422e-01
9.963290079665816368e-01
9.959179351619579235e-01
9.953108990304384562e-01
9.944761327117248584e-01
9.934384090861421157e-01
9.922836013231064456e-01
9.911321958988151826e-01
9.900843470428648541e-01
9.891586321383918357e-01
9.882593349831469975e-01
9.872013421817650292e-01
9.857957137194730546e-01
9.839644114869479097e-01
9.818294776894230802e-01
9.797261102827181656e-01
9.781216136910506620e-01
9.774672355146735159e-01
9.780434578768053555e-01
9.798633552458597684e-01
9.826714245674659232e-01
9.860319180153956919e-01
9.894638740247023723e-01
9.925670776296399156e-01
9.950970054819372468e-01
9.969760487175254315e-01
9.982557935565559148e-01
9.990585547479986506e-01
9.995238485890121094e-01
9.997736919484425666e-01
9.998982701064005330e-01
9.999561120320944463e-01
9.999812246196670973e-01
9.999915026647304694e-01
9.999955397892935638e-01
9.999971240382699023e-01
9.999977960890581441e-01
9.999981378382872821e-01
9.999983556345479752e-01
9.999985198323901869e-01
9.999986547657189195e-01
9.999987698877478293e-01
9.999988698151484057e-01
9.999989574168588469e-01
9.999990347680547398e-01
9.999991034786825939e-01
9.999991648368182773e-01
9.999992198899858575e-01
9.999992694997268394e-01
9.999993143811624075e-01
9.999993551326770147e-01
9.999993922586143391e-01
9.999994261868665468e-01
9.999994572826615968e-01
9.999994858594769553e-01
9.999995121877597315e-01
9.999995365019480609e-01
9.999995590061709905e-01
9.999995798789071966e-01
9.999995992768151432e-01
9.999996173379046560e-01
9.999996341841754788e-01
9.999996499238250625e-01
9.999996646531048583e-01
9.999996784578883968e-01
9.999996914150006688e-01
9.999997035933527734e-01
9.999997150549106983e-01
9.999997258555276547e-01
9.999997360456607254e-01
9.999997456709917021e-01
9.999997547729636560e-01
9.999997633892490079e-01
9.999997715541583121e-01
9.999997792989955281e-01
9.999997866523733236e-01
9.999997936404865229e-01
9.999998002873569103e-01
9.999998066150463938e-01
9.999998126438476298e-01
9.999998183924534434e-01
9.999998238781062643e-01
9.999998291167322417e-01
9.999998341230610377e-01
9.999998389107324082e-01
9.999998434923927926e-01
9.999998478797809121e-01
9.999998520838055960e-01
9.999998561146156151e-01
9.999998599816627420e-01
9.999998636937583729e-01
9.999998672591261517e-01
9.999998706854476005e-01
9.999998739799049741e-01
9.999998771492206728e-01
9.999998801996908826e-01
9.999998831372194363e-01
9.999998859673455698e-01
9.999998886952712329e-01
9.999998913258857369e-01
9.999998938637881807e-01
9.999998963133072127e-01
9.999998986785212374e-01
9.999999009632745128e-01
9.999999031711939157e-01
9.999999053057028187e-01
9.999999073700358565e-01
9.999999093672500283e-01
9.999999113002374651e-01
9.999999131717351997e-01
9.999999149843354918e-01
9.999999167404948208e-01
9.999999184425425458e-01
9.999999200926881215e-01
9.999999216930293144e-01
9.999999232455529796e-01
9.999999247521045298e-01
9.999999262141527900e-01
9.999999276316655639e-01
9.999999289993624085e-01
9.999999302983695326e-01
9.999999314859211452e-01
9.999999324957560276e-01
9.999999332630771232e-01
9.999996956803488546e-01
9.999996912822280981e-01
9.999996855282926589e-01
9.999996787128081488e-01
9.999996711625795953e-01
9.999996631108140077e-01
9.999996546734456482e-01
9.999996458868196658e-01
9.999996367497833161e-01
9.999996272475875081e-01
9.999996173609764227e-01
9.999996070686347771e-01
9.999995963475992733e-01
9.999995851732053076e-01
9.999995735189415313e-01
9.999995613562788765e-01
9.999995486544770440e-01
9.999995353803697862e-01
9.999995214981228786e-01
9.999995069689646687e-01
9.999994917508805425e-01
9.999994757982703097e-01
9.999994590615592926e-01
9.999994414867575676e-01
9.999994230149591434e-01
9.999994035817683091e-01
9.999993831166443803e-01
9.999993615421457482e-01
9.999993387730593541e-01
9.999993147153877215e-01
9.999992892651697884e-01
9.999992623070939057e-01
9.999992337128567055e-01
9.999992033391905677e-01
9.999991710254348964e-01
9.999991365904123963e-01
9.999990998281005350e-01
9.999990605009381195e-01
9.999990183280802469e-01
9.999989729623833812e-01
9.999989239420201681e-01
9.999988705856146520e-01
9.999988117644904584e-01
9.999987454152670097e-01
9.999986675218017762e-01
9.999985700509484987e-01
9.999984369030261444e-01
9.999982362436573569e-01
9.999979065150581548e-01
9.999973318978343517e-01
9.999963010083036119e-01
9.999944403577338825e-01
9.999911120789324315e-01
9.999852646151421443e-01
9.999752269727160137e-01
9.999584436999544579e-01
9.999311609378807031e-01
9.998880949099899773e-01
9.998221424071607188e-01
9.997242243865611666e-01
9.995833809694985028e-01
9.993872473636991050e-01
9.991230221784802579e-01
9.987789808431392080e-01
9.983464829739889801e-01
9.978222806166203718e-01
9.972107741382388868e-01
9.965257127699911344e-01
9.957907261134064658e-01
9.950380226548711793e-01
9.943046207602933562e-01
9.936256331200856717e-01
9.930245266804622606e-01
9.925011351329100506e-01
9.920197035713287370e-01
9.915012794024087306e-01
9.908265039183874467e-01
9.898546166901445176e-01
9.884603300147178917e-01
9.865815867894185409e-01
9.842606890740454029e-01
9.816550150362159943e-01
9.789985567653574083e-01
9.765146122482627478e-01
9.743073676170866948e-01
9.722818922747946679e-01
9.701429061114852370e-01
9.674956724996557345e-01
9.640258190025241536e-01
9.596905659257393140e-01
9.548362654622722934e-01
9.501792760437184349e-01
9.466414891747845228e-01
9.450932237576603612e-01
9.460956524895894892e-01
9.497348635635199932e-01
9.556019831014959109e-01
9.629169724132989883e-01
9.707427174698763928e-01
9.782108939874150089e-01
9.846889595266771211e-01
9.898507384152044342e-01
9.936536660721384528e-01
9.962556745730137830e-01
9.979142902493183254e-01
9.989016912523527303e-01
9.994518042052655815e-01
9.997392032738965373e-01
9.998803270816296607e-01
9.999456818852257012e-01
9.999744027906581900e-01
9.999865331920195777e-01
9.999915921856447065e-01
9.999937901364330806e-01
9.999948697400073971e-01
9.999955108316679331e-01
9.999959668037419203e-01
9.999963305666830227e-01
9.999966376981828109e-01
9.999969038346420147e-01
9.999971374885712194e-01
9.999973443037908361e-01
9.999975284956185151e-01
9.999976933962990699e-01
9.999978417106787365e-01
9.999979756666312891e-01
9.999980971178734634e-01
9.999982076195867986e-01
9.999983084859622728e-01
9.999984008348052900e-01
9.999984856225536678e-01
9.999985636720600812e-01
9.999986356948333821e-01
9.999987023089934590e-01
9.999987640538757772e-01
9.999988214019930322e-01
9.999988747688963731e-01
9.999989245213526390e-01
9.999989709841643482e-01
9.999990144458876795e-01
9.999990551636470659e-01
9.999990933672133764e-01
9.999991292624679229e-01
9.999991630343597615e-01
9.999991948494394434e-01
9.999992248580388265e-01
9.999992531961510167e-01
9.999992799870588422e-01
9.999993053427499445e-01
9.999993293651483484e-01
9.999993521471917113e-01
9.999993737737749022e-01
9.999993943225785609e-01
9.999994138648000686e-01
9.999994324657963674e-01
9.999994501856565021e-01
9.999994670797058838e-01
9.999994831989567068e-01
9.999994985905089617e-01
9.999995132979067058e-01
9.999995273614588065e-01
9.999995408185251566e-01
9.999995537037735804e-01
9.999995660494107597e-01
9.999995778853907336e-01
9.999995892396025265e-01
9.999996001380399013e-01
9.999996106049545697e-01
9.999996206629957474e-01
9.999996303333357206e-01
9.999996396357854200e-01
9.999996485888981157e-01
9.999996572100647851e-01
9.999996655156010439e-01
9.999996735208264154e-01
9.999996812401362734e-01
9.999996886870693436e-01
9.999996958743673225e-01
9.999997028140316102e-01
9.999997095173743800e-01
9.999997159950659853e-01
9.999997222571772593e-01
9.999997283132217030e-01
9.999997341721904576e-01
9.999997398425874984e-01
9.999997453324602770e-01
9.999997506494299193e-01
9.999997558007176490e-01
9.999997607931698784e-01
9.999997656332814122e-01
9.999997703272167637e-01
9.999997748808304721e-01
9.999997792996861978e-01
9.999997835890723774e-01
9.999997877540204305e-01
9.999997917993181940e-01
9.999997957295245765e-01
9.999997995489828817e-01
9.999998032618321320e-01
9.999998068720190592e-01
9.999998103833034335e-01
9.999998137992347491e-01
9.999998171229471655e-01
9.999998203561495380e-01
9.999998234954750043e-01
9.999998265229226302e-01
9.999998293889997836e-01
9.999998319974665595e-01
9.999998342143018304e-01
9.999998359174289142e-01
9.999609346564286572e-01
9.999373316939315082e-01
9.998960172597021190e-01
9.998293013886316860e-01
9.997276916335444685e-01
9.995802168310826685e-01
9.993756399654704081e-01
9.991044962199487900e-01
9.987616997921682227e-01
9.983492914674343410e-01
9.978786552655689590e-01
9.973713032620670216e-01
9.968572072362783532e-01
9.963697036882950275e-01
9.959363338278890421e-01
9.955659095976294726e-01
9.952340932013885588e-01
9.948729958049911115e-01
9.943735590383386835e-01
9.936094956397119038e-01
9.924841462723806851e-01
9.909858694402098322e-01
9.892207755358701782e-01
9.873886345184803570e-01
9.856910498064408443e-01
9.842058230559670440e-01
9.828009588228885374e-01
9.811616769102520230e-01
9.789500840020043393e-01
9.760342565746533694e-01
9.726641150143068293e-01
9.694810393028868711e-01
9.673296378168343423e-01
9.669476553148891318e-01
9.686786601898332849e-01
9.723410237948734158e-01
9.773046553110111834e-01
9.827241614063473296e-01
9.878115371178182169e-01
9.920336132826201858e-01
9.951770350294488754e-01
9.972948474473730673e-01
9.985933276275807957e-01
9.993207615430476087e-01
9.996943064491512487e-01
9.998706523526355028e-01
9.999474598046933504e-01
9.999785050666245567e-01
9.999902942837035624e-01
9.999946241300697869e-01
9.999962669840032348e-01
9.999969891067186367e-01
9.999973927589147493e-01
9.999976674623078932e-01
9.999978664542429341e-01
9.999980028467034820e-01
9.999973564742097309e-01
9.999972431590139488e-01
9.999970697509232842e-01
9.999968074835168252e-01
9.999963944765717372e-01
9.999957025494758955e-01
9.999944824838307156e-01
9.999922728585048937e-01
9.999882521662897261e-01
9.999810101285495634e-01
9.999682131116987005e-01
9.999461437079062431e-01
9.999091107245899890e-01
9.998487577206595089e-01
9.997533483213030259e-01
9.996071724280410908e-01
9.993902888922494565e-01
9.990788774008501072e-01
9.986464868880864376e-01
9.980664084132950808e-01
9.973152429697994537e-01
9.963774746216911282e-01
9.952505216080725914e-01
9.939493771108287579e-01
9.925096376057289671e-01
9.909875130382057584e-01
9.894553615044496819e-01
9.879914407115910624e-01
9.866630646006419036e-01
9.855035455193215110e-01
9.844857129577814225e-01
9.834987216202565330e-01
9.823394955832905895e-01
9.807327396484752935e-01
9.783895167440479490e-01
9.751003218477229950e-01
9.708360634745274442e-01
9.658096072210198280e-01
9.604477720577464517e-01
9.552513406413425390e-01
9.505753305247964802e-01
9.464194520879096739e-01
9.423439659304422289e-01
9.375927863581393629e-01
9.314167209590445973e-01
9.234836251753899550e-01
9.141966224420920994e-01
9.047598759607506924e-01
8.969325973983701683e-01
8.925467740453183474e-01
8.929645134709583987e-01
8.986713763125584453e-01
9.091413840613022934e-01
9.230022910148054649e-01
9.384229784780092620e-01
9.535774498727735971e-01
9.670325723264008300e-01
9.779564624617135271e-01
9.861250453010901307e-01
9.917778113113902005e-01
9.954102816181924496e-01
9.975836118549237241e-01
9.987970492827190627e-01
9.994306568748834163e-01
9.997408314773565952e-01
9.998836878750635426e-01
9.999459750844519323e-01
9.999720139167268540e-01
9.999827393205518167e-01
9.999873368283711539e-01
9.999895692280558190e-01
9.999908863690187832e-01
9.999918212345684232e-01
9.999925665644833206e-01
9.999931953862799539e-01
9.999937397025639996e-01
9.999942170012932063e-01
9.999946388554423748e-01
9.999950135752312397e-01
9.999953466297082372e-01
9.999956399380296457e-01
9.999958910588451211e-01
9.999960941558330152e-01
9.999962440834212485e-01
9.999968091818305371e-01
9.999966675705476149e-01
9.999964461622199430e-01
9.999961010135284267e-01
9.999955393466007925e-01
9.999945718364608993e-01
9.999928329959122397e-01
9.999896484209118697e-01
9.999838197117827399e-01
9.999732917842891755e-01
9.999546649145192312e-01
9.999225199583647861e-01
9.998685465730665634e-01
9.997805078678114743e-01
9.996411450173185997e-01
9.994272198835109089e-01
9.991089998324254040e-01
9.986505802149185929e-01
9.980114768451093799e-01
9.971498573558024159e-01
9.960275778702671889e-01
9.946168366220619061e-01
9.929077767359066886e-01
9.909158392079236988e-01
9.886871861727590804e-01
9.863001812843849025e-01
9.838607921318145433e-01
9.814899167761212961e-01
9.793011694622515417e-01
9.773689827460835255e-01
9.756897061630375179e-01
9.741433695302001983e-01
9.724705068636484429e-01
9.702839902484226009e-01
9.671343656605404515e-01
9.626323622977512873e-01
9.566029380055669495e-01
9.492114874244965694e-01
9.409858256787754227e-01
9.326790171751507819e-01
9.249833873623027891e-01
9.181925293367561025e-01
9.119703816867130719e-01
9.053788292130071635e-01
8.972209069910144219e-01
8.866068055426994388e-01
8.735179672301403020e-01
8.591096076499145084e-01
8.455866294098992597e-01
8.356691486143494885e-01
8.318367005871831754e-01
8.356203959733088382e-01
8.471764408612667552e-01
8.652586784327704894e-01
8.875694534287381643e-01
9.113532883074817459e-01
9.340357536179393350e-01
9.537165396711047016e-01
9.693980880914067066e-01
9.809388280520217052e-01
9.888144938229836978e-01
9.938129322140393240e-01
9.967704320135034601e-01
9.984053170878599559e-01
9.992514251491240174e-01
9.996623466504924727e-01
9.998502358500237497e-01
9.999315775919147553e-01
9.999653066281269931e-01
9.999790422947845148e-01
9.999848267816578984e-01
9.999875675943208364e-01
9.999891464886210279e-01
9.999902509544750240e-01
9.999911269373925604e-01
9.999918657532309574e-01
9.999925061791401504e-01
9.999930686564563187e-01
9.999935660676226856e-01
9.999940064973559251e-01
9.999943930094143951e-01
9.999947229169170448e-01
9.999949892181798639e-01
9.999951858466293864e-01
