9.999998181271652076e-01
9.999997511953157003e-01
9.999994077215147437e-01
9.999975675365933014e-01
9.999888900759268395e-01
9.999546221957565928e-01
9.998429567829418829e-01
9.995450990114550516e-01
9.989004873663769324e-01
9.977843883733363839e-01
9.962787330961938581e-01
9.947906609360925856e-01
9.939209645237148116e-01
9.940831997597998626e-01
9.951871324297927313e-01
9.967028118825962402e-01
9.980367420256375244e-01
9.988548771277574456e-01
9.991244284546491050e-01
9.989658630573166054e-01
9.985162512026457549e-01
9.978896754839552408e-01
9.971971543638766811e-01
9.965645844730828262e-01
9.961210408712498632e-01
9.959629095172179980e-01
9.961129661327916551e-01
9.964911258276116790e-01
9.969069605288083391e-01
9.970894158805299057e-01
9.967839071899258219e-01
9.959240031458080900e-01
9.947837218540493964e-01
9.939273900424623331e-01
9.938860292619027259e-01
9.947833640081060746e-01
9.962575702726650384e-01
9.977496422359063422e-01
9.988672280320184393e-01
9.995228180911841509e-01
9.998316855500479772e-01
9.999501507893694408e-01
9.999874631994725149e-01
9.999971874805357874e-01
9.999993108569971145e-01
9.999997133316887998e-01
9.999867828153128357e-01
9.999862076385821474e-01
9.999854050148528906e-01
9.999844088736153935e-01
9.999832466497309280e-01
9.999819202189252909e-01
9.999804091887809498e-01
9.999786783233894916e-01
9.999766797403604190e-01
9.999743502778644100e-01
9.999716054969753909e-01
9.999683294453123317e-01
9.999643529681987442e-01
9.999593723724164995e-01
9.999524785095160739e-01
9.999393241752239092e-01
9.998972195481177216e-01
9.997201275834279866e-01
9.989906841806116544e-01
9.963608519681843578e-01
9.883382647069620663e-01
9.678980195342009596e-01
9.247417049228061625e-01
8.497643789590106911e-01
7.435850055361110655e-01
6.233314374637901611e-01
5.200375456066779201e-01
4.658273091876274918e-01
4.787385459598722526e-01
5.541082531107494047e-01
6.665927623080623032e-01
7.819185760264324436e-01
8.722426825592145549e-01
9.255849211957553058e-01
9.442942189828991140e-01
9.368906981390806576e-01
9.112363099274762845e-01
8.725805913778831302e-01
8.248359841702675999e-01
7.722429221368900532e-01
7.200023640099320055e-01
6.738617108478348605e-01
6.391997202627558439e-01
6.201289118801107669e-01
6.188657109478545859e-01
6.353270466896542290e-01
6.667204727335886982e-01
7.068779232088316933e-01
7.454339901845880023e-01
7.679443925230261536e-01
7.591423147695866014e-01
7.105468863088004738e-01
6.291137812076665892e-01
5.394744798306476685e-01
4.752844625583865223e-01
4.640113469779706401e-01
5.143886513268109972e-01
6.129375072990378426e-01
7.308877594350607909e-01
8.381629547554274584e-01
9.164081834990550623e-01
9.630784996192560676e-01
9.860618213684684275e-01
9.954721990557218181e-01
9.986995609446618349e-01
9.996373234539115415e-01
9.998745025773450035e-01
9.999314317728573709e-01
9.999480298760521357e-01
9.999559197910270480e-01
9.999613936982643114e-01
9.999657278030162910e-01
9.999692956072455674e-01
9.999722859153650223e-01
9.999748247337054696e-01
9.999770029848402686e-01
9.999788861312719490e-01
9.999805143210639402e-01
9.999818943752283307e-01
9.999829967092033201e-01
9.999837817228699466e-01
