3.301867378719068711e+03 9.992812201696267271e-01 4.106820381146327782e-03 5.056465295128315120e+03
3.301876600526576567e+03 9.978514632918584759e-01 4.103012520288799522e-03 5.047445346925222111e+03
3.301885822334084423e+03 9.957870744167721666e-01 4.098704178539241440e-03 5.035230143176486308e+03
3.301895044141591825e+03 9.962914085402526654e-01 4.092313751336180971e-03 5.036015944784970998e+03
3.301904265949099681e+03 9.995553086616296712e-01 4.083686851523526604e-03 5.050754181330582469e+03
3.301913487756607537e+03 1.001310059674520581e+00 4.081803964899995141e-03 5.057868759702244461e+03
3.301922709564115394e+03 1.001171811189831784e+00 4.088382763521075138e-03 5.055430136474285973e+03
3.301931931371623250e+03 1.000982994978144136e+00 4.089153202727588941e-03 5.052749114302332600e+03
3.301941153179131106e+03 1.000728238235994993e+00 4.082274737657533466e-03 5.049749109341119038e+03
3.301950374986638508e+03 1.000020254843067002e+00 4.075663741143491399e-03 5.044477567231736430e+03
3.301959596794146364e+03 9.986139519478793858e-01 4.069473770114785845e-03 5.035701573407459364e+03
3.301968818601654220e+03 9.983975869587754515e-01 4.066489169900275660e-03 5.032944072632974894e+03
3.301978040409162077e+03 1.000116356520297956e+00 4.068720725277635321e-03 5.039955149903006713e+03
3.301987262216669933e+03 1.001586533764504683e+00 4.072312112977830890e-03 5.045724995166765439e+03
3.301996484024177335e+03 1.002633054601701712e+00 4.078236563112097590e-03 5.049373995191518588e+03
3.302005705831685191e+03 1.002008735279115825e+00 4.079260976388029807e-03 5.044626035014056470e+03
3.302014927639193047e+03 9.983771200730870987e-01 4.071467595866039291e-03 5.024763546470427173e+03
3.302024149446700903e+03 9.959386375524805768e-01 4.062602775624716590e-03 5.010935227364306229e+03
3.302033371254208760e+03 9.960600932259539020e-01 4.051468536995198218e-03 5.010010868513722926e+03
3.302042593061716616e+03 9.957849599088026693e-01 4.045648586335810412e-03 5.007113042947275972e+03
3.302051814869224017e+03 9.946173808009453055e-01 4.051884700750764227e-03 4.999751694118575870e+03
3.302061036676731874e+03 9.941297177174435173e-01 4.054203937432994224e-03 4.995833127000213608e+03
3.302070258484239730e+03 9.952784945944117556e-01 4.047156374249231102e-03 5.000160489289331053e+03
3.302079480291747586e+03 9.969639652900135207e-01 4.045966873495467596e-03 5.007204039841200029e+03
3.302088702099255443e+03 1.000217445100309854e+00 4.061852701322699911e-03 5.022140617599319739e+03
3.302097923906763299e+03 1.001524265543544123e+00 4.068576152074195214e-03 5.027322120475503652e+03
3.302107145714270700e+03 9.968029632753526714e-01 4.046919443415966655e-03 5.002275344505574139e+03
3.302116367521778557e+03 9.930353522482106010e-01 4.029787921326267834e-03 4.982052806608729952e+03
3.302125589329286413e+03 9.924454165264632310e-01 4.027724871021841346e-03 4.977805968477062379e+03
3.302134811136794269e+03 9.919366083522699329e-01 4.025656599015355400e-03 4.973995727779123627e+03
3.302144032944302126e+03 9.917307303622192594e-01 4.023630248728092204e-03 4.971734397901439479e+03
3.302153254751809527e+03 9.912540251769984545e-01 4.021483060781470310e-03 4.968145900883556351e+03
3.302162476559317383e+03 9.897615854498478249e-01 4.018945028347477473e-03 4.959499319309271414e+03
3.302171698366825240e+03 9.885594005690936381e-01 4.016107427890199498e-03 4.952341386924953440e+03
3.302180920174333096e+03 9.888083729062554506e-01 4.011902353164181409e-03 4.952486141340651557e+03
3.302190141981840952e+03 9.880506647178113333e-01 4.004532400724632180e-03 4.947621959977906954e+03
3.302199363789348808e+03 9.819255388190555323e-01 3.980323321730026322e-03 4.915921124023105222e+03
3.302208585596856210e+03 9.769496637266600336e-01 3.961663012975954329e-03 4.890019110922840810e+03
3.302217807404364066e+03 9.787840532711308272e-01 3.975847465707054752e-03 4.898242693647438500e+03
3.302227029211871923e+03 9.802153994342397425e-01 3.987510463244811100e-03 4.904481195509459212e+03
3.302236251019379779e+03 9.790578926929786041e-01 3.982887330215527724e-03 4.897801973188221382e+03
3.302245472826887635e+03 9.766785594600023712e-01 3.975068347081036658e-03 4.885050108090985304e+03
3.302254694634395491e+03 9.654827610953289341e-01 3.944258403274418165e-03 4.828249467418829227e+03
3.302263916441902893e+03 9.529353799733979447e-01 3.907857003532945461e-03 4.764746412279827382e+03
3.302273138249410749e+03 9.294305900853082614e-01 3.826085924949275928e-03 4.646520789495038116e+03
3.302282360056918606e+03 9.056408683972535512e-01 3.744178798263692043e-03 4.526942744573578238e+03
3.302291581864426462e+03 8.793201555906936528e-01 3.661462157799972618e-03 4.394785004119257792e+03
3.302300803671934318e+03 8.549723017099640776e-01 3.585119201816551644e-03 4.272557171138102603e+03
3.302310025479441720e+03 8.625628724981621032e-01 3.612053163252255516e-03 4.309982531383072455e+03
3.302319247286949576e+03 8.713591473480860605e-01 3.642279715105423664e-03 4.353460422643848688e+03
3.302328469094457432e+03 9.049864867479611164e-01 3.740499919668884010e-03 4.521015199729353299e+03
3.302337690901965289e+03 9.381949712307279254e-01 3.837931365563656758e-03 4.686485906244888611e+03
3.302346912709473145e+03 9.597127392623212572e-01 3.913657184776661926e-03 4.793577527483966151e+03
3.302356134516981001e+03 9.809077102872864051e-01 3.988035319398999454e-03 4.899084499194108503e+03
3.302365356324488403e+03 9.882643251617180269e-01 4.004695140200059851e-03 4.935512489664496570e+03
3.302374578131996259e+03 9.955254378240184776e-01 4.021139719516267710e-03 4.971506222033191079e+03
3.302383799939504115e+03 9.944883826100190394e-01 4.020477207590991003e-03 4.966106471858344776e+03
3.302393021747011971e+03 9.934414830547949604e-01 4.019775176695493044e-03 4.960706721683498472e+03
3.302402243554519828e+03 9.912770101427763603e-01 4.013474625309701102e-03 4.949776290243468793e+03
3.302411465362027684e+03 9.891005870251760035e-01 4.007123999830253767e-03 4.938836656338851753e+03
3.302420687169535086e+03 9.924127295301820029e-01 4.022219842526576772e-03 4.955353604727381025e+03
3.302429908977042942e+03 9.957909444063427484e-01 4.037572375530673954e-03 4.972252055102038867e+03
3.302439130784550798e+03 9.965948837183167264e-01 4.028632333851697896e-03 4.976349085787633157e+03
3.302448352592058654e+03 9.973203756148232291e-01 4.019008739353458794e-03 4.980107801033264877e+03
3.302457574399566511e+03 9.988875909751950832e-01 4.031684380813678123e-03 4.988124054654409520e+03
3.302466796207073912e+03 1.000477175449402623e+00 4.045192052380815369e-03 4.996307522773287928e+03
3.302476018014581769e+03 9.993180084890874726e-01 4.031752084104851114e-03 4.990819616929537915e+03
3.302485239822089625e+03 9.980042924971688212e-01 4.016858144316866504e-03 4.984614680981987476e+03
3.302494461629597481e+03 9.981881521782447475e-01 4.016620946693446985e-03 4.985941536368944071e+03
3.302503683437105337e+03 9.984617547489156308e-01 4.017314149885127007e-03 4.987765176576203885e+03
3.302512905244613194e+03 9.976353219713236520e-01 4.017404333384388265e-03 4.984137577541089740e+03
3.302522127052120595e+03 9.967139555676604035e-01 4.017416922934003744e-03 4.980074857167438495e+03
3.302531348859628451e+03 9.947944279998471862e-01 4.005834990622413744e-03 4.971059157273334677e+03
3.302540570667136308e+03 9.927757929138252280e-01 3.993142629584554501e-03 4.961577638769062105e+03
3.302549792474644164e+03 9.953847877208573669e-01 4.003938257174164198e-03 4.975251593358179889e+03
3.302559014282152020e+03 9.984916818337296052e-01 4.017265928722165910e-03 4.991441520162642519e+03
3.302568236089659877e+03 9.973692736811501369e-01 4.007949570053377132e-03 4.986510088191401337e+03
3.302577457897167278e+03 9.957217607468974441e-01 3.995826035433175556e-03 4.978966822307976145e+03
3.302586679704675134e+03 9.944385854711086381e-01 3.996934587387424888e-03 4.973254619255009857e+03
3.302595901512182991e+03 9.932052497948442582e-01 3.999877793733942928e-03 4.967797067324302589e+03
3.302605123319690847e+03 9.944175057684054853e-01 3.994382617683631120e-03 4.974574914815595548e+03
3.302614345127198703e+03 9.960084615665252272e-01 3.987583283116568657e-03 4.983248222265207005e+03
3.302623566934706105e+03 9.992661721739715119e-01 4.004154769935357010e-03 5.000259028979245159e+03
3.302632788742213961e+03 1.002751348019170541e+00 4.023905731953226692e-03 5.018403593997390089e+03
3.302642010549721817e+03 9.999664423637109056e-01 4.019523049438479892e-03 5.005155830927596071e+03
3.302651232357229674e+03 9.962342329567062116e-01 4.011493252306126168e-03 4.987144602074528848e+03
3.302660454164737530e+03 9.958256921560088015e-01 4.000716059067402526e-03 4.985747359290709937e+03
3.302669675972245386e+03 9.959795882414674839e-01 3.989497551919946212e-03 4.987140266950435944e+03
3.302678897779752788e+03 9.943792429001566680e-01 3.981390177276689438e-03 4.979718647542486906e+03
3.302688119587260644e+03 9.924611180414031342e-01 3.973881025500876872e-03 4.970669847574400592e+03
3.302697341394768500e+03 9.943940110730781212e-01 3.986558131702754894e-03 4.980870751476794794e+03
3.302706563202276357e+03 9.971101402642584821e-01 4.003331965771535390e-03 4.994955220090767398e+03
3.302715785009784213e+03 9.987936855822153737e-01 4.004410808612826785e-03 5.003822903836350633e+03
3.302725006817292069e+03 1.000258566521808890e+00 4.002079186326228284e-03 5.011546051795310632e+03
3.302734228624799471e+03 1.001012693680387589e+00 4.002672932795992879e-03 5.015655745738336918e+03
3.302743450432307327e+03 1.001634258599323646e+00 4.003880329701096745e-03 5.019048862709591049e+03
3.302752672239815183e+03 1.003514349313832099e+00 4.005007768332765131e-03 5.028697012837506009e+03
3.302761894047323040e+03 1.005673895097016990e+00 4.006149571697517099e-03 5.039695340534303796e+03
3.302771115854830896e+03 1.003081937145329672e+00 4.002104015318119420e-03 5.026832541078904796e+03
3.302780337662338297e+03 9.993860965714065347e-01 3.996874952498898417e-03 5.008388084158589663e+03
3.302789559469846154e+03 9.960831770871957369e-01 3.984837571046141551e-03 4.991864429377927081e+03
3.302798781277354010e+03 9.928863991644679698e-01 3.971108552524874914e-03 4.975825845827186640e+03
3.302808003084861866e+03 9.922050665739535757e-01 3.967078352804075635e-03 4.972347735938627011e+03
3.302817224892369723e+03 9.922136830722926293e-01 3.965709267937647317e-03 4.972282545880735597e+03
3.302826446699877579e+03 9.921213532469347340e-01 3.964090501356677503e-03 4.971667701960785962e+03
3.302835668507384980e+03 9.920102757925461923e-01 3.962434986918053278e-03 4.970916103760909209e+03
3.302844890314892837e+03 9.895293338580647413e-01 3.949345526830583437e-03 4.958247951011781879e+03
3.302854112122400693e+03 9.864192008339139894e-01 3.933215367441087428e-03 4.942387723955687761e+03
3.302863333929908549e+03 9.826752436927043144e-01 3.919984131819251316e-03 4.923314062655394991e+03
3.302872555737416405e+03 9.787540686366292819e-01 3.907606938019147699e-03 4.903316447731237531e+03
3.302881777544924262e+03 9.695212460131285015e-01 3.870186942659321547e-03 4.856676282366981468e+03
3.302890999352431663e+03 9.586569031023575160e-01 3.825071986430318271e-03 4.801835348255919598e+03
3.302900221159939520e+03 9.467677868977315558e-01 3.790794455060931319e-03 4.741836762105474918e+03
3.302909442967447376e+03 9.345910047694800937e-01 3.759605147534637783e-03 4.680375558213003387e+03
3.302918664774955232e+03 9.330755441563348684e-01 3.743933274043959904e-03 4.672280287613117252e+03
3.302927886582463088e+03 9.348034250365824249e-01 3.732990891177691804e-03 4.680394160805104548e+03
3.302937108389970490e+03 9.477309454269216005e-01 3.768601911843732794e-03 4.744543222314957347e+03
3.302946330197478346e+03 9.643006956849059508e-01 3.819348655417091880e-03 4.826877520962500967e+03
3.302955552004986203e+03 9.757305569570912107e-01 3.855808582550198683e-03 4.883435780007324865e+03
3.302964773812494059e+03 9.856256996115512203e-01 3.888008243953854602e-03 4.932269226749645895e+03
3.302973995620001915e+03 9.911337247388835037e-01 3.905377151392039337e-03 4.959109255678598856e+03
3.302983217427509771e+03 9.952405339001257900e-01 3.918011025097622654e-03 4.978903552266007864e+03
3.302992439235017173e+03 9.963893763383024904e-01 3.914797148732075509e-03 4.983869153241479580e+03
3.303001661042525029e+03 9.965306245220320047e-01 3.906178138656994474e-03 4.983767921741911778e+03
3.303010882850032885e+03 9.966005465580184408e-01 3.897813303635444451e-03 4.983284853213059250e+03
3.303020104657540742e+03 9.966511429323494653e-01 3.889539507048636602e-03 4.982681045290130896e+03
3.303029326465048598e+03 9.975630748865162989e-01 3.893991749961487302e-03 4.986359516837638694e+03
3.303038548272556454e+03 9.987688698179706392e-01 3.902752386693616148e-03 4.991482856354383330e+03
3.303047770080063856e+03 9.989710567398354391e-01 3.908024864769110013e-03 4.991568055480082876e+03
3.303056991887571712e+03 9.988626417965055238e-01 3.912220196187760589e-03 4.990080937532449752e+03
3.303066213695079568e+03 9.985110548363885785e-01 3.909184528210022172e-03 4.987360142850096963e+03
3.303075435502587425e+03 9.980806994931801235e-01 3.903746995543724320e-03 4.984228350257567399e+03
3.303084657310095281e+03 9.998009240666551056e-01 3.905991799450391887e-03 4.991817484260786841e+03
3.303093879117602683e+03 1.002287365855573098e+00 3.910973353053620941e-03 5.003211499090533835e+03
3.303103100925110539e+03 1.003324670942217001e+00 3.914283867377434806e-03 5.007352592612293847e+03
3.303112322732618395e+03 1.003887224265489042e+00 3.917052747912655279e-03 5.009108067424905130e+03
3.303121544540126251e+03 1.001652160264428382e+00 3.913309253423964337e-03 4.996892386265358255e+03
3.303130766347634108e+03 9.984367654568184758e-01 3.907286620750917948e-03 4.979779356545681367e+03
3.303139988155141964e+03 9.994952089166184717e-01 3.903035047176309311e-03 4.983973071389041252e+03
3.303149209962649365e+03 1.001944040743247610e+00 3.899363094898116149e-03 4.995085397690492755e+03
3.303158431770157222e+03 9.998684399654803601e-01 3.898215068724239854e-03 4.983631476440749793e+03
3.303167653577665078e+03 9.962259562119942791e-01 3.897945295182556232e-03 4.964365312676705798e+03
3.303176875385172934e+03 9.971905523914542657e-01 3.902047248534591412e-03 4.968052176680575940e+03
3.303186097192680791e+03 9.996340635726921331e-01 3.907556149935795947e-03 4.979096345171339635e+03
3.303195319000188647e+03 9.980854739656213059e-01 3.899370639606536664e-03 4.970249240300649944e+03
3.303204540807696048e+03 9.951712639624614720e-01 3.886499950436040490e-03 4.954601747462542335e+03
3.303213762615203905e+03 9.958761477381138372e-01 3.888271137767243361e-03 4.956970932257673667e+03
3.303222984422711761e+03 9.977274371603763736e-01 3.894679980783289936e-03 4.965040350581590246e+03
3.303232206230219617e+03 1.000919326721990243e+00 3.900070447240134956e-03 4.979773149079450377e+03
3.303241428037727474e+03 1.004565176292062212e+00 3.905118887564621149e-03 4.996755451424844068e+03
3.303250649845234875e+03 1.005098806609978856e+00 3.902770063445601487e-03 4.998252399527405032e+03
3.303259871652742731e+03 1.004659941925309274e+00 3.898108370974778629e-03 4.994913866441257596e+03
3.303269093460250588e+03 1.002864883467626811e+00 3.897438381370461283e-03 4.984836954582771796e+03
3.303278315267758444e+03 1.000616473947184559e+00 3.898098040179015511e-03 4.972513916466250521e+03
3.303287537075266300e+03 9.995963987392022521e-01 3.892191410214022613e-03 4.966302376479026861e+03
3.303296758882774157e+03 9.989540936349460276e-01 3.884255325043046818e-03 4.961974170629501714e+03
3.303305980690281558e+03 1.000384152168038998e+00 3.887054678351150455e-03 4.967944367402698845e+03
3.303315202497789414e+03 1.002496192566904032e+00 3.893386706526498747e-03 4.977303785958864864e+03
3.303324424305297271e+03 1.003711345981009195e+00 3.901317107151386788e-03 4.982213947075863871e+03
3.303333646112805127e+03 1.004652721522018233e+00 3.909731538267214278e-03 4.985771138762943337e+03
3.303342867920312983e+03 1.003648337399873691e+00 3.900050311886849204e-03 4.979681585171463666e+03
3.303352089727820839e+03 1.002096906804769150e+00 3.885289828646449738e-03 4.970890942901597555e+03
3.303361311535328241e+03 1.000053994459388251e+00 3.880164548224613458e-03 4.959677477337993878e+03
3.303370533342836097e+03 9.978611263680453591e-01 3.877923657020872304e-03 4.947737066682331715e+03
3.303379755150343954e+03 9.970198110899012311e-01 3.870935667566223481e-03 4.942514472007816039e+03
3.303388976957851810e+03 9.965495338629695166e-01 3.862625864694052211e-03 4.939146663834058018e+03
5.889037361013084592e+03 9.967446508172291830e-01 1.613455318410045693e-03 4.283324439214842641e+03
5.889048241000590679e+03 9.975481675780061286e-01 1.612981915441963647e-03 4.286474490250623603e+03
5.889059120988096765e+03 9.976638570855237420e-01 1.619075569640718911e-03 4.286655183095777829e+03
5.889070000975601943e+03 9.983262007372660785e-01 1.621418417633903710e-03 4.289171147690546604e+03
5.889080880963108029e+03 1.000004869595353840e+00 1.616763981551662442e-03 4.296039732538655699e+03
5.889091760950614116e+03 1.000756472129704644e+00 1.613770941613716084e-03 4.298911872113851132e+03
5.889102640938120203e+03 9.996189752364360581e-01 1.614152873157155728e-03 4.293656516010528321e+03
5.889113520925626290e+03 9.989899640616056731e-01 1.615030951938381141e-03 4.290573416374470980e+03
5.889124400913131467e+03 9.994891077804572976e-01 1.617007196058351361e-03 4.292323395675284701e+03
5.889135280900637554e+03 9.992947873975901452e-01 1.618822189798679390e-03 4.291083068760579408e+03
5.889146160888143640e+03 9.974025775187225218e-01 1.620236199644924449e-03 4.282540793889669658e+03
5.889157040875649727e+03 9.966971075340262942e-01 1.620999978085171152e-03 4.279083442263589859e+03
5.889167920863155814e+03 9.991806730468585362e-01 1.620006235377523035e-03 4.289305209027097590e+03
5.889178800850661901e+03 1.000477925680166802e+00 1.619222603814794411e-03 4.294421375956013435e+03
5.889189680838167078e+03 9.982366501071794351e-01 1.619056480108325502e-03 4.284338222980448336e+03
5.889200560825673165e+03 9.967364615855314192e-01 1.618917974759399598e-03 4.277426623046055283e+03
5.889211440813179252e+03 9.976865601273965378e-01 1.618861466753566654e-03 4.281019856926780449e+03
5.889222320800685338e+03 9.984161586108100117e-01 1.619429477010260205e-03 4.283655647838058030e+03
5.889233200788191425e+03 9.983205069888959615e-01 1.622303561676407711e-03 4.282740157279546111e+03
5.889244080775696602e+03 9.983659714986624634e-01 1.625425415641255575e-03 4.282420000992236055e+03
5.889254960763202689e+03 9.989948735005915736e-01 1.629570355017402085e-03 4.284592233600274994e+03
5.889265840750708776e+03 9.995942991708561820e-01 1.631647730527593454e-03 4.286627717518056670e+03
5.889276720738214863e+03 1.000043907489011286e+00 1.623839810657104346e-03 4.288010683091581996e+03
5.889287600725720949e+03 9.999204314623155732e-01 1.617448769906420798e-03 4.286926904834709603e+03
5.889298480713226127e+03 9.974768896136271268e-01 1.616771852696074043e-03 4.275888746947424806e+03
5.889309360700732213e+03 9.954303940821012109e-01 1.616857714312071054e-03 4.266546299551022457e+03
5.889320240688238300e+03 9.951996208224238583e-01 1.620430266570130947e-03 4.264978943928993431e+03
5.889331120675744387e+03 9.947754291797965553e-01 1.623570915653290781e-03 4.262574631031329773e+03
5.889342000663250474e+03 9.933236154407806273e-01 1.624417253455004125e-03 4.255759881510372907e+03
5.889352880650755651e+03 9.919783570602743739e-01 1.625770929227137850e-03 4.249395315571926403e+03
5.889363760638261738e+03 9.912804411694179363e-01 1.630225863484515347e-03 4.245797240919550859e+03
5.889374640625767825e+03 9.903792951383008081e-01 1.632585036543876197e-03 4.241322084868904312e+03
5.889385520613273911e+03 9.879832551207954339e-01 1.619604827823856088e-03 4.230439678342407205e+03
5.889396400600779998e+03 9.857111279583656849e-01 1.608070129211444134e-03 4.220083623095078110e+03
5.889407280588285175e+03 9.845361188410931552e-01 1.609432580076768787e-03 4.214419846693831460e+03
5.889418160575791262e+03 9.835057075064068677e-01 1.610830062769151800e-03 4.209369702109315767e+03
5.889429040563297349e+03 9.840966025036966824e-01 1.612592501751467997e-03 4.211252417004668132e+03
5.889439920550803436e+03 9.846191187228809927e-01 1.614646007548380287e-03 4.212835421449559362e+03
5.889450800538309522e+03 9.845563672270998268e-01 1.619116147756114940e-03 4.211907801549349642e+03
5.889461680525814700e+03 9.843614682087711287e-01 1.622673834792154497e-03 4.210409062875019117e+03
5.889472560513320786e+03 9.827681567872513790e-01 1.616631002252222164e-03 4.202924343219963703e+03
5.889483440500826873e+03 9.808051848041199339e-01 1.610532074597430903e-03 4.193855598625046696e+03
5.889494320488332960e+03 9.737285728432013565e-01 1.603655973142459248e-03 4.162922176431906337e+03
5.889505200475839047e+03 9.665594458656300292e-01 1.596545309501628098e-03 4.131598014481192877e+03
5.889516080463344224e+03 9.575760795292368455e-01 1.584787165238884035e-03 4.092525241311403988e+03
5.889526960450850311e+03 9.485371605693895258e-01 1.573097944774641847e-03 4.053223107009390787e+03
5.889537840438356397e+03 9.376636352484407633e-01 1.563830866257370084e-03 4.006091188672036424e+03
5.889548720425862484e+03 9.268690429986582435e-01 1.554654597731991439e-03 3.959307813930198336e+03
5.889559600413368571e+03 9.251459091510009225e-01 1.555739465812766608e-03 3.951280041029097447e+03
5.889570480400873748e+03 9.235993116067765518e-01 1.556523401360004454e-03 3.944004868852169693e+03
5.889581360388379835e+03 9.270240694557513317e-01 1.548769012671586624e-03 3.957953724431688897e+03
5.889592240375885922e+03 9.300524390780898765e-01 1.540682008965562916e-03 3.970202094491610296e+03
5.889603120363392009e+03 9.063756526721850060e-01 1.510383087489446802e-03 3.868463663480393734e+03
5.889614000350898095e+03 8.826913698424673216e-01 1.480074839387255509e-03 3.766725232469177172e+03
5.889624880338403273e+03 7.999967860423121691e-01 1.389077062885228121e-03 3.413247259029792986e+03
5.889635760325909359e+03 7.169864390033385826e-01 1.297752848225671883e-03 3.058543024444642015e+03
5.889646640313415446e+03 6.238397444902699096e-01 1.198497586247088175e-03 2.660728460207977150e+03
5.889657520300921533e+03 5.304079069122308310e-01 1.099010578827447435e-03 2.261835964983754820e+03
5.889668400288427620e+03 5.226424343960777152e-01 1.097207124344090796e-03 2.228328132827306490e+03
5.889679280275932797e+03 5.188138981431386076e-01 1.099895481455455621e-03 2.211613413254450734e+03
5.889690160263438884e+03 5.590007520964741516e-01 1.149674570038208962e-03 2.382500188472319223e+03
5.889701040250944970e+03 6.000368524037776874e-01 1.200364813901555515e-03 2.556944098487971587e+03
5.889711920238451057e+03 5.786938058576553967e-01 1.180048221869422305e-03 2.465555260354145958e+03
5.889722800225957144e+03 5.548678033212872673e-01 1.156906762240061297e-03 2.363621276629556633e+03
5.889733680213462321e+03 4.778840401651826553e-01 1.059426329683185513e-03 2.035322491473168157e+03
5.889744560200968408e+03 3.976176488581119051e-01 9.573587655060782900e-04 1.693162336939676152e+03
5.889755440188474495e+03 3.255483932928058266e-01 8.613825317830154640e-04 1.386023730511510848e+03
5.889766320175980582e+03 2.541420694334853847e-01 7.658850381005671924e-04 1.081816939838787221e+03
5.889777200163486668e+03 1.957217099924011550e-01 6.754402280996176693e-04 8.329871198578989606e+02
5.889788080150991846e+03 1.386750490092021615e-01 5.855082034254715552e-04 5.900919163906387439e+02
5.889798960138497932e+03 9.451039145325833279e-02 4.962186264637967296e-04 4.020897071875673419e+02
5.889809840126004019e+03 5.132305142886813693e-02 4.069488949433552297e-04 2.183121693210918011e+02
5.889820720113510106e+03 3.209868487332869641e-02 3.594564208971987897e-04 1.365132611130895270e+02
5.889831600101016193e+03 1.526858505520112437e-02 3.161335720794342975e-04 6.492449611251643660e+01
5.889842480088521370e+03 2.020922625311542820e-02 3.300377255256094103e-04 8.591752544411508552e+01
5.889853360076027457e+03 2.785889545137834947e-02 3.510631018025314482e-04 1.184181723216894255e+02
5.889864240063533543e+03 7.530019175645527585e-02 4.522953828761775048e-04 3.200170050085421281e+02
5.889875120051039630e+03 1.287102474768497540e-01 5.655603321377554492e-04 5.469060930717287192e+02
5.889886000038545717e+03 2.590246317586172853e-01 7.589327393846710332e-04 1.100432815453847070e+03
5.889896880026050894e+03 3.983846909342174114e-01 9.617454321225909260e-04 1.692186125547533038e+03
5.889907760013556981e+03 5.605617847509785090e-01 1.157546047701785846e-03 2.380631673380537450e+03
5.889918640001063068e+03 7.260286191917233456e-01 1.352409375051261044e-03 3.082804065676225491e+03
5.889929519988569155e+03 8.213779484069353432e-01 1.456896116914870639e-03 3.487056113368145816e+03
5.889940399976075241e+03 9.049661023057752329e-01 1.546217933974883664e-03 3.841246660223116578e+03
5.889951279963580419e+03 9.419110186800330187e-01 1.585964526292997067e-03 3.997367168561787366e+03
5.889962159951086505e+03 9.697502317093249502e-01 1.616032806078232260e-03 4.114799230135727157e+03
5.889973039938592592e+03 9.832737534499175203e-01 1.631929883609177859e-03 4.171460479749511251e+03
5.889983919926098679e+03 9.945059743016793075e-01 1.645559038254459060e-03 4.218386492250763695e+03
5.889994799913604766e+03 9.975060679333920266e-01 1.644540067774869592e-03 4.230387774203399204e+03
5.890005679901109943e+03 9.989650554149819284e-01 1.640777215613972370e-03 4.235854040675671058e+03
5.890016559888616030e+03 9.990127084393124468e-01 1.639786547063759375e-03 4.235339018556795054e+03
5.890027439876122116e+03 9.987555100282861087e-01 1.639391465278750232e-03 4.233536121109746091e+03
5.890038319863628203e+03 9.989224381611704340e-01 1.634751229882078043e-03 4.233535681689783814e+03
5.890049199851134290e+03 9.991644378379824776e-01 1.629347845348441811e-03 4.233857916817224577e+03
5.890060079838639467e+03 1.000050602810413247e+00 1.620830028878977305e-03 4.236913951873626502e+03
5.890070959826145554e+03 1.001069312384735399e+00 1.611663918930812678e-03 4.240535422809098236e+03
5.890081839813651641e+03 9.999332189279587224e-01 1.616072545827329596e-03 4.235034628041647011e+03
5.890092719801157727e+03 9.982870668793734081e-01 1.623685636625369537e-03 4.227381091406205087e+03
5.890103599788663814e+03 9.996488551501386821e-01 1.626372373101784554e-03 4.232471089401019526e+03
5.890114479776168992e+03 1.001607093856951902e+00 1.628079755974801797e-03 4.240090210928970009e+03
5.890125359763675078e+03 1.001508620240439518e+00 1.632863013071973648e-03 4.239007657285027562e+03
5.890136239751181165e+03 1.000941409192026121e+00 1.638344693377502244e-03 4.235947981512761544e+03
5.890147119738687252e+03 1.000043810233014696e+00 1.644537305277047516e-03 4.231497699660137187e+03
5.890157999726193339e+03 9.990597263059309840e-01 1.650912389167240790e-03 4.226689513096717747e+03
5.890168879713698516e+03 9.995784787377840486e-01 1.650971079052558112e-03 4.228246646283168957e+03
5.890179759701204603e+03 1.000424615456253052e+00 1.649646430054766810e-03 4.231194980261259843e+03
5.890190639688710689e+03 1.000306060548529441e+00 1.650321017235494231e-03 4.230070216099887148e+03
5.890201519676216776e+03 9.999464806034844555e-01 1.651490109037122679e-03 4.227934134188089047e+03
5.890212399663722863e+03 9.993546945160033390e-01 1.649031592144638032e-03 4.224824654878413639e+03
5.890223279651228040e+03 9.986964743893456120e-01 1.645555897908798897e-03 4.221443099505557257e+03
5.890234159638734127e+03 9.991817873990576082e-01 1.646445111009498972e-03 4.222903531416969599e+03
5.890245039626240214e+03 9.999394839705516569e-01 1.648377133737221299e-03 4.225522849820302326e+03
5.890255919613746300e+03 9.978403570612736084e-01 1.648443719503499619e-03 4.216079260237814196e+03
5.890266799601252387e+03 9.949673154438782863e-01 1.648003704061642418e-03 4.203377367802541812e+03
5.890277679588757564e+03 9.943663531479129958e-01 1.652004658818213411e-03 4.200285137921103342e+03
5.890288559576263651e+03 9.944511996787371855e-01 1.657347466990539541e-03 4.200099292743001570e+03
5.890299439563769738e+03 9.948514321235431002e-01 1.655978820220316804e-03 4.201254614109342583e+03
5.890310319551275825e+03 9.953323455277365284e-01 1.652855795184297698e-03 4.202759770518761798e+03
5.890321199538781912e+03 9.955325807965867968e-01 1.652501808120408495e-03 4.203089208308159868e+03
5.890332079526287089e+03 9.956489758535808088e-01 1.652955760989954000e-03 4.203074510144095257e+03
5.890342959513793176e+03 9.948574280681554693e-01 1.654292290984299071e-03 4.199237516734389828e+03
5.890353839501299262e+03 9.937677956178079253e-01 1.655914254374562730e-03 4.194153640200771406e+03
5.890364719488805349e+03 9.940614243680214734e-01 1.652630992414180983e-03 4.194918727140255214e+03
5.890375599476311436e+03 9.947449965297160412e-01 1.647954974362563808e-03 4.197339690375864848e+03
5.890386479463816613e+03 9.957666271535159375e-01 1.652992609492786582e-03 4.201197301668941691e+03
5.890397359451322700e+03 9.968934729803449191e-01 1.661099546428335171e-03 4.205509058139667104e+03
5.890408239438828787e+03 9.950895939465221884e-01 1.660480128666248648e-03 4.197468911212477906e+03
5.890419119426334873e+03 9.924812028342618886e-01 1.657468560714225533e-03 4.186048657678154086e+03
5.890429999413840960e+03 9.914572872555821315e-01 1.655329972340766802e-03 4.181324623231733312e+03
5.890440879401346137e+03 9.909165150323767657e-01 1.653455155224141339e-03 4.178650758804922589e+03
5.890451759388852224e+03 9.919042401241088269e-01 1.656596370465589609e-03 4.182434478103855326e+03
5.890462639376358311e+03 9.934105573986533599e-01 1.661442566605636495e-03 4.188416293393586784e+03
5.890473519363864398e+03 9.944749208688800080e-01 1.663081743445167038e-03 4.192546374940468922e+03
5.890484399351370485e+03 9.954062423638552204e-01 1.663766804090418498e-03 4.196127655609096109e+03
5.890495279338875662e+03 9.958859921174557650e-01 1.664557795059008099e-03 4.197817856569659853e+03
5.890506159326381749e+03 9.962145874754925190e-01 1.665380304100506437e-03 4.198883859631670930e+03
5.890517039313887835e+03 9.962159437159529007e-01 1.666130843108468715e-03 4.198583908989622614e+03
5.890527919301393922e+03 9.961211358523225368e-01 1.666856940319367706e-03 4.197892311661776148e+03
5.890538799288900009e+03 9.959544072660774239e-01 1.665062678181115354e-03 4.196911509436416964e+03
5.890549679276405186e+03 9.957623748781458950e-01 1.662457991076295031e-03 4.195838185520512525e+03
5.895107494451729508e+03 1.001656669843634218e+00 1.802815283791644411e-03 4.309486036648920162e+03
5.895117999889472230e+03 1.000890646690628882e+00 1.801944228502691796e-03 4.306128356513392646e+03
5.895128505327214953e+03 1.000456879391043330e+00 1.801470777808076087e-03 4.304200213872810309e+03
5.895139010764958584e+03 1.001242926831977131e+00 1.802457053930622052e-03 4.307519978615790933e+03
5.895149516202701307e+03 1.001800866865719675e+00 1.804891959507390299e-03 4.309858302682450812e+03
5.895160021640444029e+03 1.001528298400058858e+00 1.812600676390353814e-03 4.308623669516115115e+03
5.895170527078186751e+03 1.001119318157316584e+00 1.818481113263680383e-03 4.306802228421041036e+03
5.895181032515930383e+03 1.000046333813346289e+00 1.815460867110038146e-03 4.302124342118279856e+03
5.895191537953673105e+03 9.994774917812863091e-01 1.813703773436580466e-03 4.299615339899451101e+03
5.895202043391415828e+03 1.001338617869119041e+00 1.818035116658570571e-03 4.307559647849983776e+03
5.895212548829158550e+03 1.002440524850267689e+00 1.821449725862399859e-03 4.312237762684100744e+03
5.895223054266901272e+03 9.999188905350012702e-01 1.820488792646115074e-03 4.301328435566965709e+03
5.895233559704644904e+03 9.976772343914264152e-01 1.819376081823383725e-03 4.291623779144577384e+03
5.895244065142387626e+03 9.973405018402123901e-01 1.817231090983991923e-03 4.290113531078446613e+03
5.895254570580130348e+03 9.970320063635169650e-01 1.816062540119165337e-03 4.288724786250922079e+03
5.895265076017873071e+03 9.969132493362893310e-01 1.821453594253605096e-03 4.288152226222269746e+03
5.895275581455616702e+03 9.967079390899468150e-01 1.825499613699686731e-03 4.287207383674985977e+03
5.895286086893359425e+03 9.959284079287644698e-01 1.820621081726299471e-03 4.283792666784416724e+03
5.895296592331102147e+03 9.951610745542210923e-01 1.816176507499050238e-03 4.280430512084626571e+03
5.895307097768844869e+03 9.945237361947765198e-01 1.816350392032799015e-03 4.277627584627543001e+03
5.895317603206588501e+03 9.939823232133641051e-01 1.816292593100537166e-03 4.275237322665882857e+03
5.895328108644331223e+03 9.944436757879696609e-01 1.813813239415118213e-03 4.277160080723061583e+03
5.895338614082073946e+03 9.948824975962624606e-01 1.811686067316806495e-03 4.278985876906348494e+03
5.895349119519816668e+03 9.950898048920876482e-01 1.813176468187103780e-03 4.279815890035511075e+03
5.895359624957559390e+03 9.952176391335501027e-01 1.814795180817014913e-03 4.280304074026352282e+03
5.895370130395303022e+03 9.936046049910812750e-01 1.819223481999650933e-03 4.273305097198207477e+03
5.895380635833045744e+03 9.920603743873432911e-01 1.823319184164786831e-03 4.266602226844492179e+03
5.895391141270788466e+03 9.919748793773609519e-01 1.820365259464989862e-03 4.266173112406092514e+03
5.895401646708531189e+03 9.918779861322385427e-01 1.817616833268141533e-03 4.265694989023351809e+03
5.895412152146274821e+03 9.915473007151961449e-01 1.819085966577706128e-03 4.264211439721240822e+03
5.895422657584017543e+03 9.912178863420623154e-01 1.820556925323202043e-03 4.262733397495880126e+03
5.895433163021760265e+03 9.917963970900796067e-01 1.823292184354907870e-03 4.265159872633843406e+03
5.895443668459502987e+03 9.923686851670988629e-01 1.826005642231937672e-03 4.267559516298885683e+03
5.895454173897245710e+03 9.907322349651650484e-01 1.820973574364300948e-03 4.260460818456944253e+03
5.895464679334989341e+03 9.890845360829589872e-01 1.815949075450679203e-03 4.253313951095626180e+03
5.895475184772732064e+03 9.847969188627913040e-01 1.812742359243033540e-03 4.234815133935442645e+03
5.895485690210474786e+03 9.805091781653495486e-01 1.809535550686524078e-03 4.216316316775260020e+03
5.895496195648217508e+03 9.753597006297913818e-01 1.804877816744491137e-03 4.194112504067614282e+03
5.895506701085961140e+03 9.701733829458779601e-01 1.800158164867894563e-03 4.171750916217110898e+03
5.895517206523703862e+03 9.647004640480830728e-01 1.797812734705704239e-03 4.148157601567862002e+03
5.895527711961446585e+03 9.592156268731114599e-01 1.795564719356998809e-03 4.124513717489898227e+03
5.895538217399189307e+03 9.593748812577438390e-01 1.789833437045752675e-03 4.125139089159108153e+03
5.895548722836932029e+03 9.597572689723712358e-01 1.783964291550128086e-03 4.126723860395979500e+03
5.895559228274675661e+03 9.598170490937638633e-01 1.787195036090610421e-03 4.126921469719824927e+03
5.895569733712418383e+03 9.598645674799373140e-01 1.790771787342814239e-03 4.127066350666733342e+03
5.895580239150161105e+03 9.411345474351716645e-01 1.768899198510489506e-03 4.046475845328272499e+03
5.895590744587903828e+03 9.207335692145420802e-01 1.744762039569952745e-03 3.958703357776156281e+03
5.895601250025647460e+03 8.667194197705697656e-01 1.679709812167822077e-03 3.726415305921532763e+03
5.895611755463390182e+03 8.097696488961498851e-01 1.611084267141512294e-03 3.481512572353044561e+03
5.895622260901132904e+03 7.567530647956071110e-01 1.549999987762402292e-03 3.253526937283871121e+03
5.895632766338875626e+03 7.040718855332595005e-01 1.489559862733255821e-03 3.026989861107756042e+03
5.895643271776619258e+03 7.009849983365081805e-01 1.484097468618923591e-03 3.013675118561135605e+03
5.895653777214361980e+03 7.049148937617042421e-01 1.486413475371240432e-03 3.030526879805954650e+03
5.895664282652104703e+03 7.279908934277713461e-01 1.519260456882681786e-03 3.129688726026362019e+03
5.895674788089847425e+03 7.537412740526111543e-01 1.556371991740420008e-03 3.240344917983144114e+03
5.895685293527590147e+03 7.417051910095544542e-01 1.539763802606260298e-03 3.188555692942721635e+03
5.895695798965333779e+03 7.244608341982958777e-01 1.515751201151175004e-03 3.114378157214287512e+03
5.895706304403076501e+03 6.711802048642081520e-01 1.450820726886626428e-03 2.885288980824603186e+03
5.895716809840819224e+03 6.129971045448586731e-01 1.380323565347041240e-03 2.635131821313255841e+03
5.895727315278561946e+03 5.443602808005835181e-01 1.287123195701598199e-03 2.340044391396027095e+03
5.895737820716305578e+03 4.743189483846672050e-01 1.190873932847802104e-03 2.038927979478175530e+03
5.895748326154048300e+03 3.931679864119803081e-01 1.074185660398255466e-03 1.690064594313700354e+03
5.895758831591791022e+03 3.098454920497902831e-01 9.535030538236375719e-04 1.331876884405097826e+03
5.895769337029533744e+03 2.217776840191921506e-01 8.055187231177459882e-04 9.533019635206217117e+02
5.895779842467276467e+03 1.327906280304969044e-01 6.522539211230309227e-04 5.707866573222418083e+02
5.895790347905020099e+03 8.051770713795601553e-02 5.375012516653581655e-04 3.460919762072279582e+02
5.895800853342762821e+03 3.526637412380331793e-02 4.301126414275722619e-04 1.515844616716699420e+02
5.895811358780505543e+03 3.167736844495582654e-02 4.243864376429505917e-04 1.361559783182827914e+02
5.895821864218248265e+03 3.597445389340799687e-02 4.379035647749454641e-04 1.546235259930164148e+02
5.895832369655991897e+03 8.086464496891622444e-02 5.399305010004387152e-04 3.475632026190545503e+02
5.895842875093734619e+03 1.361739474311140508e-01 6.646755109393765164e-04 5.852789123349335796e+02
5.895853380531477342e+03 2.579895477563340922e-01 8.624245325262809743e-04 1.108829327895756478e+03
5.895863885969220064e+03 3.967288265301894823e-01 1.078752063873581867e-03 1.705100940706530309e+03
5.895874391406962786e+03 5.537122294126679556e-01 1.294228136953863529e-03 2.379765669117112338e+03
5.895884896844706418e+03 7.153004655002066503e-01 1.509494102005281505e-03 3.074201500819252942e+03
5.895895402282449140e+03 8.174612396473451836e-01 1.636443910389990620e-03 3.513215054629149108e+03
5.895905907720191863e+03 9.047667139982998874e-01 1.741316468863406781e-03 3.888373039001745383e+03
5.895916413157934585e+03 9.407871531790441555e-01 1.782724889129675121e-03 4.043118121409764171e+03
5.895926918595678217e+03 9.640992298431307894e-01 1.808406912953319746e-03 4.143244189439003094e+03
5.895937424033420939e+03 9.775071422136337729e-01 1.826981558356201209e-03 4.200804552692167817e+03
5.895947929471163661e+03 9.877244515207230791e-01 1.843266753518285183e-03 4.244651942159644022e+03
5.895958434908906383e+03 9.923723924304439503e-01 1.844469422222030182e-03 4.264564579897821204e+03
5.895968940346650015e+03 9.952398059248339646e-01 1.840849983110077592e-03 4.276825215223204395e+03
5.895979445784392738e+03 9.955919551835483716e-01 1.844561301530811374e-03 4.278276853717309677e+03
5.895989951222135460e+03 9.951460987979376949e-01 1.850598506938101479e-03 4.276299292846335447e+03
5.896000456659878182e+03 9.942646198868555496e-01 1.850579837169752124e-03 4.272449875660206089e+03
5.896010962097620904e+03 9.932459772164603518e-01 1.848654605395660174e-03 4.268011170374877111e+03
5.896021467535364536e+03 9.959816942978831911e-01 1.852463142269349453e-03 4.279704968139956691e+03
5.896031972973107258e+03 9.998903199869821901e-01 1.858062972346868555e-03 4.296438309370147181e+03
5.896042478410849981e+03 1.002171696699871273e+00 1.862211023163720409e-03 4.306179125584328176e+03
5.896052983848592703e+03 1.003948709841738118e+00 1.865909139021364096e-03 4.313752517070028262e+03
5.896063489286336335e+03 1.003474258221082716e+00 1.862495219358350530e-03 4.311651766178986691e+03
5.896073994724079057e+03 1.002307327756501332e+00 1.856893825889731689e-03 4.306575726564314209e+03
5.896084500161821779e+03 1.001633840889755822e+00 1.862166736192970035e-03 4.303619961222203528e+03
5.896095005599564502e+03 1.001152513445539460e+00 1.871674729521957204e-03 4.301489899559738660e+03
5.896105511037307224e+03 1.000217901267248966e+00 1.866858217892698561e-03 4.297412370448780166e+03
5.896116016475050856e+03 9.991079712831630877e-01 1.856501826964711103e-03 4.292581719159897148e+03
5.896126521912793578e+03 9.994034349062125289e-01 1.853678894380101109e-03 4.293789271413987990e+03
5.896137027350536300e+03 1.000238620171224779e+00 1.853749002238908082e-03 4.297315587991083703e+03
5.896147532788279022e+03 1.000072830865736062e+00 1.856153415968823332e-03 4.296541385675648598e+03
5.896158038226022654e+03 9.995253275167318430e-01 1.859448035482666592e-03 4.294127296778555319e+03
5.896168543663765377e+03 1.000428593109186970e+00 1.866068725461591865e-03 4.297945930878492618e+03
5.896179049101508099e+03 1.001881218911102822e+00 1.873948974384449058e-03 4.304124528054859184e+03
5.896189554539250821e+03 1.002830917233129560e+00 1.872134648026577836e-03 4.308142378537880177e+03
5.896200059976993543e+03 1.003591539325229043e+00 1.866675271727876026e-03 4.311347855264055397e+03
5.896210565414737175e+03 1.002244591846468857e+00 1.864284975213357023e-03 4.305499420355716211e+03
5.896221070852479897e+03 1.000110814393387892e+00 1.863040395693175977e-03 4.296271091936525409e+03
5.896231576290222620e+03 9.994974908811042891e-01 1.865866322287569124e-03 4.293574492136312074e+03
5.896242081727965342e+03 9.994477465509528091e-01 1.870201124419043582e-03 4.293298919160591140e+03
5.896252587165708974e+03 1.000501060761051608e+00 1.869930781965184127e-03 4.297761660868591207e+03
5.896263092603451696e+03 1.002062818909137842e+00 1.867537807746969848e-03 4.304408317162791718e+03
5.896273598041194418e+03 1.002066225422776347e+00 1.868205525482625898e-03 4.304360903262150714e+03
5.896284103478937141e+03 1.001356023277838680e+00 1.870274822076611540e-03 4.301248237506981241e+03
5.896294608916680772e+03 1.001288280027232025e+00 1.872404991066593197e-03 4.300895252981497833e+03
5.896305114354423495e+03 1.001512814487899306e+00 1.874562886680633186e-03 4.301797697212366074e+03
5.896315619792166217e+03 1.001049002802877119e+00 1.870866983094042913e-03 4.299743503262070590e+03
5.896326125229908939e+03 1.000274077291566810e+00 1.864525324639806914e-03 4.296353078150236797e+03
5.896336630667651661e+03 1.000693374887076770e+00 1.866012761455590648e-03 4.298092073327858998e+03
5.896347136105395293e+03 1.001648884136551620e+00 1.871015477926510394e-03 4.302134073533736228e+03
5.896357641543138016e+03 1.002266516219451065e+00 1.872266363726469551e-03 4.304724776322274010e+03
5.896368146980880738e+03 1.002733448799570715e+00 1.871843773674857674e-03 4.306668159081607882e+03
5.896378652418623460e+03 1.003032060283371552e+00 1.871208443815307711e-03 4.307888567417351624e+03
5.896389157856367092e+03 1.003256092037797975e+00 1.870478836916054325e-03 4.308788633427235254e+03
5.896399663294109814e+03 1.002297089898286142e+00 1.865366760981056844e-03 4.304607845825619734e+03
5.896410168731852536e+03 1.000817322868531312e+00 1.858325521561100379e-03 4.298190658156179779e+03
5.896420674169595259e+03 9.996833009339546328e-01 1.855401136903524770e-03 4.293258497053726387e+03
5.896431179607337981e+03 9.987004431289823181e-01 1.854276864895063525e-03 4.288975659308396644e+03
5.896441685045081613e+03 9.994505867835291602e-01 1.856550948524231812e-03 4.292135308966782759e+03
5.896452190482824335e+03 1.000953493038842179e+00 1.860301186553314215e-03 4.298527554164398680e+03
5.896462695920567057e+03 1.001138208405216057e+00 1.856089842320882317e-03 4.299258812620565550e+03
