3.065888243864566903e+03 1.001088483550712116e+00 2.094157120799924193e-02 3.020762353454177173e+03
3.065896602574835015e+03 9.991609472669481518e-01 2.087718044878771398e-02 3.015153126551579589e+03
3.065904961285102672e+03 1.003453076298487012e+00 2.090918809710915621e-02 3.028313381194342583e+03
3.065913319995370784e+03 1.013679619235268614e+00 2.103200951777096234e-02 3.059386067197151533e+03
3.065921678705638442e+03 1.013272573065944648e+00 2.101374729773089478e-02 3.058367557069329450e+03
3.065930037415906554e+03 1.002424444368275269e+00 2.085614591888689320e-02 3.025832323353777610e+03
3.065938396126174666e+03 9.991585118886635586e-01 2.076800595323782112e-02 3.016181130790690077e+03
3.065946754836442324e+03 1.003534262089141205e+00 2.074869831031516190e-02 3.029598278879893769e+03
3.065955113546710436e+03 1.000533718406821260e+00 2.065753226490417080e-02 3.020747207453370720e+03
3.065963472256978093e+03 9.898449080613722639e-01 2.049895090238398887e-02 2.988681377552441063e+03
3.065971830967246206e+03 9.882252437425189662e-01 2.047460554499878904e-02 2.983995860115365758e+03
3.065980189677513863e+03 9.970124822650361374e-01 2.059887007155716820e-02 3.010735995023917440e+03
3.065988548387781975e+03 1.002451359281083532e+00 2.065745878217790238e-02 3.027367838204211694e+03
3.065996907098049633e+03 1.003577450948049288e+00 2.063143747663232289e-02 3.030976581914056624e+03
3.066005265808317745e+03 1.004366332724048183e+00 2.063761171318863677e-02 3.033567290600172782e+03
3.066013624518585857e+03 1.005236079291004003e+00 2.069965006096335589e-02 3.036402585370337420e+03
3.066021983228853514e+03 1.002135903227743263e+00 2.068007603615367937e-02 3.027245922975052963e+03
3.066030341939121627e+03 9.929510447396925343e-01 2.053105793890891775e-02 2.999706143624533979e+03
3.066038700649389284e+03 9.902409583032489859e-01 2.046383487800172707e-02 2.991724192238101296e+03
3.066047059359657396e+03 9.970686021267417543e-01 2.052000456153892094e-02 3.012558563923485963e+03
3.066055418069925054e+03 1.001380683281252848e+00 2.059391934429147947e-02 3.025794684134767522e+03
3.066063776780193166e+03 1.002343926484884351e+00 2.070537087940567747e-02 3.028912972591921061e+03
3.066072135490461278e+03 1.006016270210580377e+00 2.077738339389106903e-02 3.040218663050432042e+03
3.066080494200728936e+03 1.013510196750295300e+00 2.077035179671603282e-02 3.063075633358837877e+03
3.066088852910997048e+03 1.016209916754355236e+00 2.073554242755353341e-02 3.071445451842640523e+03
3.066097211621264705e+03 1.010481888588203425e+00 2.065134554153580729e-02 3.054342180431087399e+03
3.066105570331532817e+03 1.002313258680248564e+00 2.049650120742112919e-02 3.029858922171800714e+03
3.066113929041800475e+03 9.897552235850134439e-01 2.021096062040619520e-02 2.992102783612348958e+03
3.066122287752068587e+03 9.833555845771669857e-01 2.007268044120641762e-02 2.972960000155733724e+03
3.066130646462336699e+03 9.892255770605743459e-01 2.023523674316153251e-02 2.990911647516021731e+03
3.066139005172604357e+03 9.936341518008707796e-01 2.037393381130502348e-02 3.004446846070244646e+03
3.066147363882872469e+03 9.949087006629517838e-01 2.046023270127731580e-02 3.008506883322391786e+03
3.066155722593140126e+03 9.952050834546023461e-01 2.049704058939152279e-02 3.009609367340080553e+03
3.066164081303408238e+03 9.936084276910956969e-01 2.041650649262603118e-02 3.004986825585576753e+03
3.066172440013675896e+03 9.908564345070722812e-01 2.031428549713874473e-02 2.996869276032441576e+03
3.066180798723944008e+03 9.847461309747518321e-01 2.014851163424928593e-02 2.978592598854605967e+03
3.066189157434211666e+03 9.812939702672660580e-01 2.005184187812261015e-02 2.968354108120748606e+03
3.066197516144479778e+03 9.854404272949059962e-01 2.016029019637125344e-02 2.981101114140595200e+03
3.066205874854747890e+03 9.900603035006823038e-01 2.027636433046167003e-02 2.995282099047632073e+03
3.066214233565015547e+03 9.956493472779167631e-01 2.040353207276334596e-02 3.012397273908609350e+03
3.066222592275283660e+03 9.996099052278519803e-01 2.048108879458853185e-02 3.024587345586865922e+03
3.066230950985551317e+03 9.990454109628631452e-01 2.040229064983483873e-02 3.023086364332502853e+03
3.066239309695819429e+03 9.965383794053530586e-01 2.030430197123175504e-02 3.015706677377936103e+03
3.066247668406087087e+03 9.863718046188374444e-01 2.012586605256837941e-02 2.985145190716189063e+03
3.066256027116355199e+03 9.785827604059840201e-01 1.998306760969941268e-02 2.961775316207404103e+03
3.066264385826623311e+03 9.798219072190470502e-01 1.997561281184236440e-02 2.965728777088189418e+03
3.066272744536890968e+03 9.803169334809687108e-01 1.998196099636170495e-02 2.967430290376216362e+03
3.066281103247159081e+03 9.789387465113179587e-01 2.007312551352619795e-02 2.963461383291047241e+03
3.066289461957426738e+03 9.767391474286112318e-01 2.012695993446256965e-02 2.957005140866873262e+03
3.066297820667694850e+03 9.695577372040564690e-01 1.997353175396989269e-02 2.935464891478203299e+03
3.066306179377962508e+03 9.640210925556325083e-01 1.985067234453081683e-02 2.918901752685687825e+03
3.066314538088230620e+03 9.673326949080240933e-01 1.989696626638972135e-02 2.929129230136084516e+03
3.066322896798498732e+03 9.724985297026403908e-01 1.997263976203829741e-02 2.944973168177888965e+03
3.066331255508766390e+03 9.876124542004205420e-01 2.020493958811807669e-02 2.990946657731099094e+03
3.066339614219034502e+03 1.001077108106297686e+00 2.040392728564190822e-02 3.031931316956877708e+03
3.066347972929302159e+03 1.004427763641254856e+00 2.039685415735396565e-02 3.042287506598880100e+03
3.066356331639570271e+03 1.006310707643182534e+00 2.037968046364322175e-02 3.048199264115926326e+03
3.066364690349837929e+03 9.994669195342759105e-01 2.031103596478342835e-02 3.027675992377097828e+03
3.066373049060106041e+03 9.936063212747975326e-01 2.025880113600347920e-02 3.010128455729542111e+03
3.066381407770373698e+03 9.952266349318941163e-01 2.033461554057425930e-02 3.015243448690774130e+03
3.066389766480641811e+03 9.962388428876300939e-01 2.039402044617129317e-02 3.018516606139502528e+03
3.066398125190909923e+03 9.914021343161769639e-01 2.027585021135554222e-02 3.004067265194282299e+03
3.066406483901177580e+03 9.869092865930946257e-01 2.015766671456075201e-02 2.990657930319270235e+03
3.066414842611445692e+03 9.846604204826998608e-01 2.004759847085378285e-02 2.984047196490742863e+03
3.066423201321713350e+03 9.824015118069991948e-01 1.995634683937426435e-02 2.977405094109237780e+03
3.066431560031981462e+03 9.814162168236907346e-01 2.005976237584705668e-02 2.974622313336161824e+03
3.066439918742249120e+03 9.814827194286369627e-01 2.016524300620215621e-02 2.975027286795109376e+03
3.066448277452517232e+03 9.900401354332198922e-01 2.024258762667636297e-02 3.001171331073252986e+03
3.066456636162785344e+03 9.973866235504234012e-01 2.031099848214946296e-02 3.023647909001808785e+03
3.066464994873053001e+03 9.922445571732514402e-01 2.027871499776775013e-02 3.008265009842797554e+03
3.066473353583321114e+03 9.878169161259341413e-01 2.025037899889235368e-02 2.995046106256046642e+03
3.066481712293588771e+03 9.942328816494271360e-01 2.029016053045484477e-02 3.014705267579563952e+03
3.066490071003856883e+03 1.000630797886704615e+00 2.034288462697750668e-02 3.034312355610772101e+03
3.066498429714124541e+03 1.006751073909941008e+00 2.057739720118383769e-02 3.053080121922751459e+03
3.066506788424392653e+03 1.012596281182759572e+00 2.079305542516029365e-02 3.071016192667731502e+03
3.066515147134660765e+03 1.009353601122974009e+00 2.059909460911622109e-02 3.061390930708568249e+03
3.066523505844928422e+03 1.005947647957365243e+00 2.040998968060313973e-02 3.051269080051757555e+03
3.066531864555196535e+03 1.004761936162221314e+00 2.040379262461143595e-02 3.047880777207250958e+03
3.066540223265464192e+03 1.003666064602707353e+00 2.039674307839549686e-02 3.044764526098331771e+03
3.066548581975732304e+03 1.002711725250749364e+00 2.033411990188741317e-02 3.042077208283298660e+03
3.066556940685999962e+03 1.001749261476116759e+00 2.027574279849744462e-02 3.039364844938548686e+03
3.066565299396268074e+03 1.004951416281859800e+00 2.041093010242731043e-02 3.049288637934988856e+03
3.066573658106535731e+03 1.008204494950510011e+00 2.054446216046655616e-02 3.059368285227957131e+03
3.066582016816803844e+03 1.005185460277039589e+00 2.045763250643033507e-02 3.050415428863273519e+03
3.066590375527071956e+03 1.002221076909079800e+00 2.037525511582375867e-02 3.041627181645818382e+03
3.066598734237339613e+03 1.004235105697500074e+00 2.041528479186979772e-02 3.047947653144596643e+03
3.066607092947607725e+03 1.006330231973658451e+00 2.045736793741495529e-02 3.054515114720539714e+03
3.066615451657875383e+03 1.008244980215262432e+00 2.058384670101728875e-02 3.060535905702602577e+03
3.066623810368143495e+03 1.010028215072622082e+00 2.070563454976779433e-02 3.066158253117123422e+03
3.066632169078411152e+03 1.002391300349254610e+00 2.041287048495557532e-02 3.043182493801981309e+03
3.072465225738604659e+03 9.993076940834820787e-01 1.878899189732426839e-02 3.404934709671801556e+03
3.072473025022406091e+03 1.003165154815087057e+00 1.884303030036138180e-02 3.418856175220406840e+03
3.072480824306207069e+03 1.005283333265565515e+00 1.887388595644778552e-02 3.426850925646011092e+03
3.072488623590008501e+03 1.005599080578140514e+00 1.888268315386348525e-02 3.428699597306555006e+03
3.072496422873809934e+03 1.002050824476248714e+00 1.881688545351794042e-02 3.417367302756302706e+03
3.072504222157611366e+03 9.951321065089887563e-01 1.868385531223267990e-02 3.394528758198192008e+03
3.072512021441412344e+03 9.953472139315007183e-01 1.869398157283894482e-02 3.396015829994848900e+03
3.072519820725213776e+03 1.003453250617959869e+00 1.886292943240472711e-02 3.424428438864091731e+03
3.072527620009015209e+03 1.003129875442381636e+00 1.892985826497804377e-02 3.424076582311332913e+03
3.072535419292816186e+03 9.932919834145452764e-01 1.888450757095091678e-02 3.391236614953943899e+03
3.072543218576617619e+03 9.915920953709047581e-01 1.887311017248887585e-02 3.386168615240791951e+03
3.072551017860419051e+03 1.000190068688549871e+00 1.889595557786810306e-02 3.416267964152072182e+03
3.072558817144220484e+03 1.006156042400714101e+00 1.895116651120376181e-02 3.437384397963388437e+03
3.072566616428021462e+03 1.008936660303899169e+00 1.905837168646374105e-02 3.447621186276487151e+03
3.072574415711822894e+03 1.009184074438634449e+00 1.908910177844275191e-02 3.449200247750537528e+03
3.072582214995624327e+03 1.005372307597692805e+00 1.899420832591065464e-02 3.436899450056007026e+03
3.072590014279425759e+03 1.002363194775253152e+00 1.892555684381143008e-02 3.427333875311700922e+03
3.072597813563226737e+03 1.000725639266219602e+00 1.890091927444746342e-02 3.422450921496355477e+03
3.072605612847028169e+03 9.992322310806558416e-01 1.889651442675952669e-02 3.418054973654489459e+03
3.072613412130829602e+03 9.979445080190767481e-01 1.892852386746709387e-02 3.414356901210749584e+03
3.072621211414631034e+03 9.981061364769188149e-01 1.897205276120107059e-02 3.415613099046464413e+03
3.072629010698432012e+03 1.001214623997944031e+00 1.904251371570913481e-02 3.426952289876157010e+03
3.072636809982233444e+03 1.003470918996769434e+00 1.907957494040470742e-02 3.435374611853162605e+03
3.072644609266034877e+03 1.003518851210326801e+00 1.903691159215385037e-02 3.436234479333044874e+03
3.072652408549836309e+03 1.000896578028816375e+00 1.894245181702018319e-02 3.427945545239848798e+03
3.072660207833637287e+03 9.922316546907257173e-01 1.872942977963593450e-02 3.398949800492880513e+03
3.072668007117438719e+03 9.900365387870745382e-01 1.865195519852926032e-02 3.392105627477372764e+03
3.072675806401240152e+03 1.002468438537164497e+00 1.888480639230111571e-02 3.435380400704959357e+03
3.072683605685041584e+03 1.009315401878298379e+00 1.902243252774532198e-02 3.459525345106000259e+03
3.072691404968842562e+03 1.001356726602536940e+00 1.890090966485873797e-02 3.432918052683010501e+03
3.072699204252643995e+03 9.953672934128400263e-01 1.879823656624553946e-02 3.413048771485187899e+03
3.072707003536445427e+03 9.946077443648351224e-01 1.874906950649494683e-02 3.411104199907548718e+03
3.072714802820246405e+03 9.925318267309840570e-01 1.869295521382309186e-02 3.404639425330549784e+03
3.072722602104047837e+03 9.874688727544436162e-01 1.862329717603307400e-02 3.387919949744680252e+03
3.072730401387849270e+03 9.837055982024996981e-01 1.856335627186713952e-02 3.375650097105591158e+03
3.072738200671650702e+03 9.826562706886329268e-01 1.852337241993279315e-02 3.372686521683249339e+03
3.072745999955451680e+03 9.803089852168925811e-01 1.846387094732624204e-02 3.365262212383875521e+03
3.072753799239253112e+03 9.740942948432430581e-01 1.834005542274731726e-02 3.344552489482155579e+03
3.072761598523054545e+03 9.692561019200738315e-01 1.824122299530046148e-02 3.328558264379366847e+03
3.072769397806855977e+03 9.704333653306826957e-01 1.824911834387983600e-02 3.333215982566028742e+03
3.072777197090656955e+03 9.704696099825654843e-01 1.825868514396430595e-02 3.333951706882201051e+03
3.072784996374458387e+03 9.652609878223237239e-01 1.826556565540929725e-02 3.316662350239098032e+03
3.072792795658259820e+03 9.625059899158661114e-01 1.826412458047094178e-02 3.307795130316949326e+03
3.072800594942061252e+03 9.693780855305053068e-01 1.822219680831627456e-02 3.332011791905728387e+03
3.072808394225862230e+03 9.739504164070043046e-01 1.817548675834670252e-02 3.348326988671520667e+03
3.072816193509663663e+03 9.678236018808649144e-01 1.811396313541171338e-02 3.327855210845732927e+03
3.072823992793465095e+03 9.636192103826556332e-01 1.807830061727371679e-02 3.313983758787632723e+03
3.072831792077266527e+03 9.696086354718479461e-01 1.819482045484605015e-02 3.335167333664454418e+03
3.072839591361067505e+03 9.735949924097740960e-01 1.828192556937193597e-02 3.349463331215899871e+03
3.072847390644868938e+03 9.664929327222490096e-01 1.819318066651897867e-02 3.325606318599251154e+03
3.072855189928670370e+03 9.608590537135377474e-01 1.812663638893469500e-02 3.306789987602853216e+03
3.072862989212471803e+03 9.645054122053451362e-01 1.819903141116491208e-02 3.319906751391772104e+03
3.072870788496272780e+03 9.670760254038347492e-01 1.824718422175214405e-02 3.329320759471764632e+03
3.072878587780074213e+03 9.627362459833123109e-01 1.812156523398409866e-02 3.314939955514680150e+03
3.072886387063875645e+03 9.577837406874437631e-01 1.799688464927690079e-02 3.298440405227695010e+03
3.072894186347676623e+03 9.479719350014766954e-01 1.786638840843433190e-02 3.265194202714272251e+03
3.072901985631478055e+03 9.383842668992534719e-01 1.773642339309331600e-02 3.232705382988295696e+03
3.072909784915279488e+03 9.322005182800408019e-01 1.765057638184556674e-02 3.211930489968590337e+03
3.072917584199080920e+03 9.271495708001447067e-01 1.757869133906099848e-02 3.195048878338420764e+03
3.072925383482881898e+03 9.336221204767015669e-01 1.762269925525485753e-02 3.217875687019107318e+03
3.072933182766683331e+03 9.399590938719211142e-01 1.767930692696088532e-02 3.240238858355156481e+03
3.072940982050484763e+03 9.480394602487441924e-01 1.796099613184681462e-02 3.268616338163746150e+03
3.072948781334286195e+03 9.560281081590444874e-01 1.822333874702542975e-02 3.296682883535859219e+03
3.072956580618087173e+03 9.585777291158822377e-01 1.811297935070810619e-02 3.305996159494034600e+03
3.072964379901888606e+03 9.611336547881754733e-01 1.801893936777598793e-02 3.315330366346136088e+03
3.072972179185690038e+03 9.649084509538776722e-01 1.818437940563151847e-02 3.328868755415121996e+03
3.072979978469491471e+03 9.686896861545440940e-01 1.834773225446964875e-02 3.342429793750242425e+03
3.072987777753292448e+03 9.748879083933617018e-01 1.848012448452641954e-02 3.364332235750451218e+03
3.072995577037093881e+03 9.807169412960661248e-01 1.860633966654828830e-02 3.384963306432729496e+03
3.073003376320895313e+03 9.749203101457654119e-01 1.849122341818100826e-02 3.365464550331063947e+03
3.073011175604696746e+03 9.692682571577649897e-01 1.837910729756870448e-02 3.346455292813740925e+03
3.073018974888497723e+03 9.727719965986021400e-01 1.843657696713299488e-02 3.359052197666773282e+03
3.073026774172299156e+03 9.762276636130303720e-01 1.849376047330699227e-02 3.371483035790144640e+03
3.073034573456100588e+03 9.746033849375429492e-01 1.849329302768634026e-02 3.366367155104594531e+03
3.073042372739902021e+03 9.731030972840777338e-01 1.849485240411552142e-02 3.361674332817994127e+03
3.073050172023702999e+03 9.724387776658850457e-01 1.846776091902689945e-02 3.359864718335145881e+03
3.073057971307504431e+03 9.717757454197244460e-01 1.844083761865478177e-02 3.358055259453297367e+03
3.073065770591305863e+03 9.720329975026297253e-01 1.846345856821973719e-02 3.359422090901026422e+03
3.073073569875106841e+03 9.722995934272428142e-01 1.848756104086481805e-02 3.360817841063305423e+03
3.073081369158908274e+03 9.803479547087006196e-01 1.859717312711594434e-02 3.389112172614388328e+03
3.073089168442709706e+03 9.886718818806127240e-01 1.871082663208967559e-02 3.418363382974093838e+03
3.073096967726511139e+03 9.947223973000672848e-01 1.875789927431653625e-02 3.439757392519860332e+03
3.073104767010312116e+03 1.000721487135452614e+00 1.880194844473570201e-02 3.460975577816949226e+03
3.073112566294113549e+03 1.002378352512749204e+00 1.883226742111453883e-02 3.467176141880864634e+03
3.073120365577914981e+03 1.003793934173095481e+00 1.886235072134188548e-02 3.472539809859627894e+03
3.073128164861716414e+03 9.963094434542615341e-01 1.870383610249483353e-02 3.447107887308561658e+03
3.073135964145517391e+03 9.886563750266588180e-01 1.853876201494905618e-02 3.421082024059744072e+03
3.073143763429318824e+03 9.854678619280112795e-01 1.841337525970017375e-02 3.410496370256574664e+03
3.073151562713120256e+03 9.822509545310561530e-01 1.828780436412727126e-02 3.399805870942701404e+03
3.073159361996921689e+03 9.878148442083070080e-01 1.843266497454996294e-02 3.419505181486852052e+03
3.073167161280722667e+03 9.940575680539891490e-01 1.859393611172637656e-02 3.441555965067818761e+03
3.073174960564524099e+03 9.925490001584434951e-01 1.854927448621361899e-02 3.436769163391006714e+03
3.073182759848325531e+03 9.904379823941132921e-01 1.849232750465500466e-02 3.429891047805579547e+03
3.073190559132126964e+03 9.982579872982830782e-01 1.866651006081590861e-02 3.457402864951011452e+03
3.073198358415927942e+03 1.006630278369766041e+00 1.885382139801388898e-02 3.486830722681862881e+03
3.073206157699729374e+03 1.002791436066263309e+00 1.875258165243034320e-02 3.473959066096907009e+03
3.073213956983530807e+03 9.983085356785987852e-01 1.863528765829996353e-02 3.458848945685131184e+03
3.073221756267332239e+03 9.942697284183722450e-01 1.866500938039066665e-02 3.445270180284586786e+03
3.073229555551133217e+03 9.903274243571892343e-01 1.870301246991387320e-02 3.432018783985618029e+03
3.073237354834934649e+03 9.889351965098720498e-01 1.865239771245759057e-02 3.427598879334287631e+03
3.073245154118736082e+03 9.876133345780705453e-01 1.859739124233792187e-02 3.423418059006262865e+03
3.073252953402537059e+03 9.833428087072209056e-01 1.851981288025620134e-02 3.409010181755612393e+03
3.073260752686338492e+03 9.788649322511006057e-01 1.843903720738002822e-02 3.393876297454640735e+03
3.073268551970139924e+03 9.848535272515812622e-01 1.855093854267229198e-02 3.415028213294196121e+03
3.073276351253941357e+03 9.916096020811310252e-01 1.867766940905991185e-02 3.438842727156994897e+03
3.073284150537742335e+03 1.001261605267461441e+00 1.889390381076226644e-02 3.472702818893160838e+03
3.073291949821543767e+03 1.011129386257433538e+00 1.911774441671518915e-02 3.507315076560320449e+03
3.073299749105345199e+03 1.004406414811308546e+00 1.896890694919490389e-02 3.484376271348144655e+03
3.073307548389146632e+03 9.963129672908417334e-01 1.878862142459760548e-02 3.456673815919913068e+03
3.073315347672947610e+03 1.003459284556231568e+00 1.893450218535321083e-02 3.481841099758117707e+03
3.073323146956749042e+03 1.011982624165248978e+00 1.911063887451056043e-02 3.511788478442314499e+03
3.073330946240550475e+03 1.007796730901501903e+00 1.899053139926290892e-02 3.497630030404004629e+03
3.073338745524351907e+03 1.002403969916376925e+00 1.884179974872423821e-02 3.479275825433761383e+03
3.073346544808152885e+03 1.004433145867731803e+00 1.881550642595709519e-02 3.486677691693278121e+03
3.073354344091954317e+03 1.007242572601637853e+00 1.880397983850475019e-02 3.496785999602569973e+03
3.073362143375755750e+03 9.995454700160197881e-01 1.864278671752760824e-02 3.470413934058019549e+03
3.073369942659557182e+03 9.907073348616283193e-01 1.846520552998559550e-02 3.440070729810274315e+03
3.073377741943358160e+03 9.890250987750920375e-01 1.849386044711062022e-02 3.434567892028598180e+03
3.073385541227159592e+03 9.881694363745585630e-01 1.854488979638000551e-02 3.431930920688346305e+03
3.073393340510961025e+03 9.994181076987534995e-01 1.872517210794587272e-02 3.471332311201327684e+03
3.073401139794762457e+03 1.011851959707488202e+00 1.891890111340247330e-02 3.514854400974968030e+03
3.073408939078563435e+03 1.011714282112049057e+00 1.894389458751819313e-02 3.514707255051821448e+03
3.073416738362364867e+03 1.010364865430495307e+00 1.895127565372099754e-02 3.510346252627863578e+03
3.073424537646166300e+03 1.006986616103716203e+00 1.897136222208218800e-02 3.498931114461843208e+03
3.228774978608483707e+03 9.981204163085088954e-01 1.271106255505725924e-02 5.658853568709326282e+03
3.228784364916640243e+03 1.000007452689402276e+00 1.274116641828494656e-02 5.668868780460895323e+03
3.228793751224796324e+03 1.004201154664531082e+00 1.278803956933424746e-02 5.691931717924255281e+03
3.228803137532952405e+03 1.005347429738681075e+00 1.278463231252375057e-02 5.697695032998894931e+03
3.228812523841108487e+03 1.003231399458390571e+00 1.272694846607443780e-02 5.684949248383729355e+03
3.228821910149265022e+03 1.001127859615262183e+00 1.270095926118113179e-02 5.672257962776805471e+03
3.228831296457421104e+03 9.988974674915664931e-01 1.270899248653904572e-02 5.658833440217755196e+03
3.228840682765577185e+03 9.975921526210473900e-01 1.272168197020841565e-02 5.650636072153684836e+03
3.228850069073733266e+03 9.977308254869140525e-01 1.274322466187005967e-02 5.650604070936329663e+03
3.228859455381889802e+03 9.990888617360573765e-01 1.274714886777739489e-02 5.657463476365286624e+03
3.228868841690045883e+03 1.001504509284430355e+00 1.272453255296084745e-02 5.670296946691138146e+03
3.228878227998201965e+03 1.002698421624082847e+00 1.270458467369832423e-02 5.676200077855741256e+03
3.228887614306358046e+03 1.002678743164183706e+00 1.269246774376917887e-02 5.675223626117536696e+03
3.228897000614514582e+03 1.001412829219936684e+00 1.266955338004552810e-02 5.667187552111603509e+03
3.228906386922670663e+03 9.980042616850327564e-01 1.262779177596121821e-02 5.647024473623130689e+03
3.228915773230826744e+03 9.973368268396261005e-01 1.261219382799024999e-02 5.642371336865077865e+03
3.228925159538982825e+03 1.001256576735898074e+00 1.263983482270638822e-02 5.663664778697682777e+03
3.228934545847139361e+03 1.001434781619428893e+00 1.261942793175555889e-02 5.663789631960535189e+03
3.228943932155295442e+03 9.956782486922511888e-01 1.252246338861814218e-02 5.630355101872970408e+03
3.228953318463451524e+03 9.934042313112481093e-01 1.246440081102517632e-02 5.616621415049250572e+03
3.228962704771607605e+03 9.971119803489261191e-01 1.247416750537393496e-02 5.636707522188578878e+03
3.228972091079764141e+03 9.972833345077788403e-01 1.246285703156831647e-02 5.636799329578363540e+03
3.228981477387920222e+03 9.913227229831628184e-01 1.241652972792112349e-02 5.602237685267064990e+03
3.228990863696076303e+03 9.875459121862579792e-01 1.237405382075356698e-02 5.580025938927308744e+03
3.229000250004232385e+03 9.880452835831857739e-01 1.233597645768177292e-02 5.581979083858101149e+03
3.229009636312388920e+03 9.878974453740219097e-01 1.230642225908349860e-02 5.580275189986363330e+03
3.229019022620545002e+03 9.865661188417227390e-01 1.229729089009449876e-02 5.571886998530851997e+03
3.229028408928701083e+03 9.867119657886889161e-01 1.230333130489499015e-02 5.571841874277994066e+03
3.229037795236857164e+03 9.901960313261204405e-01 1.234402835401089693e-02 5.590643174822076617e+03
3.229047181545013700e+03 9.910426738210310615e-01 1.233783544887992120e-02 5.594548690760189857e+03
3.229056567853169781e+03 9.855822151995746738e-01 1.221486499042808913e-02 5.562852700990357334e+03
3.229065954161325863e+03 9.836291204833436108e-01 1.214588187433036058e-02 5.550958167707713073e+03
3.229075340469481944e+03 9.904048569762951004e-01 1.221476343900737907e-02 5.588317499367869459e+03
3.229084726777638480e+03 9.936449049858712135e-01 1.224892597765446858e-02 5.605716105290704945e+03
3.229094113085794561e+03 9.866646751758907374e-01 1.218107639484364117e-02 5.565457585635096621e+03
3.229103499393950642e+03 9.798441544252103341e-01 1.210894588120474055e-02 5.526110001555323834e+03
3.229112885702106723e+03 9.737181964563611514e-01 1.202691000814323959e-02 5.490688761413867724e+03
3.229122272010263259e+03 9.694639232341125679e-01 1.197470616517392651e-02 5.465828456818268023e+03
3.229131658318419341e+03 9.712493138525383207e-01 1.202143783720201892e-02 5.475019158250532200e+03
3.229141044626575422e+03 9.730655874689212448e-01 1.206887201898103508e-02 5.484377728192250288e+03
3.229150430934731503e+03 9.751242488698019795e-01 1.212018627749617342e-02 5.495095763107163293e+03
3.229159817242888039e+03 9.780269910669477929e-01 1.217491124960027454e-02 5.510562550184429710e+03
3.229169203551044120e+03 9.837698259992293526e-01 1.224104047554699232e-02 5.542019997178975245e+03
3.229178589859200201e+03 9.888968832376949791e-01 1.229640445320460095e-02 5.569994747937451393e+03
3.229187976167356283e+03 9.917349498841778743e-01 1.230685244091724376e-02 5.585065361187156668e+03
3.229197362475512818e+03 9.947981038012509991e-01 1.233149621795748795e-02 5.601393921151313407e+03
3.229206748783668900e+03 9.988905611189137224e-01 1.242041674109881609e-02 5.623507105450111339e+03
3.229216135091824981e+03 1.000690933360306678e+00 1.246896675226009249e-02 5.632706298837773829e+03
3.229225521399981062e+03 9.923241894733138002e-01 1.233539239333973983e-02 5.584678012569313069e+03
3.229234907708137598e+03 9.857417584430243629e-01 1.223043101826263093e-02 5.546700732028895800e+03
3.229244294016293679e+03 9.885292303050507989e-01 1.227846992949466025e-02 5.561445679704020222e+03
3.229253680324449761e+03 9.906457621414419545e-01 1.230594752800175801e-02 5.572405907394871974e+03
3.229263066632605842e+03 9.889406277486538777e-01 1.221744930434277843e-02 5.561863231966339299e+03
3.229272452940762378e+03 9.874910290286209591e-01 1.214330877456052879e-02 5.552755007344509067e+03
3.229281839248918459e+03 9.879507608313276013e-01 1.215717389112796164e-02 5.554378157249529977e+03
3.229291225557074540e+03 9.889899225814978712e-01 1.217312507383813865e-02 5.559251343755931885e+03
3.229300611865230621e+03 9.933294581103132570e-01 1.219993153967392427e-02 5.582664773894257451e+03
3.229309998173387157e+03 9.970779766603758976e-01 1.222243189693738262e-02 5.602742050079341425e+03
3.229319384481543239e+03 9.962600518635162938e-01 1.220834081029368787e-02 5.597150074208526348e+03
3.229328770789699320e+03 9.956928226382837366e-01 1.219356027958318558e-02 5.592960979517769374e+03
3.229338157097855401e+03 9.966356387696658770e-01 1.217124114568029179e-02 5.597246511789853685e+03
3.229347543406011937e+03 9.978689340772167737e-01 1.215587300324034829e-02 5.603153851458328973e+03
3.229356929714168018e+03 1.001407470348740336e+00 1.219840539745584672e-02 5.621992941839406740e+03
3.229366316022324099e+03 1.004547962166550734e+00 1.223648064413437528e-02 5.638582701261908369e+03
3.229375702330480181e+03 1.004751967658059408e+00 1.223635573658662240e-02 5.638678334907421231e+03
3.229385088638636716e+03 1.004935941346788875e+00 1.223786751103311116e-02 5.638652945414121859e+03
3.229394474946792798e+03 1.005278205614162479e+00 1.226033102532114727e-02 5.639506764471905626e+03
3.229403861254948879e+03 1.005329920224157236e+00 1.227595265147341311e-02 5.638721615099364499e+03
3.229413247563104960e+03 1.001481802011250366e+00 1.219440702147658699e-02 5.616058278073811380e+03
3.229422633871261496e+03 9.981247264360147975e-01 1.212043853050061987e-02 5.596147427291174608e+03
3.229432020179417577e+03 1.000536920166572141e+00 1.214689954668988180e-02 5.608574798887384532e+03
3.229441406487573659e+03 1.002883896134256103e+00 1.217428219741296426e-02 5.620622007182457310e+03
3.229450792795729740e+03 1.004871670893620061e+00 1.221435611516154610e-02 5.630641715189807655e+03
3.229460179103886276e+03 1.006614196569473929e+00 1.224838745985067437e-02 5.639273255184290974e+03
3.229469565412042357e+03 1.005079015917850649e+00 1.219910980122690218e-02 5.629532158001171410e+03
3.229478951720198438e+03 1.003446661692285913e+00 1.215002942135214731e-02 5.619240222674353390e+03
3.229488338028354519e+03 9.994075488194480439e-01 1.209556873572543816e-02 5.595466768612277519e+03
3.229497724336511055e+03 9.956949289021519434e-01 1.204441314318100559e-02 5.573519766111192439e+03
3.241455649604792598e+03 9.996623684829581968e-01 8.128474303461266648e-03 5.675999648735878509e+03
3.241463995381840959e+03 9.993422825227751272e-01 8.093748236731333756e-03 5.674761652986255285e+03
3.241472341158888867e+03 9.992647918783429395e-01 8.069437382983029455e-03 5.674908891396929903e+03
3.241480686935937229e+03 9.993035324324704982e-01 8.052943016289204267e-03 5.675717980405325761e+03
3.241489032712985590e+03 9.997141794759510924e-01 8.048225583582509571e-03 5.678635324934810342e+03
3.241497378490033498e+03 1.000544427817295468e+00 8.055253834936604296e-03 5.683926409812490419e+03
3.241505724267081860e+03 1.001093000801796862e+00 8.061404422650918916e-03 5.687601588183297281e+03
3.241514070044130222e+03 1.001290177113293156e+00 8.066526538141169725e-03 5.689258095398196929e+03
3.241522415821178583e+03 1.000737994973533773e+00 8.062162557235278207e-03 5.686627848915024515e+03
3.241530761598226491e+03 9.994902944548934576e-01 8.047292042232973355e-03 5.680009622481991755e+03
3.241539107375274853e+03 9.987194248848820788e-01 8.040490465741442772e-03 5.676059327328845029e+03
3.241547453152323214e+03 9.984005686973806970e-01 8.042868128746527220e-03 5.674630522269876565e+03
3.241555798929371122e+03 9.981721305917462539e-01 8.045126899975061155e-03 5.673662349472691858e+03
3.241564144706419484e+03 9.980769746299424927e-01 8.047787824319519584e-03 5.673392494331447779e+03
3.241572490483467845e+03 9.986675503988794445e-01 8.049110732775872912e-03 5.676955403985866724e+03
3.241580836260515753e+03 1.000103982965834692e+00 8.047443045105432888e-03 5.685255538356434045e+03
3.241589182037564115e+03 1.000078944023085281e+00 8.048892318924133829e-03 5.685170291724034541e+03
3.241597527814612477e+03 9.980660473917903897e-01 8.056864409103576055e-03 5.673701747885344957e+03
3.241605873591660384e+03 9.962014702472985483e-01 8.059310923333768903e-03 5.662993729424228150e+03
3.241614219368708746e+03 9.944783532569486662e-01 8.051589813016906891e-03 5.653009692037436253e+03
3.241622565145757108e+03 9.936252185430003436e-01 8.047826963952843873e-03 5.647893021328289251e+03
3.241630910922805469e+03 9.942842312198931776e-01 8.050782445700312845e-03 5.651295180422841440e+03
3.241639256699853377e+03 9.942393983637892729e-01 8.047214063724257224e-03 5.650622201102605686e+03
3.241647602476901739e+03 9.928619185436975414e-01 8.031413471610642299e-03 5.642303621351289621e+03
3.241655948253950100e+03 9.910610358824721855e-01 8.014422106707221397e-03 5.631510345084408982e+03
3.241664294030998008e+03 9.883362932710106907e-01 7.994681694209641171e-03 5.615402064376276030e+03
3.241672639808046370e+03 9.855378146693519748e-01 7.973659024703809439e-03 5.598812642748054714e+03
3.241680985585094732e+03 9.827081796757011212e-01 7.950517519698723987e-03 5.581986668955505593e+03
3.241689331362142639e+03 9.812926830094244046e-01 7.934969488639535135e-03 5.573135150097431506e+03
3.241697677139191001e+03 9.826166928566574255e-01 7.934431237607397769e-03 5.579782950618801806e+03
3.241706022916239363e+03 9.834534670374730503e-01 7.933563260898508773e-03 5.583604575920844582e+03
3.241714368693287270e+03 9.832404866671519139e-01 7.932166096649552120e-03 5.581410112794503220e+03
3.241722714470335632e+03 9.813238460195943258e-01 7.921359447589475244e-03 5.569493529726310044e+03
3.241731060247383994e+03 9.751818741365299026e-01 7.886251209646722229e-03 5.533553619795207851e+03
3.241739406024432355e+03 9.689208097512926887e-01 7.841015516254665543e-03 5.496902982483649794e+03
3.241747751801480263e+03 9.621882789496915001e-01 7.766796552418251190e-03 5.457546278116895337e+03
3.241756097578528625e+03 9.566430349090631058e-01 7.707823750814624814e-03 5.424894538477949027e+03
3.241764443355576987e+03 9.549514986267411132e-01 7.697935231249203314e-03 5.414063196437662555e+03
3.241772789132624894e+03 9.540856597112414850e-01 7.694533801890157503e-03 5.407876296620355788e+03
3.241781134909673256e+03 9.558583329837161413e-01 7.711803797442430379e-03 5.416605344045795391e+03
3.241789480686721618e+03 9.570688957182064138e-01 7.728036729049139394e-03 5.422108597815535177e+03
3.241797826463769525e+03 9.562095069551813653e-01 7.741758728905091293e-03 5.415850051792586783e+03
3.241806172240817887e+03 9.548213785939803078e-01 7.740497551296555111e-03 5.406567715199538725e+03
3.241814518017866249e+03 9.514622135170036632e-01 7.683227657754319699e-03 5.386101388146951649e+03
3.241822863794914156e+03 9.489153659922661133e-01 7.636819629867602072e-03 5.370214201022630732e+03
3.241831209571962518e+03 9.494998658375548573e-01 7.634413934480182087e-03 5.372025019134639479e+03
3.241839555349010880e+03 9.505685144220316074e-01 7.641029093724494882e-03 5.376548011183904237e+03
3.241847901126059242e+03 9.540594180339849739e-01 7.689926622034877306e-03 5.394741766361939881e+03
3.241856246903107149e+03 9.570014366984678222e-01 7.730189985874747448e-03 5.409800732863226585e+03
3.241864592680155511e+03 9.563892109737262004e-01 7.721579193923747836e-03 5.404745515424388941e+03
3.241872938457203873e+03 9.547581855964990538e-01 7.708186876235544743e-03 5.393919907718985087e+03
3.241881284234251780e+03 9.483285111080677066e-01 7.671907733513587055e-03 5.355983207491120993e+03
3.241889630011300142e+03 9.404408653853435496e-01 7.621499124716780635e-03 5.309823909669391469e+03
3.241897975788348504e+03 9.218261493291103337e-01 7.465040977793128626e-03 5.203133451855797830e+03
3.241906321565396411e+03 9.044220177828525831e-01 7.318914419761327408e-03 5.103329712620818100e+03
3.241914667342444773e+03 8.948677307750527721e-01 7.241855991650138040e-03 5.047860106511599952e+03
3.241923013119493135e+03 8.869334785870842675e-01 7.176946547169037530e-03 5.001554806755380923e+03
3.241931358896541042e+03 8.904881789005616444e-01 7.201606339444414570e-03 5.020042337286286966e+03
3.241939704673589404e+03 8.952704546110464845e-01 7.237140200672930943e-03 5.045434645400081536e+03
3.241948050450637766e+03 9.115758297537243093e-01 7.378161994156045081e-03 5.135731113501075015e+03
3.241956396227686128e+03 9.273706347850173559e-01 7.513164475550242541e-03 5.223097702198951083e+03
3.241964742004734035e+03 9.370272696459146511e-01 7.573181536620923054e-03 5.275853430911275609e+03
3.241973087781782397e+03 9.463723060384070518e-01 7.633112059463457652e-03 5.326828361468580624e+03
3.241981433558830759e+03 9.522784487037302403e-01 7.688688398435471194e-03 5.358429118671537253e+03
3.241989779335878666e+03 9.579894251572189656e-01 7.741204546468251520e-03 5.388922373466257341e+03
3.241998125112927028e+03 9.615986752224512379e-01 7.757855968594537174e-03 5.407589676118335774e+03
3.242006470889975390e+03 9.650505851120450007e-01 7.775082436504179156e-03 5.425374926395918010e+03
3.242014816667023297e+03 9.661762186152756948e-01 7.802369667940291589e-03 5.430091234938430716e+03
3.242023162444071659e+03 9.669991352843526622e-01 7.824781531304792967e-03 5.433121727037923847e+03
3.242031508221120021e+03 9.631028869804201253e-01 7.770613319139949710e-03 5.409663134584694490e+03
3.242039853998168383e+03 9.591997332369751605e-01 7.718209340258802217e-03 5.386200986748571268e+03
3.242048199775216290e+03 9.568763284682598735e-01 7.718396029233773152e-03 5.371644046283639909e+03
3.242056545552264652e+03 9.547363760412378442e-01 7.719190667854189392e-03 5.358150348849419970e+03
3.242064891329313014e+03 9.569655336217421926e-01 7.717451958043386115e-03 5.369205104333090276e+03
3.242073237106360921e+03 9.592612005713984091e-01 7.716784225521633456e-03 5.380656540548121484e+03
3.242081582883409283e+03 9.633969788623822916e-01 7.750272301913278122e-03 5.402452397233471856e+03
3.242089928660457645e+03 9.675452092186513919e-01 7.783774605927943485e-03 5.424340652322738606e+03
3.242098274437505552e+03 9.742838291706660270e-01 7.843240281703993053e-03 5.460772796010071033e+03
3.242106620214553914e+03 9.811129784784806684e-01 7.903594409098860588e-03 5.497732732957570988e+03
3.242114965991602276e+03 9.890900872254454468e-01 7.964611071673899367e-03 5.541146946181568637e+03
3.242123311768650183e+03 9.968962164559598271e-01 8.024255887482671656e-03 5.583626615239665625e+03
3.242131657545698545e+03 9.978316102455817571e-01 8.017404477276827979e-03 5.587658174783067807e+03
3.242140003322746907e+03 9.987440023235429898e-01 8.010388149760969481e-03 5.591606717911050509e+03
3.242148349099795269e+03 9.987123028904684174e-01 7.993104500675802040e-03 5.590318679991860336e+03
3.242156694876843176e+03 9.986581653833357386e-01 7.976136011261814387e-03 5.588957095132400354e+03
3.242165040653891538e+03 1.000467646682864808e+00 8.019499042561432922e-03 5.598075443297520906e+03
3.242173386430939900e+03 1.002286451040687476e+00 8.062817989515717529e-03 5.607293395940967457e+03
3.242181732207987807e+03 1.002975046745840260e+00 8.043270453273274750e-03 5.610235990987592231e+03
3.242190077985036169e+03 1.003616483257863345e+00 8.022673693915332443e-03 5.612962484040996060e+03
3.242198423762084531e+03 1.004052807528717395e+00 8.043733667903634268e-03 5.614588693635434538e+03
3.242206769539132438e+03 1.004492434810214885e+00 8.065797307136175417e-03 5.616279329233837416e+03
3.242215115316180800e+03 1.004280096686983370e+00 8.049629835138691694e-03 5.614370068418929804e+03
3.242223461093229162e+03 1.003979389609429340e+00 8.032403103847941123e-03 5.612011527712591487e+03
3.242231806870277069e+03 1.002623399045048380e+00 8.019985544326405438e-03 5.603798495104866561e+03
3.242240152647325431e+03 1.001341085794991814e+00 8.008567439570247679e-03 5.596040914446110037e+03
3.242248498424373793e+03 1.004254132307988767e+00 8.029818970899840758e-03 5.611769313843595228e+03
3.242256844201422155e+03 1.007182703665345125e+00 8.051285756920956507e-03 5.627621220386348796e+03
3.242265189978470062e+03 1.001478269393359488e+00 8.002762494983951466e-03 5.595276328694460972e+03
3.242273535755518424e+03 9.954634192094937717e-01 7.951403988812374979e-03 5.561239900759985176e+03
3.242281881532566786e+03 9.995561484238940642e-01 7.988912684621943261e-03 5.583707415494570341e+03
3.242290227309614693e+03 1.003869952916313313e+00 8.029050463815854896e-03 5.607441851851261163e+03
3.383222732409878972e+03 9.965935780220249729e-01 5.377007971897869096e-03 4.307619544221586693e+03
3.383231348320171037e+03 9.953814083617200659e-01 5.374980172585396183e-03 4.302375660830577544e+03
3.383239964230462647e+03 9.960962740998391407e-01 5.395313842279989350e-03 4.305458696898190283e+03
3.383248580140754711e+03 9.966398208083048216e-01 5.404456908250559154e-03 4.307798842693217011e+03
3.383257196051046776e+03 9.969919067423791414e-01 5.401022156675711582e-03 4.309309040198101684e+03
3.383265811961338386e+03 9.975580556315234437e-01 5.401859747793703870e-03 4.311742087544569586e+03
3.383274427871630451e+03 9.983920190288939622e-01 5.407676993307077365e-03 4.315330300928930228e+03
3.383283043781922515e+03 9.990514774647598628e-01 5.413946221881392809e-03 4.318161840689405835e+03
3.383291659692214125e+03 9.993914049371849240e-01 5.420373789105308038e-03 4.319609874718020365e+03
3.383300275602506190e+03 9.996025226824032384e-01 5.425314070646175199e-03 4.320498759451025762e+03
3.383308891512798255e+03 9.997056042057865799e-01 5.428730712337706717e-03 4.320918289555599586e+03
3.383317507423089864e+03 1.000190594293504098e+00 5.433821250820306502e-03 4.322986093615578284e+03
3.383326123333381929e+03 1.001296942120365019e+00 5.441597527091310976e-03 4.327737066424445402e+03
3.383334739243673994e+03 1.001052939461221314e+00 5.438995505488608724e-03 4.326649225822424341e+03
3.383343355153965604e+03 9.985865322854952097e-01 5.419080246026900839e-03 4.315953635805523845e+03
3.383351971064257668e+03 9.968260222268994220e-01 5.405437867542743288e-03 4.308306743479824036e+03
3.383360586974549733e+03 9.962548041913514840e-01 5.402431114717441349e-03 4.305797706287583424e+03
3.383369202884841343e+03 9.950046516943152897e-01 5.392559939114600215e-03 4.300352018489672446e+03
3.383377818795133408e+03 9.925823230857702129e-01 5.370869381003689005e-03 4.289838036809097503e+03
3.383386434705425472e+03 9.906862648801711968e-01 5.352093060903116359e-03 4.281596366651461722e+03
3.383395050615717082e+03 9.899062448655436830e-01 5.339293330492647302e-03 4.278175804384552976e+03
3.383403666526009147e+03 9.882194818530112279e-01 5.326225937045095567e-03 4.270834240570849033e+03
3.383412282436301211e+03 9.844555876805883843e-01 5.312358121899422511e-03 4.254513772583581158e+03
3.383420898346592821e+03 9.807558028306641029e-01 5.293878279602527021e-03 4.238468427850923945e+03
3.383429514256884886e+03 9.772289533443735410e-01 5.264639273397098140e-03 4.223168521870363293e+03
3.383438130167176951e+03 9.748873357603052847e-01 5.247403316935890169e-03 4.212988702152299993e+03
3.383446746077468561e+03 9.755464034601637469e-01 5.260732811273079700e-03 4.215774154845368685e+03
3.383455361987760625e+03 9.762174537983948630e-01 5.269783324064822826e-03 4.218608969332259221e+03
3.383463977898052690e+03 9.768709590320150404e-01 5.266829871822489850e-03 4.221365539769923998e+03
3.383472593808344300e+03 9.763703794330796937e-01 5.260938003330823190e-03 4.219132602001342093e+03
3.383481209718636364e+03 9.726421829248795836e-01 5.247045484019601837e-03 4.202950326485281039e+03
3.383489825628928429e+03 9.683230951018380050e-01 5.226356414555762692e-03 4.184212988473472251e+03
3.383498441539220039e+03 9.623019451026517679e-01 5.185034505439130477e-03 4.158119370207163229e+03
3.383507057449512104e+03 9.554493943719295501e-01 5.145034698280327376e-03 4.128431985457764313e+03
3.383515673359804168e+03 9.455374710998969423e-01 5.110301370913619516e-03 4.085524356404094760e+03
3.383524289270095778e+03 9.367606001223458545e-01 5.076173135609395037e-03 4.047520435018407625e+03
3.383532905180387843e+03 9.322407380997510540e-01 5.043381981669779746e-03 4.027908951151875954e+03
3.383541521090679908e+03 9.283690536538321547e-01 5.015774772693084617e-03 4.011096551330356306e+03
3.383550137000971517e+03 9.275000383661538006e-01 5.011997527710317958e-03 4.007255647048125866e+03
3.383558752911263582e+03 9.263243903238407295e-01 5.006762467740296686e-03 4.002087913107149234e+03
3.383567368821555647e+03 9.235594118874044245e-01 4.993569367259535069e-03 3.990051809738957672e+03
3.383575984731847257e+03 9.209236280054650114e-01 4.981070933561074568e-03 3.978572190607756966e+03
3.383584600642139321e+03 9.192739801536140565e-01 4.973457541403599608e-03 3.971351104554911217e+03
3.383593216552431386e+03 9.186136569072754776e-01 4.970386048112556722e-03 3.968402034617220124e+03
3.383601832462722996e+03 9.234415897246298632e-01 4.993892757745094745e-03 3.989159531104432062e+03
3.383610448373015060e+03 9.280173466016916617e-01 5.016408480216051798e-03 4.008824427863391065e+03
3.383619064283307125e+03 9.309296145459157179e-01 5.031613942823455476e-03 4.021300381337112412e+03
3.383627680193598735e+03 9.332122172811802008e-01 5.043170134967168983e-03 4.031053579862013066e+03
3.383636296103890800e+03 9.309284767813819084e-01 5.027429225462775979e-03 4.021080019787717902e+03
3.383644912014182864e+03 9.271491140355584415e-01 5.005139284124337368e-03 4.004644715873350378e+03
3.383653527924474474e+03 9.122779492692235648e-01 4.933089473679969257e-03 3.940300520236482953e+03
3.383662143834766539e+03 8.962468391967722825e-01 4.855747237553181654e-03 3.870947918965112422e+03
3.383670759745058604e+03 8.702082159808020023e-01 4.730166419853710884e-03 3.758375361658213023e+03
3.383679375655350213e+03 8.451064556512971615e-01 4.608853053722798340e-03 3.649853503885169630e+03
3.383687991565642278e+03 8.293322715559077185e-01 4.532249257077701488e-03 3.581618951855248724e+03
3.383696607475934343e+03 8.157083400801559137e-01 4.465755218173292872e-03 3.522672556068672293e+03
3.383705223386225953e+03 8.266456417151204494e-01 4.521250499749150144e-03 3.569793313929304531e+03
3.383713839296518017e+03 8.383173554916564241e-01 4.580209795956088382e-03 3.620080482091973863e+03
3.383722455206810082e+03 8.593306074245845583e-01 4.685321116740327578e-03 3.710700351588471676e+03
3.383731071117101692e+03 8.800239371401940014e-01 4.788460740008121212e-03 3.799930777138687517e+03
3.383739687027393757e+03 8.954664134455685431e-01 4.857529972040898480e-03 3.866480775347449253e+03
3.383748302937685821e+03 9.105291095832224180e-01 4.925562762744251956e-03 3.931384323569334811e+03
3.383756918847977431e+03 9.184945958596568705e-01 4.973156649741098875e-03 3.965638699669531889e+03
3.383765534758269496e+03 9.263682633516293619e-01 5.020188079348037770e-03 3.999492046324528019e+03
3.383774150668561106e+03 9.307956923940279292e-01 5.044748034210687175e-03 4.018462535483306056e+03
3.383782766578853170e+03 9.351683994488602103e-01 5.069048153944833920e-03 4.037193174531311342e+03
3.383791382489145235e+03 9.375010417107962901e-01 5.081856349868766817e-03 4.047113399514383673e+03
3.383799998399436845e+03 9.397592317428830055e-01 5.094452394223586249e-03 4.056709238231356721e+03
3.383808614309728910e+03 9.363465390798636490e-01 5.080871338254304599e-03 4.041823220260461312e+03
3.383817230220020974e+03 9.328310145042868484e-01 5.066762720712291758e-03 4.026492229333497107e+03
3.383825846130312584e+03 9.268145043676544459e-01 5.038077201005636795e-03 4.000365305858671945e+03
3.383834462040604649e+03 9.209378103463609078e-01 5.009938215892541929e-03 3.974841677505373355e+03
3.383843077950896713e+03 9.200502178853301460e-01 5.010003425820399627e-03 3.970850375106327192e+03
3.383851693861188323e+03 9.192390794757415717e-01 5.010313045997997691e-03 3.967187138570114257e+03
3.383860309771480388e+03 9.280293627346600793e-01 5.052070643449283090e-03 4.004957410202407118e+03
3.383868925681772453e+03 9.369064080060375277e-01 5.094307036989016192e-03 4.043096702375150471e+03
3.383877541592064063e+03 9.491791293341433899e-01 5.165052732715871321e-03 4.095883480185088047e+03
3.383886157502356127e+03 9.615248918355284724e-01 5.236363939053290811e-03 4.148978617248077171e+03
3.383894773412648192e+03 9.710383858310989158e-01 5.286954932820059003e-03 4.189846124936431806e+03
3.383903389322939802e+03 9.804580682971667516e-01 5.336947819521400266e-03 4.230302936372576369e+03
3.383912005233231866e+03 9.847096018177913246e-01 5.369125912176092238e-03 4.248456187140702241e+03
3.383920621143523931e+03 9.887958223780340949e-01 5.400529472692813977e-03 4.265892229345638953e+03
3.383929237053815541e+03 9.907399371931959742e-01 5.401622469911567144e-03 4.274083184675773737e+03
3.383937852964107606e+03 9.926447702648395488e-01 5.402094523692773688e-03 4.282101539974215484e+03
3.383946468874399670e+03 9.943089606170096850e-01 5.414884528396050889e-03 4.289078708925039791e+03
3.383955084784691280e+03 9.959654956506371892e-01 5.428161548890825076e-03 4.296019799209127996e+03
3.383963700694983345e+03 9.976796343259519695e-01 5.444537140651498422e-03 4.303206279551438456e+03
3.383972316605275410e+03 9.994277195004378500e-01 5.461154778602086632e-03 4.310536068382702979e+03
3.383980932515567019e+03 9.985290420354874241e-01 5.457044058881609094e-03 4.306447791557333403e+03
3.383989548425859084e+03 9.974430650996253256e-01 5.451418480739173705e-03 4.301549767214152780e+03
3.383998164336151149e+03 9.972635789102244352e-01 5.446386166213294105e-03 4.300558940438246282e+03
3.384006780246442759e+03 9.971426510694850753e-01 5.441609872274326583e-03 4.299818318500265377e+03
3.384015396156734823e+03 9.986272318666937764e-01 5.449838190650320435e-03 4.305998185604910759e+03
3.384024012067026888e+03 1.000215813383216190e+00 5.458708698632914157e-03 4.312623420041061763e+03
3.384032627977318498e+03 9.985974176046481521e-01 5.454327456470961857e-03 4.305418771353948614e+03
3.384041243887610563e+03 9.967863991625907083e-01 5.449179919827754938e-03 4.297382030630931695e+03
3.384049859797902627e+03 9.962516265431495821e-01 5.449832122535892831e-03 4.294845642631519695e+03
3.384058475708194237e+03 9.957660195144412141e-01 5.450743212537079163e-03 4.292519062367411607e+03
3.384067091618486302e+03 9.978752829758457121e-01 5.463012976642206073e-03 4.301375607008283623e+03
3.384075707528778366e+03 1.000252152072098388e+00 5.476473256233232480e-03 4.311382221352634588e+03
3.384084323439069976e+03 9.998242821366934985e-01 5.469358096261509733e-03 4.309296724890543373e+03
3.384092939349362041e+03 9.991898155602165765e-01 5.460711647055387606e-03 4.306318652062924230e+03
3.384101555259654106e+03 9.989817760209891429e-01 5.461107584123280762e-03 4.305176214711676039e+03
3.384110171169945716e+03 9.988140034119649124e-01 5.462216037182924915e-03 4.304205013659095130e+03
3.384118787080237780e+03 9.999206594349810961e-01 5.470388896380798220e-03 4.308723103071161859e+03
3.384127402990529845e+03 1.001164767236238040e+00 5.479405919826475964e-03 4.313830496685166509e+03
3.384136018900821455e+03 1.001285623747292020e+00 5.479052196283489343e-03 4.314095271261227026e+03
3.384144634811113519e+03 1.001280061727594983e+00 5.477882536855500049e-03 4.313812940028128651e+03
3.384153250721405584e+03 9.993219635361710873e-01 5.465314339219316461e-03 4.305116617384504025e+03
3.384161866631697194e+03 9.972009074658662042e-01 5.451503783638877651e-03 4.295716943148821883e+03
3.384170482541989259e+03 9.970901850436901803e-01 5.455956054679372662e-03 4.294975535123960981e+03
