9.999991168890531856e-01
9.999990147535299245e-01
9.999987896694074729e-01
9.999982838047298817e-01
9.999971427467863050e-01
9.999946221757637366e-01
9.999892668353540515e-01
9.999784337097213927e-01
9.999576817810897911e-01
9.999201534119568358e-01
9.998562202953018563e-01
9.997538119966116188e-01
9.995998897309601450e-01
9.993833505018488994e-01
9.990991711208709880e-01
9.987528886260342853e-01
9.983638114482933368e-01
9.979650422958574740e-01
9.975987971961284284e-01
9.973066922094793174e-01
9.971163616091220927e-01
9.970274846658020440e-01
9.970015976760152610e-01
9.969606549870106971e-01
9.967987633983894646e-01
9.964090212164702365e-01
9.957220604267901232e-01
9.947451179033486302e-01
9.935833677872230041e-01
9.924243890445711980e-01
9.914772380280885145e-01
9.908806203578642835e-01
9.906232431080310707e-01
9.905356954992357021e-01
9.903907623175915997e-01
9.900752777525245740e-01
9.897110962713235871e-01
9.895973105963483674e-01
9.899735157351143844e-01
9.907746097506093808e-01
9.915827211834704613e-01
9.918229884988160050e-01
9.910534933416600412e-01
9.891574227243600248e-01
9.863633793080182066e-01
9.831466398709142185e-01
9.800934559893562659e-01
9.777703518772644653e-01
9.766076149105520354e-01
9.768080217287667955e-01
9.783039723684814337e-01
9.807818844525710844e-01
9.837700046598856218e-01
9.867605758126558602e-01
9.893255993743662602e-01
9.911926751430588656e-01
9.922674600187274541e-01
9.926103601976108415e-01
9.923874149072025030e-01
9.918161043057573956e-01
9.911197280986221436e-01
9.904952669214905914e-01
9.900937834790539682e-01
9.900105559822158785e-01
9.902828163896593150e-01
9.908941024869875047e-01
9.917845303715018268e-01
9.928656224720161516e-01
9.940373124636456836e-01
9.952041431996601073e-01
9.962878996587618552e-01
9.972349314078390314e-01
9.980178249614595209e-01
9.986323841067958895e-01
9.990916833590900437e-01
9.994191374149230533e-01
9.996421788907190464e-01
9.997875016537216553e-01
9.998781690515806675e-01
9.999323898972820590e-01
9.999635024701376551e-01
9.999806552741643539e-01
9.999897589961626032e-01
9.999944259738833274e-01
9.999967510245075797e-01
9.999978894740131352e-01
9.999984480594590330e-01
9.999987299273860319e-01
9.999988787468061524e-01
9.999989595475555770e-01
9.999984317975241233e-01
9.999983808583920997e-01
9.999983116938198080e-01
9.999982248288683540e-01
9.999981186495815466e-01
9.999979840442666523e-01
9.999977942293023503e-01
9.999974822359253279e-01
9.999968915930559366e-01
9.999956752491141465e-01
9.999931032147966192e-01
9.999877238747805208e-01
9.999768165789413299e-01
9.999555908479349497e-01
9.999161531253522028e-01
9.998463952673548594e-01
9.997291584822638466e-01
9.995422464825702846e-01
9.992599975588889460e-01
9.988570281853484945e-01
9.983142968028725361e-01
9.976267832761811505e-01
9.968110150268321146e-01
9.959097838822321691e-01
9.949911692206252489e-01
9.941397601370927095e-01
9.934397512794066465e-01
9.929519793709489228e-01
9.926893703395545110e-01
9.925971618056355084e-01
9.925453135249221459e-01
9.923402877407336842e-01
9.917609459356901969e-01
9.906173900631843887e-01
9.888217647072667926e-01
9.864485955068402756e-01
9.837548314756368040e-01
9.811336100131340388e-01
9.789958012024768674e-01
9.776084496729799955e-01
9.769588793171003482e-01
9.767344020494279633e-01
9.764773673800951626e-01
9.758755692136934501e-01
9.750199157799002148e-01
9.744158286836073213e-01
9.746668058697484094e-01
9.760020060227769800e-01
9.779802741208801775e-01
9.795977320555523393e-01
9.797301683092158875e-01
9.776200884415400250e-01
9.731467241797195911e-01
9.668163614200551148e-01
9.595749080102420336e-01
9.525694060072988911e-01
9.469231605766240678e-01
9.435382772275853203e-01
9.429360685491985361e-01
9.451631335886803154e-01
9.497932292839770252e-01
9.560325209022896287e-01
9.629019467651002140e-01
9.694448167357186952e-01
9.749028628672071761e-01
9.788204547541219380e-01
9.810651915315866667e-01
9.817800787565535980e-01
9.812975635321007362e-01
9.800460704138972412e-01
9.784698816690988732e-01
9.769708191856394386e-01
9.758711495229870359e-01
9.753934478782693152e-01
9.756534799165517136e-01
9.766638822871100967e-01
9.783475029993617955e-01
9.805589925862322476e-01
9.831120301609086454e-01
9.858083229873129127e-01
9.884640186042840115e-01
9.909297534726330126e-01
9.931020747268932691e-01
9.949259127862073449e-01
9.963895565063676241e-01
9.975147280610061618e-01
9.983446822025116019e-01
9.989328564526398502e-01
9.993337564701212372e-01
9.995968071600966898e-01
9.997631011174130666e-01
9.998644706778204716e-01
9.999241112553269861e-01
9.999580204207891843e-01
9.999766861060153111e-01
9.999866648490630672e-01
9.999918745952409704e-01
9.999945576623588961e-01
9.999959453028941514e-01
9.999966872892310787e-01
9.999971138559573536e-01
9.999973870981286872e-01
9.999975842163155715e-01
9.999977411836237229e-01
9.999978746522477646e-01
9.999979924893893646e-01
9.999980986490764057e-01
9.999981953469366802e-01
9.999982840039035592e-01
9.999983656493337536e-01
9.999984410945002011e-01
9.999985110108182695e-01
9.999985759687685105e-01
9.999986364601651800e-01
9.999986929127742119e-01
9.999987457006411784e-01
9.999987951500305394e-01
9.999988415346892090e-01
9.999988850401719809e-01
9.999989256607176857e-01
9.999989630139374253e-01
9.999989961766985180e-01
9.999990238014074828e-01
9.999990446970831171e-01
9.999714458585957644e-01
9.999446377115487339e-01
9.998920076958075498e-01
9.997973185069906066e-01
9.996395821029278039e-01
9.993956310420740730e-01
9.990458523010816716e-01
9.985826348868707125e-01
9.980193526537468607e-01
9.973960874117963060e-01
9.967777520858547291e-01
9.962416335364105979e-01
9.958546581571832146e-01
9.956449426492675059e-01
9.955760887235922674e-01
9.955351663035996168e-01
9.953454912042225544e-01
9.948113794911092045e-01
9.937914571970621891e-01
9.922794210215291066e-01
9.904528679918687128e-01
9.886461001591398956e-01
9.872263617653875833e-01
9.864082275171690561e-01
9.861087333440612390e-01
9.859755283783859792e-01
9.856420239666068284e-01
9.850663011664670954e-01
9.846461263277715981e-01
9.849125426885934065e-01
9.859962010364430318e-01
9.873431217841979191e-01
9.879603270504886403e-01
9.869834748065346997e-01
9.841223096140561122e-01
9.797477238163418978e-01
9.747048639554892757e-01
9.700383671218061332e-01
9.667293768661183728e-01
9.654673892076622854e-01
9.664853156156580916e-01
9.695089317609772994e-01
9.738507096413603348e-01
9.786198141543698270e-01
9.829693061142298349e-01
9.862923162736673133e-01
9.883127567578535722e-01
9.890681335180656619e-01
9.888217489414357075e-01
9.879528965031678656e-01
9.868608112514252184e-01
9.858970017258948948e-01
9.853250575673531131e-01
9.853016498733284667e-01
9.858738409763124766e-01
9.869904043934452087e-01
9.885252712552208276e-01
9.903093898028418884e-01
9.921650354337846478e-01
9.939357969442170759e-01
9.955068301472350667e-01
9.968129809100190197e-01
9.978357666689773309e-01
9.985927143034273312e-01
9.991235050817224295e-01
9.994768344841612473e-01
9.997004442008249336e-01
9.998351589211540436e-01
9.999125125318080176e-01
9.999549028735462697e-01
9.999771126437303481e-01
9.999882694158217511e-01
9.999936703906504576e-01
9.999962149207114459e-01
9.999974029905678297e-01
9.999979682492710076e-01
9.999982490393013457e-01
9.999983930845206537e-01
9.999967080648598516e-01
9.999965958471788152e-01
9.999964417268822903e-01
9.999962441938156088e-01
9.999959922886096919e-01
9.999956465640417180e-01
9.999951001655253968e-01
9.999940936704130312e-01
9.999920354930236233e-01
9.999876493216011131e-01
9.999783346165660447e-01
9.999591021374067967e-01
9.999209683145472427e-01
9.998488109067626972e-01
9.997189542958972996e-01
9.994971775267800229e-01
9.991383396357753632e-01
9.985891765571047740e-01
9.977957063015274741e-01
9.967157558948912532e-01
9.953352968707178672e-01
9.936849014997132246e-01
9.918505702334420304e-01
9.899725394478937623e-01
9.882272828601774695e-01
9.867917994195828379e-01
9.857945556815097543e-01
9.852627809259866254e-01
9.850800654633466991e-01
9.849706444063771604e-01
9.845262959032183847e-01
9.832861194604181065e-01
9.808655501167067303e-01
9.771082579342058594e-01
9.722092612260491151e-01
9.667434761705779867e-01
9.615470121783147306e-01
9.574476544904526598e-01
9.549204258169755599e-01
9.538275681695354002e-01
9.534352524479701163e-01
9.528085781715411873e-01
9.514458627247784905e-01
9.497462519930184310e-01
9.488756736900667565e-01
9.499687372131712104e-01
9.531585843622482068e-01
9.571542271417268211e-01
9.597084015491469389e-01
9.586547880375986264e-01
9.528434307142593651e-01
9.425122898087850976e-01
9.290946006004563440e-01
9.147401157014209971e-01
9.018018552419758693e-01
8.923895857136746601e-01
8.880057736626849607e-01
8.892873296906507186e-01
8.959038865409988395e-01
9.066527219328539555e-01
9.197397942142336857e-01
9.331762061143525910e-01
9.451818737147965610e-01
9.544910884080533009e-01
9.604959717924015372e-01
9.632234155179510982e-01
9.631915229739818063e-01
9.612134537033261150e-01
9.582081923633701814e-01
9.550523233317970151e-01
9.524813226434513114e-01
9.510336746784673334e-01
9.510273629021323005e-01
9.525610647684692456e-01
9.555359989003276988e-01
9.596955897787191603e-01
9.646786566792764361e-01
9.700792352332168189e-01
9.755042985909962994e-01
9.806208147412507348e-01
9.851859670463289920e-01
9.890582402328345069e-01
9.921911785883320567e-01
9.946147357014848422e-01
9.964105247756742667e-01
9.976868937429838047e-01
9.985581037416799699e-01
9.991297526928912820e-01
9.994906551562590113e-01
9.997100834893544175e-01
9.998386920435640146e-01
9.999114494430989541e-01
9.999512547415159158e-01
9.999723815502814528e-01
9.999833210019681839e-01
9.999889036816057564e-01
9.999917613773132707e-01
9.999932672730089678e-01
9.999941054194640966e-01
9.999945994393690807e-01
9.999948966438119147e-01
9.999956877901987617e-01
9.999955234339321652e-01
9.999952827388629562e-01
9.999949310589283380e-01
9.999943715431607316e-01
9.999933537414055218e-01
9.999912841171547662e-01
9.999868465244884375e-01
9.999772888233833257e-01
9.999571830158813235e-01
9.999164540986388294e-01
9.998375586862338071e-01
9.996919573042382101e-01
9.994365223964902789e-01
9.990112268843600596e-01
9.983401676065792874e-01
9.973382948237005108e-01
9.959256264751392695e-01
9.940488344976050605e-01
9.917069840887651200e-01
9.889746976361735165e-01
9.860135562984483348e-01
9.830626875096459827e-01
9.804030375861929603e-01
9.782963286210037968e-01
9.769075573908609922e-01
9.762272623753474043e-01
9.760153709613744732e-01
9.757912723214472450e-01
9.748927788968847485e-01
9.726156922074584710e-01
9.684215543255375591e-01
9.621652398548384832e-01
9.542587630374338437e-01
9.456749692616925884e-01
9.377254054530470562e-01
9.316275118185248783e-01
9.279934044361110024e-01
9.264848342807998627e-01
9.259068645598615976e-01
9.248551265449789227e-01
9.226676053235607355e-01
9.200633255604981908e-01
9.188583509846790509e-01
9.207293733390569113e-01
9.257869443434170176e-01
9.320009927534056438e-01
9.359420371279520978e-01
9.343426508756734750e-01
9.254911553711540062e-01
9.097771965352983159e-01
8.893843002553944999e-01
8.675467669034118146e-01
8.477661172972561499e-01
8.331582528689884803e-01
8.259527882306164637e-01
8.271521925914585571e-01
8.363928566844294199e-01
8.520521552398709897e-01
8.715998535817526260e-01
8.921240249379683851e-01
9.109046676593821612e-01
9.258906293583848424e-01
9.359698706103012356e-01
9.409969709000276517e-01
9.416208596858302027e-01
9.390044618671289367e-01
9.345312960324178020e-01
9.295633050417273502e-01
9.252740577119205057e-01
9.225523082099398309e-01
9.219594686640923964e-01
9.237261109730271480e-01
9.277785687008116566e-01
9.337907238464037141e-01
9.412560668276370723e-01
9.495722920428257829e-01
9.581275296041269485e-01
9.663760527064895189e-01
9.738930444486590954e-01
9.804024819446292005e-01
9.857780156802253835e-01
9.900220534407344619e-01
9.932315876409619770e-01
9.955599919285356147e-01
9.971823937023953643e-01
9.982692974502724859e-01
9.989700290602410160e-01
9.994051470052914832e-01
9.996655978774773299e-01
9.998160250336891597e-01
9.998999628174225496e-01
9.999452997821260958e-01
9.999690802216576468e-01
9.999812646071173372e-01
9.999874291636585699e-01
9.999905694887720742e-01
9.999922324048202693e-01
9.999931872015680456e-01
9.999938034552600108e-01
9.999942535196313376e-01
9.999946161283590484e-01
9.999949271125490036e-01
9.999952032034135074e-01
9.999954527346772704e-01
9.999956801472056345e-01
9.999958874894180338e-01
9.999960743843666622e-01
9.999962376164495126e-01
9.999963718294253567e-01
9.999964723102948705e-01
