9.999999968968038555e-01
9.999999968467119249e-01
9.999999967799473310e-01
9.999999967009989277e-01
9.999999966142257835e-01
9.999999965221713083e-01
9.999999964257562102e-01
9.999999963250845170e-01
9.999999962199774828e-01
9.999999961101775359e-01
9.999999959953952411e-01
9.999999958753166274e-01
9.999999957496020775e-01
9.999999956178834415e-01
9.999999954797611501e-01
9.999999953348013282e-01
9.999999951825311317e-01
9.999999950224351952e-01
9.999999948539506356e-01
9.999999946764617231e-01
9.999999944892929982e-01
9.999999942917028317e-01
9.999999940828746547e-01
9.999999938619078543e-01
9.999999936278065604e-01
9.999999933794666562e-01
9.999999931156620114e-01
9.999999928350261635e-01
9.999999925360327779e-01
9.999999922169716671e-01
9.999999918759203688e-01
9.999999915107112836e-01
9.999999911188914847e-01
9.999999906976742015e-01
9.999999902438825305e-01
9.999999897538771609e-01
9.999999892234722187e-01
9.999999886478281308e-01
9.999999880213215064e-01
9.999999873373803805e-01
9.999999865882776007e-01
9.999999857648672608e-01
9.999999848562475258e-01
9.999999838493180970e-01
9.999999827282030074e-01
9.999999814734754633e-01
9.999999800611119039e-01
9.999999784610488218e-01
9.999999766351564956e-01
9.999999745343258750e-01
9.999999720941279424e-01
9.999999692276499985e-01
9.999999658085360066e-01
9.999999615953436560e-01
9.999999557622254454e-01
9.999999440422588926e-01
9.999999035198277042e-01
9.999997240724582959e-01
9.999989509032073398e-01
9.999959935030862113e-01
9.999861950890569506e-01
9.999583121102381122e-01
9.998905250496958885e-01
9.997505648846147785e-01
9.995072628606562759e-01
9.991563299583359203e-01
9.987480508475559127e-01
9.983899397501179163e-01
9.982055373260951825e-01
9.982667407239932400e-01
9.985491091732809910e-01
9.989473392298118259e-01
9.993375208611017246e-01
9.996357875970145468e-01
9.998145346115090426e-01
9.998771304505732482e-01
9.998198872392813907e-01
9.996143868738198712e-01
9.992332280665368049e-01
9.987133939133470140e-01
9.982020597699386988e-01
9.979112187035008574e-01
9.979830612876885443e-01
9.983813071710783138e-01
9.989202039828989355e-01
9.994007989353764776e-01
9.997205969526374858e-01
9.998763308785900694e-01
9.998914025718124154e-01
9.997394035892719355e-01
9.993203439513624886e-01
9.985390855187414871e-01
9.974817744312979295e-01
9.965273257403369778e-01
9.961697390039294664e-01
9.966211042175676660e-01
9.976159890377405137e-01
9.986546003709068087e-01
9.993926058315231176e-01
9.997805315535305271e-01
9.999364270209201155e-01
9.999851373314909697e-01
9.999971036346204656e-01
9.999994474132991584e-01
9.999998306027840789e-01
9.999998956900555402e-01
9.999999161434693917e-01
9.999999287846709217e-01
9.999999383899109695e-01
9.999999460304607179e-01
9.999999522399349861e-01
9.999999573696360944e-01
9.999999616658646895e-01
9.999999653066116156e-01
9.999999684235680864e-01
9.999999711161337013e-01
9.999999734606426216e-01
9.999999755166113502e-01
9.999999773310701556e-01
9.999999789416302853e-01
9.999999803786967512e-01
9.999999816670892550e-01
9.999999828272485569e-01
9.999999838761459703e-01
9.999999848279776948e-01
9.999999856946993892e-01
9.999999864864445032e-01
9.999999872118520150e-01
9.999999878783271123e-01
9.999999884922505800e-01
9.999999890591448892e-01
9.999999895838134201e-01
9.999999900704493738e-01
9.999999905227291430e-01
9.999999909438872514e-01
9.999999913367796367e-01
9.999999917039366082e-01
9.999999920476064785e-01
9.999999923697930893e-01
9.999999926722877852e-01
9.999999929566958379e-01
9.999999932244596490e-01
9.999999934768781795e-01
9.999999937151248242e-01
9.999999939402602900e-01
9.999999941532470293e-01
9.999999943549593429e-01
9.999999945461930384e-01
9.999999947276740908e-01
9.999999949000655253e-01
9.999999950639744117e-01
9.999999952199574160e-01
9.999999953685251297e-01
9.999999955101478433e-01
9.999999956452583216e-01
9.999999957742553569e-01
9.999999958975082093e-01
9.999999960153573841e-01
9.999999961281187399e-01
9.999999962360850425e-01
9.999999963395281855e-01
9.999999964387004114e-01
9.999999965338366437e-01
9.999999966251560402e-01
9.999999967128624379e-01
9.999999967971463510e-01
9.999999968781856374e-01
9.999999969561467195e-01
9.999999970311853614e-01
9.999999971034473356e-01
9.999999971730697546e-01
9.999999972401808490e-01
9.999999973049014113e-01
9.999999973673447951e-01
9.999999974276174708e-01
9.999999974858202467e-01
9.999999975420467146e-01
9.999999975963800303e-01
9.999999976488630482e-01
9.999999976993834139e-01
9.999999977473658097e-01
9.999999977913074378e-01
9.999999978286633340e-01
9.999999978568007153e-01
9.999955250791083827e-01
9.999953419231786267e-01
9.999950867732561033e-01
9.999947709159171527e-01
9.999944035394764397e-01
9.999939856510113856e-01
9.999935111963345058e-01
9.999929694798532775e-01
9.999923458646063912e-01
9.999916207297531168e-01
9.999907660257094655e-01
9.999897322933289923e-01
9.999883876891884071e-01
9.999862302673927505e-01
9.999811512601260999e-01
9.999647525924750813e-01
9.999069839232007650e-01
9.997131188508026067e-01
9.991231009674588215e-01
9.975223048548522709e-01
9.936801492984079776e-01
9.855645175172529360e-01
9.705537011321221375e-01
9.463875618766168785e-01
9.128168035888086784e-01
8.731791925608693994e-01
8.346521093651314560e-01
8.063947901086643277e-01
7.961165444925828449e-01
8.067914796075195127e-01
8.353314047484103888e-01
8.739632604968808893e-01
9.135361274734576931e-01
9.469341203593750755e-01
9.708831364439097777e-01
9.856209578119223824e-01
9.931740821205919945e-01
9.953765733847944608e-01
9.923180437783615249e-01
9.815356276292088733e-01
9.585782584636570736e-01
9.198466789347168326e-01
8.672963592330815707e-01
8.117772850910958127e-01
7.707458219423237722e-01
7.597952141915593760e-01
7.833962935443536946e-01
8.320671210071517443e-01
8.882964763951785025e-01
9.364156593084178581e-01
9.690894796102601516e-01
9.871586672598111623e-01
9.953398350511486470e-01
9.980406868081270755e-01
9.970625118822318278e-01
9.902209002325756959e-01
9.700545461197158659e-01
9.249175094229000749e-01
8.468809211166110629e-01
7.452532305658037259e-01
6.527959407113808066e-01
6.110235564262815888e-01
6.412918024165842334e-01
7.279846066244940461e-01
8.309083250244067020e-01
9.141959402780381883e-01
9.645925609647241217e-01
9.881342484219097777e-01
9.967496280854565294e-01
9.992451217477973380e-01
9.998261143729476608e-01
9.999403138730169616e-01
9.999633942798796804e-01
9.999710356300974823e-01
9.999756056448869668e-01
9.999790116965203701e-01
9.999816944453818746e-01
9.999838590348266720e-01
9.999856364409560605e-01
9.999871172831430455e-01
9.999883664433726338e-01
9.999894315544874956e-01
9.999903483258992809e-01
9.999911440151308950e-01
9.999918397583829055e-01
9.999924521746689221e-01
9.999929944941090554e-01
9.999934773667866761e-01
9.999939094524927796e-01
9.999942978572831098e-01
9.999946484610894304e-01
9.999949661666458489e-01
9.999952550907491577e-01
9.999955187121818412e-01
9.999957599811576392e-01
9.999959813573886525e-01
9.999961846030114287e-01
9.999963699056004796e-01
9.999965341518559647e-01
9.999966700107700834e-01
9.999967692117592843e-01
