9.999999616889018172e-01
9.999999612904328927e-01
9.999999607663568879e-01
9.999999601512665759e-01
9.999999594802521097e-01
9.999999587758099384e-01
9.999999580478398098e-01
9.999999572991804531e-01
9.999999565299910742e-01
9.999999557396872518e-01
9.999999549275092603e-01
9.999999540926396424e-01
9.999999532342200848e-01
9.999999523513505295e-01
9.999999514430868430e-01
9.999999505084393725e-01
9.999999495463687271e-01
9.999999485557835577e-01
9.999999475355372258e-01
9.999999464844244734e-01
9.999999454011778699e-01
9.999999442844631492e-01
9.999999431328758792e-01
9.999999419449364657e-01
9.999999407190851564e-01
9.999999394536764896e-01
9.999999381469744097e-01
9.999999367971453834e-01
9.999999354022517384e-01
9.999999339602443360e-01
9.999999324689556879e-01
9.999999309260900748e-01
9.999999293292149982e-01
9.999999276757511879e-01
9.999999259629613890e-01
9.999999241879388157e-01
9.999999223475939392e-01
9.999999204386404994e-01
9.999999184575794065e-01
9.999999164006827534e-01
9.999999142639743877e-01
9.999999120432101485e-01
9.999999097338549969e-01
9.999999073310583686e-01
9.999999048296273063e-01
9.999999022239959290e-01
9.999998995081924580e-01
9.999998966758021357e-01
9.999998937199265914e-01
9.999998906331377668e-01
9.999998874074280675e-01
9.999998840341525197e-01
9.999998805039660432e-01
9.999998768067523969e-01
9.999998729315431323e-01
9.999998688664286650e-01
9.999998645984548018e-01
9.999998601135078324e-01
9.999998553961828573e-01
9.999998504296331303e-01
9.999998451953993062e-01
9.999998396732105999e-01
9.999998338407588561e-01
9.999998276734342051e-01
9.999998211440191964e-01
9.999998142223308628e-01
9.999998068748017221e-01
9.999997990639835077e-01
9.999997907479587500e-01
9.999997818796384497e-01
9.999997724059157544e-01
9.999997622666397801e-01
9.999997513933611692e-01
9.999997397077827754e-01
9.999997271198262094e-01
9.999997135251922353e-01
9.999996988022366029e-01
9.999996828079122935e-01
9.999996653723968176e-01
9.999996462917961626e-01
9.999996253177388938e-01
9.999996021405356261e-01
9.999995763527056436e-01
9.999995473335404617e-01
9.999995137967043757e-01
9.999994719829976564e-01
9.999994089500958694e-01
9.999992802176129736e-01
9.999989440733079160e-01
9.999979936341512055e-01
9.999953900397711148e-01
9.999887985735899099e-01
9.999736568475543486e-01
9.999423586255062890e-01
9.998844662830018715e-01
9.997891704997579065e-01
9.996506008023866574e-01
9.994746553554603175e-01
9.992835590674982171e-01
9.991135105280133377e-01
9.990034572813151215e-01
9.989785397146211388e-01
9.990361949401586061e-01
9.991422455727274610e-01
9.992384101254646600e-01
9.992561693162247405e-01
9.991300208768790769e-01
9.988067758498477833e-01
9.982527079139656978e-01
9.974621688850374701e-01
9.964681996753110838e-01
9.953503341097449386e-01
9.942315316244927370e-01
9.932578819507411616e-01
9.925612520549530471e-01
9.922135117644312885e-01
9.921874633231559937e-01
9.923411755867284079e-01
9.924381989271815474e-01
9.922068260865937184e-01
9.914285221681367055e-01
9.900312074989923161e-01
9.881523004491423734e-01
9.861373144158194215e-01
9.844587326066150945e-01
9.835738732903173132e-01
9.837737283355032503e-01
9.850861690919142655e-01
9.872752852743961194e-01
9.899335553186523473e-01
9.926209549656017650e-01
9.949894545237194521e-01
9.968486809009468042e-01
9.981639595071389870e-01
9.990085768612082529e-01
9.995032927528464395e-01
9.997685372555634720e-01
9.998991011779402305e-01
9.999582890290373838e-01
9.999831080888808010e-01
9.999928159016935325e-01
9.999964259816045420e-01
9.999977611243600073e-01
9.999982999270338180e-01
9.999985679898937274e-01
9.999987393843310368e-01
9.999988695106847292e-01
9.999989765842709488e-01
9.999990676622954044e-01
9.999991463505983891e-01
9.999992149932246388e-01
9.999992753196647044e-01
9.999993286752950628e-01
9.999993761321339658e-01
9.999994185568474858e-01
9.999994566579099020e-01
9.999994910200045162e-01
9.999995221297446335e-01
9.999995503952210374e-01
9.999995761610528389e-01
9.999995997201123199e-01
9.999996213227513309e-01
9.999996411841325372e-01
9.999996594901016111e-01
9.999996764019309925e-01
9.999996920601779138e-01
9.999997065878442060e-01
9.999997200929802155e-01
9.999997326708430778e-01
9.999997444056963891e-01
9.999997553723167787e-01
9.999997656372630050e-01
9.999997752599485423e-01
9.999997842935540726e-01
9.999997927858030877e-01
9.999998007796283561e-01
9.999998083137429106e-01
9.999998154231333203e-01
9.999998221394862385e-01
9.999998284915578850e-01
9.999998345054970095e-01
9.999998402051250013e-01
9.999998456121834689e-01
9.999998507465488462e-01
9.999998556264227956e-01
9.999998602684894156e-01
9.999998646879738606e-01
9.999998688981909245e-01
9.999998729078782844e-01
9.999998767118878362e-01
9.999998802700393874e-01
9.999998834806849146e-01
9.999998861817738227e-01
9.999998882158942504e-01
9.999999041988270054e-01
9.999999032905837471e-01
9.999999021086902751e-01
9.999999007201529899e-01
9.999998991979276441e-01
9.999998975940049828e-01
9.999998959349483130e-01
9.999998942304472171e-01
9.999998924824806679e-01
9.999998906904107310e-01
9.999998888528911500e-01
9.999998869683859315e-01
9.999998850352720403e-01
9.999998830518525006e-01
9.999998810163555074e-01
9.999998789269294308e-01
9.999998767816393741e-01
9.999998745784620668e-01
9.999998723152812019e-01
9.999998699898817733e-01
9.999998675999453024e-01
9.999998651430428431e-01
9.999998626166299864e-01
9.999998600180380892e-01
9.999998573444690564e-01
9.999998545929860150e-01
9.999998517605060977e-01
9.999998488437904509e-01
9.999998458394354639e-01
9.999998427438616666e-01
9.999998395533038487e-01
9.999998362637974036e-01
9.999998328711672269e-01
9.999998293710130604e-01
9.999998257586946160e-01
9.999998220293151441e-01
9.999998181777052242e-01
9.999998141984025590e-01
9.999998100856328787e-01
9.999998058332868478e-01
9.999998014348971953e-01
9.999997968836122908e-01
9.999997921721673899e-01
9.999997872928552134e-01
9.999997822374916412e-01
9.999997769973794082e-01
9.999997715632686912e-01
9.999997659253132554e-01
9.999997600730226033e-01
9.999997539952099057e-01
9.999997476799353802e-01
9.999997411144416759e-01
9.999997342850857063e-01
9.999997271772610441e-01
9.999997197753137668e-01
9.999997120624481983e-01
9.999997040206231036e-01
9.999996956304353368e-01
9.999996868709920550e-01
9.999996777197663889e-01
9.999996681524364606e-01
9.999996581427056386e-01
9.999996476621001440e-01
9.999996366797405667e-01
9.999996251620842935e-01
9.999996130726342969e-01
9.999996003716069559e-01
9.999995870155544697e-01
9.999995729569330916e-01
9.999995581436060821e-01
9.999995425182734987e-01
9.999995260178098366e-01
9.999995085724961985e-01
9.999994901051234564e-01
9.999994705299373177e-01
9.999994497513969849e-01
9.999994276626984480e-01
9.999994041440097847e-01
9.999993790603468602e-01
9.999993522589950556e-01
9.999993235663520164e-01
9.999992927840253287e-01
9.999992596839523129e-01
9.999992240022266277e-01
9.999991854311720552e-01
9.999991436089916697e-01
9.999990981059168060e-01
9.999990484047727168e-01
9.999989938703597314e-01
9.999989336873469359e-01
9.999988666842740681e-01
9.999987907163758738e-01
9.999987004065591378e-01
9.999985792756326264e-01
9.999983746136061891e-01
9.999979251810962033e-01
9.999967759271154444e-01
9.999937602428294880e-01
9.999861860825538518e-01
9.999685089796366277e-01
9.999306472590129280e-01
9.998566902879680862e-01
9.997255222330192481e-01
9.995152400044471364e-01
9.992122815595638752e-01
9.988234160302434939e-01
9.983851370032654771e-01
9.979631679427927171e-01
9.976374540282877401e-01
9.974752372684979607e-01
9.975026044669679237e-01
9.976874792953907001e-01
9.979416487291106197e-01
9.981393755796867939e-01
9.981426053367600248e-01
9.978228403846436390e-01
9.970763359483100219e-01
9.958363539142726095e-01
9.940880159611229505e-01
9.918865768924762794e-01
9.893722790326384686e-01
9.867698103134414644e-01
9.843616237839941663e-01
9.824323104358957393e-01
9.811928177318952615e-01
9.807038966507815037e-01
9.808236421657120507e-01
9.812023329068562116e-01
9.813389686414412116e-01
9.806989137565866876e-01
9.788724532081295449e-01
9.757335324855556102e-01
9.715442213617465628e-01
9.669540824250818511e-01
9.628715759301387234e-01
9.602319081618893026e-01
9.597330135016839403e-01
9.616334375224000475e-01
9.656871093631943515e-01
9.712359634846490231e-01
9.774177611070713478e-01
9.834047421875309336e-01
9.885878521682305298e-01
9.926571890493256500e-01
9.955791695517610673e-01
9.975085242945198605e-01
9.986844371304973711e-01
9.993479033493961605e-01
9.996952879495412114e-01
9.998645018439340504e-01
9.999414352489317537e-01
9.999742648166782821e-01
9.999875649567958602e-01
9.999928125324286654e-01
9.999949418499536336e-01
9.999959167164513829e-01
9.999964663216045491e-01
9.999968470791225084e-01
9.999971472574629150e-01
9.999973987912528228e-01
9.999976152792170447e-01
9.999978041157998598e-01
9.999979702458419162e-01
9.999981173719849625e-01
9.999982484095133461e-01
9.999983657082334165e-01
9.999984711885643307e-01
9.999985664362812665e-01
9.999986527722926066e-01
9.999987313054193860e-01
9.999988029729736105e-01
9.999988685723542048e-01
9.999989287859100129e-01
9.999989842006984375e-01
9.999990353243206620e-01
9.999990825977185249e-01
9.999991264055896334e-01
9.999991670849219805e-01
9.999992049320337584e-01
9.999992402084116883e-01
9.999992731455829009e-01
9.999993039491983371e-01
9.999993328024724404e-01
9.999993598690971597e-01
9.999993852957155260e-01
9.999994092140351842e-01
9.999994317426383894e-01
9.999994529885379846e-01
9.999994730485217698e-01
9.999994920103136842e-01
9.999995099535854415e-01
9.999995269508353823e-01
9.999995430681576369e-01
9.999995583659155862e-01
9.999995728993329447e-01
9.999995867190152321e-01
9.999995998714090728e-01
9.999996123992087593e-01
9.999996243417055286e-01
9.999996357350198206e-01
9.999996466118213911e-01
9.999996569988254258e-01
9.999996669069207700e-01
9.999996763045169157e-01
9.999996850696906137e-01
9.999996929463341733e-01
9.999996995701185831e-01
9.999997046132194090e-01
9.999999421849917747e-01
9.999999415388705071e-01
9.999999406813047109e-01
9.999999396769301274e-01
9.999999385867305302e-01
9.999999374457716472e-01
9.999999362672319370e-01
9.999999350538857357e-01
9.999999338052286690e-01
9.999999325199979694e-01
9.999999311967560089e-01
9.999999298339803389e-01
9.999999284300702396e-01
9.999999269833419469e-01
9.999999254920243219e-01
9.999999239542531893e-01
9.999999223680645644e-01
9.999999207313895466e-01
9.999999190420456596e-01
9.999999172977311890e-01
9.999999154960151904e-01
9.999999136343304951e-01
9.999999117099628299e-01
9.999999097200416021e-01
9.999999076615282423e-01
9.999999055312038809e-01
9.999999033256570247e-01
9.999999010412687905e-01
9.999998986741976958e-01
9.999998962203627828e-01
9.999998936754246337e-01
9.999998910347666081e-01
9.999998882934713063e-01
9.999998854462978093e-01
9.999998824876548120e-01
9.999998794115716461e-01
9.999998762116664164e-01
9.999998728811112514e-01
9.999998694125937782e-01
9.999998657982744898e-01
9.999998620297387841e-01
9.999998580979461149e-01
9.999998539931707064e-01
9.999998497049379376e-01
9.999998452219520662e-01
9.999998405320158490e-01
9.999998356219410578e-01
9.999998304774478930e-01
9.999998250830509638e-01
9.999998194219328340e-01
9.999998134757992485e-01
9.999998072247162639e-01
9.999998006469243972e-01
9.999997937186284602e-01
9.999997864137548653e-01
9.999997787036759567e-01
9.999997705568905992e-01
9.999997619386570280e-01
9.999997528105648570e-01
9.999997431300385875e-01
9.999997328497542970e-01
9.999997219169556306e-01
9.999997102726425613e-01
9.999996978506069389e-01
9.999996845762773034e-01
9.999996703653253327e-01
9.999996551219716423e-01
9.999996387369083362e-01
9.999996210847267308e-01
9.999996020207009284e-01
9.999995813767131869e-01
9.999995589560254361e-01
9.999995345264642843e-01
9.999995078113776970e-01
9.999994784773578171e-01
9.999994461169949833e-01
9.999994102226269499e-01
9.999993701365887944e-01
9.999993249091058134e-01
9.999992727273164794e-01
9.999992084103938028e-01
9.999991130715979448e-01
9.999989161330460341e-01
9.999983739151450113e-01
9.999967377286363979e-01
9.999919942428101560e-01
9.999794636327674624e-01
9.999498884643196472e-01
9.998880807159429285e-01
9.997744514789819181e-01
9.995920301156477894e-01
9.993390380881116419e-01
9.990415342937154497e-01
9.987558619452396869e-01
9.985527653264734127e-01
9.984861308302774852e-01
9.985620470042604335e-01
9.987263551301430731e-01
9.988770437037748362e-01
9.988917041741309788e-01
9.986543387759116985e-01
9.980739581887636547e-01
9.970994182455725774e-01
9.957379894040774282e-01
9.940763166510195870e-01
9.922900921281145870e-01
9.906242999250127745e-01
9.893348314126166887e-01
9.886010891524649180e-01
9.884382040920185464e-01
9.886469048994885878e-01
9.888339804202082028e-01
9.885170717941682561e-01
9.872973338514037245e-01
9.850481309585432665e-01
9.820405556327528318e-01
9.789287536936861489e-01
9.765663921924050417e-01
9.757090613664907153e-01
9.767301122263394308e-01
9.794856954617848777e-01
9.833920464973484599e-01
9.876661672963118477e-01
9.916024055177314889e-01
9.947593971400909840e-01
9.970022094681080249e-01
9.984274040150064033e-01
9.992425353942169242e-01
9.996640213617893345e-01
9.998617778773283282e-01
9.999462950067545819e-01
9.999793870393143269e-01
9.999913986582200653e-01
9.999955587700026793e-01
9.999970334435288599e-01
9.999976443373838064e-01
9.999979779890775244e-01
9.999982108986866791e-01
9.999983956566624865e-01
9.999985498940301420e-01
9.999986814347203712e-01
9.999987949613603488e-01
9.999988937991862725e-01
9.999989804798350423e-01
9.999990569880852220e-01
9.999991249062101240e-01
9.999991855115402117e-01
9.999992398462826948e-01
9.999992887688565757e-01
9.999993329923126950e-01
9.999993731135110586e-01
9.999994096355570017e-01
9.999994429852553379e-01
9.999994735268227242e-01
9.999995015727667358e-01
9.999995273925861294e-01
9.999995512197883407e-01
9.999995732575880369e-01
9.999995936835661681e-01
9.999996126535052321e-01
9.999996303045617374e-01
9.999996467579088666e-01
9.999996621209457093e-01
9.999996764891548873e-01
9.999996899476718548e-01
9.999997025726152788e-01
9.999997144322211318e-01
9.999997255878111391e-01
9.999997360946250025e-01
9.999997460025367157e-01
9.999997553566728481e-01
9.999997641979504470e-01
9.999997725635421109e-01
9.999997804872791107e-01
9.999997879999530381e-01
9.999997951291530462e-01
9.999998018965879920e-01
9.999998083056534925e-01
9.999998143059779521e-01
9.999998197365913555e-01
9.999998243076843041e-01
9.999998277152671866e-01
9.999978932703934564e-01
9.999978110809971676e-01
9.999976985131446838e-01
9.999975560516715101e-01
9.999973790608436275e-01
9.999971411274647393e-01
9.999967459929215430e-01
9.999958872811631760e-01
9.999936790663634945e-01
9.999878028933083529e-01
9.999728117399919736e-01
9.999373150867773008e-01
9.998603477239528248e-01
9.997085361900177602e-01
9.994374102051013509e-01
9.990010225682611766e-01
9.983718629878695072e-01
9.975667845968549940e-01
9.966665922034710912e-01
9.958131842463953110e-01
9.951747888732779268e-01
9.948864826049815813e-01
9.949901098321909387e-01
9.954018493485785601e-01
9.959219254698201684e-01
9.962783345612546970e-01
9.961814844937048052e-01
9.953694004814348517e-01
9.936389681614294922e-01
9.908730147860996817e-01
9.870740217139537531e-01
9.824025244887204522e-01
9.772017177363900853e-01
9.719817254085632019e-01
9.673442104530534102e-01
9.638485900761575298e-01
9.618465209450642872e-01
9.613312694595228525e-01
9.618558359744573405e-01
9.625655598087274889e-01
9.623674746547895564e-01
9.602210340990320336e-01
9.554874904354425658e-01
9.482317196993780284e-01
9.393543916679855110e-01
9.304668701686450438e-01
9.235078716886158112e-01
9.202085481248593046e-01
9.215886781531900107e-01
9.276676009076401108e-01
9.374928161228628376e-01
9.494625382415853299e-01
9.618054071544495098e-01
9.730334243738828492e-01
9.822207965163546328e-01
9.890555176117239444e-01
9.937085989606315728e-01
9.966204904456759106e-01
9.983010408357451126e-01
9.991979494087983582e-01
9.996417577432410440e-01
9.998460000915327939e-01
9.999338444559922046e-01
9.999694929717546366e-01
9.999834337891414515e-01
9.999889382960848172e-01
9.999913324015428095e-01
9.999926009886532796e-01
9.999934400456953476e-01
9.999940858305051972e-01
9.999946210538863678e-01
9.999950790944120982e-01
9.999954771304749856e-01
9.999958262562639311e-01
9.999961346404675488e-01
9.999964086595705126e-01
9.999966534172639587e-01
9.999968730213666390e-01
9.999970706609888627e-01
9.999972483835490866e-01
9.999974065105021737e-01
9.999975430655652087e-01
9.999976542338036012e-01
9.999977366364338760e-01
9.999985110849716197e-01
9.999984718681831364e-01
9.999984196524709379e-01
9.999983564720851259e-01
9.999982846256387781e-01
9.999982055858189778e-01
9.999981197838185842e-01
9.999980269083090789e-01
9.999979262303004823e-01
9.999978167656792261e-01
9.999976973036592831e-01
9.999975663580744634e-01
9.999974220353110566e-01
9.999972616496398681e-01
9.999970803428614996e-01
9.999968658740207017e-01
9.999965798638119630e-01
9.999960958876752404e-01
9.999950152686172267e-01
9.999921783272806008e-01
9.999845210670345041e-01
9.999647545841270357e-01
9.999173890635245643e-01
9.998133080354625335e-01
9.996048304086778691e-01
9.992257525961921738e-01
9.986026226366206959e-01
9.976815295063995448e-01
9.964667550729799927e-01
9.950556525064417901e-01
9.936458694568792716e-01
9.924962634298324371e-01
9.918443000688044187e-01
9.918097400996284119e-01
9.923278550907272955e-01
9.931428491455515095e-01
9.938604282624382558e-01
9.940300008114026920e-01
9.932216210482782692e-01
9.910812679472547071e-01
9.873725371279674645e-01
9.820226613208808963e-01
9.751787051909885928e-01
9.672556958161806495e-01
9.589404430089978337e-01
9.511165204916831595e-01
9.446989926885881461e-01
9.404023896563403762e-01
9.384979445417105381e-01
9.386348069004584183e-01
9.397994261262396787e-01
9.404658632066413837e-01
9.389460282637518418e-01
9.338839642557613674e-01
9.247654836070969830e-01
9.122653680068968374e-01
8.982683544133249764e-01
8.854954499883658237e-01
8.768157926535914415e-01
8.744588080233388627e-01
8.793940729987219651e-01
8.910899266687264397e-01
9.077215060434750127e-01
9.267340984525540559e-01
9.455456454013945189e-01
9.621425257019107224e-01
9.753950860795704836e-01
9.850538831211143043e-01
9.915138774809050259e-01
9.954937147035245459e-01
9.977588154369725348e-01
9.989527502021909866e-01
9.995370051224550245e-01
9.998032105195561181e-01
9.999166535889499885e-01
9.999622669974366218e-01
9.999799126061095222e-01
9.999867758769158677e-01
9.999896986664223997e-01
9.999912129981598508e-01
9.999922001767240776e-01
9.999929562483984569e-01
9.999935830005122206e-01
9.999941203875646334e-01
9.999945884124284978e-01
9.999949998022108488e-01
9.999953638950930257e-01
9.999956879920963715e-01
9.999959779627269896e-01
9.999962385975835755e-01
9.999964738487451266e-01
9.999966870055529977e-01
9.999968808272166054e-01
9.999970576446242099e-01
9.999972194395214675e-01
9.999973679067697407e-01
9.999975045037710064e-01
9.999976304900561885e-01
9.999977469592407076e-01
9.999978548649507415e-01
9.999979550415138974e-01
9.999980482176136221e-01
9.999981350116476930e-01
9.999982158729235904e-01
9.999982909018099164e-01
9.999983595169051886e-01
9.999984201505736081e-01
9.999984704490059162e-01
9.999985083294370414e-01
