3.065543416398836143e+03 1.015147231368689562e+00 1.025249190843244632e-02 6.376499214172363281e+03
3.065551811588605688e+03 1.010439782746664683e+00 1.023733791734460045e-02 6.350061829964857679e+03
3.065560206778375232e+03 1.005739863691199609e+00 1.022222822530290988e-02 6.323624445757352078e+03
3.065568601968144321e+03 9.939500518060714329e-01 1.017839457766325610e-02 6.252540353600015806e+03
3.065576997157913866e+03 9.819106466504845532e-01 1.013356305029690201e-02 6.179795442982301211e+03
3.065585392347683410e+03 9.957738644619227308e-01 1.015063770208914258e-02 6.270059975965632475e+03
3.065593787537452954e+03 1.011626149079889014e+00 1.017250088069658956e-02 6.372920693226749790e+03
3.065602182727222043e+03 1.000333720583903130e+00 1.013213718353747975e-02 6.304774069771167888e+03
3.065610577916991588e+03 9.867442279187005338e-01 1.008654072017958585e-02 6.222057564964671656e+03
3.065618973106761132e+03 9.860080883451115552e-01 1.007443195724106941e-02 6.220329329897677781e+03
3.065627368296530676e+03 9.869326503899110703e-01 1.006667690563603501e-02 6.229060529361954650e+03
3.065635763486299766e+03 9.962422064703759794e-01 1.011862373472581338e-02 6.290725982976267915e+03
3.065644158676069310e+03 1.007027510111958568e+00 1.018109598386586316e-02 6.361750445529549324e+03
3.065652553865838854e+03 1.005757219960120796e+00 1.015938640069906536e-02 6.356624878953378357e+03
3.065660949055608398e+03 1.002247668416692106e+00 1.012205726192064517e-02 6.337314769950012305e+03
3.065669344245377488e+03 1.003080041523925381e+00 1.012491597110315097e-02 6.345433312625454164e+03
3.065677739435147032e+03 1.004950278178815770e+00 1.013738602684444677e-02 6.360106872877829119e+03
3.065686134624916576e+03 1.006775438438988868e+00 1.016362286315413560e-02 6.374487426594904719e+03
3.065694529814686121e+03 1.008590314270687127e+00 1.019329407942659582e-02 6.388794880394969368e+03
3.065702925004455210e+03 1.002306466148034092e+00 1.016679591317619195e-02 6.351771355448126997e+03
3.065711320194224754e+03 9.935364146309921818e-01 1.012305054357723680e-02 6.298932667918296829e+03
3.065719715383994298e+03 9.903362940503942502e-01 1.010769710792090541e-02 6.281355970876035826e+03
3.065728110573763843e+03 9.892117293592261884e-01 1.010293204547435889e-02 6.276914091799486414e+03
3.065736505763532932e+03 9.907114387666619004e-01 1.011415492951860638e-02 6.289107331891786089e+03
3.065744900953302476e+03 9.932221709031657797e-01 1.013154334572413662e-02 6.307711517702035962e+03
3.065753296143072021e+03 1.001290903216700778e+00 1.015348341207229430e-02 6.361623520127914162e+03
3.065761691332841565e+03 1.011898917780596818e+00 1.017751047687347372e-02 6.431700173219036515e+03
3.065770086522610654e+03 1.006673276955440510e+00 1.014626785943880012e-02 6.401133080636670456e+03
3.065778481712380199e+03 9.939812276761368359e-01 1.008897818917655828e-02 6.323024267506889373e+03
3.065786876902149743e+03 9.944959930699043271e-01 1.009019157640689973e-02 6.328878353185348715e+03
3.065795272091919287e+03 1.002325563623524651e+00 1.012381538117453246e-02 6.381286709524118123e+03
3.065803667281688377e+03 1.000183875792898691e+00 1.012020687731422612e-02 6.370209827096133267e+03
3.065812062471457921e+03 9.923571702123684668e-01 1.009537700707148489e-02 6.322881430489029299e+03
3.065820457661227465e+03 9.942860193979903283e-01 1.012638775650100131e-02 6.337678381818344860e+03
3.065828852850997009e+03 1.002693374832282824e+00 1.019448040683130358e-02 6.393777935259630794e+03
3.065837248040766099e+03 1.009080884049650129e+00 1.020252061425531639e-02 6.437016547049313886e+03
3.065845643230535643e+03 1.014088134899058469e+00 1.016954994763740253e-02 6.471460376363871546e+03
3.065854038420305187e+03 1.008293679883244698e+00 1.011396205392311488e-02 6.436952362796540910e+03
3.065862433610074731e+03 9.939549387975087358e-01 1.004049496608939301e-02 6.347830318667591200e+03
3.065870828799843821e+03 9.863605890084932160e-01 9.989026461985458377e-03 6.301709765880016676e+03
3.065879223989613365e+03 9.842521974171455357e-01 9.955458941546412380e-03 6.290596988154089559e+03
3.065887619179382909e+03 9.858260431866727735e-01 9.960333382062114618e-03 6.302999209126025562e+03
3.065896014369152454e+03 9.908587324912370153e-01 1.000131795076563204e-02 6.337513779746968794e+03
3.065904409558921543e+03 9.996320202220863038e-01 1.007107990608757490e-02 6.395967664381375471e+03
3.065912804748691087e+03 1.012015542745615226e+00 1.016861651665405125e-02 6.477552246204206313e+03
3.065921199938460632e+03 1.016120428821603472e+00 1.018056724112956050e-02 6.506168166487053895e+03
3.065929595128230176e+03 1.012015250695778024e+00 1.010764088543899576e-02 6.482197181350836217e+03
3.065937990317999265e+03 1.005652805835886454e+00 1.003868234863438368e-02 6.443725771000289569e+03
3.065946385507768809e+03 9.967047343027548578e-01 9.974254921957390746e-03 6.388634209623915922e+03
3.065954780697538354e+03 9.948803871897279327e-01 9.964271420014452277e-03 6.379161773017475753e+03
3.065963175887307898e+03 1.001437428439885702e+00 1.001834303689146111e-02 6.423423185706827098e+03
3.065971571077076987e+03 1.005816134712173016e+00 1.002178662390613810e-02 6.453718369670707034e+03
3.065979966266846532e+03 1.007230216378398380e+00 9.956315735971377895e-03 6.464985872138048762e+03
3.065988361456616076e+03 1.003495913775122261e+00 9.910072470310013829e-03 6.443184891901518313e+03
3.065996756646385620e+03 9.925545025012235678e-01 9.890713257653822518e-03 6.375059322297006474e+03
3.066005151836154710e+03 9.899378956451081457e-01 9.883986535053906550e-03 6.360356057493142544e+03
3.066013547025924254e+03 9.993001208466089080e-01 9.895425904437163411e-03 6.422613133951136660e+03
3.066021942215693798e+03 1.001824662773521446e+00 9.895753585916735456e-03 6.440930603487014196e+03
3.066030337405463342e+03 9.929083386867743055e-01 9.877471739114995417e-03 6.385661185981572089e+03
3.066038732595232432e+03 9.899853035225559816e-01 9.869876402577776320e-03 6.368893839210306396e+03
3.066047127785001976e+03 9.973822422514689867e-01 9.880664800231968303e-03 6.418509373015280289e+03
3.066055522974771520e+03 9.998175735266077169e-01 9.873744299051637890e-03 6.436197142226575124e+03
3.066063918164541064e+03 9.934513407864188350e-01 9.835387890657706564e-03 6.397200109815415999e+03
3.066072313354310154e+03 9.905301370391379479e-01 9.824096928808902229e-03 6.380350449276165818e+03
3.066080708544079698e+03 9.947706084842999896e-01 9.869072516026228259e-03 6.409616287149999152e+03
3.066089103733849242e+03 9.965030085629055234e-01 9.886560820045168022e-03 6.422715563594397281e+03
3.066097498923618787e+03 9.928509454010425728e-01 9.845040205837292738e-03 6.401088943385197126e+03
3.066105894113387876e+03 9.930723689416838251e-01 9.831116389062607638e-03 6.404410850612962349e+03
3.066114289303157420e+03 1.001869216159306353e+00 9.878267715365492141e-03 6.463035528550550225e+03
3.066122684492926965e+03 1.007995106282525422e+00 9.909378456420607842e-03 6.504439916979187728e+03
3.066131079682696509e+03 1.007087344269931961e+00 9.898225060966846234e-03 6.500448791530653580e+03
3.066139474872465598e+03 1.004834183375429513e+00 9.877191985427899446e-03 6.487749513113207286e+03
3.066147870062235143e+03 9.989066735664529073e-01 9.829160468982045887e-03 6.451293610642170279e+03
3.066156265252004687e+03 9.943038416495365572e-01 9.797490213120499392e-03 6.423355855948722819e+03
3.066164660441774231e+03 9.934299796703209839e-01 9.811915644550734880e-03 6.419480027625700131e+03
3.066173055631543320e+03 9.937435007457297020e-01 9.815750448360426733e-03 6.423258048167331253e+03
3.066181450821312865e+03 9.981234840931597629e-01 9.783197265577133622e-03 6.453310704189511853e+03
3.066189846011082409e+03 1.000157245265848704e+00 9.765030459348303382e-03 6.468187125116019160e+03
3.066198241200851953e+03 9.938167815198825084e-01 9.798090039445187319e-03 6.428880624050820188e+03
3.066206636390621043e+03 9.918064931081065350e-01 9.838164677049256873e-03 6.417553322672752984e+03
3.066215031580390587e+03 1.005865915689626799e+00 9.904273024298292441e-03 6.510208420143875628e+03
3.066223426770160131e+03 1.014762802853399037e+00 9.944416433472835076e-03 6.569470411604058427e+03
3.066231821959929675e+03 1.003689553418397162e+00 9.884074528721756986e-03 6.499426058666008430e+03
3.066240217149698765e+03 9.951947728468101273e-01 9.834961849324062172e-03 6.446028670807053459e+03
3.066248612339468309e+03 9.970843697964969499e-01 9.831007809790364219e-03 6.459863786546347001e+03
3.066257007529237853e+03 9.963893246757284938e-01 9.818407940685201091e-03 6.456937562495952989e+03
3.066265402719007398e+03 9.823798124652792785e-01 9.761174009368855584e-03 6.367688108415718489e+03
3.066273797908776487e+03 9.720636645389851838e-01 9.717972115196385485e-03 6.302323063551345513e+03
3.066282193098546031e+03 9.817090588559977959e-01 9.750526539671946699e-03 6.366358850820839507e+03
3.066290588288315575e+03 9.895225865053494108e-01 9.767324925503717906e-03 6.418523842397624321e+03
3.066298983478085120e+03 9.868882431006104072e-01 9.694131558335492352e-03 6.402908871124081088e+03
3.066307378667854209e+03 9.857073233945427004e-01 9.640395887529535496e-03 6.396700186938408478e+03
3.066315773857623753e+03 9.932675511138848723e-01 9.703643978856228355e-03 6.447208225319615849e+03
3.066324169047393298e+03 9.999111674518463833e-01 9.759506895120969791e-03 6.491769249283829595e+03
3.066332564237162842e+03 1.000710407489975307e+00 9.768261600839517333e-03 6.498379192368861368e+03
3.066340959426931931e+03 1.001261374182235375e+00 9.771869240026679823e-03 6.503360742685514197e+03
3.066349354616701476e+03 1.000117830601740643e+00 9.740503657088131484e-03 6.497317273115092576e+03
3.066357749806471020e+03 9.990808064323456472e-01 9.710087141772771532e-03 6.491944753113663864e+03
3.066366144996240564e+03 9.990558755534091340e-01 9.688589186640462689e-03 6.493129240260785082e+03
3.066374540186009654e+03 9.995175520494412602e-01 9.671838894531950559e-03 6.497458856934630603e+03
3.066382935375779198e+03 1.005119798102444673e+00 9.705160575845063475e-03 6.535195147131126760e+03
3.066391330565548742e+03 1.008733677359755943e+00 9.725522990500466702e-03 6.559997134215343067e+03
3.066399725755318286e+03 9.892503010592335055e-01 9.595241481767961475e-03 6.434554649795019031e+03
3.066408120945087376e+03 9.721045768788380004e-01 9.477438379961435067e-03 6.324253091164693615e+03
3.066416516134856920e+03 9.847434490503095272e-01 9.518363567204380857e-03 6.407698722081909182e+03
3.066424911324626464e+03 9.962552639256028186e-01 9.558612638351782209e-03 6.483822563891979371e+03
3.066433306514396008e+03 9.917706507593806453e-01 9.589105024071816266e-03 6.455829221192539080e+03
3.066441701704165098e+03 9.875441004279735813e-01 9.617105101935349842e-03 6.429487396609185453e+03
3.066450096893934642e+03 9.873726204973883869e-01 9.605075971081447270e-03 6.429523399720259476e+03
3.066458492083704186e+03 9.873343722225559338e-01 9.595926729636748004e-03 6.430408899693121384e+03
3.066466887273473731e+03 9.896696289003470426e-01 9.638590439099562965e-03 6.446737565162084138e+03
3.066475282463242820e+03 9.918744248665349872e-01 9.679632869492768230e-03 6.462203629188566083e+03
3.066483677653012364e+03 9.912951438537715987e-01 9.686318732584370955e-03 6.459514941945452847e+03
3.066492072842781909e+03 9.906601424254768418e-01 9.692248629816156355e-03 6.456443948046498008e+03
3.066500468032551453e+03 9.885664101027952233e-01 9.678753156407466848e-03 6.443845155461797731e+03
3.066508863222320542e+03 9.864833501817135142e-01 9.666073623345967578e-03 6.431293692901181203e+03
3.066517258412090086e+03 9.846247112536024026e-01 9.677318005129480899e-03 6.420183440769668778e+03
3.066525653601859631e+03 9.829615323543036132e-01 9.687049651298565087e-03 6.410326321071933307e+03
3.066534048791629175e+03 9.887898932798159235e-01 9.636945769009730087e-03 6.449311170266758381e+03
3.066542443981398264e+03 9.944324099570228670e-01 9.588365956846998939e-03 6.487077223041726029e+03
3.066550839171167809e+03 9.900177526871194456e-01 9.619630889615512007e-03 6.459219650469285625e+03
3.066559234360937353e+03 9.856480691657029114e-01 9.649640059164401804e-03 6.431629353845739388e+03
3.066567629550706897e+03 9.848173554023693654e-01 9.569771480602017738e-03 6.427109191763774106e+03
3.066576024740475987e+03 9.839825005005494729e-01 9.490202992009744848e-03 6.422542711860381132e+03
3.066584419930245531e+03 9.816388402856127682e-01 9.464251849422207832e-03 6.408107547709699247e+03
3.066592815120015075e+03 9.792985192579682918e-01 9.438333794269112426e-03 6.393672383559018272e+03
3.066601210309784619e+03 9.857686297397320052e-01 9.478631697073459234e-03 6.436744769563197224e+03
3.066609605499553709e+03 9.922584326405855526e-01 9.519085433082687814e-03 6.479938736008321939e+03
3.066618000689323253e+03 9.863301918647791044e-01 9.484013886601531246e-03 6.442019381628412702e+03
3.066626395879092797e+03 9.802947298246844632e-01 9.448299542229969539e-03 6.403372387603807510e+03
3.066634791068862341e+03 9.775525526945183508e-01 9.424874788132940606e-03 6.386212854335241900e+03
3.066643186258631431e+03 9.748660784347442654e-01 9.401676635554568479e-03 6.369395436179826902e+03
3.066651581448400975e+03 9.884675460521143986e-01 9.536495457217580504e-03 6.458987445541009947e+03
3.066659976638170519e+03 1.002442729349775075e+00 9.674939106644325770e-03 6.551023574634666147e+03
3.066668371827940064e+03 1.001684609823019434e+00 9.600235535367564882e-03 6.546768053970492474e+03
3.066676767017709153e+03 1.000485779614485038e+00 9.519156090059363584e-03 6.539612722681062223e+03
3.066685162207478697e+03 1.000504992432254436e+00 9.554826524457989828e-03 6.540400184393039126e+03
3.066693557397248242e+03 1.000572355676942582e+00 9.594876120307965425e-03 6.541484398883921131e+03
3.066701952587017786e+03 1.001629693976517244e+00 9.567494711004967747e-03 6.549023451383468455e+03
3.066710347776786875e+03 1.002733734109320318e+00 9.537129466351395093e-03 6.556851101803463280e+03
3.066718742966556420e+03 9.974713251986125906e-01 9.543734524231847066e-03 6.523028161024096335e+03
3.066727138156325964e+03 9.918803982824512255e-01 9.552291458273569347e-03 6.487032547894883464e+03
3.066735533346095508e+03 1.000135407709597635e+00 9.579241380655746999e-03 6.541574700520806800e+03
3.066743928535864598e+03 1.008779913147433316e+00 9.606728268505875662e-03 6.598655557339673578e+03
3.066752323725634142e+03 1.002056672233228474e+00 9.561344630265989838e-03 6.555195472903509653e+03
3.066760718915403686e+03 9.947954066985373878e-01 9.513424623365990263e-03 6.508190575247912420e+03
3.066769114105173230e+03 9.951525595268336799e-01 9.480084492938516127e-03 6.511005785019884570e+03
3.066777509294942320e+03 9.958365874521670769e-01 9.447394629643390829e-03 6.515942165116093747e+03
3.066785904484711864e+03 9.971704629463435943e-01 9.479900556290369110e-03 6.525113544442123384e+03
3.066794299674481408e+03 9.985392700626514184e-01 9.515686359709837200e-03 6.534496673729619033e+03
3.066802694864250952e+03 9.973730298035237141e-01 9.479035938219955090e-03 6.527272387232375877e+03
3.066811090054020042e+03 9.960637031810353204e-01 9.438247901143174273e-03 6.519092678090664776e+03
3.066819485243789586e+03 9.951900415525096744e-01 9.436937506606155740e-03 6.513745509001488244e+03
3.066827880433559130e+03 9.943474236404329369e-01 9.438223846802429318e-03 6.508582932410245121e+03
3.066836275623328675e+03 9.949775682054654569e-01 9.496253575239008843e-03 6.513042400971206916e+03
3.066844670813097764e+03 9.956698525177947179e-01 9.556597892830904703e-03 6.517891096193600788e+03
3.066853066002867308e+03 9.987288732897882104e-01 9.551324232500730399e-03 6.538216169076747065e+03
3.066861461192636853e+03 1.001903479076693415e+00 9.542937066866652440e-03 6.559281703421172097e+03
3.066869856382406397e+03 9.974830841641934009e-01 9.492924453486865921e-03 6.530605770997550280e+03
3.066878251572175486e+03 9.926453285915244340e-01 9.440636814683527750e-03 6.499176971141937429e+03
3.066886646761945030e+03 9.917337265633404675e-01 9.424196788697592614e-03 6.493434671373206584e+03
3.066895041951714575e+03 9.910718716949751261e-01 9.410038529706264004e-03 6.489309349745823965e+03
3.066903437141484119e+03 9.879720043516326822e-01 9.412846499271704595e-03 6.469201855068074110e+03
3.066911832331253208e+03 9.847025540713686409e-01 9.416877311913762760e-03 6.447964932867123025e+03
3.066920227521022753e+03 9.875816112165756167e-01 9.429024048126679117e-03 6.466971363371510961e+03
3.066928622710792297e+03 9.907441000446399748e-01 9.441565938234827357e-03 6.487816837728215432e+03
3.066937017900561841e+03 9.837217389813055490e-01 9.424296127970029080e-03 6.441949255027181607e+03
3.066945413090330931e+03 9.761607085205882273e-01 9.405466582836917097e-03 6.392534794989857801e+03
3.066953808280100475e+03 9.867776503956342538e-01 9.450092946066964567e-03 6.462144004359774954e+03
3.066962203469870019e+03 9.985010444104943650e-01 9.498597123074393675e-03 6.538982912324631798e+03
3.066970598659639563e+03 9.970735168456719144e-01 9.504644261158953431e-03 6.529681744837672341e+03
3.066978993849408653e+03 9.947487070826152022e-01 9.507810607832725344e-03 6.514486271756195492e+03
3.066987389039178197e+03 9.973304147354086213e-01 9.533777722601033053e-03 6.531404972010671372e+03
3.066995784228947741e+03 1.000128480087877580e+00 9.560763175506980377e-03 6.549722575555428193e+03
3.067004179418717285e+03 1.003932780383015588e+00 9.560002382869659324e-03 6.574611719235216697e+03
3.067012574608486375e+03 1.007791062922077430e+00 9.557851586686738274e-03 6.599835996889297348e+03
3.067020969798255919e+03 9.995869111822585085e-01 9.509019850276625649e-03 6.546047773641197637e+03
3.067029364988025463e+03 9.906790067406564537e-01 9.457478923262931450e-03 6.487633998017627164e+03
3.067037760177795008e+03 9.946410396274052435e-01 9.500247275659441312e-03 6.513483676693917914e+03
3.067046155367564097e+03 9.990450926617775451e-01 9.546261019858563041e-03 6.542209106728425468e+03
3.067054550557333641e+03 1.005802216745339095e+00 9.558558002776770118e-03 6.586324087626678192e+03
3.067062945747103186e+03 1.012659779640612046e+00 9.569483756244594880e-03 6.631076677035502144e+03
3.067071340936872730e+03 1.006782253581289810e+00 9.534815329009864796e-03 6.592419305973944574e+03
3.067079736126641819e+03 1.000285053474638808e+00 9.497943189737562478e-03 6.549688333241086184e+03
3.067088131316411364e+03 9.975803955776831877e-01 9.498691820884228726e-03 6.531773959232843481e+03
3.067096526506180908e+03 9.949725574075520829e-01 9.500401570100149712e-03 6.514476646598724074e+03
3.067104921695950452e+03 9.915697069031945698e-01 9.475028828178928136e-03 6.491957511763080220e+03
3.067113316885719541e+03 9.881437780728734577e-01 9.448811751959558525e-03 6.469271083713477310e+03
3.067121712075489086e+03 9.957268506520551288e-01 9.496930702635589250e-03 6.518640344780807027e+03
3.067130107265258630e+03 1.003410385922282044e+00 9.545735322549901355e-03 6.568644940292458159e+03
3.067138502455028174e+03 9.948359899665476513e-01 9.494743475065554536e-03 6.512202222440971127e+03
3.067146897644797264e+03 9.860071010777194944e-01 9.442198826410768547e-03 6.454081244485807474e+03
3.067155292834566808e+03 9.964232152989113134e-01 9.519952110893348252e-03 6.521913266808618573e+03
3.067163688024336352e+03 1.007282208601144591e+00 9.600712154245556393e-03 6.592618446350097656e+03
3.072155863077829054e+03 9.944993441149210245e-01 8.154814815297867225e-03 7.683669357299804688e+03
3.072163697554200553e+03 9.926479119197706424e-01 8.156379359488171929e-03 7.670413737696773751e+03
3.072171532030572052e+03 9.907969859874127261e-01 8.157943475863453642e-03 7.657158118093743724e+03
3.072179366506943552e+03 9.993179751804245337e-01 8.181782188663895561e-03 7.724066627091105147e+03
3.072187200983314597e+03 1.008110668151144251e+00 8.206202934914922503e-03 7.793093520564373648e+03
3.072195035459686096e+03 1.002253441638268683e+00 8.168555414843165982e-03 7.748873853550547210e+03
3.072202869936057596e+03 9.956027736498337388e-01 8.127549586181361668e-03 7.698506516105190713e+03
3.072210704412429095e+03 9.953454213971288933e-01 8.154452193336230240e-03 7.697568245209715315e+03
3.072218538888800595e+03 9.956230376069767907e-01 8.187029701928852030e-03 7.700767208959384334e+03
3.072226373365172094e+03 1.003285533488118331e+00 8.196564867217105352e-03 7.761093810450294768e+03
3.072234207841543594e+03 1.011793640272621753e+00 8.203453466322707319e-03 7.827978871860413165e+03
3.072242042317914638e+03 1.007116694332215179e+00 8.196605838694965077e-03 7.792858727661015109e+03
3.072249876794286138e+03 1.000493609862522559e+00 8.187731177892921056e-03 7.742667829910477849e+03
3.072257711270657637e+03 9.962507856433462372e-01 8.164416875455623654e-03 7.710885922904177278e+03
3.072265545747029137e+03 9.924435852578605832e-01 8.138470843742638336e-03 7.682467196899228838e+03
3.072273380223400636e+03 9.991665570918369932e-01 8.169659869093246277e-03 7.735565205400802370e+03
3.072281214699772136e+03 1.008202047130241752e+00 8.213397380345219614e-03 7.806583421648703734e+03
3.072289049176143635e+03 1.004459298953936486e+00 8.198922964092485513e-03 7.778664381646695801e+03
3.072296883652514680e+03 9.974041717921958705e-01 8.169358312909196645e-03 7.725082435592837101e+03
3.072304718128886179e+03 1.000296679945257061e+00 8.191200704834790403e-03 7.748542393018705297e+03
3.072312552605257679e+03 1.006187490035186149e+00 8.228536303546795175e-03 7.795237210225111085e+03
3.072320387081629178e+03 1.004508539321228522e+00 8.234698584214356076e-03 7.783291263378909207e+03
3.072328221558000678e+03 1.000206409173729272e+00 8.230055920960569968e-03 7.751013664760585925e+03
3.072336056034372177e+03 1.000277817547876813e+00 8.208357727917822699e-03 7.752623957003575924e+03
3.072343890510743677e+03 1.002076427293576488e+00 8.179927483668409174e-03 7.767622848848340254e+03
3.072351724987114721e+03 1.000397079639635756e+00 8.159368115918505873e-03 7.755662384747820397e+03
3.072359559463486221e+03 9.971637691877989207e-01 8.142329152782032051e-03 7.731649502696549462e+03
3.072367393939857720e+03 9.975034533999476150e-01 8.166120017883020388e-03 7.735337279717063211e+03
3.072375228416229220e+03 9.996397697856876929e-01 8.210438915586277392e-03 7.752960011506061164e+03
3.072383062892600719e+03 9.997183826228472903e-01 8.218125800829962843e-03 7.754626041389157763e+03
3.072390897368972219e+03 9.986378219272280532e-01 8.205175895397818706e-03 7.747299523165022038e+03
3.072398731845343718e+03 9.988649188193485795e-01 8.187760875096575588e-03 7.750116736952837527e+03
3.072406566321714763e+03 9.999143551934482899e-01 8.167539582927357128e-03 7.759315768891769949e+03
3.072414400798086263e+03 9.979373631768635455e-01 8.157152580875917658e-03 7.745028795846021239e+03
3.072422235274457762e+03 9.938415035641854356e-01 8.153652147769174449e-03 7.714290796265535391e+03
3.072430069750829261e+03 9.938319263908090839e-01 8.159890723427038264e-03 7.715266565635810366e+03
3.072437904227200761e+03 9.970014591145202054e-01 8.173705827580377350e-03 7.740925581681482981e+03
3.072445738703572260e+03 1.001579610597461478e+00 8.198544635738661684e-03 7.777529591581335808e+03
3.072453573179943305e+03 1.007373630053086888e+00 8.232899108041509886e-03 7.823586096170760356e+03
3.072461407656314805e+03 1.004575549746418384e+00 8.232011131920468489e-03 7.802916769049031245e+03
3.072469242132686304e+03 9.945202256646155092e-01 8.201355475867710271e-03 7.725864114120327940e+03
3.072477076609057804e+03 9.925653286206020942e-01 8.190437724792718963e-03 7.711726396644038687e+03
3.072484911085429303e+03 9.981975326909718893e-01 8.198007188550904267e-03 7.756540470953870681e+03
3.072492745561800803e+03 9.994962711810284617e-01 8.187670468798261686e-03 7.767688472325972725e+03
3.072500580038172302e+03 9.962958007952836814e-01 8.158742537504910450e-03 7.743868397944961544e+03
3.072508414514543347e+03 9.996738342614969186e-01 8.180001899104203528e-03 7.771180984132167396e+03
3.072516248990914846e+03 1.010624746214349390e+00 8.259034434693836649e-03 7.857378121125690996e+03
3.072524083467286346e+03 1.011417161012505339e+00 8.285007658879354336e-03 7.864607655702301599e+03
3.072531917943657845e+03 9.992346245048684406e-01 8.243212469182522456e-03 7.770934142746187717e+03
3.072539752420029345e+03 9.935419045476330258e-01 8.231075586283824463e-03 7.727712308282001686e+03
3.072547586896400844e+03 9.970581928773699643e-01 8.261025233835699033e-03 7.756115315748137618e+03
3.072555421372772344e+03 9.978167843431369199e-01 8.276795371942499355e-03 7.763070717271092690e+03
3.072563255849143388e+03 9.947483684336799747e-01 8.272889078031173821e-03 7.740249345495617490e+03
3.072571090325514888e+03 9.956897918908446110e-01 8.290474864873760216e-03 7.748626739041988913e+03
3.072578924801886387e+03 1.002823342241374371e+00 8.341251290375235189e-03 7.805200845919098356e+03
3.072586759278257887e+03 1.004219581186685417e+00 8.355867043602506483e-03 7.817129173517632807e+03
3.072594593754629386e+03 9.957333137484684071e-01 8.308197259414082034e-03 7.752121785539198754e+03
3.072602428231000886e+03 9.908951657741895680e-01 8.283104931672334234e-03 7.715502166789570765e+03
3.072610262707372385e+03 9.930885937757853998e-01 8.301530794690589049e-03 7.733630388695496549e+03
3.072618097183743430e+03 9.957774637585268263e-01 8.306968065611531477e-03 7.755622000325262889e+03
3.072625931660114929e+03 9.993994224800636372e-01 8.287961506925348859e-03 7.784887650423723244e+03
3.072633766136486429e+03 1.001730202015840065e+00 8.287565281570940384e-03 7.804101864996549921e+03
3.072641600612857928e+03 1.001333341405973965e+00 8.326493762760194331e-03 7.802068108268354990e+03
3.072649435089229428e+03 1.001987366199743823e+00 8.363704134957440639e-03 7.808222785144311274e+03
3.072657269565600927e+03 1.005147316268013569e+00 8.396831909442634481e-03 7.833909505476080994e+03
3.072665104041972427e+03 1.007640846779686017e+00 8.419411434524896876e-03 7.854408263750839978e+03
3.072672938518343472e+03 1.008331240243776517e+00 8.413442649929025671e-03 7.860855205198822659e+03
3.072680772994714971e+03 1.007462056255381766e+00 8.394598040563900840e-03 7.855143639070666723e+03
3.072688607471086470e+03 1.002483941390815980e+00 8.341825049212343163e-03 7.817388715533319555e+03
3.072696441947457970e+03 9.983520399045143767e-01 8.302012163271275946e-03 7.786222954030945402e+03
3.072704276423829469e+03 9.967646900753722727e-01 8.301182916683117266e-03 7.774896299957906194e+03
3.072712110900200969e+03 9.961753655301359700e-01 8.313390344854103969e-03 7.771352075053348926e+03
3.072719945376572468e+03 9.990501078066880147e-01 8.370860371510951276e-03 7.794834104170248793e+03
3.072727779852943513e+03 1.000422025561638062e+00 8.405757692997374575e-03 7.806595214712016059e+03
3.072735614329315013e+03 9.967370720629099567e-01 8.364709022149519752e-03 7.778893587563212350e+03
3.072743448805686512e+03 9.939610235307233532e-01 8.331796551924368008e-03 7.758278553889375871e+03
3.072751283282058012e+03 9.947442413701489405e-01 8.330739021429865027e-03 7.765442966637408972e+03
3.072759117758429511e+03 9.956479137169305105e-01 8.330116792655044289e-03 7.773549486523593259e+03
3.072766952234801010e+03 9.971103846625625211e-01 8.331510141933786209e-03 7.786021342537302189e+03
3.072774786711172510e+03 9.991304982776632038e-01 8.338839235197915631e-03 7.802851278606914093e+03
3.072782621187543555e+03 1.003642299690629791e+00 8.372677432499692554e-03 7.839147305583224806e+03
3.072790455663915054e+03 1.006771803678230937e+00 8.396392357274322024e-03 7.864654698268436732e+03
3.072798290140286554e+03 1.002496033209704374e+00 8.365875600852896998e-03 7.832312689821287677e+03
3.072806124616658053e+03 9.986343867887809145e-01 8.338143307172640739e-03 7.803197556355564302e+03
3.072813959093029553e+03 9.975024081724283009e-01 8.328761911578568336e-03 7.795406411165539794e+03
3.072821793569401052e+03 9.964302869278546249e-01 8.325048757403226765e-03 7.788080717932495645e+03
3.072829628045772552e+03 9.957339907510345256e-01 8.357064985227482048e-03 7.783690597932112723e+03
3.072837462522143596e+03 9.953023969204030097e-01 8.380350754648073150e-03 7.781368474514052650e+03
3.072845296998515096e+03 9.969867468628599294e-01 8.333865224860646792e-03 7.795590323758764498e+03
3.072853131474886595e+03 9.982790862654077335e-01 8.297399527858830004e-03 7.806750128485334244e+03
3.072860965951258095e+03 9.966029413976178475e-01 8.336802511981294961e-03 7.794695363139763685e+03
3.072868800427629594e+03 9.951663443818951071e-01 8.371583679954240631e-03 7.784510875940495680e+03
3.072876634904001094e+03 9.961243309037072224e-01 8.360181154784904894e-03 7.793057084799068434e+03
3.072884469380372593e+03 9.965000009530566860e-01 8.349990784044150627e-03 7.797049021006769181e+03
3.072892303856743638e+03 9.914082443536634814e-01 8.351160122887318210e-03 7.758256452191651078e+03
3.072900138333115137e+03 9.868999146265345912e-01 8.351060951262711390e-03 7.724019341510757840e+03
3.072907972809486637e+03 9.900703751745851822e-01 8.334233649663664797e-03 7.749879236227928232e+03
3.072915807285858136e+03 9.933064559366957536e-01 8.320932817826779890e-03 7.776259549337901262e+03
3.072923641762229636e+03 9.979616415922202277e-01 8.382866599139121230e-03 7.813757891748642578e+03
3.072931476238601135e+03 1.002451503322616677e+00 8.442236041367344110e-03 7.849971457394231948e+03
3.072939310714972635e+03 1.003832156030352474e+00 8.453328804197374896e-03 7.861843711904528391e+03
3.072947145191343679e+03 1.005267603192276704e+00 8.464462007051224909e-03 7.874148082878286004e+03
3.072954979667715179e+03 1.008909043241297487e+00 8.477329282910266856e-03 7.903737112418759352e+03
3.072962814144086678e+03 1.011950316465845434e+00 8.487598970411043900e-03 7.928631529692696859e+03
3.072970648620458178e+03 9.954926619921021791e-01 8.413450529525259847e-03 7.800737656939766566e+03
3.072978483096829677e+03 9.791347911256323977e-01 8.339639609680416649e-03 7.673591020537461191e+03
3.072986317573201177e+03 9.861379163332238962e-01 8.343632258377012625e-03 7.729517290038155807e+03
3.072994152049572222e+03 9.931188034728448688e-01 8.347991128855472218e-03 7.785284029632593047e+03
3.073001986525943721e+03 9.979729522853708623e-01 8.390700070826267662e-03 7.824391289290044369e+03
3.073009821002315221e+03 1.002706580345825937e+00 8.432729278950994167e-03 7.862563762723932996e+03
3.073017655478686720e+03 9.995611283995983198e-01 8.430589597966400839e-03 7.838955364755483060e+03
3.073025489955058219e+03 9.964165239282803954e-01 8.428450493473189920e-03 7.815346966787033125e+03
3.073033324431429719e+03 9.955551288199272486e-01 8.403516068277393919e-03 7.809642583121264579e+03
3.073041158907801218e+03 9.947189745537822203e-01 8.378338574917439108e-03 7.804134407831062163e+03
3.073048993384172263e+03 1.003046375289089243e+00 8.432562096912036773e-03 7.870527433137019216e+03
3.073056827860543763e+03 1.011421463271138910e+00 8.487203625277295674e-03 7.937312290599899825e+03
3.073064662336915262e+03 1.008857747503910884e+00 8.487080133782168648e-03 7.918259053837336978e+03
3.073072496813286762e+03 1.005942964206154144e+00 8.485195713885469032e-03 7.896444591662585481e+03
3.073080331289658261e+03 9.994241525796265790e-01 8.419367578555768047e-03 7.846329283381981440e+03
3.073088165766029761e+03 9.928118489238073607e-01 8.351867623626345674e-03 7.795466108513857762e+03
3.073096000242401260e+03 9.901505388109902439e-01 8.314469747677181999e-03 7.775615967978083063e+03
3.073103834718772305e+03 9.877043018361456594e-01 8.278714841315419626e-03 7.757449392163594894e+03
3.073111669195143804e+03 9.853135070772026660e-01 8.246396672198010383e-03 7.739713149692880506e+03
3.073119503671515304e+03 9.829260008946556493e-01 8.214252688433716296e-03 7.721997690366669303e+03
3.073127338147886803e+03 9.784790117564502454e-01 8.203404471010941265e-03 7.688095436901874564e+03
3.073135172624258303e+03 9.739459368104944614e-01 8.193461046275003767e-03 7.653507302329513550e+03
3.073143007100629802e+03 9.778155232473229042e-01 8.187260832118570253e-03 7.684948651559108839e+03
3.073150841577001302e+03 9.822814791369030019e-01 8.181328266991557199e-03 7.721085856672994851e+03
3.073158676053372346e+03 9.767348286028082471e-01 8.197237673257470186e-03 7.678519230812360547e+03
3.073166510529743846e+03 9.705396649521038643e-01 8.214560819126763905e-03 7.630841966578991560e+03
3.073174345006115345e+03 9.805468908892861490e-01 8.249626568323419062e-03 7.710559581864510619e+03
3.073182179482486845e+03 9.915042836085375955e-01 8.285726711329269994e-03 7.797771013597844103e+03
3.073190013958858344e+03 9.838477733203035980e-01 8.255782717720445280e-03 7.738595286389412649e+03
3.073197848435229844e+03 9.745465535058729367e-01 8.220003797409853458e-03 7.666464943345427855e+03
3.073205682911601343e+03 9.683003458775947259e-01 8.187137354527539851e-03 7.618351035510705515e+03
3.073213517387972388e+03 9.623064283801791019e-01 8.154518064872587693e-03 7.572209151683570781e+03
3.073221351864343887e+03 9.571535192768778622e-01 8.095578261898668526e-03 7.532673227459513328e+03
3.073229186340715387e+03 9.520656130311190291e-01 8.034658746590395487e-03 7.493638046529335043e+03
3.073237020817086886e+03 9.614823029944346011e-01 8.107171408289353537e-03 7.568772043826649679e+03
3.073244855293458386e+03 9.724400802930209808e-01 8.193864384741613924e-03 7.656058982131982702e+03
3.073252689769829885e+03 9.807628043347685898e-01 8.253953765360286937e-03 7.722620414825062653e+03
3.073260524246201385e+03 9.888205113116124156e-01 8.311373305832871553e-03 7.787112385706859641e+03
3.073268358722572430e+03 9.912407169293261378e-01 8.309025593408871785e-03 7.807219244532620905e+03
3.073276193198943929e+03 9.931343788129575190e-01 8.301102419838437760e-03 7.823183492903911429e+03
3.073284027675315428e+03 9.942970224309543026e-01 8.321252363688280348e-03 7.833392545451187289e+03
3.073291862151686928e+03 9.953680526832178188e-01 8.344905306796155872e-03 7.842882198520318525e+03
3.073299696628058427e+03 9.972122834881044229e-01 8.366787199082903470e-03 7.858467272178128042e+03
3.073307531104429927e+03 9.991474197377623323e-01 8.388454695780927714e-03 7.874772713723689776e+03
3.073315365580801426e+03 1.004484968690563251e+00 8.442019822439986165e-03 7.917901929359072710e+03
3.073323200057172471e+03 1.010200278415174902e+00 8.499125617807284233e-03 7.964020541501146909e+03
3.073331034533543971e+03 1.007237553359642712e+00 8.483241977214223475e-03 7.941727858767362704e+03
3.073338869009915470e+03 1.003366529714290412e+00 8.459716628111769998e-03 7.912266327766247741e+03
3.073346703486286970e+03 1.001774381498633515e+00 8.457514586563406531e-03 7.900769595104463406e+03
3.073354537962658469e+03 1.000494987178188300e+00 8.458236030515424442e-03 7.891736448038839626e+03
3.073362372439029969e+03 1.005733745425600123e+00 8.458835538856630809e-03 7.934121577415506181e+03
3.073370206915401468e+03 1.011819400124940538e+00 8.459419041733398995e-03 7.983199744305089553e+03
3.073378041391772513e+03 1.008359490679098691e+00 8.459997046473629115e-03 7.956966706436306595e+03
3.073385875868144012e+03 1.003724015783089785e+00 8.460574237943238249e-03 7.921448725518322135e+03
3.073393710344515512e+03 1.003517125297910928e+00 8.466337809449090215e-03 7.920876275606784475e+03
3.073401544820887011e+03 1.003825963127596754e+00 8.472703937466581625e-03 7.924374636416789144e+03
3.073409379297258511e+03 9.998979381324064608e-01 8.431574974258613728e-03 7.894422649957735302e+03
3.073417213773630010e+03 9.955059364608914718e-01 8.385244156067858320e-03 7.860798670489401047e+03
3.073425048250001510e+03 9.934291507676523691e-01 8.330162058623719057e-03 7.845449461314634391e+03
3.073432882726372554e+03 9.916824304278181179e-01 8.273846787776692469e-03 7.832702851005484263e+03
3.073440717202744054e+03 9.924099475898021661e-01 8.266798606183279469e-03 7.839497677129145814e+03
3.073448551679115553e+03 9.934721357921124651e-01 8.266419384384464039e-03 7.848938113108914877e+03
3.073456386155487053e+03 9.963657922856912208e-01 8.290346246406387135e-03 7.872852265378925040e+03
3.073464220631858552e+03 9.994939144723945512e-01 8.317388162002148019e-03 7.898625427080708505e+03
3.073472055108230052e+03 9.946313526649629422e-01 8.285560652726606246e-03 7.861249378379307018e+03
3.073479889584601551e+03 9.887988106185660042e-01 8.246586111007080458e-03 7.816195614128901980e+03
3.073487724060972596e+03 9.923924915867476937e-01 8.250498668039351474e-03 7.845651308276974305e+03
3.073495558537344095e+03 9.970670530769464301e-01 8.259331919954921233e-03 7.883660958372992354e+03
3.073503393013715595e+03 1.005386658358679020e+00 8.305026313741767016e-03 7.950505157803027942e+03
3.073511227490087094e+03 1.014098181839943269e+00 8.354693209206426330e-03 8.020466605809714565e+03
3.073519061966458594e+03 1.007739807733252002e+00 8.292260452963568645e-03 7.971243253892747816e+03
3.073526896442830093e+03 9.998540904302563037e-01 8.218469962138647347e-03 7.909923534225133153e+03
3.073534730919201138e+03 1.002043538351014673e+00 8.238662931773057044e-03 7.928303212030801660e+03
3.073542565395572637e+03 1.005188766104429643e+00 8.267771691462531478e-03 7.954250785143458415e+03
3.073550399871944137e+03 1.004127304123752840e+00 8.283225223754606820e-03 7.946912220304955554e+03
3.073558234348315636e+03 1.002693976114550578e+00 8.297467052075650426e-03 7.936627979541571221e+03
3.073566068824687136e+03 1.000486898078112974e+00 8.288017977278070922e-03 7.920215425284195589e+03
3.073573903301058635e+03 9.981876195801479001e-01 8.275732226871012481e-03 7.903068217360471863e+03
3.073581737777430135e+03 1.004353555370804063e+00 8.311385901722310662e-03 7.952947731557600491e+03
3.073589572253801180e+03 1.011475252097503219e+00 8.352451980243331270e-03 8.010409454136105524e+03
3.073597406730172679e+03 1.005654865177971757e+00 8.332870175945633964e-03 7.965377321125751223e+03
3.073605241206544179e+03 9.984587738607311191e-01 8.306839851077290129e-03 7.909435047560247767e+03
3.073613075682915678e+03 1.009197144937621360e+00 8.381139582007951505e-03 7.995566944934991625e+03
3.073620910159287178e+03 1.021722995124324740e+00 8.465435521515978293e-03 8.095885085909179907e+03
3.073628744635658677e+03 1.014835769713616109e+00 8.407620265445369875e-03 8.042384684468786872e+03
3.073636579112030176e+03 1.006139046824708450e+00 8.336560578849197545e-03 7.974527885736366443e+03
3.073644413588401221e+03 1.003708962408564886e+00 8.317377852004228383e-03 7.956327895735034872e+03
3.073652248064772721e+03 1.001823775555889862e+00 8.302705709935888356e-03 7.942442709435866163e+03
3.073660082541144220e+03 1.003090145279515344e+00 8.287425763184325805e-03 7.953542358906236586e+03
3.073667917017515720e+03 1.004609888933715167e+00 8.272100635236147650e-03 7.966653964405465558e+03
3.073675751493887219e+03 9.982534292890973271e-01 8.279274381542345990e-03 7.917301402386924565e+03
3.073683585970258719e+03 9.913140747213360360e-01 8.288115913191678938e-03 7.863311762430382259e+03
3.073691420446630218e+03 9.974317088724307112e-01 8.302101033708346109e-03 7.912892035263053913e+03
3.073699254923001263e+03 1.004435571633508939e+00 8.316432396335091820e-03 7.969516860769014784e+03
3.073707089399372762e+03 1.000985408088487238e+00 8.308917582493484735e-03 7.943199813568395257e+03
3.073714923875744262e+03 9.968895688492996898e-01 8.300053551747980582e-03 7.911751110932117626e+03
3.073722758352115761e+03 1.006011288688702043e+00 8.327113053411501487e-03 7.985208041726185002e+03
3.073730592828487261e+03 1.015867881703906850e+00 8.356169270634958984e-03 8.064518076531388942e+03
3.073738427304858760e+03 1.005929763848066427e+00 8.301099668020062161e-03 7.986686721179028609e+03
3.073746261781230260e+03 9.956671924176579980e-01 8.244654524519447539e-03 7.906257987476957169e+03
3.073754096257601304e+03 1.000513405389077182e+00 8.300330670280150688e-03 7.945797301332694587e+03
3.073761930733972804e+03 1.005523852749619529e+00 8.357220401296043544e-03 7.986651333517857893e+03
3.073769765210344303e+03 9.989132186356235454e-01 8.320110063599901740e-03 7.935200020842434242e+03
3.073777599686715803e+03 9.922410284167264560e-01 8.282497485470469156e-03 7.883245681762695312e+03
3.228348729291003565e+03 1.003884057442994582e+00 5.938904088765403939e-03 1.500468161010742188e+04
3.228358155906017601e+03 1.001918838426137714e+00 5.957078552830868089e-03 1.498636308505366105e+04
3.228367582521031181e+03 9.999956619078799180e-01 5.975460135628360252e-03 1.496804456000078244e+04
3.228377009136045217e+03 9.961998158828194727e-01 5.924818733586027959e-03 1.492106694102725851e+04
3.228386435751059253e+03 9.924061537953245971e-01 5.873027170238084328e-03 1.487349487400486578e+04
3.228395862366072834e+03 9.951084905361109456e-01 5.872217758066601567e-03 1.492273114746453030e+04
3.228405288981086869e+03 9.981160301845179994e-01 5.873762403968454428e-03 1.497606849023920222e+04
3.228414715596100450e+03 9.990438733686025641e-01 5.883412447233916757e-03 1.499772220004708652e+04
3.228424142211114486e+03 9.998669256691594676e-01 5.893760741199328100e-03 1.501731903273899479e+04
3.228433568826128521e+03 9.995891193989322465e-01 5.897239938697159366e-03 1.501990326738879048e+04
3.228442995441142102e+03 9.992067976212705149e-01 5.900053791641012881e-03 1.502044511769267410e+04
3.228452422056156138e+03 9.965824684979207593e-01 5.874693470445643655e-03 1.498681384822407927e+04
3.228461848671170173e+03 9.936571696107524554e-01 5.845381798603507296e-03 1.494818860635709825e+04
3.228471275286183754e+03 9.947424920136191950e-01 5.852945260711815874e-03 1.496946632833663352e+04
3.228480701901197790e+03 9.965444413355508679e-01 5.867025533982478565e-03 1.500113527813260953e+04
3.228490128516211371e+03 9.987677406696729987e-01 5.864073350493553480e-03 1.503877173712799049e+04
3.228499555131225407e+03 1.001095102088271016e+00 5.857799059088868686e-03 1.507761442755672761e+04
3.228508981746239442e+03 1.000723419635089817e+00 5.852958113188347702e-03 1.507544917026259100e+04
3.228518408361253023e+03 9.997430774868687475e-01 5.848554302017436833e-03 1.506376046610918820e+04
3.228527834976267059e+03 9.981109930351748094e-01 5.844986487025316708e-03 1.504190918543944645e+04
3.228537261591281094e+03 9.963227533913585621e-01 5.841729881231930675e-03 1.501737619033004921e+04
3.228546688206294675e+03 9.963795508269198686e-01 5.847285371238453849e-03 1.502034456295033124e+04
3.228556114821308711e+03 9.969976561223431455e-01 5.855535279794847267e-03 1.503148625833562619e+04
3.228565541436322292e+03 9.998585538572027920e-01 5.880864300243540503e-03 1.507617249396304578e+04
3.228574968051336327e+03 1.003475463052025729e+00 5.911930573821104484e-03 1.513200613352755499e+04
3.228584394666350363e+03 1.002435005671944435e+00 5.909308676284165222e-03 1.511736493150346178e+04
3.228593821281363944e+03 9.996839279252686117e-01 5.894300532157547949e-03 1.507669098866401509e+04
3.228603247896377979e+03 9.983900123471437515e-01 5.873288371096753099e-03 1.505777340341577474e+04
3.228612674511392015e+03 9.977758815338700904e-01 5.849543156706503259e-03 1.504890561682178122e+04
3.228622101126405596e+03 9.978938450940213478e-01 5.845070349873985639e-03 1.505089250890589210e+04
3.228631527741419632e+03 9.983878708165877525e-01 5.850392186448699627e-03 1.505837929208415699e+04
3.228640954356433667e+03 9.993636019280053295e-01 5.858754527259067008e-03 1.507297387666416216e+04
3.228650380971447248e+03 1.000610043124621873e+00 5.868823986550617683e-03 1.509150810561398612e+04
3.228659807586461284e+03 9.980459603718541128e-01 5.838904663800401594e-03 1.505244320528851131e+04
3.228669234201474865e+03 9.931787580753335121e-01 5.784804566745509191e-03 1.497853308068731167e+04
3.228678660816488900e+03 9.947066434037877825e-01 5.768518999274371839e-03 1.500097338454046985e+04
3.228688087431502936e+03 1.000451147765291315e+00 5.777165353855162958e-03 1.508691530031886941e+04
3.228697514046516517e+03 1.001225037079154001e+00 5.769807579431260845e-03 1.509782603001525604e+04
3.228706940661530552e+03 9.984350426415120605e-01 5.750975428726423470e-03 1.505494290198064300e+04
3.228716367276544588e+03 9.981614245371260852e-01 5.749761570034077167e-03 1.504996597425534674e+04
3.228725793891558169e+03 9.998480447347687372e-01 5.762272743709626575e-03 1.507451882579084122e+04
3.228735220506572205e+03 9.998165687357273290e-01 5.760764532168731640e-03 1.507315670212469740e+04
3.228744647121585785e+03 9.984756563387788830e-01 5.748573461464244298e-03 1.505205947886716240e+04
3.228754073736599821e+03 9.973540994307891205e-01 5.732090136729317553e-03 1.503429058683546282e+04
3.228763500351613857e+03 9.964127481303388656e-01 5.712049672703083635e-03 1.501927398543674281e+04
3.228772926966627438e+03 9.966071336046707918e-01 5.702663836261107413e-03 1.502142613662929034e+04
3.228782353581641473e+03 9.978195399148930278e-01 5.702833086648145290e-03 1.503898494742216826e+04
3.228791780196655509e+03 9.987586531243821675e-01 5.697589516271475522e-03 1.505250156250330110e+04
3.228801206811669090e+03 9.994305647817659510e-01 5.687069854543992317e-03 1.506208328670087394e+04
3.228810633426683125e+03 1.000355031971005060e+00 5.686919845873336134e-03 1.507557836540231983e+04
3.228820060041696706e+03 1.001545591307995142e+00 5.697716793780176377e-03 1.509320555040272120e+04
3.228829486656710742e+03 1.002188569003309659e+00 5.702037235242564221e-03 1.510271798891088656e+04
3.228838913271724778e+03 1.002204579627932635e+00 5.698940211033089003e-03 1.510293471996925655e+04
3.228848339886738358e+03 1.001755420687253206e+00 5.693226593607293544e-03 1.509630885059347565e+04
3.228857766501752394e+03 1.000729652041496331e+00 5.684269740553847886e-03 1.508117531139971652e+04
3.228867193116766430e+03 1.000034494561288678e+00 5.673041785988117668e-03 1.507122018782467967e+04
3.228876619731780011e+03 9.997893863970159778e-01 5.658767717571487783e-03 1.506825845096650301e+04
3.228886046346794046e+03 9.995349102282824472e-01 5.653694307001615009e-03 1.506538118172576105e+04
3.228895472961808082e+03 9.992727251545725498e-01 5.662162610886448295e-03 1.506262794352925448e+04
3.228904899576821663e+03 9.996617990287941513e-01 5.665153383327298751e-03 1.506994722771187480e+04
3.228914326191835698e+03 1.001101421312231121e+00 5.659444346875984987e-03 1.509336981189746075e+04
3.228923752806849279e+03 1.002379652905752039e+00 5.659389359222783376e-03 1.511461631263900017e+04
3.228933179421863315e+03 1.003416427204871786e+00 5.668218724915432410e-03 1.513246467721344197e+04
3.228942606036877351e+03 1.003711313103611724e+00 5.667261932413140448e-03 1.513935126083875730e+04
3.228952032651890931e+03 1.002755359719517791e+00 5.649718845625080130e-03 1.512757823126485710e+04
3.228961459266904967e+03 1.002458956715384986e+00 5.639366450737833165e-03 1.512594611753458776e+04
3.228970885881919003e+03 1.003400077831953841e+00 5.642440735067548799e-03 1.514316847254350614e+04
3.228980312496932584e+03 1.003866990594119102e+00 5.645510255404521602e-03 1.515340371279557985e+04
3.228989739111946619e+03 1.003381687666629718e+00 5.648640463698720825e-03 1.514941583413201442e+04
3.228999165726960200e+03 1.002410473014019310e+00 5.645385429185580464e-03 1.513822259138110894e+04
3.229008592341974236e+03 1.000365479583522177e+00 5.627934347650341909e-03 1.511092402556600246e+04
3.229018018956988271e+03 9.990112887104422024e-01 5.618619505769029132e-03 1.509415458054730334e+04
3.229027445572001852e+03 9.991689605824208842e-01 5.627057918697930643e-03 1.510031554002456323e+04
3.229036872187015888e+03 9.999513387336157466e-01 5.630101621360013124e-03 1.511599864547507786e+04
3.229046298802029924e+03 1.002238761562316727e+00 5.620270926502287344e-03 1.515450805223464886e+04
3.229055725417043504e+03 1.003565389043237444e+00 5.611653648978051287e-03 1.517855236896522729e+04
3.229065152032057540e+03 1.002356172184457828e+00 5.606276005010880047e-03 1.516427741587077253e+04
3.229074578647071121e+03 1.001366705667247725e+00 5.603770117982256015e-03 1.515333755670091341e+04
3.229084005262085157e+03 1.001025518382202772e+00 5.609721043915131752e-03 1.515220735055580008e+04
3.229093431877099192e+03 1.001359058070160568e+00 5.611700672961583876e-03 1.516128051163808050e+04
3.229102858492112773e+03 1.003618529473838450e+00 5.602345925999798436e-03 1.519949971508661474e+04
3.229112285107126809e+03 1.004776804841298832e+00 5.590838960479841378e-03 1.522101631848006218e+04
3.229121711722140844e+03 1.002427830063818970e+00 5.572444512855881209e-03 1.518934464217474488e+04
3.229131138337154425e+03 1.000786239533999034e+00 5.559321818640736677e-03 1.516830816419730400e+04
3.229140564952168461e+03 1.001657662465330612e+00 5.564946120006953462e-03 1.518527442369718665e+04
3.229149991567182497e+03 1.002726646822177381e+00 5.571671161091038341e-03 1.520514583701615265e+04
3.229159418182196077e+03 1.004576667882375540e+00 5.582749304911419595e-03 1.523675943769965306e+04
3.229168844797210113e+03 1.005008170458878247e+00 5.584060697933052562e-03 1.524673934499034294e+04
3.229178271412223694e+03 9.998830402663755335e-01 5.547142320169010793e-03 1.517226434958356913e+04
3.229187698027237730e+03 9.957540469591964483e-01 5.519497487993478037e-03 1.511272004276482039e+04
3.229197124642251765e+03 9.960113776482014680e-01 5.532832033879717289e-03 1.511956667780221505e+04
3.229206551257265346e+03 9.962725900678127688e-01 5.541635547124779994e-03 1.512629032790654492e+04
3.229215977872279382e+03 9.965052420104379971e-01 5.526975294479763434e-03 1.513238374759776525e+04
3.229225404487293417e+03 9.968699447504182354e-01 5.514324217403798224e-03 1.514027142524502051e+04
3.229234831102306998e+03 9.978308828927718865e-01 5.511242170721202330e-03 1.515699050137045742e+04
3.229244257717321034e+03 9.991498740614416230e-01 5.512150972781063550e-03 1.517891117740971822e+04
3.229253684332334615e+03 1.002447903661748851e+00 5.535518124197461032e-03 1.523064834620009242e+04
3.229263110947348650e+03 1.004621490559726160e+00 5.550948690385950658e-03 1.526503767692865767e+04
3.229272537562362686e+03 1.000548001703217338e+00 5.522407934238047177e-03 1.520421524277117169e+04
3.229281964177376267e+03 9.967931250404632459e-01 5.499296557344976466e-03 1.514792636853741351e+04
3.229291390792390303e+03 9.949906206911008910e-01 5.510719990971745495e-03 1.512098683997204716e+04
3.229300817407404338e+03 9.935493674171406164e-01 5.517017900446077004e-03 1.509920227553556288e+04
3.229310244022417919e+03 9.947811815862038776e-01 5.482454981695780542e-03 1.511768883691805786e+04
3.229319670637431955e+03 9.953301812551534899e-01 5.451924106684186144e-03 1.512542783104107184e+04
3.229329097252445990e+03 9.906715358918437575e-01 5.450385956757579711e-03 1.505364516164660381e+04
3.229338523867459571e+03 9.865838040463879022e-01 5.448284026114177080e-03 1.499014334311054881e+04
3.229347950482473607e+03 9.874981034177572337e-01 5.439852346673093239e-03 1.500222529079388914e+04
3.229357377097487188e+03 9.885649129702609450e-01 5.433822422133605459e-03 1.501618058912028027e+04
3.229366803712501223e+03 9.907212919746132274e-01 5.447231696385066227e-03 1.504621997754345830e+04
3.229376230327515259e+03 9.928558746439111182e-01 5.461285905961317869e-03 1.507543849828758539e+04
3.229385656942528840e+03 9.944344544898676697e-01 5.480619189439413751e-03 1.509570578561816728e+04
3.229395083557542875e+03 9.956416490475090697e-01 5.494487431372558489e-03 1.510980928382117236e+04
3.229404510172556911e+03 9.927557220893353795e-01 5.450994919277644263e-03 1.506127056727738454e+04
3.229413936787570492e+03 9.896410061544811398e-01 5.408759118447500035e-03 1.500874082726578854e+04
3.229423363402584528e+03 9.830236572945098006e-01 5.381301357618954208e-03 1.490257964787606033e+04
3.229432790017598109e+03 9.769271933324091828e-01 5.354780581684109690e-03 1.480381285709555777e+04
3.229442216632612144e+03 9.768993223225765909e-01 5.337721948028843928e-03 1.479645088913459585e+04
3.229451643247626180e+03 9.768443972501553718e-01 5.319796231007884596e-03 1.478806692297839254e+04
3.229461069862639761e+03 9.756597510158536712e-01 5.283485949234090727e-03 1.476196027421012332e+04
3.229470496477653796e+03 9.749666594231510830e-01 5.252072445304501597e-03 1.474265951027791562e+04
3.229479923092667832e+03 9.813597755855394400e-01 5.294507593312357090e-03 1.482978982160179839e+04
3.229489349707681413e+03 9.876760020616257574e-01 5.335811039371116810e-03 1.491494302703166613e+04
3.229498776322695448e+03 9.908858499667743125e-01 5.342794245394497793e-03 1.495237543925636055e+04
3.229508202937709029e+03 9.940948830433816719e-01 5.351012460931225088e-03 1.498899168337702577e+04
3.229517629552723065e+03 9.962188838506226274e-01 5.379801050574682490e-03 1.500843235206549798e+04
3.229527056167737101e+03 9.983045153751942680e-01 5.408004850606324201e-03 1.502646993950176511e+04
3.229536482782750682e+03 9.968140678082291206e-01 5.401047665615398702e-03 1.498988356949339141e+04
3.229545909397764717e+03 9.955131228539384480e-01 5.394980934289512683e-03 1.495538054433586512e+04
3.229555336012778753e+03 9.986588263218290074e-01 5.408620714411637755e-03 1.498682414549206442e+04
3.229564762627792334e+03 1.001817384874046146e+00 5.422330155233467952e-03 1.501751322278271437e+04
3.229574189242806369e+03 1.000200444591837101e+00 5.410880455107783780e-03 1.497572609127874239e+04
3.229583615857820405e+03 9.986947426643503212e-01 5.400112548213948510e-03 1.493477860299833083e+04
3.229593042472833986e+03 1.000725927550973449e+00 5.413838780819885121e-03 1.494585117273467768e+04
3.229602469087848021e+03 1.002743081291566529e+00 5.427386026600432116e-03 1.495585028187609169e+04
3.229611895702861602e+03 1.001527437448664237e+00 5.418416051937940611e-03 1.491691390073441471e+04
3.229621322317875638e+03 1.000353992462598818e+00 5.409660160927099934e-03 1.487803640142495715e+04
3.229630748932889674e+03 1.002672638126214544e+00 5.413294379547547823e-03 1.489053330250612453e+04
3.229640175547903254e+03 1.005010327739549902e+00 5.417018957204276786e-03 1.490275421520968121e+04
3.229649602162917290e+03 1.004627531622680037e+00 5.408112884561934626e-03 1.487421692951206569e+04
3.229659028777931326e+03 1.004263243994230725e+00 5.399285237688917355e-03 1.484567964381445017e+04
3.229668455392944907e+03 1.002761606389867000e+00 5.400483392078599815e-03 1.480016424722711054e+04
3.229677882007958942e+03 1.001247855628296879e+00 5.401868941325707260e-03 1.475441485665345499e+04
3.229687308622972523e+03 1.002875661328538559e+00 5.411303394402875930e-03 1.475491387615489839e+04
3.229696735237986559e+03 1.004531394698905178e+00 5.420818336870612993e-03 1.475578651235532925e+04
3.229706161853000594e+03 1.005105348416140743e+00 5.404328459249919253e-03 1.474083889839627955e+04
3.229715588468014175e+03 1.005664474691969845e+00 5.387647623157135884e-03 1.472585270399756155e+04
3.229725015083028211e+03 1.002237600852857291e+00 5.371363978147484543e-03 1.465285302394053906e+04
3.229734441698042247e+03 9.986822790243802261e-01 5.354907221561617907e-03 1.457850261255808982e+04
3.229743868313055827e+03 9.994224075688402653e-01 5.351469966772594462e-03 1.456736987777330069e+04
3.229753294928069863e+03 1.000204010814431888e+00 5.348057963920769403e-03 1.455734170343803089e+04
3.229762721543083444e+03 9.993890814041691550e-01 5.347120814138752419e-03 1.452469297467729666e+04
3.229772148158097480e+03 9.985055168110558155e-01 5.345955720899496673e-03 1.449177896939718448e+04
3.229781574773111515e+03 1.001198021202065913e+00 5.359190915606899114e-03 1.451151096444428367e+04
3.229791001388125096e+03 1.003859884672681613e+00 5.372230258002824374e-03 1.453156129119386424e+04
3.229800428003139132e+03 1.001535975399883149e+00 5.350250769240794298e-03 1.448037923389627031e+04
3.229809854618153167e+03 9.990019709170877560e-01 5.326899514879103285e-03 1.442727084522338373e+04
3.229819281233166748e+03 1.000294231331765094e+00 5.326125650347357694e-03 1.443055047789714263e+04
3.229828707848180784e+03 1.001589327269093443e+00 5.325398407977448983e-03 1.443502494662031495e+04
3.229838134463194820e+03 1.000054615978438921e+00 5.310795329357864865e-03 1.439999350169153695e+04
3.229847561078208400e+03 9.983807183320591028e-01 5.295460112031662690e-03 1.436435356695934934e+04
3.229856987693222436e+03 1.000342947794212733e+00 5.305407322959822779e-03 1.438246488396919085e+04
3.229866414308236017e+03 1.002238051395604845e+00 5.315056120632015955e-03 1.440109654975329795e+04
3.229875840923250053e+03 1.005485864654363626e+00 5.326714276934557506e-03 1.444073319042116236e+04
3.229885267538264088e+03 1.008663507918097224e+00 5.337836930122900891e-03 1.448101742509257383e+04
3.229894694153277669e+03 1.009436631882886015e+00 5.334763915146120521e-03 1.448854457355161321e+04
3.229904120768291705e+03 1.010022979274524557e+00 5.330664200385829173e-03 1.449525495688288356e+04
3.229913547383305740e+03 1.008906494168449575e+00 5.318632818694854318e-03 1.447947803448374725e+04
3.229922973998319321e+03 1.007618647495994502e+00 5.305719138321662691e-03 1.446327150189882923e+04
3.229932400613333357e+03 1.008850306813475539e+00 5.293649988483784506e-03 1.448534543607458363e+04
3.229941827228346938e+03 1.009963511698948047e+00 5.280808301449624494e-03 1.450793007253156793e+04
3.229951253843360973e+03 1.007346443162694394e+00 5.264639060713983965e-03 1.447919872650041725e+04
3.229960680458375009e+03 1.004541577653307094e+00 5.247615116803071300e-03 1.445007520353103610e+04
3.229970107073388590e+03 1.006786043535484954e+00 5.251480746509950420e-03 1.449602176023693937e+04
3.229979533688402626e+03 1.009000163256143834e+00 5.255047915292881955e-03 1.454412328021895519e+04
3.229988960303416661e+03 1.006579809061508124e+00 5.236094626148033761e-03 1.452802654611548314e+04
3.229998386918430242e+03 1.003878565837574621e+00 5.215733586074744466e-03 1.451046392682250735e+04
3.230007813533444278e+03 1.005364573639264680e+00 5.219520985467466373e-03 1.455617012145202170e+04
3.230017240148457859e+03 1.006722920048941372e+00 5.222700056315208832e-03 1.460295366307868244e+04
3.230026666763471894e+03 1.004105125377221519e+00 5.211627115678588162e-03 1.459495999653715808e+04
3.230036093378485930e+03 1.001249196728084989e+00 5.199379099882557587e-03 1.458634800550366162e+04
3.230045519993499511e+03 9.991269375344035142e-01 5.189486553716457333e-03 1.459134295756554275e+04
3.230054946608513546e+03 9.968046605151766881e-01 5.178541237664874806e-03 1.459641427612304688e+04
3.241849981640988972e+03 9.988455415420741668e-01 3.366787674427050656e-03 1.437913264749524751e+04
3.241858364204464124e+03 9.988344545724596735e-01 3.370279270551561519e-03 1.435748468324049827e+04
3.241866746767939276e+03 9.988629545913338958e-01 3.374573136765243730e-03 1.433876767073922747e+04
3.241875129331414428e+03 1.000055978512187860e+00 3.387153327040286297e-03 1.433937217513375617e+04
3.241883511894889580e+03 1.000862956396661341e+00 3.396739915811873133e-03 1.433730163170311607e+04
3.241891894458364277e+03 1.000104742983868533e+00 3.388752373994396300e-03 1.431596326128347209e+04
3.241900277021839429e+03 9.992700217593534218e-01 3.381410391461999159e-03 1.429696062629515836e+04
3.241908659585314581e+03 9.994709328094754097e-01 3.384795850540034574e-03 1.429645737118605757e+04
3.241917042148789733e+03 9.995183861358296618e-01 3.386854387527367307e-03 1.429769842964566669e+04
3.241925424712264885e+03 1.000355067299465439e+00 3.384498701218643154e-03 1.431424583967085709e+04
3.241933807275740037e+03 1.000796328430079152e+00 3.381106721476754683e-03 1.432874998969914850e+04
3.241942189839215189e+03 9.996198616915336066e-01 3.375159874844817220e-03 1.432320759348870706e+04
3.241950572402690341e+03 9.984507196880052504e-01 3.369780674705226756e-03 1.432037785763906686e+04
3.241958954966165493e+03 9.992298756827039385e-01 3.376960170938746696e-03 1.434763907590069175e+04
3.241967337529640645e+03 9.998588204824631065e-01 3.383556311130565559e-03 1.437443636677802351e+04
3.241975720093115797e+03 9.999938360080365962e-01 3.387645773584520986e-03 1.439533282688831969e+04
3.241984102656590494e+03 9.999824088065221162e-01 3.390936453481501692e-03 1.441482615371335851e+04
3.241992485220065646e+03 9.985083124406551880e-01 3.384918145326355765e-03 1.441348105513414157e+04
3.242000867783540798e+03 9.970298516062999772e-01 3.378799582999597855e-03 1.441216776457675041e+04
3.242009250347015950e+03 9.955852878612632129e-01 3.371232548496749370e-03 1.441141963895151457e+04
3.242017632910491102e+03 9.942871430596946780e-01 3.364182672890747745e-03 1.441284978312574094e+04
3.242026015473966254e+03 9.962874088191469024e-01 3.368614031667547734e-03 1.446220186293706865e+04
3.242034398037441406e+03 9.982580923083280711e-01 3.372961200262306579e-03 1.451128133541058014e+04
3.242042780600916558e+03 9.996819740329587756e-01 3.375731574996392818e-03 1.455253801250766628e+04
3.242051163164391710e+03 1.001018065623737741e+00 3.378210788851759502e-03 1.459261019307822971e+04
3.242059545727866862e+03 9.990312107592874691e-01 3.369455802614823060e-03 1.458424492639928576e+04
3.242067928291342014e+03 9.970725576474550600e-01 3.360842014206608715e-03 1.457620757674106244e+04
3.242076310854816711e+03 9.966909051559097454e-01 3.360372504626218341e-03 1.459115422918558215e+04
3.242084693418291863e+03 9.963016224378190566e-01 3.359871239328520061e-03 1.460593189301838538e+04
3.242093075981767015e+03 9.932286107377421569e-01 3.349447829029977668e-03 1.458123381681682076e+04
3.242101458545242167e+03 9.901696001975726080e-01 3.339071802500871624e-03 1.455653574061525796e+04
3.242109841108717319e+03 9.841208491199501252e-01 3.315817340533748752e-03 1.448760077917092167e+04
3.242118223672192471e+03 9.780799933943526980e-01 3.292581767313192739e-03 1.441841931986523377e+04
3.242126606235667623e+03 9.727124153758701652e-01 3.279173934940629500e-03 1.435879710951324887e+04
3.242134988799142775e+03 9.673798791796102137e-01 3.265989075834243791e-03 1.429932387446992834e+04
3.242143371362617927e+03 9.661275468947240208e-01 3.255162288919591623e-03 1.429985873080728925e+04
3.242151753926093079e+03 9.649958943493851526e-01 3.244466489358751541e-03 1.430194167520276460e+04
3.242160136489568231e+03 9.656862801253158768e-01 3.251942766259837553e-03 1.433080979477387700e+04
3.242168519053042928e+03 9.664555865812903823e-01 3.260106247987018535e-03 1.436064804877963434e+04
3.242176901616518080e+03 9.660363223351847717e-01 3.266338040704429985e-03 1.437258388133336666e+04
3.242185284179993232e+03 9.655797179309583145e-01 3.272522744451398461e-03 1.438368091234544045e+04
3.242193666743468384e+03 9.613386147192107822e-01 3.258032265504079341e-03 1.433803099868825848e+04
3.242202049306943536e+03 9.569087758977772307e-01 3.242451095891728079e-03 1.428910623881010906e+04
3.242210431870418688e+03 9.500005477111054253e-01 3.224683618107114860e-03 1.420265138300459148e+04
3.242218814433893840e+03 9.430393059661599242e-01 3.206950085471972894e-03 1.411482576669868104e+04
3.242227196997368992e+03 9.334266184703712277e-01 3.174171983893297501e-03 1.398668023564327268e+04
3.242235579560844144e+03 9.237329994166598723e-01 3.140835494637382510e-03 1.385663299160081442e+04
3.242243962124319296e+03 9.231446292194385173e-01 3.133570175381240799e-03 1.386262006302081318e+04
3.242252344687793993e+03 9.231091937449005247e-01 3.127912459553610931e-03 1.387650088756031437e+04
3.242260727251269145e+03 9.306031783364899779e-01 3.145672121807836352e-03 1.400326208739513640e+04
3.242269109814744297e+03 9.386294534142920476e-01 3.165104823337664720e-03 1.413782528795917460e+04
3.242277492378219449e+03 9.510590956779325644e-01 3.217750541109198805e-03 1.433854594967826597e+04
3.242285874941694601e+03 9.638506496124488176e-01 3.273071950250804052e-03 1.454458845813871994e+04
3.242294257505169753e+03 9.746699744723784642e-01 3.309802865449053277e-03 1.472067586007999125e+04
3.242302640068644905e+03 9.853239990372749668e-01 3.344881039742017472e-03 1.489400711335286906e+04
3.242311022632120057e+03 9.905554327774731549e-01 3.361082374498499097e-03 1.498500722411388233e+04
3.242319405195595209e+03 9.954396647823609001e-01 3.376074768334063649e-03 1.507029006817553272e+04
3.242327787759070361e+03 9.952463332805752128e-01 3.367055632005518540e-03 1.507814974845815232e+04
3.242336170322545513e+03 9.946820156994491402e-01 3.356241211545762503e-03 1.507975565353507955e+04
3.242344552886020210e+03 9.959270177137787838e-01 3.357441582010250829e-03 1.510815315159048987e+04
3.242352935449495362e+03 9.973773047838417893e-01 3.359882507962755858e-03 1.513902480731042124e+04
3.242361318012970514e+03 9.992743893630858798e-01 3.361198159511305777e-03 1.517602151107744976e+04
3.242369700576445666e+03 1.001257978950030658e+00 3.362536062931401146e-03 1.521365628072239633e+04
3.242378083139920818e+03 9.995903355390139966e-01 3.350755076426789776e-03 1.519509283824349768e+04
3.242386465703395970e+03 9.976709268945728182e-01 3.338063639528336159e-03 1.517197138408842329e+04
3.242394848266871122e+03 9.970729112930670768e-01 3.332627686804590962e-03 1.516824990759292268e+04
3.242403230830346274e+03 9.966363800996445033e-01 3.327996358849538792e-03 1.516632656596273227e+04
3.242411613393821426e+03 9.973286616647716318e-01 3.337618835072520777e-03 1.518095527137299723e+04
3.242419995957296578e+03 9.981736612712425183e-01 3.348843294388574501e-03 1.519731399299903751e+04
3.242428378520771730e+03 9.982082365714639582e-01 3.339314136692462815e-03 1.520076256577483764e+04
3.242436761084246427e+03 9.981799287755346306e-01 3.327474718992026476e-03 1.520270567140726416e+04
3.242445143647721579e+03 9.986110805271624091e-01 3.334574620348535433e-03 1.521112588337745728e+04
3.242453526211196731e+03 9.991141950923135839e-01 3.343532336069956774e-03 1.522014864026100258e+04
3.242461908774671883e+03 9.984388919885273106e-01 3.335628570173980716e-03 1.521075107115218452e+04
3.242470291338147035e+03 9.976658672212980195e-01 3.326043607048628694e-03 1.519942182578494067e+04
3.242478673901622187e+03 9.977761883913860430e-01 3.328222691127772671e-03 1.520113484916298512e+04
3.242487056465097339e+03 9.980121592013468934e-01 3.331852286449169670e-03 1.520437336882230920e+04
3.242495439028572491e+03 9.978790240096830910e-01 3.331452989373537461e-03 1.520162641048708974e+04
3.242503821592047643e+03 9.977312270357215906e-01 3.330743601428034703e-03 1.519832060916993396e+04
3.242512204155522795e+03 9.983769177444469234e-01 3.330370590773217270e-03 1.520679199156928007e+04
3.242520586718997947e+03 9.991226715835039851e-01 3.330087741806086847e-03 1.521650249348664329e+04
3.242528969282472644e+03 9.981674559044291239e-01 3.324460006766446346e-03 1.520005149217601320e+04
3.242537351845947796e+03 9.970254963728290010e-01 3.318247313804210345e-03 1.518053121782269591e+04
3.242545734409422948e+03 9.988328553808084598e-01 3.326997650694066711e-03 1.520571188051781064e+04
3.383524218800877861e+03 1.000109381466716574e+00 2.376789444190077327e-03 1.105374209792522015e+04
3.383532873054587526e+03 1.000500802224731700e+00 2.377486637357306091e-03 1.105754194471580013e+04
3.383541527308296736e+03 1.000758230061385534e+00 2.378463358470012719e-03 1.105985197338882972e+04
3.383550181562005946e+03 1.000369322668230199e+00 2.380774566928449062e-03 1.105501087509893114e+04
3.383558835815715156e+03 1.000072961475454880e+00 2.382596016583080675e-03 1.105118497284365185e+04
3.383567490069424366e+03 1.000228119662895043e+00 2.382006238418773753e-03 1.105234105112851466e+04
3.383576144323134031e+03 1.000262704396347679e+00 2.381371521693565699e-03 1.105215749220200269e+04
3.383584798576843241e+03 9.996893842433217658e-01 2.380505163554962750e-03 1.104525047104442274e+04
3.383593452830552451e+03 9.990675261518395800e-01 2.379714320251251087e-03 1.103780132810675786e+04
3.383602107084261661e+03 9.981311897742863870e-01 2.379400998278876061e-03 1.102687251979031498e+04
3.383610761337970871e+03 9.974201101283667326e-01 2.379191571964891800e-03 1.101842736923827215e+04
3.383619415591680536e+03 9.981923251610947956e-01 2.379660473571562195e-03 1.102636253299628515e+04
3.383628069845389746e+03 9.989480331489625220e-01 2.380242491367326029e-03 1.103410928189314291e+04
3.383636724099098956e+03 9.995885942556560488e-01 2.381584745232792968e-03 1.104057848612456110e+04
3.383645378352808166e+03 1.000162203715927456e+00 2.383532172271672460e-03 1.104630298009169201e+04
3.383654032606517831e+03 1.000109788478162898e+00 2.391092918676401922e-03 1.104510887547164384e+04
3.383662686860227041e+03 1.000011961775924219e+00 2.397181315412679013e-03 1.104340954231649084e+04
3.383671341113936251e+03 9.994736888080629766e-01 2.389070643964799970e-03 1.103684317427334645e+04
3.383679995367645461e+03 9.991267567132599003e-01 2.382681702838884523e-03 1.103238715235321615e+04
3.383688649621354671e+03 1.000691339369904176e+00 2.393513337050106032e-03 1.104903459167420442e+04
3.383697303875064335e+03 1.002114112607704000e+00 2.403272622853689332e-03 1.106411193799877583e+04
3.383705958128773545e+03 1.001291710498064536e+00 2.396072850661358587e-03 1.105439834226994390e+04
3.383714612382482755e+03 1.000450159332573641e+00 2.389262865670395680e-03 1.104447263690833097e+04
3.383723266636191966e+03 9.992873251341316543e-01 2.388978344206451471e-03 1.103099998712961315e+04
3.383731920889901176e+03 9.982247914144392054e-01 2.388856614584425418e-03 1.101863488719357156e+04
3.383740575143610840e+03 9.989447724521252070e-01 2.391623610005028534e-03 1.102594508447790577e+04
3.383749229397320050e+03 9.995398591872297622e-01 2.393994303579732950e-03 1.103187552237785349e+04
3.383757883651029260e+03 9.977674541798664531e-01 2.388852229000811705e-03 1.101167676694913280e+04
3.383766537904738470e+03 9.960077664799199537e-01 2.383799079313049865e-03 1.099162091100308317e+04
3.383775192158448135e+03 9.949233561101028522e-01 2.383418734891216452e-03 1.097901964474741726e+04
3.383783846412157345e+03 9.938386927518763070e-01 2.383033267148075909e-03 1.096641793983208299e+04
3.383792500665866555e+03 9.927512890107415000e-01 2.382341714429658721e-03 1.095378868704793604e+04
3.383801154919575765e+03 9.916703296199947948e-01 2.381666781671824655e-03 1.094123356217720902e+04
3.383809809173284975e+03 9.911181914134467030e-01 2.382334714759952454e-03 1.093451601050556565e+04
3.383818463426994640e+03 9.905954226493437487e-01 2.383011394871461033e-03 1.092812547588829329e+04
3.383827117680703850e+03 9.931949187582517213e-01 2.384654213919563861e-03 1.095618073765837653e+04
3.383835771934413060e+03 9.957620241357051372e-01 2.386212010164319875e-03 1.098387846496936254e+04
3.383844426188122270e+03 9.931913833100973754e-01 2.374366524542910993e-03 1.095490698058550697e+04
3.383853080441831480e+03 9.906201205485644090e-01 2.362518913251713051e-03 1.092593549620165140e+04
3.383861734695541145e+03 9.895403448277130254e-01 2.366783493160166257e-03 1.091342045975305518e+04
3.383870388949250355e+03 9.884984408406038980e-01 2.371462143343786022e-03 1.090132874029434424e+04
3.383879043202959565e+03 9.825153838773404980e-01 2.353436911721757535e-03 1.083475406430693147e+04
3.383887697456668775e+03 9.763877783325579651e-01 2.334749468199364807e-03 1.076659762506643892e+04
3.383896351710378440e+03 9.674526524030189201e-01 2.315119650665643791e-03 1.066749699057884391e+04
3.383905005964087650e+03 9.584252395917005618e-01 2.295456128287397604e-03 1.056739492582847743e+04
3.383913660217796860e+03 9.505893416414278319e-01 2.273538530029507124e-03 1.048044594364969998e+04
3.383922314471506070e+03 9.427946770892124961e-01 2.251536920821108328e-03 1.039396671441978106e+04
3.383930968725215280e+03 9.399903149918849010e-01 2.242838790559387088e-03 1.036251620452420138e+04
3.383939622978924945e+03 9.373801836418167444e-01 2.234658497014223658e-03 1.033321665434017268e+04
3.383948277232634155e+03 9.390265158416719604e-01 2.235918080987029516e-03 1.035084580477860800e+04
3.383956931486343365e+03 9.408532245676158867e-01 2.237577367396184798e-03 1.037046865818454171e+04
3.383965585740052575e+03 9.403430675538828609e-01 2.238925459694868659e-03 1.036434056306224556e+04
3.383974239993761785e+03 9.397248898249662696e-01 2.240257741991524051e-03 1.035703045718775502e+04
3.383982894247471449e+03 9.317521122060404837e-01 2.223234976853130217e-03 1.026867554671424477e+04
3.383991548501180660e+03 9.234149459709021235e-01 2.205303134598300425e-03 1.017632171496566662e+04
3.384000202754889870e+03 9.106249969011332990e-01 2.181218728344310170e-03 1.003491626721527973e+04
3.384008857008599080e+03 8.974545602345793682e-01 2.156607305091685044e-03 9.889339763682786725e+03
3.384017511262308290e+03 8.870551188492543648e-01 2.136844185655985533e-03 9.774318362816251465e+03
3.384026165516017954e+03 8.769000092078569342e-01 2.117507930081514219e-03 9.662008336241733559e+03
3.384034819769727164e+03 8.768680300980343789e-01 2.115556101487775422e-03 9.661253030027735804e+03
3.384043474023436374e+03 8.777713959795638843e-01 2.115209832166114502e-03 9.670812715079624468e+03
3.384052128277145584e+03 8.906028500626389510e-01 2.143676567094019922e-03 9.811793789857973024e+03
3.384060782530855249e+03 9.045821915397208590e-01 2.174915921598014404e-03 9.965420221732358186e+03
3.384069436784564459e+03 9.249583461713299926e-01 2.215492316252878381e-03 1.018951451051542972e+04
3.384078091038273669e+03 9.459746464061297155e-01 2.257002916151101737e-03 1.042065558498651080e+04
3.384086745291982879e+03 9.629889956924838623e-01 2.298347720587692010e-03 1.060770924871461102e+04
3.384095399545692089e+03 9.795878786223511936e-01 2.339675369576778297e-03 1.079018636461399547e+04
3.384104053799401754e+03 9.865520220783171590e-01 2.347592681111227222e-03 1.086654118325892887e+04
3.384112708053110964e+03 9.924782690295672616e-01 2.351911177982868827e-03 1.093147311573500701e+04
3.384121362306820174e+03 9.939965289487050493e-01 2.361179953599989480e-03 1.094786569254468122e+04
3.384130016560529384e+03 9.950221639587355504e-01 2.370998413449390205e-03 1.095884621576275640e+04
3.384138670814238594e+03 9.972702084734356154e-01 2.371873953275072631e-03 1.098330384444522861e+04
3.384147325067948259e+03 9.996581871734638858e-01 2.371714648235078923e-03 1.100931652376000056e+04
3.384155979321657469e+03 9.996895406954612318e-01 2.374341608307880928e-03 1.100939045228197574e+04
3.384164633575366679e+03 9.994384511291027895e-01 2.377298053127903463e-03 1.100636993334186809e+04
3.384173287829075889e+03 9.988963531987435918e-01 2.374961394026408809e-03 1.100016118876162363e+04
3.384181942082785554e+03 9.983170395136673481e-01 2.371969126320673353e-03 1.099355952904919286e+04
3.384190596336494764e+03 9.996863871195268425e-01 2.376679211197399878e-03 1.100843354421958975e+04
3.384199250590203974e+03 1.001302297339867087e+00 2.382366020162964525e-03 1.102603944736048652e+04
3.384207904843913184e+03 1.000008976936189287e+00 2.382127381984171666e-03 1.101162741848237783e+04
3.384216559097622394e+03 9.984342001329523653e-01 2.381315030480993331e-03 1.099413462638572855e+04
3.384225213351332059e+03 9.985807018972392424e-01 2.382375924921086279e-03 1.099561405455307067e+04
3.384233867605041269e+03 9.988978093525441304e-01 2.383620518416341896e-03 1.099899070474683685e+04
3.384242521858750479e+03 9.992449697827257005e-01 2.387357641718359982e-03 1.100271724659133361e+04
3.384251176112459689e+03 9.995936731179076995e-01 2.391349783873774129e-03 1.100648010936844003e+04
3.384259830366168899e+03 1.000101945378636836e+00 2.392393716708004180e-03 1.101201966256144078e+04
3.384268484619878564e+03 1.000625765681685264e+00 2.393116406909863263e-03 1.101775045673704699e+04
3.384277138873587774e+03 1.000861420659975520e+00 2.398764458263325135e-03 1.102032872300604504e+04
3.384285793127296984e+03 1.001063264588510249e+00 2.404957654291251488e-03 1.102255548790581997e+04
3.384294447381006194e+03 1.001328168441632860e+00 2.406259015542291414e-03 1.102549773933509823e+04
3.384303101634715404e+03 1.001598617150646131e+00 2.406991773656941280e-03 1.102852254690242080e+04
3.384311755888425068e+03 1.002277685387530370e+00 2.407044998681692576e-03 1.103606852149085353e+04
3.384320410142134278e+03 1.003003712822307936e+00 2.407012886590886250e-03 1.104415386337272139e+04
3.384329064395843488e+03 1.001269165725055199e+00 2.398918304026625807e-03 1.102516803826204159e+04
3.384337718649552698e+03 9.992296008135250762e-01 2.389825936726379559e-03 1.100284597778321950e+04
3.384346372903262363e+03 9.995846007780663234e-01 2.391065406191737741e-03 1.100691418134678861e+04
3.384355027156971573e+03 1.000159057141729591e+00 2.393255501339901833e-03 1.101342258055778984e+04
3.384363681410680783e+03 1.000547284818369409e+00 2.392365634885752941e-03 1.101790432330920885e+04
3.384372335664389993e+03 1.000915591451828623e+00 2.391174708208098753e-03 1.102219106131536137e+04
3.384380989918099203e+03 1.000680834815634190e+00 2.393438175561022653e-03 1.101986137490432702e+04
3.384389644171808868e+03 1.000383749716960535e+00 2.396042086161106165e-03 1.101687004605133734e+04
3.384398298425518078e+03 9.994355118248836600e-01 2.395113310754983741e-03 1.100673264898963134e+04
3.384406952679227288e+03 9.984176544676509613e-01 2.393812912400195263e-03 1.099585344553979849e+04
3.384415606932936498e+03 9.998855642365253038e-01 2.394766706544171255e-03 1.101237672947422288e+04
3.384424261186645708e+03 1.001618795613664181e+00 2.395957960183674532e-03 1.103184958670406741e+04
3.384432915440355373e+03 1.000471694753904739e+00 2.395729386962381930e-03 1.101962521770620333e+04
3.384441569694064583e+03 9.990986340502673313e-01 2.395385113037859330e-03 1.100493788856168794e+04
3.384450223947773793e+03 9.986347697138892032e-01 2.389353994461557249e-03 1.100029165331817967e+04
3.384458878201483003e+03 9.982426009331917260e-01 2.382855254812238279e-03 1.099646232062920899e+04
