3.065535149924923644e+03 1.002212221435218265e+00 2.181671964187489876e-02 1.933718153453372906e+03
3.065543526992412353e+03 1.002269442638644037e+00 2.194967541516541429e-02 1.933379563453928768e+03
3.065551904059901062e+03 1.002312870445659865e+00 2.208272316755605785e-02 1.933040973454484629e+03
3.065560281127390226e+03 9.946286447013046317e-01 2.201808781050372532e-02 1.917828413122579832e+03
3.065568658194878935e+03 9.916616157578103108e-01 2.197048364535208673e-02 1.911741587069891693e+03
3.065577035262367644e+03 1.000990390904312966e+00 2.197104814161501482e-02 1.929382369410984666e+03
3.065585412329856354e+03 1.006010430840403647e+00 2.195039199117888862e-02 1.938739048914616433e+03
3.065593789397345063e+03 1.001968881076579665e+00 2.203733670934515318e-02 1.930657770427403875e+03
3.065602166464833772e+03 1.001005013690512424e+00 2.214784542061432396e-02 1.928533415584823615e+03
3.065610543532322936e+03 9.954998245927747513e-01 2.205690422650935512e-02 1.917686300377783709e+03
3.065618920599811645e+03 9.883945099612612140e-01 2.193638249059779582e-02 1.903784224028915105e+03
3.065627297667300354e+03 9.944008928929353175e-01 2.185996558165355375e-02 1.915161634934260974e+03
3.065635674734789063e+03 1.002789622573849737e+00 2.179385255411674105e-02 1.931148815633994445e+03
3.065644051802277772e+03 1.006906720259711063e+00 2.192159603313734509e-02 1.938931814487461907e+03
3.065652428869766936e+03 1.006990314312037116e+00 2.207076591319316952e-02 1.938971059667481995e+03
3.065660805937255645e+03 1.005831727574666434e+00 2.213581661580860116e-02 1.936642232205270375e+03
3.065669183004744355e+03 1.008599987268189002e+00 2.219984846706091544e-02 1.941897507117065516e+03
3.065677560072233064e+03 1.009265487850941057e+00 2.220897303608882975e-02 1.943127232096535408e+03
3.065685937139721773e+03 1.008865775655393593e+00 2.220240389726914343e-02 1.942329082013837251e+03
3.065694314207210482e+03 9.997343210463081054e-01 2.199439095763498775e-02 1.924742860454080528e+03
3.065702691274699646e+03 9.877258195931528650e-01 2.172816686766838867e-02 1.901639742639867109e+03
3.065711068342188355e+03 1.000727235866951004e+00 2.182180427501281134e-02 1.926709586804285891e+03
3.065719445409677064e+03 1.020669243911022539e+00 2.203331823059453271e-02 1.965165764787099761e+03
3.065727822477165773e+03 1.014173697183435197e+00 2.204452628473558065e-02 1.952742577627148421e+03
3.065736199544654482e+03 9.983372324788767349e-01 2.198295427255824233e-02 1.922353385542728347e+03
3.065744576612143646e+03 9.913706191938432832e-01 2.191489027276124699e-02 1.909062153491719300e+03
3.065752953679632355e+03 9.904860216324858913e-01 2.185545888671342266e-02 1.907502631505193222e+03
3.065761330747121065e+03 9.918786454548464970e-01 2.186029244107512426e-02 1.910349179280424778e+03
3.065769707814609774e+03 9.922389135321896259e-01 2.188559718597918313e-02 1.911227947558525784e+03
3.065778084882098483e+03 9.938267919262672168e-01 2.186994048641005550e-02 1.914491706718689784e+03
3.065786461949587192e+03 9.970093702539493119e-01 2.183728649047402340e-02 1.920848314356806441e+03
3.065794839017076356e+03 1.006998023141187248e+00 2.203094161153858199e-02 1.940340374605884563e+03
3.065803216084565065e+03 1.021288631563928906e+00 2.235923783536894471e-02 1.968147515968632433e+03
3.065811593152053774e+03 1.013913103683145023e+00 2.217510763549759151e-02 1.954222682828690495e+03
3.065819970219542483e+03 9.893525101168012537e-01 2.166284441974118680e-02 1.907184913076782095e+03
3.065828347287031193e+03 9.806720429223571012e-01 2.154143017129605403e-02 1.890767694672344078e+03
3.065836724354520356e+03 9.851080338160607131e-01 2.168047795330534447e-02 1.899656280796432839e+03
3.065845101422009066e+03 9.971479589159820689e-01 2.186525170007118379e-02 1.923231908632388695e+03
3.065853478489497775e+03 1.015176685706899784e+00 2.208642236513885804e-02 1.958387420471024143e+03
3.065861855556986484e+03 1.019718117087732079e+00 2.212059455422276180e-02 1.967551095079309789e+03
3.065870232624475193e+03 1.013342924115173238e+00 2.200772019329367418e-02 1.955668135474621067e+03
3.065878609691963902e+03 1.015724718623969514e+00 2.204465722088122526e-02 1.960701360929165048e+03
3.065886986759453066e+03 1.022840790497169028e+00 2.219332761187849112e-02 1.974894916846438264e+03
3.065895363826941775e+03 1.017408903592394775e+00 2.215582744145754013e-02 1.964878815303131887e+03
3.065903740894430484e+03 1.005288864550187400e+00 2.195771109299820417e-02 1.941954700434766892e+03
3.065912117961919193e+03 1.001231612107828184e+00 2.181162669986451419e-02 1.934614372314577395e+03
3.065920495029407903e+03 1.000117421972864573e+00 2.169978587845290338e-02 1.932974271193079858e+03
3.065928872096897067e+03 1.003365396287363653e+00 2.171538298574985856e-02 1.939782147324749531e+03
3.065937249164385776e+03 1.012378710714998853e+00 2.187144059035819182e-02 1.957758321062749246e+03
3.065945626231874485e+03 1.020227300966958905e+00 2.199730239074671259e-02 1.973507007144743966e+03
3.065954003299363194e+03 1.028899261154003764e+00 2.209622446778021498e-02 1.990873239536733536e+03
3.065962380366851903e+03 1.025876295406788596e+00 2.201799813545576856e-02 1.985628870308530168e+03
3.065970757434340612e+03 1.006963546109105989e+00 2.170814890611699396e-02 1.949630967378685000e+03
3.065979134501829776e+03 9.990372665986700929e-01 2.157466813936101749e-02 1.934902705903331480e+03
3.065987511569318485e+03 1.003241145197864670e+00 2.166685928956411933e-02 1.943679680751737124e+03
3.065995888636807194e+03 1.006332791072987121e+00 2.171957313242079551e-02 1.950320483868353676e+03
3.066004265704295904e+03 1.010289054652818930e+00 2.172750763717796671e-02 1.958655381364940467e+03
3.066012642771784613e+03 1.012632147204116650e+00 2.174973472655250192e-02 1.963880628887526427e+03
3.066021019839273777e+03 1.011017395481146552e+00 2.179080055279022585e-02 1.961443988159818900e+03
3.066029396906762486e+03 1.005928633360110069e+00 2.178021227170145319e-02 1.952276003702210346e+03
3.066037773974251195e+03 9.987096255505807374e-01 2.168863514686843533e-02 1.938977835954580542e+03
3.066046151041739904e+03 9.947711063904465245e-01 2.160158132830753558e-02 1.932053190626427295e+03
3.066054528109228613e+03 9.931149356121448113e-01 2.151168368563811592e-02 1.929569491440910497e+03
3.066062905176717322e+03 9.957402951058519358e-01 2.151213053696358554e-02 1.935417297305756165e+03
3.066071282244206486e+03 1.005795142553172594e+00 2.168359645700188021e-02 1.955727172438545495e+03
3.066079659311695195e+03 1.009357618992498207e+00 2.176181634110195898e-02 1.963434962084044628e+03
3.066088036379183905e+03 1.006250761163025143e+00 2.167115334663907711e-02 1.958181111821839295e+03
3.066096413446672614e+03 1.005444909188976554e+00 2.158451308643202088e-02 1.957413150287484314e+03
3.066104790514161323e+03 1.001836648724436563e+00 2.148452420537786539e-02 1.951196794532050490e+03
3.066113167581650487e+03 9.987429861634875561e-01 2.141597716565527693e-02 1.945987885365889724e+03
3.066121544649139196e+03 9.985027096027313531e-01 2.141859489489666285e-02 1.946346266191830637e+03
3.066129921716627905e+03 9.962107149727322808e-01 2.139759857867680817e-02 1.942713319677369782e+03
3.066138298784116614e+03 9.879946614381300840e-01 2.131790962470199446e-02 1.927528836172638648e+03
3.066146675851605323e+03 9.824346742245815278e-01 2.125688424937903845e-02 1.917524029864269096e+03
3.066155052919094032e+03 9.907032425703748979e-01 2.127086533440685281e-02 1.934521580718820132e+03
3.066163429986583196e+03 9.984280399953795460e-01 2.129334690608624542e-02 1.950480370759384186e+03
3.066171807054071905e+03 1.002561523317081260e+00 2.133208350800279429e-02 1.959442714938979179e+03
3.066180184121560615e+03 1.005737969798279563e+00 2.135319881275801399e-02 1.966549831139898288e+03
3.066188561189049324e+03 1.000019870312976566e+00 2.129514071670577866e-02 1.956271382586820891e+03
3.066196938256538033e+03 9.946344419114740987e-01 2.124249863897719262e-02 1.946641895989303521e+03
3.066205315324027197e+03 9.955070556522734870e-01 2.122874851578301914e-02 1.949264152729067519e+03
3.066213692391515906e+03 9.930591317386402439e-01 2.116916398438186547e-02 1.945390857636616602e+03
3.066222069459004615e+03 9.819974445659241935e-01 2.095209921474843959e-02 1.924638182609521209e+03
3.066230446526493324e+03 9.754499129101963373e-01 2.079235905929708444e-02 1.912723565834634883e+03
3.066238823593982033e+03 9.788647683423232770e-01 2.083555741930106717e-02 1.920347778731682638e+03
3.066247200661470742e+03 9.801613552844830046e-01 2.083572155186346267e-02 1.923827494398008866e+03
3.066255577728959906e+03 9.687267570658772975e-01 2.064941924115145516e-02 1.902315558755153916e+03
3.066263954796448616e+03 9.564186058098544940e-01 2.049845133636856928e-02 1.879071432836759413e+03
3.066272331863937325e+03 9.588125526810313826e-01 2.055018845352078391e-02 1.884708705627790096e+03
3.066280708931426034e+03 9.648380731702768109e-01 2.063023786268506493e-02 1.897498307074645936e+03
3.066289085998914743e+03 9.738617208802750058e-01 2.082012629224350847e-02 1.916204395048228434e+03
3.066297463066403907e+03 9.825781548413698996e-01 2.096823841369041541e-02 1.934328771001929226e+03
3.066305840133892616e+03 9.849126249691600998e-01 2.085987677906551985e-02 1.939905465596598106e+03
3.066314217201381325e+03 9.874637554234472203e-01 2.078725263042622423e-02 1.945918610729821239e+03
3.066322594268870034e+03 9.951600949752250624e-01 2.094920925331351935e-02 1.962085925407851619e+03
3.066330971336358743e+03 1.000249527512358849e+00 2.105224074250209784e-02 1.973130676981354100e+03
3.066339348403847453e+03 9.873229110887011828e-01 2.075335924654490849e-02 1.948632500832802862e+03
3.066347725471336616e+03 9.753694345368502105e-01 2.048727367350905090e-02 1.926033587284037822e+03
3.066356102538825326e+03 9.757066739158722912e-01 2.051659159761237000e-02 1.927696590061657616e+03
3.066364479606314035e+03 9.758943429514478352e-01 2.056700532610811899e-02 1.929068017611902178e+03
3.066372856673802744e+03 9.887165630415094553e-01 2.079742215145726283e-02 1.955430933328583023e+03
3.066381233741291453e+03 1.001876668579315011e+00 2.100636574500705858e-02 1.982491832782710389e+03
3.066389610808780162e+03 9.987060374642992011e-01 2.095037305918208415e-02 1.977250888593185437e+03
3.066397987876269326e+03 9.931781748778613084e-01 2.089626230614903199e-02 1.967336577023369045e+03
3.066406364943758035e+03 1.001751071660277104e+00 2.100963340513265290e-02 1.985359196001080591e+03
3.066414742011246744e+03 1.015091135356772201e+00 2.111774889143849462e-02 2.012854659463985399e+03
3.066423119078735454e+03 1.004788372629151549e+00 2.091356641071059896e-02 1.993473033667661866e+03
3.066431496146224163e+03 9.903964206940987225e-01 2.072558304944071422e-02 1.965954365115389692e+03
3.066439873213713327e+03 1.003302583513737911e+00 2.104465531605101761e-02 1.992622720861684911e+03
3.066448250281202036e+03 1.020004911228708622e+00 2.135325280621927502e-02 2.026862586430852843e+03
3.066456627348690745e+03 1.015727504586474206e+00 2.118485907835588461e-02 2.019427278028979572e+03
3.066465004416179454e+03 1.008956310450403793e+00 2.101345447937151903e-02 2.007022970404489797e+03
3.066473381483668163e+03 1.007724712374564513e+00 2.097836989820865694e-02 2.005630057560620571e+03
3.066481758551156872e+03 1.007272880483444766e+00 2.094704853716854859e-02 2.005787455483963640e+03
3.066490135618646036e+03 1.009937164248526642e+00 2.094772030787365319e-02 2.012152212778208195e+03
3.066498512686134745e+03 1.011376889307979754e+00 2.094313648685598370e-02 2.016081181458928768e+03
3.066506889753623454e+03 1.008459378909488890e+00 2.079857871422137114e-02 2.011322298151864970e+03
3.066515266821112164e+03 1.006701426021349821e+00 2.065637141872458601e-02 2.008870377518254145e+03
3.066523643888600873e+03 9.963722374199942555e-01 2.059763952919505328e-02 1.989300871554534751e+03
3.066532020956090037e+03 9.854614074375345201e-01 2.053821847789296870e-02 1.968546602806475448e+03
3.066540398023578746e+03 9.900643692237707238e-01 2.054863630503394462e-02 1.978774407136673744e+03
3.066548775091067455e+03 9.949546170764907993e-01 2.056243677561279612e-02 1.989584539144985911e+03
3.066557152158556164e+03 9.935452435747650357e-01 2.068329925451784304e-02 1.987799119451218303e+03
3.066565529226044873e+03 9.911340733141056347e-01 2.079911359731646120e-02 1.984003198192744549e+03
3.066573906293533582e+03 9.970751681316687431e-01 2.084187376083507584e-02 1.996927617364298385e+03
3.066582283361022746e+03 1.002226058034974443e+00 2.088350784207857608e-02 2.008278179978659637e+03
3.066590660428511455e+03 9.958680724945759843e-01 2.087154550334067299e-02 1.996562865630668966e+03
3.066599037496000165e+03 9.940858199739083245e-01 2.087357728347107033e-02 1.994009641056941291e+03
3.066607414563488874e+03 1.003188437698347979e+00 2.093652368751020357e-02 2.013294147478292416e+03
3.066615791630977583e+03 1.008865039739185399e+00 2.099016755939747680e-02 2.025714407791801705e+03
3.066624168698466747e+03 1.005456458042695234e+00 2.083408106780911678e-02 2.019890778803614012e+03
3.066632545765955456e+03 1.005178653370137232e+00 2.068441728467723673e-02 2.020348748004678100e+03
3.066640922833444165e+03 1.010416245906425647e+00 2.085210077446953553e-02 2.031892916033805932e+03
3.066649299900932874e+03 1.013061670775153855e+00 2.101546741331606835e-02 2.038227622657628899e+03
3.066657676968421583e+03 1.007530167893171624e+00 2.084279750027813113e-02 2.028102983330573352e+03
3.066666054035910292e+03 9.972232632008222186e-01 2.064853713286689957e-02 2.008344844957978012e+03
3.066674431103399456e+03 9.980513254038501092e-01 2.072932419584255087e-02 2.010997098044704444e+03
3.066682808170888165e+03 1.008043658286832400e+00 2.084932459735777330e-02 2.032119707641646755e+03
3.066691185238376875e+03 1.018094125722982968e+00 2.094114395378810986e-02 2.053373250390164685e+03
3.066699562305865584e+03 1.024185429229043764e+00 2.101296178210455140e-02 2.066651175705792866e+03
3.066707939373354293e+03 1.006246192960052577e+00 2.074743700994234261e-02 2.031421295790377826e+03
3.066716316440843457e+03 9.862168917037444915e-01 2.047180028132358429e-02 1.991928973060969383e+03
3.066724693508332166e+03 9.926853199600976785e-01 2.056805753667557274e-02 2.005936220152975693e+03
3.066733070575820875e+03 1.003128364004204798e+00 2.068808496166265470e-02 2.027984069032837624e+03
3.066741447643309584e+03 1.002736216785920620e+00 2.073018347929437080e-02 2.028129056764989627e+03
3.066749824710798293e+03 1.001913309420219500e+00 2.076921755562483388e-02 2.027394156639002404e+03
3.066758201778287003e+03 9.996246248426874370e-01 2.068925430450992836e-02 2.023682617217761845e+03
3.066766578845776166e+03 9.935252902934024188e-01 2.058825128026086151e-02 2.012241009813521487e+03
3.066774955913264876e+03 9.956691184026866814e-01 2.074508209465593736e-02 2.017482958820570957e+03
3.066783332980753585e+03 1.000538962660329823e+00 2.092252099293216011e-02 2.028246418723900661e+03
3.066791710048242294e+03 1.002556100787130644e+00 2.092912476429504079e-02 2.033224473513465682e+03
3.066800087115731003e+03 1.004029161086531952e+00 2.092444428706112872e-02 2.037093261673320740e+03
3.066808464183220167e+03 9.978923654269352683e-01 2.079677217096933747e-02 2.025509046255529938e+03
3.066816841250708876e+03 9.939769534233126036e-01 2.066746736476303761e-02 2.018415700930346702e+03
3.066825218318197585e+03 1.002345551872525053e+00 2.070457582527287024e-02 2.036261012360893574e+03
3.066833595385686294e+03 1.007554588401837536e+00 2.074244625361663930e-02 2.047689281206810620e+03
3.066841972453175003e+03 1.010633095470373277e+00 2.088673595608015951e-02 2.054784345917537848e+03
3.066850349520663713e+03 1.015146204224602444e+00 2.103950150702763033e-02 2.064791991843615961e+03
3.066858726588152877e+03 1.003528071443319902e+00 2.079689008510771445e-02 2.041972496550456754e+03
3.066867103655641586e+03 9.892376302819847478e-01 2.051915772318925121e-02 2.013683747986354092e+03
3.066875480723130295e+03 9.920885970438036994e-01 2.060254882594843989e-02 2.020267805550001640e+03
3.066883857790619004e+03 9.973832207395318949e-01 2.071099674753941119e-02 2.031823215947258859e+03
3.066892234858107713e+03 9.983285660089883384e-01 2.070051176957588002e-02 2.034511800454969716e+03
3.066900611925596877e+03 9.976534680709898684e-01 2.068032804837086069e-02 2.033886515484332904e+03
3.066908988993085586e+03 9.945908545198470785e-01 2.053480382807556029e-02 2.028379115061437460e+03
3.066917366060574295e+03 9.950688961627781604e-01 2.039228946475176579e-02 2.030078461750204042e+03
3.066925743128063004e+03 1.000824626313488119e+00 2.052197220263744099e-02 2.042537064445944679e+03
3.066934120195551714e+03 1.003784831409374689e+00 2.065944502057586937e-02 2.049283870336288146e+03
3.066942497263040423e+03 1.001161383840133867e+00 2.056072705947735793e-02 2.044618588530243414e+03
3.066950874330529587e+03 9.975233120700428557e-01 2.044382287044095581e-02 2.037863704174881150e+03
3.066959251398018296e+03 9.955399887796976266e-01 2.051385545883159869e-02 2.034472159382960626e+03
3.066967628465507005e+03 9.964981274161394120e-01 2.059985948734527339e-02 2.037077435289209006e+03
3.066976005532995714e+03 9.856501460349034183e-01 2.037466749111491171e-02 2.015528073016858571e+03
3.066984382600484423e+03 9.720028100462443366e-01 2.012760387944113535e-02 1.988225061040999663e+03
3.066992759667973587e+03 9.849931509195064550e-01 2.031988021255158594e-02 2.015394647275259558e+03
3.067001136735462296e+03 1.000523641895192162e+00 2.053129005528262635e-02 2.047764308187900951e+03
3.067009513802951005e+03 9.956478955092241678e-01 2.049826795857700307e-02 2.038360180465625945e+03
3.067017890870439714e+03 9.877546621926966974e-01 2.044908707675714005e-02 2.022756143205865101e+03
3.067026267937928424e+03 9.822156867006643921e-01 2.047461025541285826e-02 2.011950602559906656e+03
3.067034645005417133e+03 9.792044806865725093e-01 2.050914464165185316e-02 2.006302954145892727e+03
3.067043022072906297e+03 9.887623873857633860e-01 2.047876475157653711e-02 2.026396133970144319e+03
3.067051399140395006e+03 9.966930304246957029e-01 2.043832708894822298e-02 2.043147365241172110e+03
3.067059776207883715e+03 9.903922774966540388e-01 2.034715020146384001e-02 2.030709952413896644e+03
3.067068153275372424e+03 9.845021266331771548e-01 2.025615871221079015e-02 2.019092267505145173e+03
3.067076530342861133e+03 9.905113819087012494e-01 2.036951210406064139e-02 2.031862232540169316e+03
3.067084907410350297e+03 9.963672766812452508e-01 2.049045393516563812e-02 2.044305990732942519e+03
3.067093284477839006e+03 9.927368506898913703e-01 2.043945214015755255e-02 2.037269935674289172e+03
3.067101661545327715e+03 9.883855975241346847e-01 2.038389102318579477e-02 2.028734009925995451e+03
3.067110038612816425e+03 9.918174603877594198e-01 2.053215307805894216e-02 2.036155549934906048e+03
3.067118415680305134e+03 9.980440505295689047e-01 2.069472734929395444e-02 2.049300277906619613e+03
3.067126792747793843e+03 1.005557011316178029e+00 2.075624918860882392e-02 2.065073004902310913e+03
3.067135169815283007e+03 1.010812799276633145e+00 2.080878356674675453e-02 2.076196016592298747e+03
3.067143546882771716e+03 1.005037476870639379e+00 2.075446989735511838e-02 2.064642327744698378e+03
3.067151923950260425e+03 9.983604737454199185e-01 2.069556420210079059e-02 2.051213605664182978e+03
3.072165583661872915e+03 9.886455759704461110e-01 1.829831003626013544e-02 2.436963596445180883e+03
3.072173400061800294e+03 9.903746136710434023e-01 1.830253592787334585e-02 2.441582037535246855e+03
3.072181216461727672e+03 9.888534318373279897e-01 1.829715896531223726e-02 2.438180903122868131e+03
3.072189032861654596e+03 1.003575350658144849e+00 1.852487598656638729e-02 2.474827623892348129e+03
3.072196849261581974e+03 1.020162985495372210e+00 1.876397887858368904e-02 2.516079210128644263e+03
3.072204665661509353e+03 1.008579985964412895e+00 1.857118331863616759e-02 2.487847179788559515e+03
3.072212482061436731e+03 9.946334137671352105e-01 1.835011169023972183e-02 2.453769999007980459e+03
3.072220298461363654e+03 9.980745311035617018e-01 1.838468549671717217e-02 2.462578597864798667e+03
3.072228114861291033e+03 1.003208074611737111e+00 1.844370504700577201e-02 2.475559399709409718e+03
3.072235931261218411e+03 1.006992017875035339e+00 1.849787164888310256e-02 2.485206435701756163e+03
3.072243747661145790e+03 1.010862233755130291e+00 1.855063540708977443e-02 2.495062592669742116e+03
3.072251564061072713e+03 1.001625190501255425e+00 1.843938149915852129e-02 2.472559127864340098e+03
3.072259380461000092e+03 9.898121240059154502e-01 1.829946960271114711e-02 2.443684596735948162e+03
3.072267196860927470e+03 9.948496162856951264e-01 1.837690903698349296e-02 2.456403645528481775e+03
3.072275013260854848e+03 1.006035329600394768e+00 1.851000177995647950e-02 2.484302300130045296e+03
3.072282829660782227e+03 1.004803398886355392e+00 1.849826159127195696e-02 2.481534025121539798e+03
3.072290646060709150e+03 9.987811436462488146e-01 1.844332243439421315e-02 2.466927800703488174e+03
3.072298462460636529e+03 1.002911621871007242e+00 1.849916298006704443e-02 2.477392333353250251e+03
3.072306278860563907e+03 1.006511198083840597e+00 1.857624014158728784e-02 2.486542178745410638e+03
3.072314095260491285e+03 1.005836049558983536e+00 1.862061458399935990e-02 2.485127085396193706e+03
3.072321911660418209e+03 1.007738306071764178e+00 1.866471339090386428e-02 2.490075244488201861e+03
3.072329728060345587e+03 1.007113326667943287e+00 1.864219873133308308e-02 2.488774071844520677e+03
3.072337544460272966e+03 1.004091770128935801e+00 1.858919292501918369e-02 2.481544766255427930e+03
3.072345360860200344e+03 1.002276063922102889e+00 1.859742263803385032e-02 2.477289766042598330e+03
3.072353177260127268e+03 1.001212584687196427e+00 1.863491542629935535e-02 2.474888733281170062e+03
3.072360993660054646e+03 9.997577150494167952e-01 1.864301780982552392e-02 2.471515148059262629e+03
3.072368810059982025e+03 9.993214700762543812e-01 1.863855553423108408e-02 2.470654899369651503e+03
3.072376626459909403e+03 1.003725317493615377e+00 1.866526769722149509e-02 2.481757521937742695e+03
3.072384442859836781e+03 1.008830903006283197e+00 1.870297355308019049e-02 2.494593031607861121e+03
3.072392259259763705e+03 1.007365920120064429e+00 1.872655097108366987e-02 2.491177774019964090e+03
3.072400075659691083e+03 1.001401388046824215e+00 1.874089197441380916e-02 2.476629786016525941e+03
3.072407892059618462e+03 1.000531175339597123e+00 1.877849374832205737e-02 2.474675627420228921e+03
3.072415708459545840e+03 1.004713401190952204e+00 1.883567287031712861e-02 2.485214844133718543e+03
3.072423524859472764e+03 1.010044928804196163e+00 1.891458907419391045e-02 2.498595067251554610e+03
3.072431341259400142e+03 1.017487725618934302e+00 1.901224230626210113e-02 2.517196845058370855e+03
3.072439157659327520e+03 1.020456871058385451e+00 1.897676834847485464e-02 2.524729526984317999e+03
3.072446974059254899e+03 1.016763936703459548e+00 1.883486854274207117e-02 2.515775905338946359e+03
3.072454790459181822e+03 1.009287498160130081e+00 1.872419571838482982e-02 2.497455483228796311e+03
3.072462606859109201e+03 9.999917560987011678e-01 1.864298172469320072e-02 2.474627135173766419e+03
3.072470423259036579e+03 9.936903280441115038e-01 1.856604085168123836e-02 2.459202932874624366e+03
3.072478239658963957e+03 9.915608529812921512e-01 1.849715733197316789e-02 2.454099211046112487e+03
3.072486056058890881e+03 9.967706886910439046e-01 1.855123628105447703e-02 2.467157880952654068e+03
3.072493872458818259e+03 1.007769058643127602e+00 1.872854859091260815e-02 2.494543978458400943e+03
3.072501688858745638e+03 1.009955972059025653e+00 1.875817412662536543e-02 2.500118459454905405e+03
3.072509505258673016e+03 1.002202355258102973e+00 1.863179229981212770e-02 2.481082024918925981e+03
3.072517321658600395e+03 9.936517666894933987e-01 1.850789611466237272e-02 2.460067632315611718e+03
3.072525138058527318e+03 9.888190732252732928e-01 1.839922650605737078e-02 2.448253602297272664e+03
3.072532954458454697e+03 9.910873341042993889e-01 1.838244422352369387e-02 2.454018520806000652e+03
3.072540770858382075e+03 9.968787524107344256e-01 1.847184620124849713e-02 2.468506210935177023e+03
3.072548587258309453e+03 9.974795394796607262e-01 1.848469505529349091e-02 2.470139644404326191e+03
3.072556403658236377e+03 9.933362097162582449e-01 1.840239020540329964e-02 2.460022451042407283e+03
3.072564220058163755e+03 9.910454449677580380e-01 1.836756784601054765e-02 2.454490495439458755e+03
3.072572036458091134e+03 9.929498155032433493e-01 1.840748977930689242e-02 2.459346784141137960e+03
3.072579852858018512e+03 9.925324557752243093e-01 1.839130346459811466e-02 2.458451247597287420e+03
3.072587669257945436e+03 9.878620135512078404e-01 1.828865788436975781e-02 2.447018897001828464e+03
3.072595485657872814e+03 9.893475258707447040e-01 1.828251760372269150e-02 2.450833594911719501e+03
3.072603302057800192e+03 1.001322297392782223e+00 1.844258226304720111e-02 2.480633103179470254e+03
3.072611118457727571e+03 1.006949233623203099e+00 1.852804147731492573e-02 2.494707982302507389e+03
3.072618934857654949e+03 9.981472233900654523e-01 1.845996872643714676e-02 2.473033809202659086e+03
3.072626751257581873e+03 9.889179406925933113e-01 1.836781306314744233e-02 2.450297694075411982e+03
3.072634567657509251e+03 9.817005850646546294e-01 1.823620661965456510e-02 2.432543658585407229e+03
3.072642384057436630e+03 9.760285142247639989e-01 1.814365885932555864e-02 2.418616267278168380e+03
3.072650200457364008e+03 9.736245660361291243e-01 1.814238034484894069e-02 2.412785686587791588e+03
3.072658016857290932e+03 9.688714776124063288e-01 1.809681944549277471e-02 2.401132161747466398e+03
3.072665833257218310e+03 9.595349316779546722e-01 1.795108505884105560e-02 2.378117343668421654e+03
3.072673649657145688e+03 9.522210450512740287e-01 1.780716546393063329e-02 2.360113060924754791e+03
3.072681466057073067e+03 9.449475555092593515e-01 1.765311912482479470e-02 2.342206839648165442e+03
3.072689282456999990e+03 9.399678165100280314e-01 1.755717418285188472e-02 2.329984392047543224e+03
3.072697098856927369e+03 9.471830631044297899e-01 1.765372005340517733e-02 2.347991071174585613e+03
3.072704915256854747e+03 9.515220179021279812e-01 1.772177129822073705e-02 2.358869247250368971e+03
3.072712731656782125e+03 9.462973274291034409e-01 1.769774903718701262e-02 2.346038778868911777e+03
3.072720548056709504e+03 9.434504944219241906e-01 1.770539930793102110e-02 2.339102710184994521e+03
3.072728364456636427e+03 9.493277427930064682e-01 1.782938709375913797e-02 2.353797112183530317e+03
3.072736180856563806e+03 9.531392010476085197e-01 1.791434983359135868e-02 2.363371286671857433e+03
3.072743997256491184e+03 9.499545169125872546e-01 1.786350421480304221e-02 2.355598757882064547e+03
3.072751813656418562e+03 9.487751288677653827e-01 1.784527590337069841e-02 2.352798893375484568e+03
3.072759630056345486e+03 9.504122685812597116e-01 1.794598263244473121e-02 2.356984402802185286e+03
3.072767446456272864e+03 9.502333690308073511e-01 1.802225251459203467e-02 2.356667310142359838e+03
3.072775262856200243e+03 9.533291431373144276e-01 1.803139789971170207e-02 2.364473114787029772e+03
3.072783079256127621e+03 9.603007493538482375e-01 1.806465194219404602e-02 2.381894337561776410e+03
3.072790895656054545e+03 9.674837283766964946e-01 1.816021255649758609e-02 2.399842989853542349e+03
3.072798712055981923e+03 9.692910909055544311e-01 1.820665083684097629e-02 2.404459992099310512e+03
3.072806528455909302e+03 9.603063334717770738e-01 1.805096193984610450e-02 2.382306087960109835e+03
3.072814344855836680e+03 9.531243165792767646e-01 1.791905127598246786e-02 2.364623638704303630e+03
3.072822161255764058e+03 9.519484469181460629e-01 1.793507094289627582e-02 2.361842382447740874e+03
3.072829977655690982e+03 9.496092284572504871e-01 1.792584335476684818e-02 2.356175991949415675e+03
3.072837794055618360e+03 9.395539024671559769e-01 1.773882689893842637e-02 2.331364345496574515e+03
3.072845610455545739e+03 9.329688424692865745e-01 1.759796840839842128e-02 2.315163086993291927e+03
3.072853426855473117e+03 9.437411888382308822e-01 1.783084877352011932e-02 2.342036865674599994e+03
3.072861243255400041e+03 9.506091413791685207e-01 1.801806534355138850e-02 2.359226065661324355e+03
3.072869059655327419e+03 9.398728652102779080e-01 1.786621436855876863e-02 2.332726603590355353e+03
3.072876876055254797e+03 9.316784632688059897e-01 1.773959215859228361e-02 2.312535295412921187e+03
3.072884692455182176e+03 9.401793634531367960e-01 1.778391978300697743e-02 2.333786116996794590e+03
3.072892508855109099e+03 9.472211090975474201e-01 1.781642008267518909e-02 2.351419900966466230e+03
3.072900325255036478e+03 9.425195987631507233e-01 1.776593726957387612e-02 2.339904719552413098e+03
3.072908141654963856e+03 9.382419661869787486e-01 1.772095819091034849e-02 2.329443045963671466e+03
3.072915958054891234e+03 9.351354871409341962e-01 1.773138271543215141e-02 2.321890601108311785e+03
3.072923774454818613e+03 9.324768738741719964e-01 1.774487426331902706e-02 2.315452047235627106e+03
3.072931590854745536e+03 9.383143760521046595e-01 1.778268683517408855e-02 2.330113891580392647e+03
3.072939407254672915e+03 9.437422202719567554e-01 1.782028271743670705e-02 2.343763519044852728e+03
3.072947223654600293e+03 9.475241629309191227e-01 1.789592150706383403e-02 2.353330448139687178e+03
3.072955040054527672e+03 9.527646912189303707e-01 1.797599652624116626e-02 2.366524989145008021e+03
3.072962856454454595e+03 9.620277971256059324e-01 1.809048644456362487e-02 2.389717181988625271e+03
3.072970672854381974e+03 9.698698697797872859e-01 1.820091553969292730e-02 2.409386319286968501e+03
3.072978489254309352e+03 9.684866343509329623e-01 1.817641943141095132e-02 2.406142542054755722e+03
3.072986305654236730e+03 9.675351775065186288e-01 1.815412986324026895e-02 2.403974799845600501e+03
3.072994122054163654e+03 9.670917010280657422e-01 1.822401440787483479e-02 2.403072795269739800e+03
3.073001938454091032e+03 9.665433252819495280e-01 1.829301878228813127e-02 2.401913899625002614e+03
3.073009754854018411e+03 9.796613429959963870e-01 1.845154889772377196e-02 2.434723530203015343e+03
3.073017571253945789e+03 9.932351894851169094e-01 1.861364196890766612e-02 2.468676048144606739e+03
3.073025387653872713e+03 9.936701553493341166e-01 1.863982582707740532e-02 2.469979480245556715e+03
3.073033204053800091e+03 9.948732812680577409e-01 1.866615881836076324e-02 2.473197211720877021e+03
3.073041020453727469e+03 9.981456980153594616e-01 1.867911809120574584e-02 2.481564728328737601e+03
3.073048836853654848e+03 1.000233171823833311e+00 1.868608897034750721e-02 2.486992259387807735e+03
3.073056653253582226e+03 1.004411958417138484e+00 1.864480950444271506e-02 2.497626012632365018e+03
3.073064469653509150e+03 1.010327412787925150e+00 1.861047204667654401e-02 2.512585708879247250e+03
3.073072286053436528e+03 1.001884612495339999e+00 1.855157552963376463e-02 2.491842266242239930e+03
3.073080102453363907e+03 9.904900422223590351e-01 1.848376423115442521e-02 2.463757416871149417e+03
3.073087918853291285e+03 9.880262809910341781e-01 1.838827009902898116e-02 2.457888806362129799e+03
3.073095735253218209e+03 9.866075418956914422e-01 1.829275094787174288e-02 2.454624149883718019e+03
3.073103551653145587e+03 9.836969016133357835e-01 1.827064692923094716e-02 2.447651952061817610e+03
3.073111368053072965e+03 9.817897622777723710e-01 1.825519572812097160e-02 2.443180843284563252e+03
3.073119184453000344e+03 9.858656419637336077e-01 1.836162530188677200e-02 2.453604670680329036e+03
3.073127000852927267e+03 9.913408324649181091e-01 1.847569749094960315e-02 2.467519541061174095e+03
3.073134817252854646e+03 9.923425633320843708e-01 1.848066894714061811e-02 2.470307379296303225e+03
3.073142633652782024e+03 9.896241774484864084e-01 1.847006327672472831e-02 2.463839901703467149e+03
3.073150450052709402e+03 9.905752096634470316e-01 1.849623543044373250e-02 2.466513586457937436e+03
3.073158266452636781e+03 9.953065852896456622e-01 1.853287389220381609e-02 2.478608192194583808e+03
3.073166082852563704e+03 1.003965850901405776e+00 1.867028531851262080e-02 2.500494967619714771e+03
3.073173899252491083e+03 1.011276124112492347e+00 1.881070246103241222e-02 2.519033544928332958e+03
3.073181715652418461e+03 1.009188505085524934e+00 1.883934403416844677e-02 2.514170784934081439e+03
3.073189532052345839e+03 1.005742692035923147e+00 1.885792231059434804e-02 2.505929203728557241e+03
3.073197348452272763e+03 1.003449500441702114e+00 1.880082471458998511e-02 2.500564321244273742e+03
3.073205164852200141e+03 1.000536753993571226e+00 1.873705595499666407e-02 2.493660563273143907e+03
3.073212981252127520e+03 9.948310787716743153e-01 1.875683312081893525e-02 2.479799780871745952e+03
3.073220797652054898e+03 9.911071125873852639e-01 1.879138483501856943e-02 2.470882354214706538e+03
3.073228614051981822e+03 1.000452790877920606e+00 1.889164547758468218e-02 2.494557473303074858e+03
3.073236430451909200e+03 1.009526112440544132e+00 1.899435580976611970e-02 2.517567741403584478e+03
3.073244246851836579e+03 1.008578230369349571e+00 1.897569610115004343e-02 2.515597559562112565e+03
3.073252063251763957e+03 1.007969479176126226e+00 1.894733301514171103e-02 2.514480162890588417e+03
3.073259879651691335e+03 1.003299954906729408e+00 1.890354407458306324e-02 2.503238266568641393e+03
3.073267696051618259e+03 9.960730337920409294e-01 1.885147939299038761e-02 2.485618482707615385e+03
3.073275512451545637e+03 9.915604002224814861e-01 1.879106478281819537e-02 2.474774853543131030e+03
3.073283328851473016e+03 9.903992272876391834e-01 1.873954334874142202e-02 2.472301358851251734e+03
3.073291145251400394e+03 1.002459858859773290e+00 1.889762868533541654e-02 2.502845714723655874e+03
3.073298961651327318e+03 1.013044959555932545e+00 1.906912883377291992e-02 2.529724204876453314e+03
3.073306778051254696e+03 1.009499888908855780e+00 1.903689392995379370e-02 2.521328969289815177e+03
3.073314594451182074e+03 1.006458199562815015e+00 1.898801113357785966e-02 2.514196362549398600e+03
3.073322410851109453e+03 1.010519211871448775e+00 1.906488059879232061e-02 2.524815731537859392e+03
3.073330227251036376e+03 1.014937463140611618e+00 1.915440427520099728e-02 2.536340307611994831e+03
3.073338043650963755e+03 1.013547194450980182e+00 1.912447621511988508e-02 2.533359519362048559e+03
3.073345860050891133e+03 1.009829209370299630e+00 1.907447660344317730e-02 2.524566939769559212e+03
3.073353676450818512e+03 1.006407916947295700e+00 1.899297367429593486e-02 2.516521446514754643e+03
3.073361492850745890e+03 1.005247761830999620e+00 1.891135403436186926e-02 2.514136602756994762e+03
3.073369309250672814e+03 1.000225337273877635e+00 1.889248768001030102e-02 2.502098053501634240e+03
3.073377125650600192e+03 9.930588305895741152e-01 1.887877360282502401e-02 2.484698730795753818e+03
3.073384942050527570e+03 9.936510306069794574e-01 1.883027939586203250e-02 2.486717909126307404e+03
3.073392758450454949e+03 9.974964843920502977e-01 1.878428273949805591e-02 2.496890443362749920e+03
3.073400574850381872e+03 1.007624011561406130e+00 1.893977626589109231e-02 2.522805224160061243e+03
3.073408391250309251e+03 1.015647305942109391e+00 1.911249225958086551e-02 2.543471485020834280e+03
3.073416207650236629e+03 1.008831970519320276e+00 1.900571289714039075e-02 2.526988022935571735e+03
3.073424024050164007e+03 1.001890781068226044e+00 1.886495856184942921e-02 2.510191151420622646e+03
3.073431840450090931e+03 1.002255388618723986e+00 1.887442375696355215e-02 2.511704656877437628e+03
3.073439656850018309e+03 1.002842904007425595e+00 1.890375026390512386e-02 2.513787373760557784e+03
3.073447473249945688e+03 1.008241362253242013e+00 1.898582406162238265e-02 2.527943320228678658e+03
3.073455289649873066e+03 1.013981838998080587e+00 1.907377706273095941e-02 2.542974042042249494e+03
3.073463106049800444e+03 1.006494462247796040e+00 1.891774145001868038e-02 2.524839790584329876e+03
3.073470922449727368e+03 9.972430897991262366e-01 1.873226766385113415e-02 2.502280156577800426e+03
3.073478738849654746e+03 1.006313167187175450e+00 1.887619457623905192e-02 2.525703132305156487e+03
3.073486555249582125e+03 1.017879093575176697e+00 1.905982243134813486e-02 2.555414772949275630e+03
3.073494371649509503e+03 1.010782399838600298e+00 1.892490234351682649e-02 2.538287211953985206e+03
3.073502188049436427e+03 1.004280859924599589e+00 1.875674219284872296e-02 2.522655820884801415e+03
3.073510004449363805e+03 1.005442738410456061e+00 1.881509916434968843e-02 2.526281493779750690e+03
3.073517820849291184e+03 1.000396803060084716e+00 1.888412586901686355e-02 2.514317693876819249e+03
3.073525637249218562e+03 9.990444045684835350e-01 1.887811344448984269e-02 2.511643504263868635e+03
3.073533453649145486e+03 1.004256996546067038e+00 1.887773864500596338e-02 2.525488105889506187e+03
3.073541270049072864e+03 1.003490332443730759e+00 1.882429921130601702e-02 2.524310853441209474e+03
3.073549086449000242e+03 1.000516303135820406e+00 1.876221932803663270e-02 2.517589578580719717e+03
3.073556902848927621e+03 9.984797730042446195e-01 1.871472578454825078e-02 2.513235070785853623e+03
3.073564719248854544e+03 9.963448282597254790e-01 1.866650004011531985e-02 2.508641263320958842e+03
3.073572535648781923e+03 9.954009164745988292e-01 1.861537041502026382e-02 2.507055607732290810e+03
3.073580352048709301e+03 9.950406205427109185e-01 1.856480075397042365e-02 2.506950660222098122e+03
3.073588168448636679e+03 9.975737495139089805e-01 1.859568857823614210e-02 2.514149253296563074e+03
3.073595984848564058e+03 1.000197946800269744e+00 1.863415733592270127e-02 2.521593682092713152e+03
3.073603801248490981e+03 9.951886339129986103e-01 1.857100764787119121e-02 2.509803470485925573e+03
3.073611617648418360e+03 9.896646817111073302e-01 1.849878741984638600e-02 2.496718672176096788e+03
3.073619434048345738e+03 1.003987349195410772e+00 1.884799831388483948e-02 2.533722762257591057e+03
3.073627250448273116e+03 1.019399117904124852e+00 1.922963930838481397e-02 2.573513927563493780e+03
3.073635066848200040e+03 1.016280242182584503e+00 1.910103630163849375e-02 2.566547383188191816e+03
3.073642883248127418e+03 1.009299248828992246e+00 1.892559240200351878e-02 2.549831149589533652e+03
3.073650699648054797e+03 1.003725502236805234e+00 1.894606215452448658e-02 2.536671609565306426e+03
3.073658516047982175e+03 1.002737577865268070e+00 1.899405620614616139e-02 2.535108564624921655e+03
3.073666332447909099e+03 1.007279154387474174e+00 1.904872431068465807e-02 2.547541579946705497e+03
3.073674148847836477e+03 1.009886111510948092e+00 1.909700580185027044e-02 2.555101714305654241e+03
3.073681965247763856e+03 9.999980377617386784e-01 1.886379705002347654e-02 2.531054590104678482e+03
3.073689781647691234e+03 9.900086106049647006e-01 1.861368838411546489e-02 2.506744864971216430e+03
3.073697598047618612e+03 9.866832197650781122e-01 1.855785112373532775e-02 2.499308951294811322e+03
3.073705414447545536e+03 9.839059822834744784e-01 1.851381495064280402e-02 2.493268794344838625e+03
3.073713230847472914e+03 1.025156868905118257e+00 1.925598793141600207e-02 2.598851099309650181e+03
3.073721047247400293e+03 1.067263339873602446e+00 2.002622576994495321e-02 2.706702491319941146e+03
3.073728863647327671e+03 1.040493163300938662e+00 1.954264718648634006e-02 2.639905158967072111e+03
3.073736680047254595e+03 1.012337508146572862e+00 1.901665106163430430e-02 2.569548997102273461e+03
3.073744496447181973e+03 1.007260993001469318e+00 1.882666322930892644e-02 2.557751841648922436e+03
3.073752312847109351e+03 1.001775773290420224e+00 1.864552357731198706e-02 2.544919668978140635e+03
3.073760129247036730e+03 9.981094371397752907e-01 1.857742590990436871e-02 2.536712461925419120e+03
3.073767945646963653e+03 9.945265210003384482e-01 1.851300143122025510e-02 2.528723558474405763e+03
3.073775762046891032e+03 9.960349596119130178e-01 1.857544611703680279e-02 2.533692265481200593e+03
3.073783578446818410e+03 9.975409336447842445e-01 1.863786188526931134e-02 2.538672714772236304e+03
3.228343706331834255e+03 1.000122276863883108e+00 1.292044548694205180e-02 6.721535336420477506e+03
3.228353113623271838e+03 9.999314785608597322e-01 1.287523673192591568e-02 6.722584703004520634e+03
3.228362520914709421e+03 9.997514561266565014e-01 1.283019723400421162e-02 6.723634069588562852e+03
3.228371928206147459e+03 1.000593446294136379e+00 1.278670820425569822e-02 6.731488655078271222e+03
3.228381335497585042e+03 1.000810317902032898e+00 1.281900005791796610e-02 6.735072456254772078e+03
3.228390742789022624e+03 9.995459990329097488e-01 1.285015848108079888e-02 6.728620665617854684e+03
3.228400150080460207e+03 9.960185422664968868e-01 1.281775269072387043e-02 6.706861022706015319e+03
3.228409557371897790e+03 9.938747692660832023e-01 1.278519277815279992e-02 6.694346202899825585e+03
3.228418964663335828e+03 9.967886537985131135e-01 1.276484064907206471e-02 6.715839937655086032e+03
3.228428371954773411e+03 9.992394538831415041e-01 1.274400584543149834e-02 6.734166260618500019e+03
3.228437779246210994e+03 1.002724023199912384e+00 1.277191925599942095e-02 6.759414614371810785e+03
3.228447186537648577e+03 1.006145653728127476e+00 1.280438851080135942e-02 6.784197071539646458e+03
3.228456593829086160e+03 1.003139495766241618e+00 1.277596444219981399e-02 6.765587618452446804e+03
3.228466001120524197e+03 1.000572511762706007e+00 1.274176005836105338e-02 6.749881467289092143e+03
3.228475408411961780e+03 1.003038018725181946e+00 1.277326807980104506e-02 6.768076890796091902e+03
3.228484815703399363e+03 1.004911942452451079e+00 1.281321575951164735e-02 6.782241717016444454e+03
3.228494222994836946e+03 1.001877605732897081e+00 1.273533033829131120e-02 6.763235045702846946e+03
3.228503630286274529e+03 9.982404388028903730e-01 1.263566472191254668e-02 6.740107851751915405e+03
3.228513037577712566e+03 9.984802387765846499e-01 1.260915283570324466e-02 6.743113768079017063e+03
3.228522444869150149e+03 9.992930172418734713e-01 1.259633281365688494e-02 6.749953396550529760e+03
3.228531852160587732e+03 9.996971256502117376e-01 1.261375152048047239e-02 6.753998925595119545e+03
3.228541259452025315e+03 1.000781905775398384e+00 1.263883599994870127e-02 6.762611754550444857e+03
3.228550666743462898e+03 1.003816384865990230e+00 1.266328153591803063e-02 6.784373238887266780e+03
3.228560074034900936e+03 1.006646960997155782e+00 1.268636473816311429e-02 6.804734526512722368e+03
3.228569481326338519e+03 1.005181202603005808e+00 1.267265730023379479e-02 6.796027736480909880e+03
3.228578888617776101e+03 1.002719911189892121e+00 1.264884610318958713e-02 6.780560171672032993e+03
3.228588295909213684e+03 1.003631070212594345e+00 1.264009704314802973e-02 6.787872584943993388e+03
3.228597703200651722e+03 1.005312063504444131e+00 1.263558973955358940e-02 6.800373307153493442e+03
3.228607110492089305e+03 1.003227004962889524e+00 1.260457610530248650e-02 6.787379114445473533e+03
3.228616517783526888e+03 1.000149666146770588e+00 1.256426223519161930e-02 6.767648739293773360e+03
3.228625925074964471e+03 1.000684706526135503e+00 1.255505627273075138e-02 6.772344106922256287e+03
3.228635332366402054e+03 1.002520037742366199e+00 1.255876489416296420e-02 6.785828863484073736e+03
3.228644739657840091e+03 1.001249174020626187e+00 1.255305483732541139e-02 6.778277982795419121e+03
3.228654146949277674e+03 9.986117238813430053e-01 1.254313897592911758e-02 6.761462382686194360e+03
3.228663554240715257e+03 1.000938065856023851e+00 1.257418063831792186e-02 6.778248538746579470e+03
3.228672961532152840e+03 1.005906932054161596e+00 1.262712631731896518e-02 6.812932057343042288e+03
3.228682368823590423e+03 1.006350156922607209e+00 1.261581188719929428e-02 6.816966263563865141e+03
3.228691776115028460e+03 1.004514649559263839e+00 1.257037256636154773e-02 6.805562001699488974e+03
3.228701183406466043e+03 1.002138555273691445e+00 1.254994037737865338e-02 6.790491964006710077e+03
3.228710590697903626e+03 9.992028144914379961e-01 1.254398901653876880e-02 6.771627327642611817e+03
3.228719997989341209e+03 9.982907644210818887e-01 1.252471621040060316e-02 6.766478370925712625e+03
3.228729405280778792e+03 9.985124136548564344e-01 1.249661596963225381e-02 6.769020027057614243e+03
3.228738812572216830e+03 9.954717517464222176e-01 1.243382550451444142e-02 6.749452227395756381e+03
3.228748219863654413e+03 9.910928125513440712e-01 1.234674690406265332e-02 6.720813896690071488e+03
3.228757627155091996e+03 9.938336193625777470e-01 1.235595198463765830e-02 6.740467379836522923e+03
3.228767034446529578e+03 1.000958434580578205e+00 1.244111863992249101e-02 6.789880206372913563e+03
3.228776441737967161e+03 1.000967388109522682e+00 1.244798727465149142e-02 6.791048368983644650e+03
3.228785849029405199e+03 9.960752568694043463e-01 1.239308070659164186e-02 6.758978868229224645e+03
3.228795256320842782e+03 9.956636842370756302e-01 1.237763133813559249e-02 6.757327800317565561e+03
3.228804663612280365e+03 9.992684443848981468e-01 1.239740574733058480e-02 6.782961437392774315e+03
3.228814070903717948e+03 1.000177132571215211e+00 1.240073237178961063e-02 6.790324820055021519e+03
3.228823478195155531e+03 9.975809150468393227e-01 1.238663300184318465e-02 6.773918037128232754e+03
3.228832885486593568e+03 9.941705512391896260e-01 1.235293172544974991e-02 6.752003144113969029e+03
3.228842292778031151e+03 9.912245835744857292e-01 1.229986625488711793e-02 6.733261085436721260e+03
3.228851700069468734e+03 9.882252306089208682e-01 1.223559279774608446e-02 6.714174763361113037e+03
3.228861107360906317e+03 9.843357238007253152e-01 1.215836278629109542e-02 6.689056731547501840e+03
3.228870514652343900e+03 9.810078381118412238e-01 1.210825738472738090e-02 6.667769916867661777e+03
3.228879921943781937e+03 9.783447121358216370e-01 1.209022362024897435e-02 6.651016780288644441e+03
3.228889329235219520e+03 9.772499019728656533e-01 1.208349727404782296e-02 6.644942998002840795e+03
3.228898736526657103e+03 9.784157890640760025e-01 1.209165668994835983e-02 6.654263279256257192e+03
3.228908143818094686e+03 9.795506484078622123e-01 1.210441893603454895e-02 6.663397152872010338e+03
3.228917551109532269e+03 9.811808556332329845e-01 1.212430220144440282e-02 6.675925268230193979e+03
3.228926958400970307e+03 9.834311696756685706e-01 1.213661750857833801e-02 6.692698212274719481e+03
3.228936365692407890e+03 9.856046489844254577e-01 1.213731489859485452e-02 6.708974093618067855e+03
3.228945772983845472e+03 9.857510628886767545e-01 1.211872840861704000e-02 6.711473831663472993e+03
3.228955180275283055e+03 9.834898400080898107e-01 1.207049759048251479e-02 6.697595722442590159e+03
3.228964587566720638e+03 9.802312641655831493e-01 1.200883690197440505e-02 6.676934042584323834e+03
3.228973994858158676e+03 9.746055985939848787e-01 1.192301995528474191e-02 6.640150978386249335e+03
3.228983402149596259e+03 9.712369049799660647e-01 1.186057854772921104e-02 6.618746199834978142e+03
3.228992809441033842e+03 9.722571821535019865e-01 1.183906265876941838e-02 6.627262090710568373e+03
3.229002216732471425e+03 9.737124936125786112e-01 1.184895458501052275e-02 6.638761235117548495e+03
3.229011624023909462e+03 9.763786297792061974e-01 1.192043532472972754e-02 6.658535680997886629e+03
3.229021031315347045e+03 9.774573824454837467e-01 1.194319884917685246e-02 6.667503401792060686e+03
3.229030438606784628e+03 9.741694681887347329e-01 1.187047671056205150e-02 6.646692993910546647e+03
3.229039845898222211e+03 9.714060977015763765e-01 1.181134653417788977e-02 6.629462444238598437e+03
3.229049253189659794e+03 9.708855877644493315e-01 1.178284506516404442e-02 6.627543286564439768e+03
3.229058660481097832e+03 9.706134394224101847e-01 1.175884499976783196e-02 6.627327698188249997e+03
3.229068067772535414e+03 9.704431277031443370e-01 1.174553049004801314e-02 6.627815486314270856e+03
3.229077475063972997e+03 9.696088369903808069e-01 1.173771453654725433e-02 6.623774855180853592e+03
3.229086882355410580e+03 9.683807955822559821e-01 1.174369320815026214e-02 6.617048152802251934e+03
3.229096289646848163e+03 9.676375355785363785e-01 1.173749146644816402e-02 6.613637216205896948e+03
3.229105696938286201e+03 9.663410877025939705e-01 1.169697191889068795e-02 6.606447674545832342e+03
3.229115104229723784e+03 9.654960775668843809e-01 1.167146612982289389e-02 6.602345836602055897e+03
3.229124511521161367e+03 9.660580858615220867e-01 1.168625624943962944e-02 6.607869519718287847e+03
3.229133918812598949e+03 9.669816342413192212e-01 1.169859301039733422e-02 6.615872420044513092e+03
3.229143326104036532e+03 9.677939764181948679e-01 1.170162501008621160e-02 6.623120463808034401e+03
3.229152733395474570e+03 9.685767513906832216e-01 1.172424822504993663e-02 6.630171191740992981e+03
3.229162140686912153e+03 9.728412548674946203e-01 1.181058801062538632e-02 6.661065647895076836e+03
3.229171547978349736e+03 9.780970981293004574e-01 1.188555359373536478e-02 6.698765292521625270e+03
3.229180955269787319e+03 9.836211371937916281e-01 1.191782285342026654e-02 6.738320693717768336e+03
3.229190362561224902e+03 9.886134736963652081e-01 1.195102963916497112e-02 6.774251397135867592e+03
3.229199769852662939e+03 9.909598651759126131e-01 1.198604616585431486e-02 6.792062787931390631e+03
3.229209177144100522e+03 9.914548817049245732e-01 1.200334405999856427e-02 6.797187620735167911e+03
3.229218584435538105e+03 9.902740081400022154e-01 1.195795468745790638e-02 6.790818838403529298e+03
3.229227991726975688e+03 9.908314940321247821e-01 1.193204630569390766e-02 6.796366152998592042e+03
3.229237399018413271e+03 9.938328122408942589e-01 1.197701180064345179e-02 6.818678133557266847e+03
3.229246806309851308e+03 9.974391172021264129e-01 1.201652383728416158e-02 6.845147232893644286e+03
3.229256213601288891e+03 1.002313769073756466e+00 1.202902443119755090e-02 6.880329398126600609e+03
3.229265620892726474e+03 1.004407444109849612e+00 1.202731615029305721e-02 6.896427424687093662e+03
3.229275028184164057e+03 9.991828076674977854e-01 1.196730115821652111e-02 6.862265190682972388e+03
3.229284435475601640e+03 9.953414787100112182e-01 1.191235762674358080e-02 6.837581838597934620e+03
3.229293842767039678e+03 9.950604672263190231e-01 1.188180914864971939e-02 6.837343514193956253e+03
3.229303250058477261e+03 9.946670269872687209e-01 1.185125367784696689e-02 6.836325817994791578e+03
3.229312657349914844e+03 9.946101834498496386e-01 1.181958166734118493e-02 6.837615226767346030e+03
3.229322064641352426e+03 9.947653690734652443e-01 1.179133549863171926e-02 6.840357017525096126e+03
3.229331471932790009e+03 9.953605292774544422e-01 1.178602710793189186e-02 6.846120214967369066e+03
3.229340879224228047e+03 9.951639858940982686e-01 1.176986057998003279e-02 6.846433584746765519e+03
3.229350286515665630e+03 9.908441736807828137e-01 1.168454036309925573e-02 6.818367555695986994e+03
3.229359693807103213e+03 9.874769393177106336e-01 1.161562489491048920e-02 6.796838928872027282e+03
3.229369101098540796e+03 9.899132142469755369e-01 1.164938386424609583e-02 6.815249826173625479e+03
3.229378508389978379e+03 9.927318476600023311e-01 1.168338473854271982e-02 6.836297299404709520e+03
3.229387915681416416e+03 9.965941191910621111e-01 1.171752924320755562e-02 6.864538240562559622e+03
3.229397322972853999e+03 9.998447390434471727e-01 1.174965245821890138e-02 6.888573548220864723e+03
3.229406730264291582e+03 1.000376245495891103e+00 1.176662722066002843e-02 6.893877184934370234e+03
3.229416137555729165e+03 1.001338066118362402e+00 1.178240225855115703e-02 6.902144654789324704e+03
3.229425544847167203e+03 1.001117232653783606e+00 1.178448929485605493e-02 6.902257503426068979e+03
3.229434952138604785e+03 9.999443767373751291e-01 1.178513038204293158e-02 6.895800558361043841e+03
3.229444359430042368e+03 9.986342880984081516e-01 1.177514021046844467e-02 6.888389584683804060e+03
3.229453766721479951e+03 9.980597307606764446e-01 1.177151451778817547e-02 6.886045644516441826e+03
3.229463174012917534e+03 1.002456312829049567e+00 1.183322793042972283e-02 6.918002614425600768e+03
3.229472581304355572e+03 1.006932173144970744e+00 1.188508073798045551e-02 6.950517849115745776e+03
3.229481988595793155e+03 1.001269797123863992e+00 1.178619531232048996e-02 6.913047249348097466e+03
3.229491395887230738e+03 9.949587782402720126e-01 1.169541628892281984e-02 6.871076041918506235e+03
3.229500803178668320e+03 9.953881396086506905e-01 1.173309488514649723e-02 6.875640946146623719e+03
3.229510210470105903e+03 9.970702349983197044e-01 1.177056111987360466e-02 6.888859892261043569e+03
3.229519617761543941e+03 1.002072032665974000e+00 1.178842410665747673e-02 6.925023244597722623e+03
3.229529025052981524e+03 1.006163527692545578e+00 1.180388158487822789e-02 6.954907985213741995e+03
3.229538432344419107e+03 1.004398193744087564e+00 1.179770101715379126e-02 6.944310064014858654e+03
3.229547839635856690e+03 1.002656296252724788e+00 1.178966947235235256e-02 6.933866520717903768e+03
3.229557246927294273e+03 9.976252826922260564e-01 1.173730111109042712e-02 6.900664393976830070e+03
3.229566654218732310e+03 9.926226108157792938e-01 1.168649791324898914e-02 6.867640564154552521e+03
3.229576061510169893e+03 9.976774135376698105e-01 1.167650263613872683e-02 6.904199666405585958e+03
3.229585468801607476e+03 1.002244339899516001e+00 1.166778661088383254e-02 6.937396342974882828e+03
3.229594876093045059e+03 1.001126329347306720e+00 1.168668704862823975e-02 6.931246808145805517e+03
3.229604283384482642e+03 1.000700310292083062e+00 1.170467350325327636e-02 6.929884586179345206e+03
3.229613690675920679e+03 1.001495646929632555e+00 1.169164619003638245e-02 6.936979817610869759e+03
3.229623097967358262e+03 1.002412980433374345e+00 1.167816600444115428e-02 6.944921867251839103e+03
3.229632505258795845e+03 1.002924158307961555e+00 1.165503194293486706e-02 6.950051469538320816e+03
3.229641912550233428e+03 1.002637979252694045e+00 1.163168488804185337e-02 6.949655274537274636e+03
3.229651319841671011e+03 1.002444639628880196e+00 1.162079821133191714e-02 6.949901327515735829e+03
3.229660727133109049e+03 1.003369961676266353e+00 1.161119429959356526e-02 6.957903811030938414e+03
3.229670134424546632e+03 1.002673259226614544e+00 1.160134513114830304e-02 6.954658456819541243e+03
3.229679541715984215e+03 1.000969291878125444e+00 1.159023118108235169e-02 6.944422726396720464e+03
3.229688949007421797e+03 1.000985518023010945e+00 1.157291933628246117e-02 6.946118578693682139e+03
3.229698356298859380e+03 1.001096427232142538e+00 1.155509727208851693e-02 6.948471874905750155e+03
3.229707763590297418e+03 9.973023346116232091e-01 1.153202267307096122e-02 6.923715617534147896e+03
3.229717170881735001e+03 9.937620615771074473e-01 1.150967289130334741e-02 6.900710373280127897e+03
3.229726578173172584e+03 9.954687154901133983e-01 1.150017259365177652e-02 6.914137659505728152e+03
3.229735985464610167e+03 9.971560521193246762e-01 1.149088519346556231e-02 6.927436922912360387e+03
3.229745392756047750e+03 9.970824533894221409e-01 1.149751628865726578e-02 6.928506096829351009e+03
3.229754800047485787e+03 9.973615620689296746e-01 1.150423009260286879e-02 6.932027538004898815e+03
3.229764207338923370e+03 9.972333607743929518e-01 1.148717466667950431e-02 6.932719461587532351e+03
3.229773614630360953e+03 9.965806997032622405e-01 1.147027722591959821e-02 6.929765462294974895e+03
3.229783021921798536e+03 9.986756551591310371e-01 1.149824996598800518e-02 6.945920900807383987e+03
3.229792429213236119e+03 1.001174959955260846e+00 1.152591478437645089e-02 6.964897573538509278e+03
3.229801836504674156e+03 1.001541884808738292e+00 1.152098548003243315e-02 6.969046198315614674e+03
3.229811243796111739e+03 1.001204401882938466e+00 1.151538546691195652e-02 6.968295285741282896e+03
3.229820651087549322e+03 9.991925859225577744e-01 1.150347094106361594e-02 6.955889458996929534e+03
3.229830058378986905e+03 9.973942324752335109e-01 1.149171466701848915e-02 6.944965750090505935e+03
3.229839465670424943e+03 9.986235171926889365e-01 1.148689573818650889e-02 6.955125235435850300e+03
3.229848872961862526e+03 1.000721067456411539e+00 1.148259109975206457e-02 6.971339743376947808e+03
3.229858280253300109e+03 9.998649609046819098e-01 1.146068726715519792e-02 6.966982747393525642e+03
3.229867687544737691e+03 9.980666808511102772e-01 1.143813486159521615e-02 6.956059241299143650e+03
3.229877094836175274e+03 1.002385935353551805e+00 1.148853109416628562e-02 6.987779058619516036e+03
3.229886502127613312e+03 1.006657157187531793e+00 1.153864352231414626e-02 7.019180944822416677e+03
3.229895909419050895e+03 1.002314465203451022e+00 1.145216175664998635e-02 6.990523128689599616e+03
3.229905316710488478e+03 9.983359451290161335e-01 1.136634438135825965e-02 6.964395028273064781e+03
3.229914724001926061e+03 9.980491438049243769e-01 1.136965377549773414e-02 6.964016905126324673e+03
3.229924131293363644e+03 9.979708967510250162e-01 1.137317815748762131e-02 6.965096997751189519e+03
3.229933538584801681e+03 9.996777697401265650e-01 1.137965020278775864e-02 6.978642300808100117e+03
3.229942945876239264e+03 1.001214725686232931e+00 1.138594295519345170e-02 6.991010618511772009e+03
3.229952353167676847e+03 1.001027307273129940e+00 1.137984368346436036e-02 6.991344682168442887e+03
3.229961760459114430e+03 1.000119840343677513e+00 1.137278415328912481e-02 6.986652175986927432e+03
3.229971167750552013e+03 9.987484580855895411e-01 1.137924082571153614e-02 6.978719397422570182e+03
3.229980575041990051e+03 9.986023455080547118e-01 1.138693654290171345e-02 6.979350088074669657e+03
3.229989982333427633e+03 1.000917711010073541e+00 1.136129241602836654e-02 6.997192524168709497e+03
3.229999389624865216e+03 1.001799890799568882e+00 1.133416978117088303e-02 7.005025923153685653e+03
3.230008796916302799e+03 1.000809654377243341e+00 1.133452728584698720e-02 6.999771261931896333e+03
3.230018204207740382e+03 1.001451376030080498e+00 1.133645864820703036e-02 7.005935133848584883e+03
3.230027611499178420e+03 1.000742861789511773e+00 1.128768818090366242e-02 7.002658099188105552e+03
3.230037018790616003e+03 9.987855194032951855e-01 1.123823101228017991e-02 6.990643257096068737e+03
3.230046426082053586e+03 9.998845586452846934e-01 1.127498399849886056e-02 7.000024462622741339e+03
3.241433594123447619e+03 9.981361984380886510e-01 7.616425440689723880e-03 7.083101249816221753e+03
3.241441958431858893e+03 9.989158202427635969e-01 7.633908198104161560e-03 7.085057325860666424e+03
3.241450322740269712e+03 1.002280455495319522e+00 7.672491999501395744e-03 7.104631357150106851e+03
3.241458687048680531e+03 1.005173958110262777e+00 7.708962977258743306e-03 7.120097415311217446e+03
3.241467051357091350e+03 1.008186609415732793e+00 7.743618520400502928e-03 7.135637523644883004e+03
3.241475415665502169e+03 1.008980690620991938e+00 7.748382841465116175e-03 7.134814969120931892e+03
3.241483779973912988e+03 1.006589930480142669e+00 7.718143121325079549e-03 7.110961498440640753e+03
3.241492144282323807e+03 1.003652898299271401e+00 7.690915119253918797e-03 7.082883553463973840e+03
3.241500508590735080e+03 1.000066385987126161e+00 7.667647024453367807e-03 7.049985096703281670e+03
3.241508872899145899e+03 9.980819478003867262e-01 7.658601027972233161e-03 7.028254409492276864e+03
3.241517237207556718e+03 9.988848014365111494e-01 7.670384694839097427e-03 7.026107726710732095e+03
3.241525601515967537e+03 1.000250739397618105e+00 7.689025052588661230e-03 7.027968182007288306e+03
3.241533965824378356e+03 1.001992844671103500e+00 7.717677011596832913e-03 7.032627311806519174e+03
3.241542330132789175e+03 1.002439025089876035e+00 7.724001802344142818e-03 7.028470347471624336e+03
3.241550694441199994e+03 1.000917759093401971e+00 7.694077224013985000e-03 7.010938467925610894e+03
3.241559058749611268e+03 1.001069987417179341e+00 7.686180336352006065e-03 7.005665946796679236e+03
3.241567423058022086e+03 1.003975715098153643e+00 7.716681016918897247e-03 7.020289506156065727e+03
3.241575787366432905e+03 1.004476237953450868e+00 7.728174332209056252e-03 7.018837854086036714e+03
3.241584151674843724e+03 1.000394296799489213e+00 7.700848186645424531e-03 6.986213528461778878e+03
3.241592515983254543e+03 9.974160923756842934e-01 inf 6.962129303103776692e+03
3.241600880291665362e+03 9.968726858821228554e-01 inf 6.955818760336245759e+03
3.241609244600076181e+03 9.967028892674368867e-01 inf 6.952847570230352176e+03
3.241617608908487455e+03 9.973179550891172473e-01 inf 6.956045706639876698e+03
3.241625973216898274e+03 9.956658523762589308e-01 inf 6.944089948711051875e+03
3.241634337525309093e+03 9.884539630492110707e-01 inf 6.893979745487846230e+03
3.241642701833719912e+03 9.787580912698679025e-01 inf 6.827117766276045586e+03
3.241651066142130730e+03 9.637852014629860742e-01 inf 6.723960220024016053e+03
3.241659430450541549e+03 9.492753482214036920e-01 inf 6.624483892141309298e+03
3.241667794758952823e+03 9.351864935841246451e-01 inf 6.528341620215684088e+03
3.241676159067363642e+03 9.230733303052288674e-01 inf 6.446340042023728529e+03
3.241684523375774461e+03 9.176836113319337684e-01 inf 6.411617776267888075e+03
3.241692887684185280e+03 9.146944873911669882e-01 inf 6.393981157226329742e+03
3.241701251992596099e+03 9.194369075240486078e-01 inf 6.430704990116254521e+03
3.241709616301006918e+03 9.243760758176119419e-01 inf 6.469119266658061861e+03
3.241717980609417737e+03 9.297315820735270187e-01 inf 6.510735046234084621e+03
3.241726344917829010e+03 9.340800729326420582e-01 inf 6.545554174459365640e+03
3.241734709226239829e+03 9.349449507369620438e-01 inf 6.556164830442199673e+03
3.241743073534650648e+03 9.350354708234414058e-01 inf 6.561494816069135595e+03
3.241751437843061467e+03 9.314721067016775713e-01 7.267727942188170233e-03 6.541277221244355133e+03
3.241759802151472286e+03 9.280294853367285768e-01 7.283007924149298949e-03 6.521948119926147228e+03
3.241768166459883105e+03 9.256409302642445436e-01 7.181369337004484162e-03 6.510039203325488415e+03
3.241776530768293924e+03 9.229006025800514657e-01 7.089657872055918006e-03 6.495638699228188671e+03
3.241784895076705197e+03 9.192095784816421977e-01 7.068794690246400607e-03 6.474489166294561073e+03
3.241793259385116016e+03 9.160389542902358517e-01 7.049414220017657245e-03 6.456912217658743430e+03
3.241801623693526835e+03 9.140734223998937535e-01 7.038015312217611036e-03 6.447713237687374203e+03
3.241809988001937654e+03 9.117983634438683316e-01 7.024446938634030906e-03 6.436186841483107855e+03
3.241818352310348473e+03 9.085037117637843052e-01 6.991927597786819389e-03 6.417280882246682268e+03
3.241826716618759292e+03 9.050664217026429537e-01 6.959664810806436702e-03 6.397148168074822024e+03
3.241835080927170111e+03 9.000475519781732103e-01 6.927140244555237206e-03 6.365579387539103664e+03
3.241843445235581385e+03 8.955457728921727423e-01 6.897214623691040256e-03 6.337376668768825766e+03
3.241851809543992204e+03 8.944728741187626397e-01 6.887985056418991989e-03 6.333134192794132105e+03
3.241860173852403022e+03 8.934646918787224612e-01 6.880518326020067243e-03 6.329028388091648594e+03
3.241868538160813841e+03 8.930674444601022222e-01 6.888145912443605079e-03 6.328899603906672382e+03
3.241876902469224660e+03 8.926509588498541259e-01 6.895438643298617762e-03 6.328254055027837239e+03
3.241885266777635479e+03 8.915904277517602283e-01 6.893572544310049878e-03 6.322629114651655982e+03
3.241893631086046298e+03 8.901790256449977345e-01 6.890250398204096974e-03 6.314069477252452998e+03
3.241901995394457572e+03 8.869789939627092945e-01 6.861044917232656318e-03 6.292343775128148991e+03
3.241910359702868391e+03 8.841916304090076117e-01 6.833291354540296444e-03 6.273036810443082686e+03
3.241918724011279210e+03 8.816592518623334040e-01 6.819820951399511132e-03 6.255003421724837608e+03
3.241927088319690029e+03 8.795669208330093580e-01 6.807769427186438974e-03 6.239529167869663070e+03
3.241935452628100848e+03 8.811090524098732502e-01 6.816874597624037607e-03 6.249241695196558794e+03
3.241943816936511666e+03 8.824339821650480920e-01 6.827642640195883371e-03 6.256780943123817451e+03
3.241952181244922485e+03 8.962855064735203436e-01 6.936466041315928616e-03 6.352435344499119310e+03
3.241960545553333759e+03 9.109794500134802409e-01 7.046808351844781500e-03 6.453263959655893814e+03
3.241968909861744578e+03 9.198177592565353056e-01 7.120162445173841559e-03 6.511771212926686530e+03
3.241977274170155397e+03 9.278296058829194060e-01 7.193657289901548083e-03 6.563557182124453902e+03
3.241985638478566216e+03 9.319312434049229488e-01 7.222744413161154287e-03 6.586785083893071715e+03
3.241994002786977035e+03 9.367895277211861771e-01 7.252668662092128828e-03 6.614434581471409729e+03
3.242002367095387854e+03 9.445597351784105200e-01 7.323495410725334998e-03 6.661642257460986912e+03
3.242010731403799127e+03 9.525300059329310232e-01 7.396676491028157836e-03 6.709179195022400563e+03
3.242019095712209946e+03 9.631556237043339408e-01 7.450231723826294776e-03 6.774250227929725952e+03
3.242027460020620765e+03 9.741862780805985444e-01 7.504897283655364779e-03 6.840904104121127602e+03
3.242035824329031584e+03 9.810137366770365075e-01 7.559918152632278884e-03 6.876753042252996238e+03
3.242044188637442403e+03 9.873446908516069209e-01 7.616131148024631557e-03 6.907827595682619176e+03
3.242052552945853222e+03 9.933474069737149303e-01 7.667371728225189434e-03 6.935264958454072257e+03
3.242060917254264041e+03 1.000052534294872064e+00 7.720102092449838103e-03 6.966201505432599333e+03
3.242069281562675314e+03 1.001211158976351490e+00 7.700262737731560989e-03 6.957339385861749179e+03
3.242077645871086133e+03 1.001546430169258040e+00 7.675568119537544594e-03 6.942670864589043958e+03
3.242086010179496952e+03 1.000994029244674399e+00 7.658759825374508549e-03 6.922952164536757664e+03
3.242094374487907771e+03 9.998930169642602506e-01 7.640046018008482022e-03 6.901721542286944896e+03
3.242102738796318590e+03 9.999088878867297137e-01 7.651700276368892176e-03 6.891628907344615982e+03
3.242111103104729409e+03 9.996403760326866283e-01 7.661894688506422704e-03 6.884149370093059588e+03
3.242119467413140228e+03 1.000672082599263879e+00 7.681401251316774710e-03 6.890992571744257475e+03
3.242127831721551502e+03 1.001537037843146294e+00 7.696469587566691535e-03 6.901627104061110913e+03
3.242136196029962321e+03 1.001595933338007338e+00 7.677297292943668049e-03 6.910950398098684673e+03
3.242144560338373140e+03 1.000281241910851326e+00 7.651013963693435727e-03 6.914317840246905689e+03
3.242152924646783958e+03 1.001052352496952791e+00 7.674858062719773499e-03 6.934931069302762808e+03
3.242161288955194777e+03 1.002240568870981452e+00 7.702303491932720875e-03 6.960599991897817745e+03
3.242169653263605596e+03 1.001730250814336420e+00 7.694078867305898135e-03 6.975917965419189386e+03
3.242178017572016415e+03 1.000874317461375451e+00 7.680794699719451120e-03 6.989534923459208585e+03
3.242186381880427689e+03 9.990826544384853181e-01 7.668287000152940354e-03 6.996596076835229724e+03
3.242194746188838508e+03 9.974544764422940135e-01 7.656848690100136710e-03 7.004067161512244638e+03
3.242203110497249327e+03 9.986111130036439132e-01 7.673803403161569107e-03 7.029716090683902621e+03
3.242211474805660146e+03 1.000531335794880405e+00 7.696350749064695060e-03 7.058726681107410514e+03
3.242219839114070965e+03 9.982896333828447100e-01 7.663845635475381377e-03 7.055911990863540268e+03
3.242228203422481783e+03 9.953496151034224582e-01 7.625482095088481627e-03 7.045764774847696572e+03
3.242236567730892602e+03 9.940605134216421446e-01 7.622749618789570643e-03 7.045104464039099184e+03
3.242244932039303876e+03 9.935213733966535843e-01 7.626495803481993241e-03 7.047762652900511057e+03
3.242253296347714695e+03 9.951640695910614065e-01 7.632663625020916567e-03 7.064093328892556201e+03
3.242261660656125514e+03 9.970031810153630047e-01 7.640375989106094369e-03 7.080191823283268604e+03
3.242270024964536333e+03 9.970855592287610758e-01 7.644035372516944787e-03 7.082350489557114088e+03
3.242278389272947152e+03 9.969472635813698691e-01 7.648116410404113413e-03 7.081644112416973257e+03
3.242286753581357971e+03 9.970072336594432150e-01 7.647672416214080886e-03 7.081221093607178773e+03
3.242295117889768790e+03 9.974637395033315590e-01 7.647679132349466564e-03 7.082661227248140676e+03
3.242303482198180063e+03 9.981401557548047476e-01 7.648396807601310493e-03 7.084880190046375901e+03
3.242311846506590882e+03 9.990598008715777523e-01 7.649855096466679806e-03 7.088213088771292860e+03
3.383065072358470388e+03 9.990176356176708738e-01 5.182950673988987421e-03 5.556089165829822377e+03
3.383073707337593078e+03 9.975660380910248426e-01 5.174490355317061703e-03 5.547978712892284420e+03
3.383082342316716222e+03 9.979263015984927154e-01 5.187593910049373425e-03 5.550009862515342320e+03
3.383090977295838911e+03 9.992905853712494846e-01 5.213575500180024809e-03 5.557702845147939115e+03
3.383099612274961601e+03 9.991723082673965584e-01 5.219084017652721869e-03 5.557241276009395733e+03
3.383108247254084745e+03 9.978345292496917374e-01 5.210137958673879965e-03 5.550100325174633326e+03
3.383116882233207434e+03 9.976041127230080852e-01 5.210639547423010116e-03 5.549233119715648172e+03
3.383125517212330124e+03 9.984846865447380981e-01 5.218137214455476243e-03 5.554617987554173851e+03
3.383134152191453268e+03 9.988092529670183906e-01 5.220993056819712291e-03 5.556871598048151100e+03
3.383142787170575957e+03 9.985413722439517858e-01 5.220028535855093625e-03 5.555675640103471778e+03
3.383151422149698647e+03 9.984192769741698781e-01 5.223047007831345574e-03 5.555022425669481891e+03
3.383160057128821336e+03 9.984202788407112727e-01 5.229630273206334161e-03 5.554671072589453615e+03
3.383168692107944480e+03 9.985552799136226954e-01 5.231138548351549691e-03 5.554567313464429390e+03
3.383177327087067169e+03 9.988546041744871262e-01 5.227634906240850692e-03 5.554764427664415052e+03
3.383185962066189859e+03 9.993385999240954609e-01 5.229294978615036012e-03 5.555259387626634634e+03
3.383194597045313003e+03 1.000126409109259873e+00 5.236514370425790141e-03 5.556596911691884088e+03
3.383203232024435692e+03 1.000997646613536185e+00 5.247301611594710861e-03 5.557433593972787094e+03
3.383211867003558382e+03 1.001857902955613833e+00 5.262112952807778202e-03 5.557127086095540108e+03
3.383220501982681526e+03 1.002384998706795205e+00 5.264861517325422104e-03 5.553774474084671965e+03
3.383229136961804215e+03 1.002434508696883553e+00 5.252774286953403732e-03 5.546474276270700102e+03
3.383237771940926905e+03 1.002061921929687793e+00 5.245177365178611481e-03 5.535620846570820504e+03
3.383246406920050049e+03 1.001240591317477779e+00 5.243411811389296802e-03 5.521334581277517827e+03
3.383255041899172738e+03 1.001075734679406359e+00 5.249558502151746922e-03 5.509975945927467365e+03
3.383263676878295428e+03 1.001420518137769333e+00 5.266420127292326808e-03 5.500980367929556451e+03
3.383272311857418572e+03 1.000335664811196068e+00 5.268952699111814804e-03 5.483961817260845237e+03
3.383280946836541261e+03 9.968125382231276532e-01 5.246927067976034711e-03 5.453711128582779565e+03
3.383289581815663951e+03 9.957208147088902894e-01 5.240056203606178672e-03 5.437158066971604967e+03
3.383298216794787095e+03 9.992714335665243697e-01 5.259893396573091934e-03 5.446494295879442689e+03
3.383306851773909784e+03 1.002828865138928105e+00 5.277475959959230384e-03 5.456442179745093199e+03
3.383315486753032474e+03 1.006055021651077741e+00 5.291177810219528828e-03 5.465219626803538631e+03
3.383324121732155618e+03 1.008010892163340833e+00 5.300456706610895928e-03 5.467796434739447250e+03
3.383332756711278307e+03 1.007566855080747503e+00 5.301151681635645971e-03 5.458135981748157064e+03
3.383341391690400997e+03 1.006356224830404322e+00 5.299832221971288553e-03 5.445174296896735541e+03
3.383350026669524141e+03 1.004245918440084706e+00 5.295435462759160231e-03 5.428251363357083392e+03
3.383358661648646830e+03 1.003228768169512897e+00 5.291674542826819636e-03 5.418186762956786879e+03
3.383367296627769520e+03 1.003662542826072368e+00 inf 5.416941262834253394e+03
3.383375931606892664e+03 1.001171810903003223e+00 inf 5.400918600724880889e+03
3.383384566586015353e+03 9.928833638894137836e-01 inf 5.354599343060857791e+03
3.383393201565138042e+03 9.829536700643856095e-01 inf 5.300353168821926374e+03
3.383401836544261187e+03 9.683634304040504848e-01 inf 5.221828029732550931e+03
3.383410471523383876e+03 9.514810655204213319e-01 inf 5.131711879186447732e+03
3.383419106502506565e+03 9.273133613907167394e-01 inf 5.002972670480342458e+03
3.383427741481629710e+03 9.039077667540287297e-01 inf 4.878910374595918256e+03
3.383436376460752399e+03 8.840952264436680030e-01 inf 4.774726641411688433e+03
3.383445011439875088e+03 8.685686814791389043e-01 inf 4.694118262563729331e+03
3.383453646418998233e+03 8.680131242680998449e-01 inf 4.694855203846558652e+03
3.383462281398120922e+03 8.701097048523719346e-01 inf 4.710398305630619689e+03
3.383470916377243611e+03 8.835153485853211031e-01 inf 4.787657680819521374e+03
3.383479551356366755e+03 8.952445630434729962e-01 inf 4.856347222222366327e+03
3.383488186335489445e+03 8.992994402115292996e-01 inf 4.883836313484836865e+03
3.383496821314612134e+03 9.018087745031388991e-01 inf 4.903268687029646571e+03
3.383505456293735278e+03 8.969135857201809836e-01 inf 4.882677723936864822e+03
3.383514091272857968e+03 8.923535566254325868e-01 inf 4.864054809975742501e+03
3.383522726251980657e+03 8.910750353204023311e-01 inf 4.863441741690402523e+03
3.383531361231103801e+03 8.895552593307660683e-01 4.698446198740257977e-03 4.861612101318522946e+03
3.383539996210226491e+03 8.846718216035189819e-01 4.672433422144378623e-03 4.841429400560515205e+03
3.383548631189349180e+03 8.796084123375509378e-01 4.646940697857415530e-03 4.820222196102111411e+03
3.383557266168472324e+03 8.741828004988415612e-01 4.625612362350671469e-03 4.796943585156663175e+03
3.383565901147595014e+03 8.688556126495794452e-01 4.603999060808511117e-03 4.774074626696124142e+03
3.383574536126717703e+03 8.637839379666705231e-01 4.578863981722600639e-03 4.752440862214381923e+03
3.383583171105840847e+03 8.585728048627602194e-01 4.553111767558022660e-03 4.729831956109180283e+03
3.383591806084963537e+03 8.526750618761090861e-01 4.520744249336247113e-03 4.703188065403342989e+03
3.383600441064086226e+03 8.470242291477090291e-01 4.488625838981765565e-03 4.677612959793724258e+03
3.383609076043209370e+03 8.412563666548740215e-01 4.454209531573663332e-03 4.651062913421592384e+03
3.383617711022332060e+03 8.355109352120253519e-01 4.422210429218988680e-03 4.624272313381487947e+03
3.383626346001454749e+03 8.355969890269007161e-01 4.431663510855042912e-03 4.629390812991099665e+03
3.383634980980577893e+03 8.361424972683464407e-01 4.441101444992704393e-03 4.636685048778869714e+03
3.383643615959700583e+03 8.368741217401460819e-01 4.438119275743081932e-03 4.644603757339931690e+03
3.383652250938823272e+03 8.373611871328243694e-01 4.434261551177336516e-03 4.650715857235471049e+03
3.383660885917946416e+03 8.319474316884778453e-01 4.400113457039388741e-03 4.623542344656466412e+03
3.383669520897069106e+03 8.265562251096211233e-01 4.366253929956076182e-03 4.595927380172190169e+03
3.383678155876191795e+03 8.193229366624467103e-01 4.325331567651803134e-03 4.557469743643161564e+03
3.383686790855314939e+03 8.121806656639887212e-01 4.285536981009446800e-03 4.518888798961967041e+03
3.383695425834437629e+03 8.095306380404830859e-01 4.270609622161985856e-03 4.504652440019879577e+03
3.383704060813560318e+03 8.071907307521267727e-01 4.257253745813057919e-03 4.491465396529712962e+03
3.383712695792683462e+03 8.159222069582779957e-01 4.302295203777809114e-03 4.539161683358334813e+03
3.383721330771806151e+03 8.251755804821907514e-01 4.348351435827894906e-03 4.588973629678119323e+03
3.383729965750928841e+03 8.433094675239219962e-01 4.435210030702066951e-03 4.687290712875818826e+03
3.383738600730051985e+03 8.619575706449511543e-01 4.523896736432399777e-03 4.787469635042338268e+03
3.383747235709174674e+03 8.755361587551824254e-01 4.598178439822285003e-03 4.858419421318417335e+03
3.383755870688297364e+03 8.890862469239797505e-01 4.673073486054327673e-03 4.928072601383569236e+03
3.383764505667420053e+03 8.961872212128120241e-01 4.696719067308676235e-03 4.960799264908117038e+03
3.383773140646543197e+03 9.030949362926419255e-01 4.719383373125320309e-03 4.991249183432624704e+03
3.383781775625665887e+03 9.148326956100473195e-01 4.786537981940166761e-03 5.047071186249995662e+03
3.383790410604788576e+03 9.270189703173777884e-01 4.857087542127034620e-03 5.103908585509637305e+03
3.383799045583911720e+03 9.443039759798526056e-01 4.946456516225316950e-03 5.187196858410235109e+03
3.383807680563034410e+03 9.623423158167082603e-01 5.038524581698964992e-03 5.272816794018638575e+03
3.383816315542157099e+03 9.745927756873616898e-01 5.102427584170986415e-03 5.324873454811461670e+03
3.383824950521280243e+03 9.866477494785329538e-01 5.166228602975627034e-03 5.373994116462238708e+03
3.383833585500402933e+03 9.953392383712101887e-01 5.213593114823474386e-03 5.402889158080499328e+03
3.383842220479525622e+03 1.003788687501171895e+00 5.261384380262725848e-03 5.428543917773622525e+03
3.383850855458648766e+03 1.005084316178897819e+00 5.261224903376459684e-03 5.414071300467860056e+03
3.383859490437771456e+03 1.006317114492208731e+00 5.257608110926576504e-03 5.398974136958507188e+03
3.383868125416894145e+03 1.006521907547832662e+00 5.265598296861732919e-03 5.379167365664373392e+03
3.383876760396017289e+03 1.005948434176155759e+00 5.272685935987448183e-03 5.357113536966887295e+03
3.383885395375139979e+03 1.003113493345616059e+00 5.253067756342737725e-03 5.326045236272084367e+03
3.383894030354262668e+03 9.988617831645532075e-01 5.226860060270297273e-03 5.291580086723514796e+03
3.383902665333385812e+03 1.000429787182045338e+00 5.239143566989376381e-03 5.293030295611431939e+03
3.383911300312508502e+03 1.002493121696677703e+00 5.251096790040039701e-03 5.302424272548676527e+03
3.383919935291631191e+03 1.004521539312783318e+00 5.255263431868008837e-03 5.316462969806887486e+03
3.383928570270754335e+03 1.005623614986071557e+00 5.254779988579576060e-03 5.329886570834466511e+03
3.383937205249877024e+03 1.007891729995578523e+00 5.267743382605896696e-03 5.353237733368642694e+03
3.383945840228999714e+03 1.009808071686112418e+00 5.279710565993597435e-03 5.377930663255142463e+03
3.383954475208122858e+03 1.009675510848517144e+00 5.280337482420493708e-03 5.394334184467274099e+03
3.383963110187245547e+03 1.009181825718184378e+00 5.277858876223763540e-03 5.410827615184010938e+03
3.383971745166368237e+03 1.011634530912535412e+00 5.291556483528985291e-03 5.444623347623004520e+03
3.383980380145491381e+03 1.013993486232801944e+00 5.306657472841488400e-03 5.478915607656189422e+03
3.383989015124614070e+03 1.011114463316879375e+00 5.287681663623968950e-03 5.485228012260279684e+03
3.383997650103736760e+03 1.007623521093779839e+00 5.263954018710562989e-03 5.487850724109566727e+03
3.384006285082859904e+03 1.004754776054253673e+00 5.242023701367106922e-03 5.492931252268305798e+03
3.384014920061982593e+03 1.002229356530341065e+00 5.221623066896810897e-03 5.498423030945563369e+03
3.384023555041105283e+03 1.000577380224955126e+00 5.214946024996487337e-03 5.506718459636577791e+03
3.384032190020228427e+03 9.995112648018844581e-01 5.212628332570959887e-03 5.516001291505660447e+03
3.384040824999351116e+03 9.968904055877777504e-01 5.196769792892055352e-03 5.514574187698333844e+03
3.384049459978473806e+03 9.942353339641275545e-01 5.179820289087450937e-03 5.510961246424686578e+03
3.384058094957596950e+03 9.956981577257240090e-01 5.192988384995462538e-03 5.528370727254558915e+03
3.384066729936719639e+03 9.978450656127387797e-01 5.212025583953631448e-03 5.547960128309910942e+03
3.384075364915842329e+03 9.971388209339031583e-01 5.207341525396385132e-03 5.550187588567579041e+03
3.384083999894965473e+03 9.961371365296837199e-01 5.199731812289983511e-03 5.549392967368066820e+03
3.384092634874088162e+03 9.966515748381240547e-01 5.205709026021545366e-03 5.555815518405561306e+03
3.384101269853210852e+03 9.977211907148627601e-01 5.214981896508226640e-03 5.564251826822837756e+03
3.384109904832333996e+03 9.963814464234030943e-01 5.215150301061967884e-03 5.558306376238863777e+03
3.384118539811456685e+03 9.949752028434719620e-01 5.214360160946456164e-03 5.551183785472595446e+03
3.384127174790579375e+03 9.959197171640914448e-01 5.219595236685962980e-03 5.556514536929204951e+03
3.384135809769702519e+03 9.968013642960387166e-01 5.226045700067754977e-03 5.560973487284096336e+03
3.384144444748825208e+03 9.977382900865308102e-01 5.237208601998485924e-03 5.565359611534292526e+03
3.384153079727947897e+03 9.993246504462233171e-01 5.249863409233643946e-03 5.573126655705269513e+03
3.384161714707071042e+03 9.989352196155727448e-01 5.243815943838593847e-03 5.569775680322642984e+03
3.384170349686193731e+03 9.977406981815811760e-01 5.233369072128724736e-03 5.561979285597683884e+03
3.384178984665316420e+03 9.982978617768361040e-01 5.248725506062637200e-03 5.564067427186217174e+03
3.384187619644439565e+03 9.993938544034876026e-01 5.269041689835277792e-03 5.569276078056868755e+03
3.384196254623562254e+03 9.990907615368940231e-01 5.267463717580621665e-03 5.566801510692103875e+03
3.384204889602684943e+03 9.980808276156692971e-01 5.261142541008231172e-03 5.560498704686154269e+03
3.384213524581808088e+03 9.980977813750004923e-01 5.266196997508283337e-03 5.560021867734845728e+03
3.384222159560930777e+03 9.988145777338354181e-01 5.273898416010322499e-03 5.563542702114723397e+03
3.384230794540053466e+03 9.968227771552912175e-01 5.264933381021036189e-03 5.552071356729607032e+03
3.384239429519176610e+03 9.940146799710665171e-01 5.252061750549979514e-03 5.536144647574916235e+03
