3.065531367563855383e+03 9.967317732193639035e-01 8.831935559125033558e-03 9.098084472656250000e+03
3.065539730669844630e+03 9.999127447541235059e-01 8.850404197295897585e-03 9.127425783395579856e+03
3.065548093775834332e+03 1.003093503241369477e+00 8.868871598518427921e-03 9.156767094136504966e+03
3.065556456881823578e+03 1.001762419794107073e+00 8.845328636975456280e-03 9.144922495048000201e+03
3.065564819987813280e+03 1.000226679235660221e+00 8.819880798519459317e-03 9.131208738861927486e+03
3.065573183093802527e+03 1.002328631675464043e+00 8.821125227672260358e-03 9.150704162066520439e+03
3.065581546199791774e+03 1.004652909647600234e+00 8.824001904360728385e-03 9.172230647075941306e+03
3.065589909305781475e+03 1.002752343529775381e+00 8.785405861182669918e-03 9.155185488147631986e+03
3.065598272411770722e+03 1.000377038862184875e+00 8.742150784061805679e-03 9.133804632356725051e+03
3.065606635517760424e+03 9.980070469583617321e-01 8.732894454384493299e-03 9.112470833411318381e+03
3.065614998623749671e+03 9.956378851866796165e-01 8.728067835686822637e-03 9.091143165392948504e+03
3.065623361729738917e+03 9.961254936025650819e-01 8.717142689081889412e-03 9.095900015129949679e+03
3.065631724835728619e+03 9.970379853266959636e-01 8.705311080558227055e-03 9.104537020991372628e+03
3.065640087941717866e+03 1.000679178695808469e+00 8.718770397157149868e-03 9.138092789653603177e+03
3.065648451047707113e+03 1.004890556429050674e+00 8.737515532274690855e-03 9.176857820041970626e+03
3.065656814153696814e+03 1.003688972322805961e+00 8.750549043955628895e-03 9.166191540432384500e+03
3.065665177259686061e+03 1.001241497493335686e+00 8.762267185561785354e-03 9.144146045811756267e+03
3.065673540365675763e+03 1.001871625776675767e+00 8.754944195915308897e-03 9.150207153007251691e+03
3.065681903471665009e+03 1.003277535175833624e+00 8.742821619742836489e-03 9.163354179499319798e+03
3.065690266577654256e+03 1.005067579584442372e+00 8.739693162243860475e-03 9.180010649000809281e+03
3.065698629683643958e+03 1.006982022229978790e+00 8.739479396843635728e-03 9.197804470202270750e+03
3.065706992789633205e+03 1.003963243774885772e+00 8.740820124563824373e-03 9.170537761983383461e+03
3.065715355895622906e+03 9.992206339908704660e-01 8.742704026861013861e-03 9.127522626306557868e+03
3.065723719001612153e+03 9.954022329916626388e-01 8.722142122399540592e-03 9.092947189823871668e+03
3.065732082107601400e+03 9.919313677346507374e-01 8.693144519619590282e-03 9.061544245828525163e+03
3.065740445213591101e+03 9.955299039287801577e-01 8.699729998480901921e-03 9.094722113407640791e+03
3.065748808319580348e+03 1.002403290759875887e+00 8.722799504353501501e-03 9.157820773209428808e+03
3.065757171425570050e+03 1.004924101691009541e+00 8.741765560491457365e-03 9.181157760535019406e+03
3.065765534531559297e+03 1.005293098654618245e+00 8.758702403665536915e-03 9.184836292336185579e+03
3.065773897637548544e+03 1.001630793230870120e+00 8.736810530279899220e-03 9.151681919785558421e+03
3.065782260743538245e+03 9.958448964715135299e-01 8.694464216579059213e-03 9.099121868478672695e+03
3.065790623849527492e+03 9.949016854401948606e-01 8.681311059208000197e-03 9.090807802928691672e+03
3.065798986955516739e+03 9.970345092345500593e-01 8.686701340972314417e-03 9.110601040450692381e+03
3.065807350061506440e+03 1.000787604892492189e+00 8.712477574848331852e-03 9.145201633533208224e+03
3.065815713167495687e+03 1.005632872851698556e+00 8.751995780140622502e-03 9.189785130489088260e+03
3.065824076273485389e+03 1.003175439027137017e+00 8.726019260913542297e-03 9.167635003259834775e+03
3.065832439379474636e+03 9.954970036427251978e-01 8.653217947126494794e-03 9.097769049755659580e+03
3.065840802485463882e+03 9.928815763540460582e-01 8.633637645127758067e-03 9.074170383420590952e+03
3.065849165591453584e+03 9.941030335752507607e-01 8.654389537561132939e-03 9.085637450519992854e+03
3.065857528697442831e+03 9.962689018836918819e-01 8.670595108535511866e-03 9.105737029375201018e+03
3.065865891803432532e+03 9.991929983486366185e-01 8.683150277193799754e-03 9.132768247226362291e+03
3.065874254909421779e+03 1.001003925859034638e+00 8.691361880947193544e-03 9.149626387608546793e+03
3.065882618015411026e+03 1.001750680555680839e+00 8.695421098476117938e-03 9.156758291408095829e+03
3.065890981121400728e+03 9.994004685459366710e-01 8.673120032478543601e-03 9.135581088816412375e+03
3.065899344227389975e+03 9.939162895227631189e-01 8.624143747597463883e-03 9.085753706264458742e+03
3.065907707333379676e+03 9.938687058386173057e-01 8.602561200396078092e-03 9.085622546653379686e+03
3.065916070439368923e+03 9.996448591747577606e-01 8.610323005844678496e-03 9.138731836733757518e+03
3.065924433545358170e+03 1.004956669827614890e+00 8.637541809339503718e-03 9.187599505505535490e+03
3.065932796651347871e+03 1.009741930325943393e+00 8.686826484712932908e-03 9.231656389728257636e+03
3.065941159757337118e+03 1.010224298323138870e+00 8.693172814532393669e-03 9.236375302647147691e+03
3.065949522863326365e+03 1.005539466865706277e+00 8.647955944242028889e-03 9.193849765683848091e+03
3.065957885969316067e+03 1.003682254792052309e+00 8.624405818646230584e-03 9.177175722092888464e+03
3.065966249075305313e+03 1.005421687785426066e+00 8.628414957723071904e-03 9.193387591843025803e+03
3.065974612181295015e+03 1.005141044091010905e+00 8.608393413923167217e-03 9.191128704676062625e+03
3.065982975287284262e+03 1.001788657565226393e+00 8.551830063726702583e-03 9.160780326801103001e+03
3.065991338393273509e+03 9.992576116320061042e-01 8.516038387678325286e-03 9.137940837087890031e+03
3.065999701499263210e+03 9.980523678600278226e-01 8.513777360010710629e-03 9.127224307714815950e+03
3.066008064605252457e+03 9.962396736565573008e-01 8.504450988063521830e-03 9.110951700030409484e+03
3.066016427711242159e+03 9.933849481332327480e-01 8.483005160675056652e-03 9.085147933613803616e+03
3.066024790817231406e+03 9.926728076827631142e-01 8.482324590704843834e-03 9.078938403273485164e+03
3.066033153923220652e+03 9.958694345691584404e-01 8.519526901392291893e-03 9.108479033044977768e+03
3.066041517029210354e+03 9.971597727655764354e-01 8.535666553878194091e-03 9.120585625797697503e+03
3.066049880135199601e+03 9.947471569193589991e-01 8.510892241129596261e-03 9.098822569536770970e+03
3.066058243241189302e+03 9.938221521732087949e-01 8.497689485185859481e-03 9.090665477791186277e+03
3.066066606347178549e+03 9.959780081512532579e-01 8.508451134321850726e-03 9.110689935537280689e+03
3.066074969453167796e+03 9.974260098489734494e-01 8.524286162143386233e-03 9.124240411362234227e+03
3.066083332559157498e+03 9.973088387591201309e-01 8.551341319436875019e-03 9.123473427167569753e+03
3.066091695665146744e+03 9.989248783932771492e-01 8.580743852897462776e-03 9.138562473053634676e+03
3.066100058771136446e+03 1.004640112642049443e+00 8.615700618734026262e-03 9.191154824350040144e+03
3.066108421877125693e+03 1.006536814871547891e+00 8.636020184583063572e-03 9.208814884148174315e+03
3.066116784983114940e+03 9.987570263957261663e-01 8.619249156501435777e-03 9.137942840102052287e+03
3.066125148089104641e+03 9.932908697564224454e-01 8.604311021402157728e-03 9.088234893764822118e+03
3.066133511195093888e+03 9.941198831058447594e-01 8.594358791885673213e-03 9.096123948725415175e+03
3.066141874301083135e+03 9.953014692573964872e-01 8.588271443405674777e-03 9.107239633571383820e+03
3.066150237407072837e+03 9.975159351331045476e-01 8.593504003473778630e-03 9.127807445966818705e+03
3.066158600513062083e+03 9.973741673231458771e-01 8.581390336380145464e-03 9.126815086154176242e+03
3.066166963619051785e+03 9.897827294438993340e-01 8.514431753999567032e-03 9.057649596141440270e+03
3.066175326725041032e+03 9.849478525739319146e-01 8.468366267666383590e-03 9.013706009001067287e+03
3.066183689831030279e+03 9.895492738065269078e-01 8.493820793847833839e-03 9.056118208510311888e+03
3.066192052937019980e+03 9.924589704221675746e-01 8.500045502204411213e-03 9.083050445171285901e+03
3.066200416043009227e+03 9.890751763728020673e-01 8.434727281208875133e-03 9.052384092141155634e+03
3.066208779148998929e+03 9.862622655428752161e-01 8.380107441372559515e-03 9.026940780486533185e+03
3.066217142254988175e+03 9.857666792420389790e-01 8.368913993865849388e-03 9.022706182303445530e+03
3.066225505360977422e+03 9.855399876735603248e-01 8.361515183387952313e-03 9.020932552381231289e+03
3.066233868466967124e+03 9.865105285618779307e-01 8.371010724525312918e-03 9.030117764799299039e+03
3.066242231572956371e+03 9.856522960739986239e-01 8.367340618252734619e-03 9.022563160859475829e+03
3.066250594678946072e+03 9.758127106846772314e-01 8.299012895739660972e-03 8.932790874791216993e+03
3.066258957784935319e+03 9.678388075495300003e-01 8.248088093310483246e-03 8.860091983501386494e+03
3.066267320890924566e+03 9.700371424504595774e-01 8.292056010151089077e-03 8.880513201879699409e+03
3.066275683996914267e+03 9.716389306499744194e-01 8.324879099552852380e-03 8.895474305633906624e+03
3.066284047102903514e+03 9.695988873197805002e-01 8.289665613899920363e-03 8.877093858377023935e+03
3.066292410208892761e+03 9.685578782461355951e-01 8.262183371987188649e-03 8.867859056553086702e+03
3.066300773314882463e+03 9.744144243704632169e-01 8.288071699980192886e-03 8.921777912866258703e+03
3.066309136420871710e+03 9.795950878899774006e-01 8.311672163522864504e-03 8.969511734706280549e+03
3.066317499526861411e+03 9.794346972774033988e-01 8.317195940762609624e-03 8.968342550651246711e+03
3.066325862632850658e+03 9.795220952130206937e-01 8.322646995149484903e-03 8.969442257755454193e+03
3.066334225738839905e+03 9.818885890633385349e-01 8.327432161084584103e-03 8.991412299573790733e+03
3.066342588844829606e+03 9.834278202717977591e-01 8.328261683532395612e-03 9.005808073556696399e+03
3.066350951950818853e+03 9.784763110371712536e-01 8.298052061191482642e-03 8.960763401266784058e+03
3.066359315056808555e+03 9.747101262475790229e-01 8.276578019810484563e-03 8.926571116708053523e+03
3.066367678162797802e+03 9.817524127221433083e-01 8.334763444693693568e-03 8.991365762687328242e+03
3.066376041268787048e+03 9.884837862375208672e-01 8.389833073103694291e-03 9.053317127205235010e+03
3.066384404374776750e+03 9.918548967823626050e-01 8.411219894773379682e-03 9.084495631291054451e+03
3.066392767480765997e+03 9.948551836294314832e-01 8.428366078972888628e-03 9.112279672703283723e+03
3.066401130586755698e+03 9.929588000574741669e-01 8.389501299739041476e-03 9.095213473260066166e+03
3.066409493692744945e+03 9.915830575599070551e-01 8.355511716288344104e-03 9.082915194183749918e+03
3.066417856798734192e+03 9.989586986142307001e-01 8.403446344636189558e-03 9.150781549553779769e+03
3.066426219904723894e+03 1.005713736256284463e+00 8.447367288073546684e-03 9.212967298620380461e+03
3.066434583010713141e+03 9.982948267902227446e-01 8.399620114409481891e-03 9.145310617785255090e+03
3.066442946116702387e+03 9.915406109306831306e-01 8.357195863829644522e-03 9.083738816961576958e+03
3.066451309222692089e+03 9.957981902664335694e-01 8.402967134799505661e-03 9.123047921675333782e+03
3.066459672328681336e+03 1.000128831269981866e+00 8.447448169405263885e-03 9.163029009371697612e+03
3.066468035434671037e+03 1.006104904858526883e+00 8.463044643066580316e-03 9.218088452126838092e+03
3.066476398540660284e+03 1.011744385776623067e+00 8.477144967275480891e-03 9.270067531687540395e+03
3.066484761646649531e+03 1.005900197637278115e+00 8.440176287600001728e-03 9.216827889520276585e+03
3.066493124752639233e+03 1.000131936250037379e+00 8.403708282551288974e-03 9.164280396534188185e+03
3.066501487858628479e+03 9.995997786524893902e-01 8.401775236791740945e-03 9.159709770715950071e+03
3.066509850964618181e+03 9.990676565597887970e-01 8.399842320002438856e-03 9.155139144897460938e+03
3.066518214070607428e+03 1.001884668796686917e+00 8.439714421684734943e-03 9.181259622357598346e+03
3.066526577176596675e+03 1.004575344087325517e+00 8.478182786758690220e-03 9.206224033160591716e+03
3.066534940282586376e+03 9.989655117857140221e-01 8.424460822105919733e-03 9.155119257728370940e+03
3.066543303388575623e+03 9.933631417359720661e-01 8.370800677763232112e-03 9.104079443339156569e+03
3.066551666494565325e+03 9.972233376852238651e-01 8.394887282620732555e-03 9.139762620708535906e+03
3.066560029600554572e+03 1.001083276138452272e+00 8.418972280770944949e-03 9.175445798075976199e+03
3.066568392706543818e+03 9.976424864419971561e-01 8.400571424097533907e-03 9.144214155517563995e+03
3.066576755812533520e+03 9.941148809768964867e-01 8.381669572381305125e-03 9.112184644814704370e+03
3.066585118918522767e+03 9.990276745069719411e-01 8.414771915362523336e-03 9.157521338505519452e+03
3.066593482024512014e+03 1.003940140371032852e+00 8.447872050534124128e-03 9.202858032196332715e+03
3.066601845130501715e+03 1.003905428388303767e+00 8.436706184644345366e-03 9.202846724970555442e+03
3.066610208236490962e+03 1.003806963110563499e+00 8.424970586250394092e-03 9.202250947677986915e+03
3.066618571342480664e+03 9.996748588653595613e-01 8.416851079375241990e-03 9.164676092175368467e+03
3.066626934448469910e+03 9.954313329515758202e-01 8.408832226878409921e-03 9.126077200661733514e+03
3.066635297554459157e+03 9.948616823676627030e-01 8.386166480342384377e-03 9.121158789293929658e+03
3.066643660660448859e+03 9.944497909584970596e-01 8.362873375811218785e-03 9.117686456309193090e+03
3.066652023766438106e+03 9.979649623380640877e-01 8.395094814284423390e-03 9.150220637598167741e+03
3.066660386872427807e+03 1.001585542416109975e+00 8.428807486187321271e-03 9.183723479918717203e+03
3.066668749978417054e+03 1.005249031903793222e+00 8.461683724958941194e-03 9.217621993270242456e+03
3.066677113084406301e+03 1.008914094655630311e+00 8.494522635613866238e-03 9.251537172952317633e+03
3.066685476190396002e+03 1.004489040284672674e+00 8.482115782575018817e-03 9.211267390715587680e+03
3.066693839296385249e+03 9.998530316953458952e-01 8.468528320256820535e-03 9.169060366769850589e+03
3.066702202402374951e+03 9.963902986045445331e-01 8.420465922535797995e-03 9.137610282248217118e+03
3.066710565508364198e+03 9.929762493188667438e-01 8.370982598999331808e-03 9.106604560775687787e+03
3.066718928614353445e+03 9.949902153868036558e-01 8.382879038560837881e-03 9.125378846042836813e+03
3.066727291720343146e+03 9.973132146810034238e-01 8.398270696286817480e-03 9.146988701315716753e+03
3.066735654826332393e+03 9.964050320564871166e-01 8.421265496316075738e-03 9.138963781146401743e+03
3.066744017932322095e+03 9.953660627656388815e-01 8.444566710302112839e-03 9.129738698731625846e+03
3.066752381038311341e+03 9.996102752416803350e-01 8.443374564829464468e-03 9.168973219390627492e+03
3.066760744144300588e+03 1.004150717470957854e+00 8.440807905695018806e-03 9.210927607098463341e+03
3.066769107250290290e+03 1.002552979951411460e+00 8.443905706022478141e-03 9.196578269659041325e+03
3.066777470356279537e+03 1.000512017831067579e+00 8.447412424260987082e-03 9.178162049985481644e+03
3.066785833462268783e+03 1.003954017979763691e+00 8.488235904861422126e-03 9.210044021469460858e+03
3.066794196568258485e+03 1.007698936490749375e+00 8.531119937120669461e-03 9.244707093572555095e+03
3.066802559674247732e+03 1.005692408126647175e+00 8.486011559015248923e-03 9.226606483695637507e+03
3.066810922780237433e+03 1.003275556774106070e+00 8.434626468146872585e-03 9.204740061711965609e+03
3.066819285886226680e+03 1.002988920497078995e+00 8.454185626453763341e-03 9.202416871659506796e+03
3.066827648992215927e+03 1.002818300818591801e+00 8.477606744151320803e-03 9.201157993369124597e+03
3.066836012098205629e+03 1.001031510367251354e+00 8.428054398774665126e-03 9.185069666245130065e+03
3.066844375204194876e+03 9.991308812048554922e-01 8.373360071821593642e-03 9.167935672857869577e+03
3.066852738310184577e+03 9.950414404830785209e-01 8.362250988753072364e-03 9.130715509085348458e+03
3.066861101416173824e+03 9.908348882799069557e-01 8.353479751556109473e-03 9.092418168985128432e+03
3.066869464522163071e+03 9.919116686389563009e-01 8.348892778339439893e-03 9.102602489718703509e+03
3.066877827628152772e+03 9.933563598403781780e-01 8.344597518238553238e-03 9.116163835666820887e+03
3.066886190734142019e+03 9.933267204604104839e-01 8.309613663994354707e-03 9.116195485756146809e+03
3.066894553840131721e+03 9.932192497920204755e-01 8.273011898728163324e-03 9.115512802021932657e+03
3.066902916946120968e+03 9.916818242826439533e-01 8.252983609507892268e-03 9.101705854850037213e+03
3.066911280052110214e+03 9.900461230754981079e-01 8.234096703844466861e-03 9.086995958354154936e+03
3.066919643158099916e+03 9.960046111846948547e-01 8.278249204785403589e-03 9.141989557801818592e+03
3.066928006264089163e+03 1.002357342264567519e+00 8.325674653998395291e-03 9.200605543649653555e+03
3.066936369370078410e+03 9.977869797295526588e-01 8.317847812522073669e-03 9.158959352243420653e+03
3.066944732476068111e+03 9.924747984348621932e-01 8.306267679531600251e-03 9.110500782684815931e+03
3.066953095582057358e+03 9.894335152474394990e-01 8.304973362197747705e-03 9.082885548013451626e+03
3.066961458688047060e+03 9.865085482684714524e-01 8.304205099297112466e-03 9.056336258869152516e+03
3.066969821794036307e+03 9.961545661179788125e-01 8.333981771158053067e-03 9.145193057975509873e+03
3.066978184900025553e+03 1.006643321152065340e+00 8.365805729061618831e-03 9.241792757566574437e+03
3.066986548006015255e+03 1.000984203105680148e+00 8.346429262502312249e-03 9.190143512226279199e+03
3.066994911112004502e+03 9.945130524912225711e-01 8.324478156631268458e-03 9.131035200477666876e+03
3.067003274217994203e+03 9.919066861863150564e-01 8.305222861531701140e-03 9.107408295194558377e+03
3.067011637323983450e+03 9.895564636228924016e-01 8.286147319050430823e-03 9.086131714522500261e+03
3.067020000429972697e+03 9.925124747988400831e-01 8.294816768479342656e-03 9.113577287349160542e+03
3.067028363535962399e+03 9.957308749724734787e-01 8.304858614989129098e-03 9.143434090082020703e+03
3.067036726641951645e+03 9.913303248483654739e-01 8.309187795479551150e-03 9.103328484830828529e+03
3.067045089747941347e+03 9.866767074942205396e-01 8.313326735920121072e-03 9.060896210173683357e+03
3.067053452853930594e+03 9.885177134329720117e-01 8.312486968686548516e-03 9.078104807536043154e+03
3.067061815959919841e+03 9.906746360841796051e-01 8.311404986936353489e-03 9.098215864914422127e+03
3.067070179065909542e+03 9.950693544111792743e-01 8.332059630108220108e-03 9.138880524356307433e+03
3.067078542171898789e+03 9.995364156789110499e-01 8.353418388946560330e-03 9.180212302256217299e+03
3.067086905277888036e+03 9.962249990552193291e-01 8.318226261872126159e-03 9.150103235979784586e+03
3.067095268383877738e+03 9.925416826759496658e-01 8.280331063566131675e-03 9.116576215586035687e+03
3.067103631489866984e+03 9.989877013382549853e-01 8.335524115836016532e-03 9.176088807307207389e+03
3.067111994595856686e+03 1.005753969620983845e+00 8.393660512164898002e-03 9.238547054705632036e+03
3.067120357701845933e+03 1.002979579419571721e+00 8.361924471551375818e-03 9.213368963910283128e+03
3.067128720807835180e+03 1.000053025802242423e+00 8.328755427434461275e-03 9.186791357448850249e+03
3.067137083913824881e+03 9.988862328500121013e-01 8.322190960253208689e-03 9.176378196543679223e+03
3.067145447019814128e+03 9.977738233302914095e-01 8.316447963403613211e-03 9.166463938280274306e+03
3.067153810125803830e+03 1.002796770845681307e+00 8.353280045925889213e-03 9.212915882922754463e+03
3.067162173231793076e+03 1.007912622386663237e+00 8.390756687778465339e-03 9.260224456787109375e+03
3.072165670561789739e+03 9.955877271642099569e-01 7.606730904127708380e-03 9.459305709838867188e+03
3.072173469831281182e+03 9.996840162262442542e-01 7.614795794430815126e-03 9.503741658794167961e+03
3.072181269100772624e+03 1.003778411436617501e+00 7.622873036335372707e-03 9.548177607749468734e+03
3.072189068370264067e+03 1.003841156100447662e+00 7.650488500242020110e-03 9.554259176652802125e+03
3.072196867639755965e+03 1.003762214438827849e+00 7.678794126406647373e-03 9.558964938377512226e+03
3.072204666909247408e+03 1.003917644995823588e+00 7.669634164438799209e-03 9.565875879733821421e+03
3.072212466178738850e+03 1.004092963181693277e+00 7.657720855878132928e-03 9.572950910817226031e+03
3.072220265448230293e+03 1.007642179158951157e+00 7.682370161454028963e-03 9.612185194917068657e+03
3.072228064717721736e+03 1.011453985681968426e+00 7.709870909637101498e-03 9.653936426912181560e+03
3.072235863987213179e+03 1.008078728352761022e+00 7.697514774817679553e-03 9.627064937333432681e+03
3.072243663256704622e+03 1.003847625110884323e+00 7.680411492144269617e-03 9.591952677162109467e+03
3.072251462526196065e+03 1.001855257097006069e+00 7.671129067566817214e-03 9.578171990364764497e+03
3.072259261795687962e+03 1.000236497678563152e+00 7.663163795100685557e-03 9.567917121333806790e+03
3.072267061065179405e+03 1.000672212783126014e+00 7.667955970417007772e-03 9.577281364090340503e+03
3.072274860334670848e+03 1.001458213248263007e+00 7.674924819050441688e-03 9.589977350577140896e+03
3.072282659604162291e+03 9.954393183080590957e-01 7.645710704897724398e-03 9.537455569777433993e+03
3.072290458873653733e+03 9.879383249926863009e-01 7.608618850464947750e-03 9.470637342572463240e+03
3.072298258143145176e+03 9.923738837364706189e-01 7.621015652655526926e-03 9.518203500108631488e+03
3.072306057412636619e+03 1.000061041164601816e+00 7.646905292168132418e-03 9.596991420407739497e+03
3.072313856682128062e+03 1.002477003292396196e+00 7.648177276326094745e-03 9.625218752068596586e+03
3.072321655951619960e+03 1.003147701707952422e+00 7.641311041294527283e-03 9.636677398776495465e+03
3.072329455221111402e+03 1.002521243418268426e+00 7.671168512914721890e-03 9.635648052716376696e+03
3.072337254490602845e+03 1.001459866803165122e+00 7.713397947525975525e-03 9.630402998742545606e+03
3.072345053760094288e+03 1.004428740768222639e+00 7.737273960451750490e-03 9.663896534456058362e+03
3.072352853029585731e+03 1.009017373565906484e+00 7.753771769096098887e-03 9.712984098422657553e+03
3.072360652299077174e+03 1.006524268154652457e+00 7.735193736046750042e-03 9.693884558802577885e+03
3.072368451568568616e+03 1.000681302434359266e+00 7.700031189393094500e-03 9.642454664893946756e+03
3.072376250838060514e+03 9.996755926830814820e-01 7.696387959836994454e-03 9.637575803623454703e+03
3.072384050107551957e+03 1.000997055471193775e+00 7.707908701886743465e-03 9.655106926477777961e+03
3.072391849377043400e+03 1.001672805096912144e+00 7.696055675710614455e-03 9.666392255168108022e+03
3.072399648646534843e+03 1.001987459946458214e+00 7.671111947597948448e-03 9.674170500382260798e+03
3.072407447916026285e+03 1.004346569925935739e+00 7.693489728060580110e-03 9.701673368907142503e+03
3.072415247185517728e+03 1.007868871059338423e+00 7.742785594111932686e-03 9.740412671313317333e+03
3.072423046455009171e+03 1.009441102503194632e+00 7.759412765078055850e-03 9.760302276921005614e+03
3.072430845724500614e+03 1.009728816849980948e+00 7.754515360254606547e-03 9.767753164436857332e+03
3.072438644993992511e+03 1.007028372837643015e+00 7.738863954616968278e-03 9.746259247828935258e+03
3.072446444263483954e+03 1.002058091862671363e+00 7.715047748913325502e-03 9.702734905075187271e+03
3.072454243532975397e+03 1.002029638342074591e+00 7.712404810398293571e-03 9.707011335752864397e+03
3.072462042802466840e+03 1.005809076903606103e+00 7.726079497085897030e-03 9.748165941479232060e+03
3.072469842071958283e+03 1.006745937298751947e+00 7.721051341671476310e-03 9.761764688464199935e+03
3.072477641341449726e+03 1.005164385959860907e+00 7.699454634696276979e-03 9.750913902107593458e+03
3.072485440610941168e+03 1.002422713412242539e+00 7.687320939412880909e-03 9.728762552061511087e+03
3.072493239880432611e+03 9.986398068603765665e-01 7.683687871263520340e-03 9.696449781880261071e+03
3.072501039149924509e+03 9.952351839780229081e-01 7.680269118600665731e-03 9.667751379142764563e+03
3.072508838419415952e+03 9.922205379383736146e-01 7.677070596785725252e-03 9.642786230208756024e+03
3.072516637688907394e+03 9.925941207977371228e-01 7.683289365136580090e-03 9.650710826392771196e+03
3.072524436958398837e+03 9.965094382373621551e-01 7.699351698513857978e-03 9.693062261938204756e+03
3.072532236227890280e+03 9.993890502845494961e-01 7.712713604150818296e-03 9.725341514203993938e+03
3.072540035497381723e+03 1.001024464583574858e+00 7.722829688184657329e-03 9.745505292180087054e+03
3.072547834766873166e+03 1.003753184937689724e+00 7.743492574492106921e-03 9.776304319951221260e+03
3.072555634036365063e+03 1.007993793470507216e+00 7.778740331680075032e-03 9.821830848343732214e+03
3.072563433305856506e+03 1.008190332932739519e+00 7.788103304071904154e-03 9.827943494636787364e+03
3.072571232575347949e+03 1.002715803518036575e+00 7.761168972439512308e-03 9.778724838631262173e+03
3.072579031844839392e+03 1.001088539896084040e+00 7.761474079242455457e-03 9.766969146655103032e+03
3.072586831114330835e+03 1.005691540958528751e+00 7.805895921675926746e-03 9.815983076344988149e+03
3.072594630383822278e+03 1.009882761368070536e+00 7.837461681228993782e-03 9.860986392664683081e+03
3.072602429653313720e+03 1.013397852054962467e+00 7.847906215532076540e-03 9.899391447868209070e+03
3.072610228922805163e+03 1.014816192493605218e+00 7.843870673750261494e-03 9.917306750080546408e+03
3.072618028192297061e+03 1.012229121929932196e+00 7.812161299203805587e-03 9.896047015963427839e+03
3.072625827461788504e+03 1.010834021920017589e+00 7.797755319918294944e-03 9.886397362165782397e+03
3.072633626731279946e+03 1.011745334935487239e+00 7.816853101987776206e-03 9.899276116772060050e+03
3.072641426000771389e+03 1.012436655403176511e+00 7.826643935535866972e-03 9.909981242178337197e+03
3.072649225270262832e+03 1.012693051827179502e+00 7.818113602938464579e-03 9.916405479541699606e+03
3.072657024539754275e+03 1.011368311899790706e+00 7.802620400710598078e-03 9.907315523582923561e+03
3.072664823809245718e+03 1.006390697533087408e+00 7.771018804193649369e-03 9.862390731697170850e+03
3.072672623078737161e+03 1.001975641756734259e+00 7.741119236804968294e-03 9.822915940082821180e+03
3.072680422348229058e+03 9.988708068209365409e-01 7.715148792466798577e-03 9.796230445661789417e+03
3.072688221617720501e+03 9.984978392592537277e-01 7.712613016124207112e-03 9.796297092499171413e+03
3.072696020887211944e+03 1.005719959787418905e+00 7.775234993056216043e-03 9.870877717209044931e+03
3.072703820156703387e+03 1.009831946223376242e+00 7.810108096101516136e-03 9.914947805941555998e+03
3.072711619426194829e+03 1.005141491604211623e+00 7.766448634620902285e-03 9.872562532452278901e+03
3.072719418695686272e+03 1.000832698074682447e+00 7.724838308449928290e-03 9.833866010307003307e+03
3.072727217965177715e+03 9.978134611373988827e-01 7.690102560720046658e-03 9.807786694464770335e+03
3.072735017234669613e+03 9.970926375392491492e-01 7.665852382259743733e-03 9.804258670006478496e+03
3.072742816504161055e+03 1.004368212187402021e+00 7.678022884567303578e-03 9.879354177703720779e+03
3.072750615773652498e+03 1.007599706262019890e+00 7.682021178102454474e-03 9.914680449744590078e+03
3.072758415043143941e+03 9.964711623010110708e-01 7.656956590710236286e-03 9.808650643814249634e+03
3.072766214312635384e+03 9.873749094225409140e-01 7.639388214106305162e-03 9.722528208550638738e+03
3.072774013582126827e+03 9.871946594935516739e-01 7.654708200908303534e-03 9.724141446127387098e+03
3.072781812851618270e+03 9.869513000196568075e-01 7.662302290584292914e-03 9.725104847979489932e+03
3.072789612121109712e+03 9.864137420019059022e-01 7.635062448248132808e-03 9.723139930978535631e+03
3.072797411390601610e+03 9.859401691359156450e-01 7.613127152202968893e-03 9.721775596052246328e+03
3.072805210660093053e+03 9.857502561599054136e-01 7.615485686194052931e-03 9.723179338304573321e+03
3.072813009929584496e+03 9.847509457616897555e-01 7.610226458694176709e-03 9.716568770473042605e+03
3.072820809199075939e+03 9.789148542193002456e-01 7.559481621893753348e-03 9.662184478444165507e+03
3.072828608468567381e+03 9.732957355498272900e-01 7.512735769411337146e-03 9.609877955266125355e+03
3.072836407738058824e+03 9.689717002006238422e-01 7.490199223096780101e-03 9.570300005274317300e+03
3.072844207007550267e+03 9.651276721843928819e-01 7.467703182213281804e-03 9.535410564559482737e+03
3.072852006277041710e+03 9.642770363911004061e-01 7.445275826599082915e-03 9.530054592321745076e+03
3.072859805546533607e+03 9.624309093981319174e-01 7.421265575165193924e-03 9.514825476445992535e+03
3.072867604816025050e+03 9.518348577947071121e-01 7.383112189291824237e-03 9.413027703821258910e+03
3.072875404085516493e+03 9.421985596649236072e-01 7.349044117807152811e-03 9.320632883636044426e+03
3.072883203355007936e+03 9.412142498615374553e-01 7.351765751222204791e-03 9.313769041485184061e+03
3.072891002624499379e+03 9.405573208042673494e-01 7.354829045230976310e-03 9.310114300741419356e+03
3.072898801893990822e+03 9.429651844283966078e-01 7.360963087436727878e-03 9.336776189407793936e+03
3.072906601163482264e+03 9.450330729153408882e-01 7.365279021298598051e-03 9.360059633382152242e+03
3.072914400432974162e+03 9.437525720750585823e-01 7.351596713367953423e-03 9.350155802330267761e+03
3.072922199702465605e+03 9.427010699728476384e-01 7.340258036850555272e-03 9.342488355429582953e+03
3.072929998971957048e+03 9.453325715395928253e-01 7.366703451496488253e-03 9.371299729575777747e+03
3.072937798241448490e+03 9.480008464234462862e-01 7.393146312912613968e-03 9.400465283850748165e+03
3.072945597510939933e+03 9.512903964782029043e-01 7.419466830011846141e-03 9.435782750193035099e+03
3.072953396780431376e+03 9.549017120930159974e-01 7.446612706561724082e-03 9.474285491151147653e+03
3.072961196049922819e+03 9.644720642232726959e-01 7.488984169682010375e-03 9.571923138095262402e+03
3.072968995319414262e+03 9.737295751201969773e-01 7.531097404816338922e-03 9.666481986667477031e+03
3.072976794588906159e+03 9.768061963544351078e-01 7.568127266538122316e-03 9.699688957546934034e+03
3.072984593858397602e+03 9.796028857982909122e-01 7.602575046216260291e-03 9.730105689544709094e+03
3.072992393127889045e+03 9.763646111065262811e-01 7.581534010321036576e-03 9.700551266851223772e+03
3.073000192397380488e+03 9.731937521637965549e-01 7.560876119920610129e-03 9.671623147025020444e+03
3.073007991666871931e+03 9.763741768248644926e-01 7.575621423734577205e-03 9.705787814431188963e+03
3.073015790936363373e+03 9.796012208142815814e-01 7.590680660634088056e-03 9.740406155572665739e+03
3.073023590205854816e+03 9.897987458057719845e-01 7.651734448632156044e-03 9.844341622983980415e+03
3.073031389475346259e+03 9.999541200371004912e-01 7.712495599659003644e-03 9.947882989787085535e+03
3.073039188744838157e+03 9.976749543565887057e-01 7.684700306407418573e-03 9.927714298201324709e+03
3.073046988014329600e+03 9.953996477169925194e-01 7.656939876619452134e-03 9.907545606616738951e+03
3.073054787283821042e+03 9.963266908076864325e-01 7.681363427241807117e-03 9.919220634585173684e+03
3.073062586553312485e+03 9.972564728596882144e-01 7.705803773133497112e-03 9.930900478601524810e+03
3.073070385822803928e+03 9.953999403294155890e-01 7.674594413591059698e-03 9.914804369870968003e+03
3.073078185092295371e+03 9.935372744485827523e-01 7.643226678522348910e-03 9.898611319272107721e+03
3.073085984361786814e+03 9.958985545118433924e-01 7.608465752392043653e-03 9.924475646611865159e+03
3.073093783631278711e+03 9.982903434669619935e-01 7.573718302551160457e-03 9.950628125902283500e+03
3.073101582900770154e+03 1.001593229871970525e+00 7.620714487721295428e-03 9.985848211261956749e+03
3.073109382170261597e+03 1.004936629584453067e+00 7.671240815037634782e-03 1.002146023920906737e+04
3.073117181439753040e+03 1.003251173398171048e+00 7.668562795329438020e-03 1.000689993644537208e+04
3.073124980709244483e+03 1.001333548227518966e+00 7.663414406867409025e-03 9.989988674385045670e+03
3.073132779978735925e+03 1.003919005889774452e+00 7.658009588337356607e-03 1.001797753106454002e+04
3.073140579248227368e+03 1.006733312547041459e+00 7.652613790275301746e-03 1.004823457483873972e+04
3.073148378517718811e+03 1.003861908166419736e+00 7.632239833669608037e-03 1.002171505411854014e+04
3.073156177787210709e+03 1.000686259271840628e+00 7.611082322551710952e-03 9.992118212828256219e+03
3.073163977056702151e+03 9.992641870260760006e-01 7.584209426228358773e-03 9.979994554534332565e+03
3.073171776326193594e+03 9.979467081438772036e-01 7.557035579411301197e-03 9.968882781097488987e+03
3.073179575595685037e+03 1.002726695274338775e+00 7.604340998571580690e-03 1.001866093497525435e+04
3.073187374865176480e+03 1.007883094061649443e+00 7.656236572370976427e-03 1.007219277838176640e+04
3.073195174134667923e+03 1.005506290072490927e+00 7.651541284946647425e-03 1.005042052067205077e+04
3.073202973404159366e+03 1.002640444471202041e+00 7.643167666461121723e-03 1.002372262013013642e+04
3.073210772673650808e+03 9.977395687773030764e-01 7.616757173008798301e-03 9.976637749822626574e+03
3.073218571943142706e+03 9.927021979342730562e-01 7.589127786861740027e-03 9.928142107796929849e+03
3.073226371212634149e+03 9.927013225118344053e-01 7.584044514827507737e-03 9.929980699584217291e+03
3.073234170482125592e+03 9.930704804447072487e-01 7.580627332175654542e-03 9.935494515322407096e+03
3.073241969751617034e+03 9.956102913809102839e-01 7.589235563058916063e-03 9.962703695138488911e+03
3.073249769021108477e+03 9.983184983472224161e-01 7.598783692077145172e-03 9.991580390316970806e+03
3.073257568290599920e+03 9.998946774977793828e-01 7.597496850353695035e-03 1.000910782631219263e+04
3.073265367560091363e+03 1.001381498259605429e+00 7.595355044380626593e-03 1.002571901226035516e+04
3.073273166829583261e+03 1.001995595671598238e+00 7.609199226577998201e-03 1.003356907236311599e+04
3.073280966099074703e+03 1.002538162600142835e+00 7.624410228162578976e-03 1.004067766273662710e+04
3.073288765368566146e+03 9.984838510449650650e-01 7.616377562064637584e-03 1.000171441533190955e+04
3.073296564638057589e+03 9.940263025774401795e-01 7.606308605385496066e-03 9.958671061141712926e+03
3.073304363907549032e+03 1.003695048982789384e+00 7.660983178199290942e-03 1.005713349402598396e+04
3.073312163177040475e+03 1.014669791880952410e+00 7.721647942182446531e-03 1.016868749154585930e+04
3.073319962446531918e+03 1.004569702814526844e+00 7.641728603021892378e-03 1.006901059740614983e+04
3.073327761716023360e+03 9.924420137189567948e-01 7.548289459757685609e-03 9.948949624509761634e+03
3.073335560985515258e+03 9.944515457622110643e-01 7.574773325943866438e-03 9.970568078176827839e+03
3.073343360255006701e+03 9.978833520507147670e-01 7.613317468978916119e-03 1.000642756589963392e+04
3.073351159524498144e+03 9.956085925938976677e-01 7.595494349106978078e-03 9.985038308120334477e+03
3.073358958793989586e+03 9.927403900569230499e-01 7.571802843726142644e-03 9.957663128396314278e+03
3.073366758063481029e+03 9.943450733039593814e-01 7.579173771791253983e-03 9.975124437254891745e+03
3.073374557332972472e+03 9.964374698447303613e-01 7.589934206898125806e-03 9.997456499608222657e+03
3.073382356602463915e+03 9.986905652718873760e-01 7.603623114784648258e-03 1.002137968279603228e+04
3.073390155871955358e+03 1.000963644062939917e+00 7.617657104011205799e-03 1.004548224524674697e+04
3.073397955141447255e+03 1.003158984030573908e+00 7.642862056735442999e-03 1.006878323464744790e+04
3.073405754410938698e+03 1.005347151296980712e+00 7.669384778491845217e-03 1.009199054248090579e+04
3.073413553680430141e+03 1.001272702834740569e+00 7.638859578759706406e-03 1.005230228790093133e+04
3.073421352949921584e+03 9.964437419123425288e-01 7.601456424309062203e-03 1.000500131395082099e+04
3.073429152219413027e+03 9.973609951482065306e-01 7.613081960943561544e-03 1.001536475465497460e+04
3.073436951488904469e+03 9.989997924681668362e-01 7.630861093270656023e-03 1.003294973852418843e+04
3.073444750758395912e+03 9.976679176967621077e-01 7.641274213663733390e-03 1.002067359902696626e+04
3.073452550027887810e+03 9.960688226704105253e-01 7.651034716029200475e-03 1.000568325976294545e+04
3.073460349297379253e+03 9.970879586952126061e-01 7.643582041072882402e-03 1.001696586977487277e+04
3.073468148566870696e+03 9.983576461826512149e-01 7.634516942117753648e-03 1.003074093010575052e+04
3.073475947836362138e+03 1.004036085987862092e+00 7.678209871607714898e-03 1.008879168927174396e+04
3.073483747105853581e+03 1.010151734893471875e+00 7.727128444861923115e-03 1.015121998928313951e+04
3.073491546375345024e+03 1.008673336463795422e+00 7.702347030251688320e-03 1.013731132540976978e+04
3.073499345644836467e+03 1.006416397098920168e+00 7.670006571860332571e-03 1.011554744027041670e+04
3.073507144914327910e+03 9.991713673902425930e-01 7.642703986079155652e-03 1.004361224042494177e+04
3.073514944183819807e+03 9.913964559260807219e-01 7.615962725194079692e-03 9.966310540723970917e+03
3.073522743453311250e+03 9.981284499953843037e-01 7.656452670717546830e-03 1.003481593101074213e+04
3.073530542722802693e+03 1.006472533099787681e+00 7.704419649473849378e-03 1.011951394334709039e+04
3.073538341992294136e+03 1.004066248523085569e+00 7.711875153516556218e-03 1.009610064674331625e+04
3.073546141261785579e+03 1.000829164454092313e+00 7.716207344921123014e-03 1.006430198545697931e+04
3.073553940531277021e+03 9.986916001796959375e-01 7.689548379541310749e-03 1.004352896967966626e+04
3.073561739800768464e+03 9.966463069936157826e-01 7.660388529925408856e-03 1.002365387237538744e+04
3.073569539070259907e+03 9.973273321853727280e-01 7.655828069241804937e-03 1.003117043777106664e+04
3.073577338339751805e+03 9.982433613610215417e-01 7.653385994505995313e-03 1.004102471277024779e+04
3.073585137609243247e+03 1.000702740983077321e+00 7.675684491023142611e-03 1.006637813690965413e+04
3.073592936878734690e+03 1.003302068961250626e+00 7.700207755695837215e-03 1.009311527688337446e+04
3.073600736148226133e+03 9.992643712734133876e-01 7.671238670279243062e-03 1.005305670928933796e+04
3.073608535417717576e+03 9.948509427603146049e-01 7.639239976003487156e-03 1.000918643012204120e+04
3.073616334687209019e+03 9.973099851240178060e-01 7.668731255289802998e-03 1.003443196018163508e+04
3.073624133956700462e+03 1.000189077269971305e+00 7.701976983246877281e-03 1.006387942987730275e+04
3.073631933226192359e+03 1.000893103324501432e+00 7.695084432139728987e-03 1.007141603947626209e+04
3.073639732495683802e+03 1.001459205775279582e+00 7.685621141338121881e-03 1.007753824873615667e+04
3.073647531765175245e+03 9.927153684481252460e-01 7.646797357927576783e-03 9.989945520026349186e+03
3.073655331034666688e+03 9.833385096973613626e-01 7.605989353145039752e-03 9.895948684897161002e+03
3.073663130304158130e+03 9.944414000434235179e-01 7.702314531155452990e-03 1.000802603939370238e+04
3.073670929573649573e+03 1.006310667531942427e+00 7.803772720907456613e-03 1.012779683030313572e+04
3.073678728843141016e+03 1.005691242806098895e+00 7.773588627601948388e-03 1.012185419176407049e+04
3.073686528112632459e+03 1.004563384043291041e+00 7.738039112072246824e-03 1.011076666236304663e+04
3.073694327382124357e+03 9.987645603388286553e-01 7.741710656655183959e-03 1.005263775753899245e+04
3.073702126651615799e+03 9.927605043688120245e-01 7.747148845327223726e-03 9.992413501608200022e+03
3.073709925921107242e+03 9.986943358573735496e-01 7.755601690626888998e-03 1.005232037013507579e+04
3.073717725190598685e+03 1.005205737039615466e+00 7.764219390930545035e-03 1.011801577278828699e+04
3.073725524460090128e+03 1.005413630788302815e+00 7.793911124369751198e-03 1.012023628657567315e+04
3.073733323729581571e+03 1.005508671187031577e+00 7.824008952758410712e-03 1.012129364794926005e+04
3.073741122999073013e+03 1.000221287223957534e+00 7.773936810053560208e-03 1.006814474931496625e+04
3.073748922268564456e+03 9.948940875807676942e-01 7.722723899309324840e-03 1.001456734325881189e+04
3.073756721538056354e+03 1.000729530349588003e+00 7.758833057222216251e-03 1.007332560052614826e+04
3.073764520807547797e+03 1.006534457434288266e+00 7.794817775740729357e-03 1.013174964154787995e+04
3.073772320077039240e+03 1.002394894348179299e+00 7.787298599386030182e-03 1.009004553610597031e+04
3.073780119346530682e+03 9.982579886955061932e-01 7.779800306879918956e-03 1.004834143066406250e+04
3.228343388514074377e+03 9.987784961832172348e-01 5.513910894030625044e-03 1.497813134765625000e+04
3.228352782897801717e+03 1.000363110716281589e+00 5.523747881234390873e-03 1.499816976133867684e+04
3.228362177281529057e+03 1.001937777789289274e+00 5.533530469646615046e-03 1.501820817502110185e+04
3.228371571665256852e+03 9.986902537414377168e-01 5.511122983330723514e-03 1.496612877825157375e+04
3.228380966048984192e+03 9.952975253449689585e-01 5.487757386886614117e-03 1.491204876935909124e+04
3.228390360432711532e+03 9.968860786505068239e-01 5.492404831909647282e-03 1.493275616963051107e+04
3.228399754816438872e+03 9.987504935385762561e-01 5.498603048051589962e-03 1.495773129882004287e+04
3.228409149200166667e+03 9.998973417372430950e-01 5.507443176426232018e-03 1.497209374543719969e+04
3.228418543583894007e+03 1.000972847226679674e+00 5.516472543166480239e-03 1.498552109551063222e+04
3.228427937967621347e+03 1.000625994489621640e+00 5.508902297226621336e-03 1.497778824650450042e+04
3.228437332351348687e+03 1.000099058313776101e+00 5.499277088915530652e-03 1.496749424029487091e+04
3.228446726735076481e+03 9.982413891785877347e-01 5.488422187776675898e-03 1.493741860464616002e+04
3.228456121118803821e+03 9.962131234509203903e-01 5.477373928036804313e-03 1.490492365595631236e+04
3.228465515502531161e+03 9.959573289118046624e-01 5.467538741193131262e-03 1.489907362396198187e+04
3.228474909886258502e+03 9.959739288824628334e-01 5.457856243559589676e-03 1.489741646935293466e+04
3.228484304269986296e+03 9.953333629485492384e-01 5.452795370134955535e-03 1.488604474054168350e+04
3.228493698653713636e+03 9.945587982114144632e-01 5.448601341589146690e-03 1.487278175243121768e+04
3.228503093037440976e+03 9.963518735211254196e-01 5.446698294820355446e-03 1.489802083957101604e+04
3.228512487421168316e+03 9.987422633230843561e-01 5.445303713198642800e-03 1.493228832897248139e+04
3.228521881804896111e+03 9.995240658649970911e-01 5.442547773692218635e-03 1.494260115476028113e+04
3.228531276188623451e+03 9.998555847847191425e-01 5.439389151453925993e-03 1.494627747583070777e+04
3.228540670572350791e+03 9.974898870276197593e-01 5.436828077934078782e-03 1.490973009744262527e+04
3.228550064956078131e+03 9.942495605790835356e-01 5.434437942999330827e-03 1.486020511453841573e+04
3.228559459339805471e+03 9.973283238689863994e-01 5.434594318739740387e-03 1.490521215305269106e+04
3.228568853723533266e+03 1.002752619365971043e+00 5.435678828952014881e-03 1.498534757369762883e+04
3.228578248107260606e+03 1.002269071895639074e+00 5.427597649327739297e-03 1.497726942062322632e+04
3.228587642490987946e+03 9.995754823899913877e-01 5.416075366452445874e-03 1.493624381958774211e+04
3.228597036874715286e+03 1.000217734492759192e+00 5.432451959848191847e-03 1.494513771659941449e+04
3.228606431258443081e+03 1.002280024720434204e+00 5.460712741249742520e-03 1.497531615077013885e+04
3.228615825642170421e+03 1.000584507372650034e+00 5.446381936315070754e-03 1.494941273345448644e+04
3.228625220025897761e+03 9.970698552578596274e-01 5.411444701877199219e-03 1.489639412916078436e+04
3.228634614409625101e+03 9.972809521556327272e-01 5.408936943180581852e-03 1.489909795708112142e+04
3.228644008793352896e+03 9.995226535546377633e-01 5.424108738658567005e-03 1.493219134310938716e+04
3.228653403177080236e+03 9.985329909981333074e-01 5.407642287219506690e-03 1.491706024558921854e+04
3.228662797560807576e+03 9.957718330661785577e-01 5.373836686274380964e-03 1.487551284764052070e+04
3.228672191944534916e+03 9.955997345097263862e-01 5.364874358182330528e-03 1.487268662952923842e+04
3.228681586328262711e+03 9.970197857556865051e-01 5.371193106781922515e-03 1.489368399446751573e+04
3.228690980711990051e+03 9.965463957274222073e-01 5.367481392138316945e-03 1.488643268659593195e+04
3.228700375095717391e+03 9.947680606028677097e-01 5.356856711651592808e-03 1.485972102968504259e+04
3.228709769479444731e+03 9.942020049442440444e-01 5.350965842969691508e-03 1.485114759238400984e+04
3.228719163863172525e+03 9.945686868736040021e-01 5.348716899642039571e-03 1.485653265792745697e+04
3.228728558246899865e+03 9.950497426816108382e-01 5.351142142525955152e-03 1.486364807319987631e+04
3.228737952630627206e+03 9.956190802428661613e-01 5.357178727815482128e-03 1.487210055688103603e+04
3.228747347014354546e+03 9.973626753637339082e-01 5.365485948321833953e-03 1.489810835511133700e+04
3.228756741398081886e+03 1.000118351466898758e+00 5.375750539774344465e-03 1.493924535251593807e+04
3.228766135781809680e+03 9.996960030262237451e-01 5.363310873253435314e-03 1.493291846748458920e+04
3.228775530165537020e+03 9.962219548103327105e-01 5.329069056265622883e-03 1.488101129343540197e+04
3.228784924549264360e+03 9.957799516688151664e-01 5.318915505972947148e-03 1.487439592482507396e+04
3.228794318932991700e+03 9.982616441910201477e-01 5.331988821089038086e-03 1.491145023551539998e+04
3.228803713316719495e+03 1.000400524161833227e+00 5.345991382289169529e-03 1.494337737843470677e+04
3.228813107700446835e+03 1.002171379089488834e+00 5.360993220613846297e-03 1.496979716752403874e+04
3.228822502084174175e+03 1.001421426851060614e+00 5.360755499174561962e-03 1.495854923188039174e+04
3.228831896467901515e+03 9.976536931717411294e-01 5.342273723361292553e-03 1.490220696962424881e+04
3.228841290851629310e+03 9.966239171896041915e-01 5.333857149347450213e-03 1.488674208082562473e+04
3.228850685235356650e+03 9.988852431795761655e-01 5.337539150510224595e-03 1.492041275126937035e+04
3.228860079619083990e+03 9.995546895924186659e-01 5.340802095208454364e-03 1.493027744161755982e+04
3.228869474002811330e+03 9.980886927474058590e-01 5.343500893277927481e-03 1.490821411160397838e+04
3.228878868386539125e+03 9.967458725795581564e-01 5.334103692365316750e-03 1.488795644695371084e+04
3.228888262770266465e+03 9.955683740806038351e-01 5.308413138663532586e-03 1.487013046844335076e+04
3.228897657153993805e+03 9.953941396983008172e-01 5.290348389402808882e-03 1.486724820318109414e+04
3.228907051537721145e+03 9.967291278823432465e-01 5.283758041589113608e-03 1.488686213933488762e+04
3.228916445921448485e+03 9.975042106475461301e-01 5.284348520444992134e-03 1.489806393699552973e+04
3.228925840305176280e+03 9.973325713231865342e-01 5.297044126892676806e-03 1.489507349637001607e+04
3.228935234688903620e+03 9.973181342690909945e-01 5.302238257279151892e-03 1.489437499956331158e+04
3.228944629072630960e+03 9.975677219051146682e-01 5.294708003051172562e-03 1.489755995108395109e+04
3.228954023456358300e+03 9.980990135678580177e-01 5.290667237018013488e-03 1.490488834061305351e+04
3.228963417840086095e+03 9.991636022349743573e-01 5.293258449697517409e-03 1.492011294408748654e+04
3.228972812223813435e+03 9.998067196084420294e-01 5.294025295002330669e-03 1.492897245043468138e+04
3.228982206607540775e+03 9.996388154896439504e-01 5.291277786350642200e-03 1.492564772274281859e+04
3.228991600991268115e+03 9.997059130588030751e-01 5.286899659451012312e-03 1.492575451887649069e+04
3.229000995374995910e+03 1.000275621080758182e+00 5.278963682782393356e-03 1.493328381636490849e+04
3.229010389758723250e+03 9.995395818275485400e-01 5.267450459492777071e-03 1.492123557185774189e+04
3.229019784142450590e+03 9.959588276119430983e-01 5.248128242902985394e-03 1.486664296502238540e+04
3.229029178526177930e+03 9.922841797752564030e-01 5.224399752749698742e-03 1.481057762305554934e+04
3.229038572909905724e+03 9.883702654737458460e-01 5.189746231890734335e-03 1.475087410431351054e+04
3.229047967293633064e+03 9.841495283730330446e-01 5.156120997002292504e-03 1.468652902668937531e+04
3.229057361677360404e+03 9.791604751637612569e-01 5.125018367110408327e-03 1.461066127913486525e+04
3.229066756061087744e+03 9.743273740778198855e-01 5.095130228314653439e-03 1.453706833462285613e+04
3.229076150444815539e+03 9.699311617832836463e-01 5.068663243792986828e-03 1.446994451818569178e+04
3.229085544828542879e+03 9.664707628874709133e-01 5.048210542744803117e-03 1.441673389367709387e+04
3.229094939212270219e+03 9.656801086061288508e-01 5.044924325625781657e-03 1.440329726935533472e+04
3.229104333595997559e+03 9.650283594323557645e-01 5.045272933724860402e-03 1.439188054812956216e+04
3.229113727979724899e+03 9.648279158606947181e-01 5.057602312527049830e-03 1.438714437220929540e+04
3.229123122363452694e+03 9.644959494635603203e-01 5.065302451608448379e-03 1.438039936212766588e+04
3.229132516747180034e+03 9.637187748704275636e-01 5.057554481099582611e-03 1.436697279494532631e+04
3.229141911130907374e+03 9.637973903723285884e-01 5.053429525206027013e-03 1.436626273575292362e+04
3.229151305514634714e+03 9.672046377734968559e-01 5.063391107710769543e-03 1.441512201818818539e+04
3.229160699898362509e+03 9.706756947611692166e-01 5.075462166069857721e-03 1.446488124891789630e+04
3.229170094282089849e+03 9.743869245972123228e-01 5.095761861275299211e-03 1.451817031216855321e+04
3.229179488665817189e+03 9.778070993926138987e-01 5.113147623216004155e-03 1.456707615808831179e+04
3.229188883049544529e+03 9.800688076344640232e-01 5.118979965830734898e-03 1.459868261572165829e+04
3.229198277433272324e+03 9.820929330404247759e-01 5.123403472037818887e-03 1.462671490618469943e+04
3.229207671816999664e+03 9.829889551968415962e-01 5.121150247721418559e-03 1.463791638484481155e+04
3.229217066200727004e+03 9.837834542822635475e-01 5.122776725606008330e-03 1.464758207340569970e+04
3.229226460584454344e+03 9.840901543976938726e-01 5.142779390247081278e-03 1.464996510355790269e+04
3.229235854968182139e+03 9.847139173833038273e-01 5.158739152188747575e-03 1.465705166072188513e+04
3.229245249351909479e+03 9.871701780976008811e-01 5.151211036716987247e-03 1.469139573052009109e+04
3.229254643735636819e+03 9.897422589715552110e-01 5.147194892049564326e-03 1.472744353315587068e+04
3.229264038119364159e+03 9.929844826911982114e-01 5.163694653398999759e-03 1.477344428194744978e+04
3.229273432503091954e+03 9.958694708053666966e-01 5.177590669781587975e-03 1.481411351486587228e+04
3.229282826886819294e+03 9.966442616929110931e-01 5.176119237154720200e-03 1.482338428535036837e+04
3.229292221270546634e+03 9.974500279292485283e-01 5.174783360044022014e-03 1.483311532926252039e+04
3.229301615654273974e+03 9.984866482683639743e-01 5.174468269003782567e-03 1.484628136636161798e+04
3.229311010038001314e+03 9.994741596333936995e-01 5.173024181490142384e-03 1.485872174591204202e+04
3.229320404421729108e+03 1.000093280718131528e+00 5.163091168566825290e-03 1.486569390454646782e+04
3.229329798805456448e+03 1.000479196592274356e+00 5.154231890299409286e-03 1.486921243833644257e+04
3.229339193189183788e+03 9.990955020656613339e-01 5.153597847655317678e-03 1.484645097887800694e+04
3.229348587572911129e+03 9.980546779238764765e-01 5.152838895026969936e-03 1.482880904735725380e+04
3.229357981956638923e+03 1.000532825598687836e+00 5.150866827676840731e-03 1.486346709207039021e+04
3.229367376340366263e+03 1.002723254396869823e+00 5.149008441698561464e-03 1.489386008328974458e+04
3.229376770724093603e+03 1.001942486181846226e+00 5.148393719965095594e-03 1.488013686158330529e+04
3.229386165107820943e+03 1.001291467336936636e+00 5.147940500400187587e-03 1.486836279936884239e+04
3.229395559491548738e+03 1.002014085366251583e+00 5.149243799670993015e-03 1.487700513922410391e+04
3.229404953875276078e+03 1.002536800284121732e+00 5.149782636682789273e-03 1.488269605012287684e+04
3.229414348259003418e+03 1.000948975998456891e+00 5.142270642382575953e-03 1.485707721884365856e+04
3.229423742642730758e+03 9.995875551181637730e-01 5.135512995296380098e-03 1.483484396412801652e+04
3.229433137026458553e+03 1.001853359371897900e+00 5.140884475090675212e-03 1.486645945512173057e+04
3.229442531410185893e+03 1.004059094285010723e+00 5.145803186508436308e-03 1.489719367609269284e+04
3.229451925793913233e+03 1.005301922861697284e+00 5.143465115880207182e-03 1.491365349869699821e+04
3.229461320177640573e+03 1.006322392913850061e+00 5.139900632834437828e-03 1.492682923899815978e+04
3.229470714561368368e+03 1.003688220266143016e+00 5.116208819916224018e-03 1.488581762128710579e+04
3.229480108945095708e+03 1.001215738652257770e+00 5.094004558204915517e-03 1.484723284209227131e+04
3.229489503328823048e+03 1.001493240632540527e+00 5.097014838665831632e-03 1.484945122500758043e+04
3.229498897712550388e+03 1.001640626697477998e+00 5.098807177743528568e-03 1.484975840575884104e+04
3.229508292096277728e+03 9.995771756907139149e-01 5.079815685459660932e-03 1.481731136398161834e+04
3.229517686480005523e+03 9.975802786893055440e-01 5.061431440450602989e-03 1.478587717136166611e+04
3.229527080863732863e+03 9.979419263702026255e-01 5.064396437534709507e-03 1.478942244792109705e+04
3.229536475247460203e+03 9.983277295360515335e-01 5.066907148347649971e-03 1.479334305339865750e+04
3.229545869631187543e+03 9.996205675588434314e-01 5.053326759178256196e-03 1.481071989565780859e+04
3.229555264014915338e+03 1.000898677832751327e+00 5.040012450088853305e-03 1.482789264929187630e+04
3.229564658398642678e+03 1.001662340961004816e+00 5.036965066645586638e-03 1.483745917683040170e+04
3.229574052782370018e+03 1.002358339345548632e+00 5.033715074934696707e-03 1.484603952982843293e+04
3.229583447166097358e+03 1.000469504653871189e+00 5.022869499420624766e-03 1.481635631064322661e+04
3.229592841549825152e+03 9.986084564694680532e-01 5.012241928345834846e-03 1.478710954904646678e+04
3.229602235933552492e+03 9.979383790605902416e-01 5.010782407373680011e-03 1.477552113408940386e+04
3.229611630317279833e+03 9.973203980661140555e-01 5.009261940999373136e-03 1.476472469209915835e+04
3.229621024701007173e+03 9.989620617320721374e-01 5.005437905528486130e-03 1.478739771634352655e+04
3.229630419084734967e+03 1.000590527974933419e+00 5.001768535741317814e-03 1.480988853320346607e+04
3.229639813468462307e+03 1.001673587687653688e+00 5.005246821724169265e-03 1.482432081432782616e+04
3.229649207852189647e+03 1.002755632303670152e+00 5.008719620809429923e-03 1.483875309545218624e+04
3.229658602235916987e+03 1.001795380651018030e+00 4.992488498967158177e-03 1.482298176867191250e+04
3.229667996619644327e+03 1.000823669106345015e+00 4.976151135901044596e-03 1.480706227818162188e+04
3.229677391003372122e+03 1.000623182084040996e+00 4.983202837866594626e-03 1.480257312525417728e+04
3.229686785387099462e+03 1.000425990297209911e+00 4.990388376807418716e-03 1.479815165630200681e+04
3.229696179770826802e+03 1.000713233401559821e+00 4.993476273635368001e-03 1.480091405090121953e+04
3.229705574154554142e+03 1.001002668378162319e+00 4.996530212215035370e-03 1.480372629737998250e+04
3.229714968538281937e+03 1.004184474238227542e+00 4.999662453598534805e-03 1.484932675093030412e+04
3.229724362922009277e+03 1.007388695729894312e+00 5.002789811819906111e-03 1.489526777631567711e+04
3.229733757305736617e+03 1.006904841752549684e+00 4.998644183727131603e-03 1.488669127765681696e+04
3.229743151689463957e+03 1.006386536105812413e+00 4.994426346030732440e-03 1.487762512428455557e+04
3.229752546073191752e+03 1.001056556228538730e+00 4.983526645512568153e-03 1.479745328823945965e+04
3.229761940456919092e+03 9.956762276372402853e-01 4.972552026123931018e-03 1.471656998292180651e+04
3.229771334840646432e+03 9.989060725481840874e-01 4.979091605758520327e-03 1.476297014362966365e+04
3.229780729224373772e+03 1.002230299060579366e+00 4.985819601409701395e-03 1.481077450573619899e+04
3.229790123608101567e+03 1.001049666170205743e+00 4.985187870529978263e-03 1.479202211055345288e+04
3.229799517991828907e+03 9.998132782248321249e-01 4.984461241023024382e-03 1.477246701108928937e+04
3.229808912375556247e+03 1.002662040292179979e+00 4.987128178018245504e-03 1.481328688739356767e+04
3.229818306759283587e+03 1.005563570397641771e+00 4.989834015757960324e-03 1.485489712701709141e+04
3.229827701143011382e+03 1.001746861714949866e+00 4.956053626851395638e-03 1.479727989636869643e+04
3.229837095526738722e+03 9.978334240338023742e-01 4.921746359071595654e-03 1.473826122940577261e+04
3.229846489910466062e+03 1.000354015976042898e+00 4.948849318314135423e-03 1.477429444732468255e+04
3.229855884294193402e+03 1.002971367246457302e+00 4.976881765392311002e-03 1.481176847504050420e+04
3.229865278677920742e+03 1.004241507331049110e+00 4.970767007913916118e-03 1.482936036607695132e+04
3.229874673061648537e+03 1.005488827744082991e+00 4.964092273669559047e-03 1.484663026744717354e+04
3.229884067445375877e+03 1.004696238209498604e+00 4.956958675117182668e-03 1.483379705001050388e+04
3.229893461829103217e+03 1.003867180094648148e+00 4.949810249021570525e-03 1.482044504069095638e+04
3.229902856212830557e+03 1.002602643455553943e+00 4.933596010352047506e-03 1.480068400074008423e+04
3.229912250596558351e+03 1.001328784709841990e+00 4.917207920854450680e-03 1.478080583669026055e+04
3.229921644980285691e+03 9.995953103510972770e-01 4.908540145024672258e-03 1.475416409098126132e+04
3.229931039364013031e+03 9.978515422639300247e-01 4.900014582297500428e-03 1.472739168629685810e+04
3.229940433747740371e+03 1.000621328847231872e+00 4.901728962972486635e-03 1.476725186325322647e+04
3.229949828131468166e+03 1.003456520772215477e+00 4.903587786220702308e-03 1.480808924733043750e+04
3.229959222515195506e+03 1.001196642740433740e+00 4.893832871589357848e-03 1.477375528902905353e+04
3.229968616898922846e+03 9.989520494276469265e-01 4.884157608188130148e-03 1.473966883285171207e+04
3.229978011282650186e+03 1.000861996664997422e+00 4.895971470311448470e-03 1.476690102845805268e+04
3.229987405666377981e+03 1.002759403528180160e+00 4.907699125146821467e-03 1.479396213352551058e+04
3.229996800050105321e+03 1.000820946881197715e+00 4.892337059202888326e-03 1.476444929991081881e+04
3.230006194433832661e+03 9.988831627687714265e-01 4.876962076486386112e-03 1.473496735311981138e+04
3.230015588817560001e+03 9.979836081725492747e-01 4.858974203909507614e-03 1.472082071442499000e+04
3.230024983201287796e+03 9.970859253108851350e-01 4.841016881326929040e-03 1.470672060538033656e+04
3.230034377585015136e+03 9.993228325774876630e-01 4.861224942171787564e-03 1.473887096858372388e+04
3.230043771968742476e+03 1.001558818247572757e+00 4.881429576314517439e-03 1.477102133178710938e+04
3.241705490162046317e+03 9.999648516043272428e-01 3.327393182846406956e-03 1.352839580165668667e+04
3.241713828091720188e+03 1.000895590370352473e+00 3.330394673565318080e-03 1.353049162852758127e+04
3.241722166021394059e+03 1.000500775680313037e+00 3.332288139512422972e-03 1.351427474266303579e+04
3.241730503951067931e+03 9.999776122246615273e-01 3.330382370685436993e-03 1.349611817717853410e+04
3.241738841880741802e+03 9.992344959599127607e-01 3.322529000619921929e-03 1.347496881254145410e+04
3.241747179810415673e+03 9.989894011026569931e-01 3.317743700550469799e-03 1.346068567041406095e+04
3.241755517740089545e+03 9.994783123647963397e-01 3.317506194923844007e-03 1.345660700456558334e+04
3.241763855669762961e+03 9.998104059780171804e-01 3.319436221889812341e-03 1.345090294680552142e+04
3.241772193599436832e+03 9.998973116718014031e-01 3.324911541545795459e-03 1.344256842826791944e+04
3.241780531529110704e+03 9.991822959352937294e-01 3.325932287669742388e-03 1.342428505742337256e+04
3.241788869458784575e+03 9.970953860661454504e-01 3.319224420491895602e-03 1.338843831669722204e+04
3.241797207388458446e+03 9.951186227552105690e-01 3.315191909954958056e-03 1.335491647493427627e+04
3.241805545318132317e+03 9.934158136654128723e-01 3.316530753394315075e-03 1.332588138245362825e+04
3.241813883247806189e+03 9.903215872776219841e-01 3.312057372807039775e-03 1.327896506258330919e+04
3.241822221177479605e+03 9.843491943448335890e-01 3.295497177058695059e-03 1.319422673246010345e+04
3.241830559107153476e+03 9.766131533895802130e-01 3.271679953332893090e-03 1.308660081641222314e+04
3.241838897036827348e+03 9.648505657670349844e-01 3.231232003295622570e-03 1.292574946956793246e+04
3.241847234966501219e+03 9.530052291078879856e-01 3.190963911433619769e-03 1.276448520984749848e+04
3.241855572896175090e+03 9.410325200326503658e-01 3.151443230539530474e-03 1.260216128728112199e+04
3.241863910825848961e+03 9.297496793341455401e-01 3.119686362847448689e-03 1.244967293020191391e+04
3.241872248755522378e+03 9.202297024968777439e-01 3.107226669133359223e-03 1.232133764199178950e+04
3.241880586685196249e+03 9.118162353187985181e-01 3.093288752153098512e-03 1.220832048856300571e+04
3.241888924614870120e+03 9.064760440383018425e-01 3.075557824527150146e-03 1.213691415402009807e+04
3.241897262544543992e+03 9.022173443577772289e-01 3.061614668293899215e-03 1.208041633291178914e+04
3.241905600474217863e+03 9.012910569156463714e-01 3.059335481115128038e-03 1.206893863613308167e+04
3.241913938403891734e+03 9.008982391885389518e-01 3.057766232934858424e-03 1.206498039741699540e+04
3.241922276333565605e+03 9.023751265665326260e-01 3.058826997643653619e-03 1.208641527713134565e+04
3.241930614263239022e+03 9.046686683701234966e-01 3.062366542489463467e-03 1.211912258774768998e+04
3.241938952192912893e+03 9.101391483506793278e-01 3.075571272889996224e-03 1.219470911448406332e+04
3.241947290122586764e+03 9.154286910996056736e-01 3.088949168591542758e-03 1.226817744811786724e+04
3.241955628052260636e+03 9.201273202803230689e-01 3.103152749168223198e-03 1.233400902846976714e+04
3.241963965981934507e+03 9.252520019195757950e-01 3.117365483252705193e-03 1.240581138782000744e+04
3.241972303911608378e+03 9.321754659471067628e-01 3.131819025011651700e-03 1.250197660001793702e+04
3.241980641841282250e+03 9.389733525610387543e-01 3.146581549285671492e-03 1.259668566579405524e+04
3.241988979770955666e+03 9.452498322009817988e-01 3.162982865969007820e-03 1.268460231974717317e+04
3.241997317700629537e+03 9.514798357031631904e-01 3.180409179863649943e-03 1.277207151545881607e+04
3.242005655630303409e+03 9.575522671645616546e-01 3.202479829753980198e-03 1.285757612202701603e+04
3.242013993559977280e+03 9.632437025726933166e-01 3.221089907182620154e-03 1.293808761685238642e+04
3.242022331489651151e+03 9.670502729377847828e-01 3.222357808991059818e-03 1.299336871780317597e+04
3.242030669419325022e+03 9.713498175215750097e-01 3.227550483395972593e-03 1.305532716080868340e+04
3.242039007348998894e+03 9.785780965358658046e-01 3.255927684899592809e-03 1.315668980079643916e+04
3.242047345278672310e+03 9.855841194244706616e-01 3.282164615354952065e-03 1.325508848621851212e+04
3.242055683208346181e+03 9.910426928823221626e-01 3.293431980781808942e-03 1.333266323017236937e+04
3.242064021138020053e+03 9.960623167514406351e-01 3.304127884836268944e-03 1.340428245759649508e+04
3.242072359067693924e+03 9.982183305723116851e-01 3.311036870247340610e-03 1.343727182260655172e+04
3.242080696997367795e+03 1.000044546491356101e+00 3.316769083192313509e-03 1.346568586360769586e+04
3.242089034927041666e+03 9.992236104156263510e-01 3.313071507756480422e-03 1.345828288704720944e+04
3.242097372856715538e+03 9.988587636527620495e-01 3.310723370211455466e-03 1.345683900408217596e+04
3.242105710786388954e+03 1.001682096791547849e+00 3.317774383411410156e-03 1.349818182985248495e+04
3.242114048716062825e+03 1.004190319683036181e+00 3.323960037916596014e-03 1.353512827161810856e+04
3.242122386645736697e+03 1.003836665707855014e+00 3.322228621533425841e-03 1.353334598045634266e+04
3.242130724575410568e+03 1.003357244095675727e+00 3.320450864719579325e-03 1.352971087972174064e+04
3.242139062505084439e+03 1.001343716054853950e+00 3.317753271701627885e-03 1.350523409642766455e+04
3.242147400434758310e+03 9.996313584727996027e-01 3.314766249147238671e-03 1.348466781624263967e+04
3.242155738364432182e+03 1.000838271388352574e+00 3.308549837871702180e-03 1.350334491042336231e+04
3.242164076294105598e+03 1.002094369910806471e+00 3.303478929094886846e-03 1.352256247518238706e+04
3.242172414223779469e+03 1.003888621757953015e+00 3.313137177207264340e-03 1.354892607952247090e+04
3.242180752153453341e+03 1.005602467977070091e+00 3.322719683705373586e-03 1.357409533747741989e+04
3.242189090083127212e+03 1.005643475476234006e+00 3.330403608818803974e-03 1.357657711814261893e+04
3.383387928695614391e+03 1.004422598611422135e+00 2.412224037714299704e-03 9.392233786874316138e+03
3.383396541240517763e+03 1.004466984641354532e+00 2.409730462438399324e-03 9.388161167586114971e+03
3.383405153785421135e+03 1.003360323682033206e+00 2.399783960637075480e-03 9.373471801602740015e+03
3.383413766330324506e+03 1.002452750630531630e+00 2.391314587761038477e-03 9.360796178479471564e+03
3.383422378875227878e+03 1.001813376824713053e+00 2.384815051891035504e-03 9.350785054194609984e+03
3.383430991420130795e+03 1.000879786543970695e+00 2.382164490124243691e-03 9.338196130242380605e+03
3.383439603965034166e+03 9.995420960622852791e-01 2.384897645791530033e-03 9.322016120588548802e+03
3.383448216509937538e+03 9.984984235684025711e-01 2.384315190833414741e-03 9.308765761021200888e+03
3.383456829054840910e+03 9.978951606676412789e-01 2.378881540255541483e-03 9.299814211770984912e+03
3.383465441599744281e+03 9.983209178965295472e-01 2.376953237729536803e-03 9.300648936123128806e+03
3.383474054144647653e+03 1.000349900329551289e+00 2.380477007256004158e-03 9.316616832129044269e+03
3.383482666689551024e+03 1.001500963417620182e+00 2.382275546965341613e-03 9.324612592216139092e+03
3.383491279234454396e+03 1.001232232628167074e+00 2.381289820002911034e-03 9.319608849685371752e+03
3.383499891779357768e+03 1.000907833155165960e+00 2.379788979223518980e-03 9.314318997467245936e+03
3.383508504324261139e+03 1.000504667056511865e+00 2.377442136961049717e-03 9.308536855393846054e+03
3.383517116869164511e+03 1.000106246131813537e+00 2.374430290807089203e-03 9.303048006237273512e+03
3.383525729414067882e+03 9.997375100808635340e-01 2.370260318778387269e-03 9.298092078530808067e+03
3.383534341958971254e+03 9.985132684094103483e-01 2.366340714351461861e-03 9.285436915110323753e+03
3.383542954503874626e+03 9.954534668762518024e-01 2.363048548148534780e-03 9.255965847749943350e+03
3.383551567048777997e+03 9.924405322013547526e-01 2.357795543720322875e-03 9.227177682696359625e+03
3.383560179593680914e+03 9.895721267899522111e-01 2.348082880752261521e-03 9.199971758916282852e+03
3.383568792138584286e+03 9.854183119303081551e-01 2.337872987293824773e-03 9.161045930098294775e+03
3.383577404683487657e+03 9.781376632968156182e-01 2.326527733367092423e-03 9.093273447427749488e+03
3.383586017228391029e+03 9.699203617755124407e-01 2.312673156294302920e-03 9.017005419452874776e+03
3.383594629773294400e+03 9.592883506285750927e-01 2.292337669689089967e-03 8.918488527925224844e+03
3.383603242318197772e+03 9.468390574486540423e-01 2.268592059866943698e-03 8.803262151461223766e+03
3.383611854863101144e+03 9.293549148669695281e-01 2.235418260002465171e-03 8.641391931634188950e+03
3.383620467408004515e+03 9.117031478841407521e-01 2.201022815898275118e-03 8.478111799681577395e+03
3.383629079952907887e+03 8.935851480488509191e-01 2.163068985973502258e-03 8.310628275002582086e+03
3.383637692497811258e+03 8.762783917629762831e-01 2.126708858153581339e-03 8.150806732938130153e+03
3.383646305042714630e+03 8.615887810884502729e-01 2.095506404493090950e-03 8.015436018158930892e+03
3.383654917587618002e+03 8.488042608950683299e-01 2.069593771880596112e-03 7.897889168593411341e+03
3.383663530132521373e+03 8.425683374333406972e-01 2.061858681579768933e-03 7.841378694663841088e+03
3.383672142677424745e+03 8.376524467565451548e-01 2.054809905990136968e-03 7.797261582438569349e+03
3.383680755222328116e+03 8.376307794598158996e-01 2.050374049891912857e-03 7.798815697596671271e+03
3.383689367767231488e+03 8.378529360203454956e-01 2.048072737472501643e-03 7.802758181028912986e+03
3.383697980312134405e+03 8.390829804337311959e-01 2.054348107240554222e-03 7.816202798795689887e+03
3.383706592857037776e+03 8.413639710390130588e-01 2.061413647106988007e-03 7.839553047790687742e+03
3.383715205401941148e+03 8.482145579899357246e-01 2.071989575824381442e-03 7.905607134696850153e+03
3.383723817946844520e+03 8.560138287868580553e-01 2.085814101418122235e-03 7.980640123467344893e+03
3.383732430491747891e+03 8.683151585692042707e-01 2.114989776385624905e-03 8.097795289678873814e+03
3.383741043036651263e+03 8.805933189409281825e-01 2.142736447327122946e-03 8.214894376249709239e+03
3.383749655581554634e+03 8.928237194618426908e-01 2.163326657492967327e-03 8.331705772327777595e+03
3.383758268126458006e+03 9.046644323687955680e-01 2.183848954774094374e-03 8.445034891188797701e+03
3.383766880671361378e+03 9.143850498786690872e-01 2.204148658028291102e-03 8.538716498319567108e+03
3.383775493216264749e+03 9.235703296874659962e-01 2.223697484040093337e-03 8.627530695956636919e+03
3.383784105761168121e+03 9.294879475952075865e-01 2.238727570244400129e-03 8.685935173339514222e+03
3.383792718306071492e+03 9.358338916213621017e-01 2.254314129851005266e-03 8.748443425648190896e+03
3.383801330850974864e+03 9.452299764431898454e-01 2.273937943167005180e-03 8.839573665041434651e+03
3.383809943395878236e+03 9.546402022739559623e-01 2.293281281440539155e-03 8.930950574715023322e+03
3.383818555940781607e+03 9.641990482501539006e-01 2.311058497951763973e-03 9.023828171266542995e+03
3.383827168485684524e+03 9.733307298056096402e-01 2.328253543706946399e-03 9.112812334584526980e+03
3.383835781030587896e+03 9.796349960732179118e-01 2.341640548799729920e-03 9.175412093454520800e+03
3.383844393575491267e+03 9.857872838572593333e-01 2.354990449350474312e-03 9.236659202911263492e+03
3.383853006120394639e+03 9.908331330872505172e-01 2.368171029635604812e-03 9.287599474037235268e+03
3.383861618665298010e+03 9.955927518564393619e-01 2.380362606863362530e-03 9.335905865378383169e+03
3.383870231210201382e+03 9.979142382536256850e-01 2.384092175786407981e-03 9.361382111803204680e+03
3.383878843755104754e+03 1.000013311124798188e+00 2.387888554976774075e-03 9.384788492887935718e+03
3.383887456300008125e+03 9.999053086763500797e-01 2.392381714503565970e-03 9.387483390833060184e+03
3.383896068844911497e+03 9.997913523954672366e-01 2.396374528875849091e-03 9.390108966180903735e+03
3.383904681389814868e+03 9.995926323246873135e-01 2.394483908718762332e-03 9.391918297038151650e+03
3.383913293934718240e+03 9.995401541478554641e-01 2.393081800769971193e-03 9.395075394384361061e+03
3.383921906479621612e+03 1.001529293253700992e+00 2.398519994246950827e-03 9.417397731200206181e+03
3.383930519024524983e+03 1.003349583184792948e+00 2.403583003363630489e-03 9.438107897916232105e+03
3.383939131569428355e+03 1.003241718119215253e+00 2.404362564553685650e-03 9.440642146896714621e+03
3.383947744114331726e+03 1.003221662965678052e+00 2.405509334117765692e-03 9.443951173733172254e+03
3.383956356659234643e+03 1.004319657000477095e+00 2.411463095038151368e-03 9.457731312727184559e+03
3.383964969204138015e+03 1.005313440711935735e+00 2.416835887397813642e-03 9.470473255584085564e+03
3.383973581749041387e+03 1.004467939683315159e+00 2.412290050638938883e-03 9.465818491825164529e+03
3.383982194293944758e+03 1.003697751244496894e+00 2.407924823517200701e-03 9.461791400464979233e+03
3.383990806838848130e+03 1.004392092739137654e+00 2.407034796514063643e-03 9.471486897943437725e+03
3.383999419383751501e+03 1.005071400561197148e+00 2.406209776399787208e-03 9.480955269822723494e+03
