3.933017714085263378e+03 1.001925201308797142e+00 3.002462830317322723e-03 8.798062650540789036e+03
3.933026785256841322e+03 1.002490260552701740e+00 3.003377800816622433e-03 8.802865804435314203e+03
3.933035856428419265e+03 1.002436032182799863e+00 3.002689945659195274e-03 8.802157364757722462e+03
3.933044927599997209e+03 1.001567848747828338e+00 2.999894758652642789e-03 8.794219918352095192e+03
3.933053998771574697e+03 1.001205720129124677e+00 3.001897801293994163e-03 8.790635625433547830e+03
3.933063069943152641e+03 1.001556246292161223e+00 3.010679399632666849e-03 8.793209241178408774e+03
3.933072141114730584e+03 1.001653022299502149e+00 3.013317431782295414e-03 8.793446984759326369e+03
3.933081212286308073e+03 1.001356695830941890e+00 3.006554592422810285e-03 8.790117441536931437e+03
3.933090283457886017e+03 1.001285172416128910e+00 3.004762525907940258e-03 8.788636571585971978e+03
3.933099354629463960e+03 1.001576574003591791e+00 3.011153746621278611e-03 8.790207452309987275e+03
3.933108425801041449e+03 1.001524136359455586e+00 3.013284631360054269e-03 8.788618274952856154e+03
3.933117496972619392e+03 1.000845220095170296e+00 3.007763253047858378e-03 8.781381774670349841e+03
3.933126568144197336e+03 1.001015658071250813e+00 3.008074747626058622e-03 8.781438878060534989e+03
3.933135639315774824e+03 1.002817023816091169e+00 3.019648711784666574e-03 8.795632375583027169e+03
3.933144710487352768e+03 1.003753523070845644e+00 3.025228362959043928e-03 8.802058906562002448e+03
3.933153781658930711e+03 1.002845306951909876e+00 3.018106383075143222e-03 8.792123481730437561e+03
3.933162852830508200e+03 1.002107579490547185e+00 3.013587961556810167e-03 8.783492211652095648e+03
3.933171924002086143e+03 1.001734209190439095e+00 3.014969563647144305e-03 8.777854638405338846e+03
3.933180995173664087e+03 1.001617900423260599e+00 3.015886919337471342e-03 8.774259901821378662e+03
3.933190066345242030e+03 1.002111828777092484e+00 3.015531395186838229e-03 8.775790368641704845e+03
3.933199137516819519e+03 1.002251505117072838e+00 3.015932441645875935e-03 8.773988599816542774e+03
3.933208208688397463e+03 1.001370514612728524e+00 3.018282638805939739e-03 8.763017306006022409e+03
3.933217279859975406e+03 1.001033482938615160e+00 3.020491680594096420e-03 8.756565110881525470e+03
3.933226351031552895e+03 1.002291602940806436e+00 3.022100465354604897e-03 8.763809359807746659e+03
3.933235422203130838e+03 1.003537800467878327e+00 3.024298497597026000e-03 8.770677084079667111e+03
3.933244493374708782e+03 1.004671664481346482e+00 3.028261156425377399e-03 8.776281697240396170e+03
3.933253564546286270e+03 1.005101715928578221e+00 3.029580308242604218e-03 8.775450953009341902e+03
3.933262635717864214e+03 1.002810766389244490e+00 3.020744687274687368e-03 8.750583414782022373e+03
3.933271706889442157e+03 1.000827320288030453e+00 3.014160103333524132e-03 8.728123421885842617e+03
3.933280778061019646e+03 1.000033463502924214e+00 3.016719506016523993e-03 8.715747227087906140e+03
3.933289849232597589e+03 9.993862523524192909e-01 3.019196508120475415e-03 8.704359693422309647e+03
3.933298920404175533e+03 9.993046556530763569e-01 3.020867711413144103e-03 8.697656133540007431e+03
3.933307991575753022e+03 9.993805503501120846e-01 3.022887897937437222e-03 8.692134853115821898e+03
3.933317062747330965e+03 1.000208454025089067e+00 3.026480372186418199e-03 8.693018032228350421e+03
3.933326133918908909e+03 1.000681209532404248e+00 3.028817766818420448e-03 8.690733836143263034e+03
3.933335205090486397e+03 9.988647069325967687e-01 3.023085666325639204e-03 8.668562100329454552e+03
3.933344276262064341e+03 9.973096671684971160e-01 3.018864563836954566e-03 8.648724659292391152e+03
3.933353347433642284e+03 9.977361547396044195e-01 3.025979131640735894e-03 8.646179913861351451e+03
3.933362418605220228e+03 9.981495288527030274e-01 3.032179639638578946e-03 8.643675906198772282e+03
3.933371489776797716e+03 9.985804697833112753e-01 3.030533758063411274e-03 8.641536584945304639e+03
3.933380560948375660e+03 9.989742609268427165e-01 3.029301785138781549e-03 8.639346757668521605e+03
3.933389632119953603e+03 9.992645257726255892e-01 3.033693701324540175e-03 8.636591740496060083e+03
3.933398703291531092e+03 9.995540117848983330e-01 3.037882202837389675e-03 8.634219062082915116e+03
3.933407774463109035e+03 1.000443903961322434e+00 3.040873481104732802e-03 8.637477576340515952e+03
3.933416845634686979e+03 1.001039303771474209e+00 3.043063073096124137e-03 8.638694944843289704e+03
3.933425916806264468e+03 9.985256912292761466e-01 3.037003417306771962e-03 8.613620491360941742e+03
3.933434987977842411e+03 9.958596474072519689e-01 3.030713919147879319e-03 8.587762627371297640e+03
3.933444059149420355e+03 9.915295933595339450e-01 3.023473659167502745e-03 8.548069665126373366e+03
3.933453130320997843e+03 9.870345310378764170e-01 3.015504127456240888e-03 8.507449897047730701e+03
3.933462201492575787e+03 9.795316337845266785e-01 2.992074017496221868e-03 8.441381714549559547e+03
3.933471272664153730e+03 9.719358746759551027e-01 2.968444355162024994e-03 8.374968299890384515e+03
3.933480343835731219e+03 9.619295448612913413e-01 2.942415643053837050e-03 8.288212931068957914e+03
3.933489415007309162e+03 9.518765293593696164e-01 2.916244496082049699e-03 8.201457562243182110e+03
3.933498486178887106e+03 9.311644201141571209e-01 2.865983785689275691e-03 8.023233149628134925e+03
3.933507557350465049e+03 9.103950564910630039e-01 2.815560875687002449e-03 7.844847207031612925e+03
3.933516628522042538e+03 8.788490290446269171e-01 2.723905591218920164e-03 7.573881226713077922e+03
3.933525699693620481e+03 8.470551092598374021e-01 2.631318858466070044e-03 7.301005234810781076e+03
3.933534770865198425e+03 8.166707842828018205e-01 2.549717531976827562e-03 7.040460530675093651e+03
3.933543842036775914e+03 7.862872051377872706e-01 2.468191300363429229e-03 6.780062470478380419e+03
3.933552913208353857e+03 7.828121518292661118e-01 2.451911789443248814e-03 6.751852913943600470e+03
3.933561984379931801e+03 7.801526072468093487e-01 2.437597112376990640e-03 6.730874628068845595e+03
3.933571055551509289e+03 7.838631886897079459e-01 2.455263165615500110e-03 6.765056552392054982e+03
3.933580126723087233e+03 7.878766581369940347e-01 2.474488630888896194e-03 6.802059517731368942e+03
3.933589197894665176e+03 7.719153210059428449e-01 2.427062144742365458e-03 6.666744325928458238e+03
3.933598269066242665e+03 7.551131573790937912e-01 2.376828968036032511e-03 6.524213166248401649e+03
3.933607340237820608e+03 7.373685262607487800e-01 2.322177423310059670e-03 6.373555823995159699e+03
3.933616411409398552e+03 7.195663708446707885e-01 2.267253494314870176e-03 6.222392243901350412e+03
3.933625482580976040e+03 7.183574755098260933e-01 2.263498255113408335e-03 6.214752172998966671e+03
3.933634553752553984e+03 7.185240443519044229e-01 2.263983903658464691e-03 6.219101331947049403e+03
3.933643624924131927e+03 7.257312064991949807e-01 2.283116491976115627e-03 6.284501298131847761e+03
3.933652696095709416e+03 7.336677837657850088e-01 2.304177413359825236e-03 6.356350628434557620e+03
3.933661767267287360e+03 7.354109856139402490e-01 2.302426087678258529e-03 6.374640222617528707e+03
3.933670838438865303e+03 7.365582031282380537e-01 2.298489490553739037e-03 6.387820681313135537e+03
3.933679909610443246e+03 7.513856667875248307e-01 2.340015394044955496e-03 6.519745760074362806e+03
3.933688980782020735e+03 7.678095779778855157e-01 2.386854029925847710e-03 6.665681175028567850e+03
3.933698051953598679e+03 8.087260357211117912e-01 2.502416505595135565e-03 7.024508857418395564e+03
3.933707123125176622e+03 8.530686209136748577e-01 2.627592008061899014e-03 7.413468192900353642e+03
3.933716194296754111e+03 8.957260837042164692e-01 2.750226577477950154e-03 7.788146694344968637e+03
3.933725265468332054e+03 9.381305013369611867e-01 2.872434926388438281e-03 8.160959920783713642e+03
3.933734336639909998e+03 9.632700171058292682e-01 2.949534851161700767e-03 8.383818979065412350e+03
3.933743407811487486e+03 9.857295441271745062e-01 3.019626742024109772e-03 8.583479808045940445e+03
3.933752478983065430e+03 9.936531684743530324e-01 3.043910151203145422e-03 8.656597836853699846e+03
3.933761550154643373e+03 9.994986306339999071e-01 3.061643969344135085e-03 8.711553291999523935e+03
3.933770621326220862e+03 1.000691389629386752e+00 3.067708496745864648e-03 8.725851886055595969e+03
3.933779692497798806e+03 1.001116499127476800e+00 3.071853652982354209e-03 8.733312938263656179e+03
3.933788763669376749e+03 1.000899862581539956e+00 3.075490891499921362e-03 8.735016904740225073e+03
3.933797834840954238e+03 1.000573605485293838e+00 3.079072084394281032e-03 8.735604511952053144e+03
3.933806906012532181e+03 1.000179139188406729e+00 3.081777630317362928e-03 8.735439093273449544e+03
3.933815977184110125e+03 9.997867234921384849e-01 3.084366220866917481e-03 8.735136646685867163e+03
3.933825048355687613e+03 9.998395107264848036e-01 3.080935699062497049e-03 8.738573136022416293e+03
3.933834119527265557e+03 9.999981803701436522e-01 3.076295170685514491e-03 8.742788526097670911e+03
3.933843190698843500e+03 1.000505949515306803e+00 3.085452054076121865e-03 8.749913324507884681e+03
3.933852261870421444e+03 1.001094858808168508e+00 3.097347750652175696e-03 8.757608635235639667e+03
3.933861333041998932e+03 1.000203181194881941e+00 3.095453385191560686e-03 8.752211668105670469e+03
3.933870404213576876e+03 9.989939031604795350e-01 3.090523302699823074e-03 8.743894014583396711e+03
3.933879475385154819e+03 9.977208170772720042e-01 3.086667092753523581e-03 8.734878540166821040e+03
3.933888546556732308e+03 9.964465220641112175e-01 3.083074592469851709e-03 8.725716135188238695e+03
3.933897617728310252e+03 9.966541714340074742e-01 3.083178796170329972e-03 8.729400411248685486e+03
3.933906688899888195e+03 9.972254096965205150e-01 3.084196602210654593e-03 8.736144934233198001e+03
3.933915760071465684e+03 9.972292738216956831e-01 3.088367458708875420e-03 8.737796846746137817e+03
3.933924831243043627e+03 9.971159239070765956e-01 3.093280213954002853e-03 8.738301015107927014e+03
3.933933902414621571e+03 9.974418968694604981e-01 3.093133005865451868e-03 8.742537593739381919e+03
3.933942973586199059e+03 9.978889542089357523e-01 3.091732833492958927e-03 8.747721160802118902e+03
3.933952044757777003e+03 9.968194335515291327e-01 3.090479495838307621e-03 8.739496632439442692e+03
3.933961115929354946e+03 9.953948804426203667e-01 3.089291014516538231e-03 8.728046654673828016e+03
3.933970187100932435e+03 9.959263352942762104e-01 3.088117143023659788e-03 8.733639548419774655e+03
3.933979258272510378e+03 9.969120503090357355e-01 3.086975146428546420e-03 8.743112640007904702e+03
3.933988329444088322e+03 9.976475490269500757e-01 3.092977274750278310e-03 8.750290464412424626e+03
3.933997400615666265e+03 9.983272714704091166e-01 3.100834065283321946e-03 8.756880410375406427e+03
3.934006471787243754e+03 9.986016988369589287e-01 3.098924478687154014e-03 8.759818783782535320e+03
3.934015542958821698e+03 9.987857523556541439e-01 3.094668142658503138e-03 8.761870133356951555e+03
3.934024614130399641e+03 9.985883993188492402e-01 3.097847510796789775e-03 8.760483720100186474e+03
3.934033685301977130e+03 9.982946131309099469e-01 3.103072394098061598e-03 8.758161931099455614e+03
3.934042756473555073e+03 9.977243194970684126e-01 3.104922732227781857e-03 8.753327547192735437e+03
3.934051827645133017e+03 9.970895642894558319e-01 3.105922465729011889e-03 8.747843552888862177e+03
3.934060898816710505e+03 9.974405502975350890e-01 3.110084738104255606e-03 8.750926538352492571e+03
3.934069969988288449e+03 9.980400165099442278e-01 3.115043641175044547e-03 8.756110834819692172e+03
3.934079041159866392e+03 9.990710767171927520e-01 3.115478457784993157e-03 8.765005353297734473e+03
3.934088112331443881e+03 1.000226682036405412e+00 3.114689774864214805e-03 8.774918571138039624e+03
3.934097183503021824e+03 9.986551093867053197e-01 3.108448092625846430e-03 8.760835656639263107e+03
3.934106254674599768e+03 9.963773391648187427e-01 3.100800489327055782e-03 8.740490562376036905e+03
3.934115325846177257e+03 9.967875969054792451e-01 3.105447129525931542e-03 8.743660737532052735e+03
3.934124397017755200e+03 9.978690090286020942e-01 3.113155906075474894e-03 8.752654562254345365e+03
3.934133468189333144e+03 9.990997089056433689e-01 3.120495067756223848e-03 8.762896280002209096e+03
3.934142539360910632e+03 1.000376583790692386e+00 3.127747175535875931e-03 8.773483729480796683e+03
3.934151610532488576e+03 1.000828473033872124e+00 3.127552655497670923e-03 8.776779579234636913e+03
3.934160681704066519e+03 1.001067409265454566e+00 3.125409793876512705e-03 8.778154820538018612e+03
3.934169752875644463e+03 9.991950020567795798e-01 3.122038886108659261e-03 8.760967368368224925e+03
3.934178824047221951e+03 9.967982526181222713e-01 3.118372779824172148e-03 8.739138561081956141e+03
3.934187895218799895e+03 9.974668509103336023e-01 3.117343556541952998e-03 8.744141103659496366e+03
3.934196966390377838e+03 9.989960832451005857e-01 3.117062058354747121e-03 8.756644319829698361e+03
3.934206037561955327e+03 1.000053425958872033e+00 3.124186715975136534e-03 8.764969408400556858e+03
3.934215108733533270e+03 1.000988460216973408e+00 3.133291452736221630e-03 8.772183768911914740e+03
3.934224179905111214e+03 1.001106440890687788e+00 3.132697689554154487e-03 8.772202579085376783e+03
3.967868637722652238e+03 1.001338874715701044e+00 3.157760547720418406e-03 6.940972318530886696e+03
3.967877649560460668e+03 1.001214472685776125e+00 3.159909237276629576e-03 6.938975184838975110e+03
3.967886661398269553e+03 1.000954939375068742e+00 3.162433337217332701e-03 6.936004935850080983e+03
3.967895673236077982e+03 1.000428545054918628e+00 3.165690609932164754e-03 6.931122671283375894e+03
3.967904685073886412e+03 9.999160954294626924e-01 3.165767922358588699e-03 6.926247837894416080e+03
3.967913696911694842e+03 9.994228038041521600e-01 3.158573102114205569e-03 6.921389894316976097e+03
3.967922708749503272e+03 9.991679849957735282e-01 3.155369977421643071e-03 6.918040706731228966e+03
3.967931720587311702e+03 9.994441043119888235e-01 3.161374529910318098e-03 6.918196986601778008e+03
3.967940732425120132e+03 9.994613448163093272e-01 3.166926992807989494e-03 6.916363438212516485e+03
3.967949744262928562e+03 9.987299626988008772e-01 3.171103692056442738e-03 6.909126839955976720e+03
3.967958756100737446e+03 9.986186120607601913e-01 3.173725790742009268e-03 6.905930809556019994e+03
3.967967767938545876e+03 1.000172608088897297e+00 3.171824986723191173e-03 6.913970221907959967e+03
3.967976779776354306e+03 1.001090393026778713e+00 3.169315204426750073e-03 6.917301292281966198e+03
3.967985791614162736e+03 9.998062445893490802e-01 3.164481247688768172e-03 6.905112707956594022e+03
3.967994803451971165e+03 9.988080583388569966e-01 3.160830868920100692e-03 6.894620316806428491e+03
3.968003815289779595e+03 9.986793268811500202e-01 3.160877306309429081e-03 6.889867490635198010e+03
3.968012827127588025e+03 9.984718522786090178e-01 3.161595826089941795e-03 6.884326672448834870e+03
3.968021838965396910e+03 9.978289147431386175e-01 3.164708367316735205e-03 6.875561105410906748e+03
3.968030850803205340e+03 9.972985237991599528e-01 3.167660737359868136e-03 6.867370550876646121e+03
3.968039862641013769e+03 9.971466645883626523e-01 3.169610339740608265e-03 6.861604184894134960e+03
3.968048874478822199e+03 9.970945228923453474e-01 3.170900339551812382e-03 6.856359581477690881e+03
3.968057886316630629e+03 9.974621590473430333e-01 3.168377428530727829e-03 6.853854610720575693e+03
3.968066898154439059e+03 9.976195699604896161e-01 3.165934830375709188e-03 6.849777183820796381e+03
3.968075909992247489e+03 9.965462318729703117e-01 3.163679290585473623e-03 6.837148938149322021e+03
3.968084921830056373e+03 9.956997977935430066e-01 3.161963254332890091e-03 6.826002634634082824e+03
3.968093933667864803e+03 9.963956257352266643e-01 3.163848834129530992e-03 6.825365155180084002e+03
3.968102945505673233e+03 9.970719476646588975e-01 3.166148220862417036e-03 6.824541713691634868e+03
3.968111957343481663e+03 9.975515619308473747e-01 3.171354038250969159e-03 6.822340735256168955e+03
3.968120969181290093e+03 9.977862704560367391e-01 3.175643466365720043e-03 6.818456158125129150e+03
3.968129981019098523e+03 9.954380213294214963e-01 3.170221287083463315e-03 6.796947669853004300e+03
3.968138992856906953e+03 9.935514833571227333e-01 3.165945281747893983e-03 6.778650323045761979e+03
3.968148004694715837e+03 9.968889173671928727e-01 3.174665681755830735e-03 6.796041873859193402e+03
3.968157016532524267e+03 9.999910834722468556e-01 3.183270850092197353e-03 6.811870605638971028e+03
3.968166028370332697e+03 1.000366113762327647e+00 3.190735422350605543e-03 6.809199758693664080e+03
3.968175040208141127e+03 1.000599977805061380e+00 3.197398675437172939e-03 6.805681007883134953e+03
3.968184052045949556e+03 9.982361023820459645e-01 3.188328064747564770e-03 6.784640334383517256e+03
3.968193063883757986e+03 9.960742819998116282e-01 3.180151005700149972e-03 6.765151201821671748e+03
3.968202075721566416e+03 9.991624533647437412e-01 3.194526464642233159e-03 6.781490930563953953e+03
3.968211087559375301e+03 1.002032614057571491e+00 3.207991451038623865e-03 6.796519904188457986e+03
3.968220099397183731e+03 9.998232028390312554e-01 3.199482354290952499e-03 6.777295580028395307e+03
3.968229111234992160e+03 9.975866565646055451e-01 3.190937235546134707e-03 6.758101861861270663e+03
3.968238123072800590e+03 9.961988343690730829e-01 3.195336105754410880e-03 6.744860313711791605e+03
3.968247134910609020e+03 9.947823663706503172e-01 3.199651070070806333e-03 6.731615701574005470e+03
3.968256146748417450e+03 9.923652245783340931e-01 3.196745844319704398e-03 6.711785812782566609e+03
3.968265158586225880e+03 9.899212891877136045e-01 3.193759241943424504e-03 6.691955923991126838e+03
3.968274170424034764e+03 9.844124685819122256e-01 3.181111449825395603e-03 6.651589488003523002e+03
3.968283182261843194e+03 9.788638402673346395e-01 3.168340752831132461e-03 6.611136733780329450e+03
3.968292194099651624e+03 9.728551116179453562e-01 3.149072721465252713e-03 6.567750744826901609e+03
3.968301205937460054e+03 9.668056276909678948e-01 3.129486051096307207e-03 6.524255449369458802e+03
3.968310217775268484e+03 9.536722886884136940e-01 3.095817451647788019e-03 6.433131221805841051e+03
3.968319229613076914e+03 9.402132247651305841e-01 3.061475400861507750e-03 6.339992634414387794e+03
3.968328241450885344e+03 9.210344153297923553e-01 3.005885866448253230e-03 6.208470459766398562e+03
3.968337253288694228e+03 9.015581114230248883e-01 2.949207662215214652e-03 6.075130065988660135e+03
3.968346265126502658e+03 8.877365471904049565e-01 2.912453092279891371e-03 5.980056672490490200e+03
3.968355276964311088e+03 8.741926372240342857e-01 2.876686670196131924e-03 5.886992156025190525e+03
3.968364288802119518e+03 8.769774050599064008e-01 2.881377755786663792e-03 5.903983217743907517e+03
3.968373300639927947e+03 8.812072983296945772e-01 2.889641128906506647e-03 5.930755139808621607e+03
3.968382312477736377e+03 8.811160919830263172e-01 2.892658323598997633e-03 5.928496336681803768e+03
3.968391324315544807e+03 8.806095220473185714e-01 2.895158275918420596e-03 5.923496625285615664e+03
3.968400336153353692e+03 8.686322464278938282e-01 2.862516555648854898e-03 5.841406182925654321e+03
3.968409347991162122e+03 8.554962248310167272e-01 2.826325587243724326e-03 5.751605681529577851e+03
3.968418359828970551e+03 8.487395664518948557e-01 2.814889320483693943e-03 5.704759952139838788e+03
3.968427371666778981e+03 8.426513049587491810e-01 2.806055050222106863e-03 5.662453215240753707e+03
3.968436383504587411e+03 8.447761248685068391e-01 2.809770728959325257e-03 5.675361877899142200e+03
3.968445395342395841e+03 8.478158140797406039e-01 2.814881862376832685e-03 5.694420647084603843e+03
3.968454407180204271e+03 8.503507818736114610e-01 2.815218536925590334e-03 5.710086273591408826e+03
3.968463419018013155e+03 8.528102145010466595e-01 2.814829746033551371e-03 5.725236066059337645e+03
3.968472430855821585e+03 8.543029405309610080e-01 2.819342493095580281e-03 5.733882570090459922e+03
3.968481442693630015e+03 8.556450575880047982e-01 2.824639312925160926e-03 5.741500072786844612e+03
3.968490454531438445e+03 8.674411918346744965e-01 2.857102174776242343e-03 5.819223824021595647e+03
3.968499466369246875e+03 8.809667130906974064e-01 2.894062256171793610e-03 5.908480081615399286e+03
3.968508478207055305e+03 9.051512745285330563e-01 2.965486557012884418e-03 6.069126268319909286e+03
3.968517490044863735e+03 9.311740801002920120e-01 3.042851802792539539e-03 6.241968801475258260e+03
3.968526501882672619e+03 9.528774181763212114e-01 3.103010706624215534e-03 6.385721094989499761e+03
3.968535513720481049e+03 9.738318174950166828e-01 3.160168845343815005e-03 6.524317097729993293e+03
3.968544525558289479e+03 9.855029941475735855e-01 3.204734624904141769e-03 6.600589695113144444e+03
3.968553537396097909e+03 9.954821636265692719e-01 3.247037144151023076e-03 6.665411460381360484e+03
3.968562549233906338e+03 9.988154484456376325e-01 3.252192249149390892e-03 6.685623740796881975e+03
3.968571561071714768e+03 1.000895973903111802e+00 3.250311543765645010e-03 6.697347501745331101e+03
3.968580572909523198e+03 1.000210063219450607e+00 3.251427071721112432e-03 6.690457791232005547e+03
3.968589584747332083e+03 9.989912119869454044e-01 3.253175306881812574e-03 6.679902889775056792e+03
3.968598596585140513e+03 9.990241925722103122e-01 3.249934865573507730e-03 6.677618406606620738e+03
3.968607608422948942e+03 9.993241268364519980e-01 3.245713787122685504e-03 6.677017866708326437e+03
3.968616620260757372e+03 1.000028260783372591e+00 3.251887471161032678e-03 6.679019182280854693e+03
3.968625632098565802e+03 1.000828861929344171e+00 3.260290110454620600e-03 6.681567890750751758e+03
3.968634643936374232e+03 9.996311202352946568e-01 3.257658112118542396e-03 6.670687433930128464e+03
3.968643655774182662e+03 9.979242600426179166e-01 3.252196166256944142e-03 6.656332256747607062e+03
3.968652667611991546e+03 9.975099564653230333e-01 3.254514214409888299e-03 6.650522761252856981e+03
3.968661679449799976e+03 9.974483977458783457e-01 3.258935255135431142e-03 6.646987753096919732e+03
3.968670691287608406e+03 9.980354207338840711e-01 3.258693734177810566e-03 6.647697876653579442e+03
3.968679703125416836e+03 9.988083151784781233e-01 3.257199417307847684e-03 6.649569706622894046e+03
3.968688714963225266e+03 9.980959067539532104e-01 3.257870797636258642e-03 6.641484441137817157e+03
3.968697726801033696e+03 9.969714905058896237e-01 3.259175157212910665e-03 6.630598788908003371e+03
3.968706738638842126e+03 9.976902095931464709e-01 3.260400222791008402e-03 6.631911155204144052e+03
3.968715750476651010e+03 9.988690686973474842e-01 3.261627944163046806e-03 6.636217387906651311e+03
3.968724762314459440e+03 9.994014050894948209e-01 3.268964170989271424e-03 6.636167453809670405e+03
3.968733774152267870e+03 9.997761916677554428e-01 3.277870988061547947e-03 6.635016740598719480e+03
3.968742785990076300e+03 9.990909065430033653e-01 3.276402613845966552e-03 6.626784098607554370e+03
3.968751797827884729e+03 9.981337603725259910e-01 3.272246426204882073e-03 6.616709906135204619e+03
3.968760809665693159e+03 1.000157799732138253e+00 3.278834188770774188e-03 6.626353206507581490e+03
3.968769821503501589e+03 1.002986285458879356e+00 3.288319205197046905e-03 6.641270195284373585e+03
3.968778833341310474e+03 1.002913380604133931e+00 3.293229370220761981e-03 6.636930889756317811e+03
3.968787845179118904e+03 1.002044435895472096e+00 3.296894145924167147e-03 6.627296531466537999e+03
3.968796857016927333e+03 1.000095624009976536e+00 3.285714999385142693e-03 6.610503843411202979e+03
3.968805868854735763e+03 9.978418935235970899e-01 3.270332247929281198e-03 6.591688334761553051e+03
3.968814880692544193e+03 9.982398154773496346e-01 3.276013479548831563e-03 6.590376463649039579e+03
3.968823892530352623e+03 9.994108414372416815e-01 3.287830425644710283e-03 6.594145531425489935e+03
3.968832904368161053e+03 1.000050940749029893e+00 3.290416074009469560e-03 6.594390886282661086e+03
3.968841916205969937e+03 1.000533956067542807e+00 3.290250379266186805e-03 6.593585934315842678e+03
3.968850928043778367e+03 9.999707635187969901e-01 3.288002500825272251e-03 6.585880156160917068e+03
3.968859939881586797e+03 9.990865925410684634e-01 3.285115072965087441e-03 6.576063056297979529e+03
3.968868951719395227e+03 9.982747667132227942e-01 3.285251138539544737e-03 6.566729245612125851e+03
3.968877963557203657e+03 9.974844592318081737e-01 3.286336384824002903e-03 6.557547154947491435e+03
