9.999997020825331928e-01
9.999996969308508898e-01
9.999996900735014238e-01
9.999996818907193052e-01
9.999996727737606728e-01
9.999996629612237786e-01
9.999996525341150466e-01
9.999996414794498634e-01
9.999996297394734279e-01
9.999996172270284589e-01
9.999996038134697507e-01
9.999995892853540402e-01
9.999995732406739002e-01
9.999995548531391831e-01
9.999995323546657655e-01
9.999995019405205632e-01
9.999994555439633004e-01
9.999993765009786983e-01
9.999992314735837162e-01
9.999989560948570055e-01
9.999984306998367378e-01
9.999974414439014581e-01
9.999956215794782999e-01
9.999923684838740723e-01
9.999867353032670936e-01
9.999773029223009146e-01
9.999620490098002357e-01
9.999382454962250089e-01
9.999024313246278606e-01
9.998505185313888433e-01
9.997780895147896363e-01
9.996809244109150505e-01
9.995557554016565316e-01
9.994011816595915754e-01
9.992186058150096528e-01
9.990129906429268125e-01
9.987932081213690694e-01
9.985717835751707350e-01
9.983639334593521486e-01
9.981859440053475474e-01
9.980531056005866875e-01
9.979775569434438109e-01
9.979664575359810108e-01
9.980208689231948593e-01
9.981355864562950764e-01
9.982999584207591370e-01
9.984995141959878140e-01
9.987180571917557703e-01
9.989398047401119030e-01
9.991511891262453426e-01
9.993420525285594547e-01
9.995061315418433123e-01
9.996408842775272863e-01
9.997468226985544160e-01
9.998265499144723956e-01
9.998836598060308889e-01
9.999215417195485012e-01
9.999419662048945057e-01
9.999431537341533227e-01
9.999169431223682292e-01
9.998448488482003516e-01
9.996934345073207329e-01
9.994106299417384598e-01
9.989261008418377497e-01
9.981596560648517968e-01
9.970406000239442346e-01
9.955368794346142192e-01
9.936863815853187454e-01
9.916167368056338915e-01
9.895389317368061821e-01
9.877072137506908156e-01
9.863520303818186230e-01
9.856076726881920491e-01
9.854631695039535177e-01
9.857583870120101288e-01
9.862292909136636254e-01
9.865858921844481433e-01
9.865940203313940948e-01
9.861333389151389905e-01
9.852166417730587877e-01
9.839715918917162352e-01
9.825977358936185402e-01
9.813152338551788256e-01
9.803187268449486957e-01
9.797441041846853826e-01
9.796510086825720443e-01
9.800209362798173451e-01
9.807691540219258819e-01
9.817672940330510745e-01
9.828718776042136840e-01
9.839525612305879410e-01
9.849134777976220612e-01
9.857024497800024321e-01
9.863061622672255613e-01
9.867337661152000283e-01
9.869953166474210171e-01
9.870833634722435690e-01
9.869649864222703739e-01
9.865878586402172523e-01
9.858988480328574333e-01
9.848691291788695956e-01
9.835174095639794833e-01
9.819234133885603732e-01
9.802268235211687442e-01
9.786112175569376959e-01
9.772766458918877852e-01
9.764072122775235840e-01
9.761408079386462155e-01
9.765471459982406621e-01
9.776179927843391404e-01
9.792706946491540609e-01
9.813634055247797416e-01
9.837183441135168849e-01
9.861482843262631137e-01
9.884814350758424073e-01
9.905807937817276976e-01
9.923556477303504542e-01
9.937647027920596399e-01
9.948118941780044189e-01
9.955369662105690853e-01
9.960032931518973953e-01
9.962852440159155609e-01
9.964568803141902187e-01
9.965831394483961603e-01
9.967140579385869170e-01
9.968821011807045274e-01
9.971022978791193037e-01
9.973746106110139564e-01
9.976877992739214829e-01
9.980239584337045056e-01
9.983629457184195477e-01
9.986860663575568564e-01
9.989786131918022560e-01
9.992311323616153151e-01
9.994395330568932589e-01
9.996043353609147530e-01
9.997294280470004901e-01
9.998206920151955224e-01
9.998847617223711737e-01
9.999280836738178024e-01
9.999563222792875461e-01
9.999740820152028808e-01
9.999848694561913609e-01
9.999912060779915235e-01
9.999948128068651965e-01
9.999968086011470358e-01
9.999978885040270438e-01
9.999984658519274205e-01
9.999987764153221992e-01
9.999989494096788167e-01
9.999990530031526159e-01
9.999991218952790639e-01
9.999991731908888237e-01
9.999992151065508761e-01
9.999992515329885201e-01
9.999992843247365037e-01
9.999993144032530701e-01
9.999993422686623834e-01
9.999993682293865094e-01
9.999993925026046115e-01
9.999994152577315054e-01
9.999994366355385855e-01
9.999994567570801296e-01
9.999994757283580116e-01
9.999994936431436665e-01
9.999995105849316390e-01
9.999995266284262829e-01
9.999995418407330305e-01
9.999995562823429385e-01
9.999995700079558070e-01
9.999995830671799535e-01
9.999995955051264040e-01
9.999996073629198179e-01
9.999996186781390239e-01
9.999996294851983825e-01
9.999996398156794086e-01
9.999996496986205408e-01
9.999996591607720475e-01
9.999996682268182946e-01
9.999996769195764745e-01
9.999996852601702457e-01
9.999996932681851636e-01
9.999997009618067922e-01
9.999997083579443835e-01
9.999997154723384574e-01
9.999997223196437357e-01
9.999997289133677469e-01
9.999997352649826476e-01
9.999997413794139423e-01
9.999997472397047504e-01
9.999997527725043023e-01
9.999997578050817681e-01
9.999997620667246956e-01
9.999997652931132963e-01
9.999992609831365176e-01
9.999992494721856584e-01
9.999992343381596260e-01
9.999992163054364225e-01
9.999991961799987727e-01
9.999991745213759886e-01
9.999991515808972498e-01
9.999991273978530160e-01
9.999991019050399332e-01
9.999990749848310934e-01
9.999990464824504155e-01
9.999990161914841247e-01
9.999989838095314498e-01
9.999989488377398761e-01
9.999989103614246311e-01
9.999988665824915968e-01
9.999988138510311764e-01
9.999987447233439353e-01
9.999986442006667531e-01
9.999984827067985860e-01
9.999982034726155877e-01
9.999977007710485477e-01
9.999967839363362865e-01
9.999951205297479273e-01
9.999921508808944370e-01
9.999869664006286740e-01
9.999781467546470237e-01
9.999635576356360467e-01
9.999401226998942960e-01
9.999036005753824119e-01
9.998484192740144660e-01
9.997676418636958218e-01
9.996531520335648624e-01
9.994961472385865964e-01
9.992880014031463309e-01
9.990215029994277129e-01
9.986923892887249465e-01
9.983009956005270968e-01
9.978537425377839165e-01
9.973641239791959379e-01
9.968528641388750833e-01
9.963470011825060757e-01
9.958778258740262901e-01
9.954778291129089407e-01
9.951770427826522880e-01
9.949993345903331843e-01
9.949592869569130471e-01
9.950602239405584859e-01
9.952937550226046426e-01
9.956409221893252059e-01
9.960747336367120619e-01
9.965636160731915494e-01
9.970751756681566214e-01
9.975796521790495364e-01
9.980525719480652924e-01
9.984763121150250775e-01
9.988405219879524788e-01
9.991415494034758815e-01
9.993811456181851405e-01
9.995647482547742602e-01
9.996995642299224549e-01
9.997925043764489539e-01
9.998477844334869857e-01
9.998637578333620102e-01
9.998283972376957873e-01
9.997129922797246548e-01
9.994643414060084829e-01
9.989971754676342242e-01
9.981906075522449795e-01
9.968942597309161657e-01
9.949498699354588638e-01
9.922309528367792009e-01
9.886958310650459936e-01
9.844398002727665631e-01
9.797248038228372202e-01
9.749653092459391601e-01
9.706603356520984160e-01
9.672815664948254399e-01
9.651481788953166774e-01
9.643301028371936701e-01
9.646159239429875631e-01
9.655603296695181026e-01
9.665975991659497835e-01
9.671845905606214489e-01
9.669287560498873724e-01
9.656661226373866036e-01
9.634749423507260602e-01
9.606325720528781087e-01
9.575373194062287707e-01
9.546202520533189073e-01
9.522667694217192835e-01
9.507592665897275364e-01
9.502448805007086552e-01
9.507278648049103387e-01
9.520839839196371113e-01
9.540929087309659717e-01
9.564828388932523628e-01
9.589794556460945474e-01
9.613497503214416540e-01
9.634315119441941855e-01
9.651420772949241833e-01
9.664651271304143254e-01
9.674205198659269200e-01
9.680273675197792471e-01
9.682728595117666703e-01
9.680977200107400149e-01
9.674040042240446002e-01
9.660838363164668818e-01
9.640609917940178297e-01
9.613330974612182001e-01
9.580019006584096219e-01
9.542824524471076320e-01
9.504878479075244968e-01
9.469924218977311403e-01
9.441811863557130202e-01
9.423957236552787942e-01
9.418865696353202477e-01
9.427799211721317185e-01
9.450632017383253647e-01
9.485904699642966342e-01
9.531054667868754660e-01
9.582776283483684931e-01
9.637448568793033354e-01
9.691563681384109952e-01
9.742095489764529548e-01
9.786763263820753567e-01
9.824167370665615184e-01
9.853797156678517632e-01
9.875930973727049533e-01
9.891461015932844214e-01
9.901680046098522148e-01
9.908064300534533686e-01
9.912079425337966265e-01
9.915027058204045618e-01
9.917940811677914414e-01
9.921533078157569463e-01
9.926188516202314460e-01
9.931996090302732672e-01
9.938808886864674008e-01
9.946319559852818681e-01
9.954139260459365923e-01
9.961869337916604561e-01
9.969157813657819611e-01
9.975736191395437880e-01
9.981435915294319949e-01
9.986187028447262026e-01
9.990003773174809254e-01
9.992962770059403699e-01
9.995179100325015664e-01
9.996784437149808245e-01
9.997909783542067164e-01
9.998673809213376451e-01
9.999176541025186493e-01
9.999497390028017074e-01
9.999696184103736840e-01
9.999815913840719439e-01
9.999886148528023266e-01
9.999926407182888610e-01
9.999949081164147824e-01
9.999961748448529253e-01
9.999968879944078903e-01
9.999973023965817998e-01
9.999975585870192196e-01
9.999977316999770771e-01
9.999978607882169523e-01
9.999979656796874616e-01
9.999980562895472991e-01
9.999981375726232358e-01
9.999982120640182881e-01
9.999982811390926152e-01
9.999983456194063702e-01
9.999984060566879940e-01
9.999984628636211514e-01
9.999985163739566474e-01
9.999985668708057940e-01
9.999986146008226218e-01
9.999986597820968992e-01
9.999987026091482489e-01
9.999987432564740875e-01
9.999987818812873241e-01
9.999988186257326994e-01
9.999988536187340848e-01
9.999988869775542355e-01
9.999989188091287229e-01
9.999989492112107969e-01
9.999989782733629262e-01
9.999990060778168877e-01
9.999990327002242774e-01
9.999990582103148729e-01
9.999990826724736159e-01
9.999991061462515374e-01
9.999991286868161744e-01
9.999991503453520281e-01
9.999991711694173890e-01
9.999991912032619723e-01
9.999992104881120225e-01
9.999992290624248881e-01
9.999992469621187263e-01
9.999992642207791160e-01
9.999992808698437985e-01
9.999992969387543340e-01
9.999993124549697576e-01
9.999993274432270596e-01
9.999993419214264767e-01
9.999993558853448317e-01
9.999993692680675395e-01
9.999993818677286317e-01
9.999993932814494890e-01
9.999994029435060883e-01
9.999994103403591073e-01
9.999995477116828679e-01
9.999995392897507163e-01
9.999995279659700254e-01
9.999995144582193296e-01
9.999994994491545608e-01
9.999994833036769393e-01
9.999994661081221814e-01
9.999994478033988887e-01
9.999994282622568509e-01
9.999994072971916115e-01
9.999993846103838457e-01
9.999993596533132134e-01
9.999993312845212312e-01
9.999992969684350363e-01
9.999992509742009483e-01
9.999991805023396019e-01
9.999990577415240889e-01
9.999988243766352314e-01
9.999983629365838400e-01
9.999974467176868664e-01
9.999956574566180034e-01
9.999922588376326527e-01
9.999860166322069865e-01
9.999749658612715475e-01
9.999561447559162097e-01
9.999253454248225870e-01
9.998769685413669839e-01
9.998041039318954493e-01
9.996989736110472036e-01
9.995538478958150286e-01
9.993624623459764766e-01
9.991218223294178191e-01
9.988341069711625941e-01
9.985082263467170982e-01
9.981605127646666631e-01
9.978140990540962374e-01
9.974967765234790118e-01
9.972374952100365730e-01
9.970620708604769344e-01
9.969889648231058388e-01
9.970260872774230343e-01
9.971693878613022699e-01
9.974035801673006851e-01
9.977048212081791601e-01
9.980446974573027319e-01
9.983945981615032217e-01
9.987295539162437397e-01
9.990308593336916232e-01
9.992871809270178485e-01
9.994942396008091867e-01
9.996534314882683514e-01
9.997698389175082578e-01
9.998499654529275915e-01
9.998992274823335080e-01
9.999188150874760428e-01
9.999011503874551954e-01
9.998231471475647059e-01
9.996373340444433264e-01
9.992631376086205108e-01
9.985840491955373377e-01
9.974593379028859896e-01
9.957580813402349129e-01
9.934152668603279945e-01
9.904948560907753663e-01
9.872298645088082303e-01
9.840064737541152073e-01
9.812768096246792249e-01
9.794197159453801316e-01
9.786025247411802575e-01
9.787068943947798694e-01
9.793576840593574140e-01
9.800466633243122283e-01
9.802993611559562837e-01
9.798178850053386180e-01
9.785508775164522000e-01
9.766791308610665023e-01
9.745389229517870122e-01
9.725199187001258849e-01
9.709703418166378830e-01
9.701288364422326893e-01
9.700899768175763604e-01
9.708028794545930928e-01
9.720984895675097714e-01
9.737379109812616118e-01
9.754703734528790138e-01
9.770863473565998270e-01
9.784514463695153097e-01
9.795118398150615135e-01
9.802713017815053442e-01
9.807505357768829812e-01
9.809465480152548267e-01
9.808101014037515775e-01
9.802520867619017864e-01
9.791778252569331986e-01
9.775368303638782841e-01
9.753691601131047051e-01
9.728305409822985972e-01
9.701860144012917075e-01
9.677724788443834436e-01
9.659400187427031881e-01
9.649873242693045583e-01
9.651068758277694393e-01
9.663517833478422192e-01
9.686300524893524111e-01
9.717254763678254692e-01
9.753388031859350216e-01
9.791392946503427730e-01
9.828157720450962920e-01
9.861177248126462569e-01
9.888804379671662925e-01
9.910323236886926512e-01
9.925865205805385338e-01
9.936214251861272828e-01
9.942557815316830361e-01
9.946234938832072547e-01
9.948520136499009459e-01
9.950465839338991092e-01
9.952812110040314408e-01
9.955961297539748234e-01
9.960007352281027293e-01
9.964804193101879370e-01
9.970054710404815390e-01
9.975401969388222323e-01
9.980507069128902176e-01
9.985103424049568410e-01
9.989023744855282105e-01
9.992202109314207714e-01
9.994657830891461314e-01
9.996469638235115918e-01
9.997748094947495057e-01
9.998611990593686549e-01
9.999171647624731651e-01
9.999519603218742780e-01
9.999727455251309349e-01
9.999846916271295516e-01
9.999913114377305678e-01
9.999948606331972023e-01
9.999967134025653515e-01
9.999976662248748482e-01
9.999981593056224138e-01
9.999984251326320406e-01
9.999985813001508461e-01
9.999986849425422930e-01
9.999987628500563996e-01
9.999988272497570829e-01
9.999988836623547872e-01
9.999989346293450820e-01
9.999989814028965585e-01
9.999990246812224814e-01
9.999990649178429614e-01
9.999991024489209845e-01
9.999991375458949783e-01
9.999991704383168756e-01
9.999992013249234812e-01
9.999992303799386528e-01
9.999992577572687225e-01
9.999992835936246660e-01
9.999993080109881305e-01
9.999993311186268219e-01
9.999993530147646137e-01
9.999993737879848688e-01
9.999993935184158245e-01
9.999994122787383422e-01
9.999994301350501047e-01
9.999994471476070235e-01
9.999994633714646142e-01
9.999994788570352178e-01
9.999994936505719467e-01
9.999995077945942334e-01
9.999995213282585338e-01
9.999995342876873972e-01
9.999995467062585686e-01
9.999995586148614501e-01
9.999995700421167033e-01
9.999995810144892694e-01
9.999995915556801895e-01
9.999996016819461264e-01
9.999996113816677079e-01
9.999996205580825581e-01
9.999996289382668824e-01
9.999996360438716536e-01
9.999996413724582256e-01
9.999904884900606694e-01
9.999855725178373733e-01
9.999764950932930052e-01
9.999605847897621302e-01
9.999337775352148405e-01
9.998901071581971500e-01
9.998212048215139314e-01
9.997159095751335656e-01
9.995601350240195249e-01
9.993371797398936662e-01
9.990286794042599894e-01
9.986163518283485141e-01
9.980845690978330520e-01
9.974236067209398815e-01
9.966331928142632135e-01
9.957257613919190398e-01
9.947286711899482325e-01
9.936846536174860356e-01
9.926499441784604194e-01
9.916899274394452846e-01
9.908726244627970026e-01
9.902608617293369164e-01
9.899043478934907991e-01
9.898330326090608589e-01
9.900529690702422059e-01
9.905454663774252433e-01
9.912696947643022671e-01
9.921682443263878382e-01
9.931745955406271475e-01
9.942211629096640024e-01
9.952465783374823127e-01
9.962011635754337568e-01
9.970500067399709065e-01
9.977735738344541971e-01
9.983662208202812582e-01
9.988332268425966776e-01
9.991869947111560180e-01
9.994428555304112338e-01
9.996145002382261779e-01
9.997085115173673930e-01
9.997169358437825171e-01
9.996066228828200950e-01
9.993046759796504475e-01
9.986814043140703756e-01
9.975359247874375779e-01
9.955942734044719300e-01
9.925331243906259093e-01
9.880401417067842251e-01
9.819112688866362681e-01
9.741663549430137348e-01
9.651442197771676890e-01
9.555285243714382037e-01
9.462674776355208817e-01
9.383849871009124488e-01
9.327264122750114073e-01
9.297176469195354009e-01
9.292228725045598159e-01
9.305576741296477383e-01
9.326605171308210984e-01
9.343690870198089193e-01
9.347126802153289393e-01
9.331320579732190756e-01
9.295715668112638497e-01
9.244372966389160506e-01
9.184568891549231839e-01
9.124960158292586554e-01
9.073822216873310698e-01
9.037686538235242262e-01
9.020506548541238345e-01
9.023350424604479336e-01
9.044560242556554108e-01
9.080296855978498005e-01
9.125369610149743904e-01
9.174213012223445540e-01
9.221830486707685015e-01
9.264507672383320847e-01
9.300132079629932491e-01
9.328049999317715724e-01
9.348524180069746059e-01
9.361982952478381526e-01
9.368324667336593858e-01
9.366529048846223837e-01
9.354728957869242745e-01
9.330743608425808855e-01
9.292919200751799114e-01
9.241018275731240905e-01
9.176879796565233782e-01
9.104641736871291746e-01
9.030448239851831538e-01
8.961705959937125154e-01
8.906061996862784103e-01
8.870321880161899930e-01
8.859510498877256612e-01
8.876222309917781716e-01
8.920336264141865978e-01
8.989105564329021858e-01
9.077580841415089363e-01
9.179287294635529726e-01
9.287049584314637229e-01
9.393843508156878297e-01
9.493554548280959127e-01
9.581543543557982101e-01
9.654957612251340304e-01
9.712772376096676652e-01
9.755597892120306813e-01
9.785314506618920660e-01
9.804619997264917286e-01
9.816566206272943074e-01
9.824147246426727653e-01
9.829979506500672315e-01
9.836092210809126435e-01
9.843829684321843132e-01
9.853853690244942509e-01
9.866225724189618962e-01
9.880544148596119847e-01
9.896109080266366487e-01
9.912088953586264406e-01
9.927666651459536862e-01
9.942149602816737763e-01
9.955036272448913870e-01
9.966039552814290881e-01
9.975074204408505008e-01
9.982219591072627463e-01
9.987670140523292606e-01
9.991684591083020983e-01
9.994542050138892630e-01
9.996509255718571962e-01
9.997820122722518299e-01
9.998666247680174646e-01
9.999195728806091754e-01
9.999517309735712622e-01
9.999707181745347562e-01
9.999816449961276277e-01
9.999878010646845450e-01
9.999912224474030165e-01
9.999931227744489615e-01
9.999941995194896460e-01
9.999948390591278935e-01
9.999952466326387235e-01
9.999955249516454536e-01
9.999957210148672226e-01
9.999958551089406233e-01
9.999974558647037881e-01
9.999973997089293132e-01
9.999973223183677984e-01
9.999972219655359762e-01
9.999970919202537667e-01
9.999969131568235969e-01
9.999966427100087651e-01
9.999961927232261516e-01
9.999953922208748569e-01
9.999939200973120279e-01
9.999911931634543061e-01
9.999861878447584562e-01
9.999771699855761753e-01
9.999613070343246202e-01
9.999341446839054015e-01
9.998889506179781117e-01
9.998159656811351770e-01
9.997016591451262091e-01
9.995281557001711725e-01
9.992730747473221875e-01
9.989100750756225722e-01
9.984103998938642643e-01
9.977456373325694905e-01
9.968917294240465798e-01
9.958339821296124938e-01
9.945724896409443572e-01
9.931270646968461957e-01
9.915405645181627481e-01
9.898795178754193902e-01
9.882312527324668139e-01
9.866972853714479630e-01
9.853834667935457148e-01
9.843881273912107321e-01
9.837900254973976910e-01
9.836381262430988759e-01
9.839450297565367487e-01
9.846852555863534473e-01
9.857987024474970106e-01
9.871986409932961282e-01
9.887827838643324929e-01
9.904454940127034313e-01
9.920891343538725815e-01
9.936329139574187064e-01
9.950182313080181418e-01
9.962102722626073881e-01
9.971962961626861244e-01
9.979814824712007759e-01
9.985833222490405614e-01
9.990253011522841620e-01
9.993300653544123779e-01
9.995114760800822840e-01
9.995641314848772163e-01
9.994484576412456800e-01
9.990700268806431694e-01
9.982542407143453200e-01
9.967225202816285545e-01
9.940830244549425654e-01
9.898546961940681843e-01
9.835427921717110333e-01
9.747715202046614014e-01
9.634539824915546724e-01
9.499491072418895232e-01
9.351358969449667935e-01
9.203439609669823440e-01
9.071213772707054090e-01
8.968832989241800613e-01
8.905403042232716837e-01
8.882275948213071981e-01
8.892324477996290666e-01
8.921550448463393401e-01
8.952597359811215183e-01
8.969095484492679571e-01
8.959518458413472386e-01
8.919475790912317903e-01
8.851985729265280378e-01
8.765975228083593418e-01
8.673734160784242198e-01
8.588161118546451256e-01
8.520439469111036335e-01
8.478461356285189598e-01
8.466048821753481279e-01
8.482881213655207864e-01
8.525003204436171211e-01
8.585789303391281324e-01
8.657221763031213158e-01
8.731285089706958269e-01
8.801221021403495826e-01
8.862373113004545777e-01
8.912419556789725750e-01
8.950948520701405009e-01
8.978528693464749022e-01
8.995596827181508992e-01
9.001555658327198284e-01
8.994415942851706758e-01
8.971140417819516433e-01
8.928613050020295372e-01
8.864943755331020636e-01
8.780700849899569782e-01
8.679681674756217769e-01
8.568976547055061621e-01
8.458294921824398571e-01
8.358724811943948341e-01
8.281219910470722922e-01
8.235127786066864797e-01
8.227007063131128728e-01
8.259878159333891023e-01
8.332955485662616457e-01
8.441841701542966980e-01
8.579124820206474045e-01
8.735291796720621171e-01
8.899845250793110285e-01
9.062482815591492713e-01
9.214182444689618112e-01
9.348045912697853232e-01
9.459793202111546062e-01
9.547865765177901975e-01
9.613169114685389260e-01
9.658544418146667310e-01
9.688090559117408240e-01
9.706459348740940074e-01
9.718224088797589033e-01
9.727387309035104845e-01
9.737058337304563826e-01
9.749302379177349209e-01
9.765142313176230493e-01
9.784681684485239117e-01
9.807310619581051103e-01
9.831954219691396712e-01
9.857324867456030981e-01
9.882145641194175489e-01
9.905321227639893866e-01
9.926044165334689806e-01
9.943836037915370074e-01
9.958533245403189404e-01
9.970233523098412931e-01
9.979221707025849319e-01
9.985891704912817080e-01
9.990677409095916062e-01
9.993999933023204330e-01
9.996233483687695376e-01
9.997688346197275422e-01
9.998607225370546026e-01
9.999170448526722987e-01
9.999505878899306310e-01
9.999700330206799936e-01
9.999810384674343577e-01
9.999871513081408647e-01
9.999905137127205190e-01
9.999923737173348481e-01
9.999934336196204532e-01
9.999940754162162104e-01
9.999944995517149327e-01
9.999948061680781208e-01
9.999950407871567304e-01
9.999952203607078705e-01
9.999953499297240533e-01
