3.065539884025216907e+03 9.815140009412487432e-01 2.104368037876421307e-02 1.436836971115556480e+03
3.065548261060273944e+03 1.108074269570024084e+00 2.531407260655198221e-02 1.622383052347238845e+03
3.065556638095330982e+03 1.238569228988781745e+00 3.027719537095702879e-02 1.813753818879043592e+03
3.065565015130388474e+03 1.219398617662654782e+00 2.853641916551523036e-02 1.785982760913678703e+03
3.065573392165445512e+03 1.172401980459564008e+00 2.576747499555507095e-02 1.717440126965273521e+03
3.065581769200502549e+03 1.152755042768997207e+00 2.486833793133734483e-02 1.688945278443624375e+03
3.065590146235559587e+03 1.138668438297436802e+00 2.436972960439489841e-02 1.668588723475908864e+03
3.065598523270616624e+03 1.098559859491758051e+00 2.348591319848570419e-02 1.610086498624039677e+03
3.065606900305673662e+03 1.050108202577774819e+00 2.246648320381072067e-02 1.539334422962242570e+03
3.065615277340731154e+03 1.026194626933933707e+00 2.201325746479564430e-02 1.504534333524432441e+03
3.065623654375788192e+03 1.014479020812782739e+00 2.185831016255754961e-02 1.487609216307822635e+03
3.065632031410845229e+03 1.006055845701712359e+00 2.180406919572019583e-02 1.475507053648212377e+03
3.065640408445902267e+03 9.961124683348092645e-01 2.169826388569018327e-02 1.461170770855428827e+03
3.065648785480959305e+03 9.961673813933205057e-01 2.164432601384112462e-02 1.461498261947455376e+03
3.065657162516016797e+03 9.972369802913945147e-01 2.160403261925025395e-02 1.463314698879619755e+03
3.065665539551073834e+03 9.969612525845844564e-01 2.153252741258232864e-02 1.463157241957942233e+03
3.065673916586130872e+03 1.000832808539882990e+00 2.154827475660775482e-02 1.469087300245637607e+03
3.065682293621187910e+03 1.004525372650200810e+00 2.166127851921944777e-02 1.474756497770417354e+03
3.065690670656244947e+03 1.009140783511205841e+00 2.177621849689735309e-02 1.481782597836865307e+03
3.065699047691302439e+03 1.017530471998009611e+00 2.194066869983140461e-02 1.494353922422943015e+03
3.065707424726359477e+03 1.021240293507839958e+00 2.205902241272346756e-02 1.500055353841042688e+03
3.065715801761416515e+03 1.017161590874343435e+00 2.200038781194888285e-02 1.494316470184976424e+03
3.065724178796473552e+03 1.012581017817176576e+00 2.183798290682621365e-02 1.487838139976257935e+03
3.065732555831530590e+03 1.000959095286442890e+00 2.154785531987359753e-02 1.471009571023533681e+03
3.065740932866587627e+03 9.890956640729932081e-01 2.139516140553644405e-02 1.453820259090352010e+03
3.065749309901645120e+03 9.921176164079570370e-01 2.158986497308331212e-02 1.458508006305429262e+03
3.065757686936702157e+03 9.962702764132980171e-01 2.170928134532375958e-02 1.464859780711599797e+03
3.065766063971759195e+03 9.917521760038791045e-01 2.160243901163511060e-02 1.458462466088549945e+03
3.065774441006816232e+03 9.929139056089174575e-01 2.160119712966040648e-02 1.460417030029088892e+03
3.065782818041873270e+03 1.008990192843967737e+00 2.180861330794904226e-02 1.484312788164503672e+03
3.065791195076930762e+03 1.020462629815380273e+00 2.194455073486855506e-02 1.501442709125964029e+03
3.065799572111987800e+03 1.012855820651446637e+00 2.186964333810413955e-02 1.490501619638652301e+03
3.065807949147044837e+03 1.004098957279387250e+00 2.177959071659504517e-02 1.477864073286634721e+03
3.065816326182101875e+03 1.013461830818146225e+00 2.190208296392726420e-02 1.491895869476796179e+03
3.065824703217158913e+03 1.024987665856612162e+00 2.205781151992300057e-02 1.509116893965170675e+03
3.065833080252216405e+03 1.017265655487953557e+00 2.193424079942228599e-02 1.497999741176333373e+03
3.065841457287273442e+03 1.007630438043675358e+00 2.178648353903429521e-02 1.484060945218681582e+03
3.065849834322330480e+03 9.965761201348847242e-01 2.160890477257029763e-02 1.468026937192974856e+03
3.065858211357387518e+03 9.837403331458071110e-01 2.139320111830245175e-02 1.449362777388628047e+03
3.065866588392444555e+03 9.901705627331669479e-01 2.137892270061227812e-02 1.459082007279854224e+03
3.065874965427501593e+03 1.002648551820932932e+00 2.145140306725392201e-02 1.477717699144716335e+03
3.065883342462559085e+03 1.009586067182496549e+00 2.152898456085163351e-02 1.488192574936565961e+03
3.065891719497616123e+03 1.012593042119907416e+00 2.154359610677840722e-02 1.492876055138256561e+03
3.065900096532673160e+03 9.999954856151053173e-01 2.134376137084873296e-02 1.474551241062630879e+03
3.065908473567730198e+03 9.866460321035697145e-01 2.115699275815331737e-02 1.455111279295870872e+03
3.065916850602787235e+03 9.967796327006434032e-01 2.126626490523454358e-02 1.470303464479018203e+03
3.065925227637844728e+03 1.007802138160711403e+00 2.136564190311297101e-02 1.486812076451892381e+03
3.065933604672901765e+03 1.001440300372818060e+00 2.130541026966242812e-02 1.477674694877517595e+03
3.065941981707958803e+03 9.944624337652012702e-01 2.129504826938566006e-02 1.467625025522407668e+03
3.065950358743015840e+03 1.002191607519546057e+00 2.149316293625740809e-02 1.479280153618077065e+03
3.065958735778072878e+03 1.013337433488532779e+00 2.172008412261881155e-02 1.495983093894151125e+03
3.065967112813130370e+03 1.010504670506331637e+00 2.172025491605594424e-02 1.492051600031229100e+03
3.065975489848187408e+03 9.983445296744241082e-01 2.157474152251013383e-02 1.474344133534420507e+03
3.065983866883244445e+03 9.951175189126595377e-01 2.146748659194163550e-02 1.469825200159137921e+03
3.065992243918301483e+03 1.004673455704488516e+00 2.148980609200332181e-02 1.484188719671184117e+03
3.066000620953358521e+03 1.012247832847874562e+00 2.146296053611997101e-02 1.495629157887077554e+03
3.066008997988415558e+03 1.012380530123799804e+00 2.136638504232920427e-02 1.496076182117875078e+03
3.066017375023473051e+03 1.005885934819560790e+00 2.136351231311135745e-02 1.486727945707115850e+03
3.066025752058530088e+03 9.978558684924337951e-01 2.136677308255967647e-02 1.475106639039676793e+03
3.066034129093587126e+03 1.001200986485818012e+00 2.141853195277878055e-02 1.480299835925723073e+03
3.066042506128644163e+03 1.011871237648006128e+00 2.156340746913844308e-02 1.496326893371287269e+03
3.066050883163701201e+03 1.010578130821303988e+00 2.152122652737941538e-02 1.494665196036050020e+03
3.066059260198758693e+03 9.962824908697607285e-01 2.131832239945746429e-02 1.473768628767399605e+03
3.066067637233815731e+03 9.899382309434356930e-01 2.127501498245935527e-02 1.464629165659297996e+03
3.066076014268872768e+03 9.982318988411844618e-01 2.136602103924345811e-02 1.477147229984305341e+03
3.066084391303929806e+03 1.005435486044635951e+00 2.140488115134745947e-02 1.488056074199803334e+03
3.066092768338986843e+03 1.001000879466491078e+00 2.134535084797635138e-02 1.481740944272356955e+03
3.066101145374043881e+03 9.905669611388637774e-01 2.123091381929990279e-02 1.466541591067384161e+03
3.066109522409101373e+03 9.886278273773417835e-01 2.118496105982253103e-02 1.463915761037086668e+03
3.066117899444158411e+03 9.892004094746514875e-01 2.111597243820527783e-02 1.465008828480792772e+03
3.066126276479215448e+03 9.788306721280225497e-01 2.089683225689978330e-02 1.449893858775462149e+03
3.066134653514272486e+03 9.768641273849585360e-01 2.083697766847526431e-02 1.447223068011954638e+03
3.066143030549329524e+03 9.840336084153887830e-01 2.094261898565733665e-02 1.458088578560250426e+03
3.066151407584387016e+03 9.776724717794487152e-01 2.081550964288223643e-02 1.448905341047705178e+03
3.066159784619444054e+03 9.751261863679062669e-01 2.070791896804078866e-02 1.445373484450255319e+03
3.066168161654501091e+03 9.842726566107850017e-01 2.080287421517276747e-02 1.459174763447862915e+03
3.066176538689558129e+03 9.893057992277434209e-01 2.081721583276696652e-02 1.466881588725645088e+03
3.066184915724615166e+03 9.888656311506512919e-01 2.080589250737977999e-02 1.466474065221505043e+03
3.066193292759672659e+03 9.834626416757864531e-01 2.080216270327193626e-02 1.458705297704722398e+03
3.066201669794729696e+03 9.839358975790972739e-01 2.080340247577267682e-02 1.459651155507558542e+03
3.066210046829786734e+03 9.934935586319365575e-01 2.086298312736470373e-02 1.474076051052970797e+03
3.066218423864843771e+03 9.979944930084213572e-01 2.087682153680549615e-02 1.481001615268087789e+03
3.066226800899900809e+03 9.960837415538580375e-01 2.085904941277792399e-02 1.478413022496939448e+03
3.066235177934957846e+03 9.905484794789971570e-01 2.084377660457897852e-02 1.470442992356397554e+03
3.066243554970015339e+03 9.820288563148479311e-01 2.073806720910009033e-02 1.458039273116935419e+03
3.066251932005072376e+03 9.805572794779325863e-01 2.069235984964487574e-02 1.456097462468203958e+03
3.066260309040129414e+03 9.861376570994379032e-01 2.078434469685695035e-02 1.464628606268507610e+03
3.066268686075186451e+03 9.804336713320941366e-01 2.064022006613413368e-02 1.456399988872798076e+03
3.066277063110243489e+03 9.743398919205514819e-01 2.043115380001092607e-02 1.447589422071660010e+03
3.066285440145300981e+03 9.881489921144989141e-01 2.065360333620457414e-02 1.468350734349072354e+03
3.066293817180358019e+03 1.001173662883487525e+00 2.097790551494752020e-02 1.487953067038321024e+03
3.066302194215415057e+03 9.968013523075858195e-01 2.089832750839330788e-02 1.481701998512279715e+03
3.066310571250472094e+03 9.943040803926617155e-01 2.071537563052772840e-02 1.478236390766825480e+03
3.066318948285529132e+03 1.004381223209605212e+00 2.079207056385702287e-02 1.493467101474187757e+03
3.066327325320586624e+03 1.013150672203511737e+00 2.096783353118945523e-02 1.506758005566584870e+03
3.066335702355643662e+03 1.014089340831122898e+00 2.098431790158965943e-02 1.508405377131275600e+03
3.066344079390700699e+03 1.005527252583827247e+00 2.072388458597094335e-02 1.495918975092344226e+03
3.066352456425757737e+03 9.858780932493768079e-01 2.037513807061536869e-02 1.466931387298887103e+03
3.066360833460814774e+03 9.611086181766125280e-01 2.011527897717309971e-02 1.430314045492366404e+03
3.066369210495871812e+03 9.551931459231619570e-01 2.013123029983011208e-02 1.421747471155983931e+03
3.066377587530929304e+03 9.810039966252750432e-01 2.047207270490750131e-02 1.460408549698297975e+03
3.066385964565986342e+03 1.001256038301338469e+00 2.067941717630856352e-02 1.490805716368957064e+03
3.066394341601043379e+03 1.002130731725237034e+00 2.067530925376759657e-02 1.492356497360894991e+03
3.066402718636100417e+03 1.004003955212526389e+00 2.070727972749464296e-02 1.495394953977459409e+03
3.066411095671157454e+03 9.955858311622384216e-01 2.060820143420596939e-02 1.483103532645580344e+03
3.066419472706214947e+03 9.767688642650864672e-01 2.035906646710028411e-02 1.455314419801890836e+03
3.066427849741271984e+03 9.659416952440608162e-01 2.012891900474194848e-02 1.439422174984125377e+03
3.066436226776329022e+03 9.650558011876013698e-01 2.000860796399576980e-02 1.438341266123145488e+03
3.066444603811386060e+03 9.687001964568526802e-01 2.002179874578441723e-02 1.444013088024725675e+03
3.066452980846443097e+03 9.756108363212930845e-01 2.013584543360231321e-02 1.454556421835046422e+03
3.066461357881500589e+03 9.819222375442345774e-01 2.023315176577018815e-02 1.464209617180579471e+03
3.066469734916557627e+03 9.878036550960609397e-01 2.034189935662124304e-02 1.473224657735055644e+03
3.066478111951614665e+03 9.921443353633377926e-01 2.055247599178684770e-02 1.479944354382408392e+03
3.066486488986671702e+03 9.884371440557924160e-01 2.058514537723938470e-02 1.474659501011124576e+03
3.066494866021728740e+03 9.902159953993270314e-01 2.043867254821833679e-02 1.477558852853889448e+03
3.066503243056785777e+03 9.979538454216201337e-01 2.044816053294657918e-02 1.489352332152504914e+03
3.066511620091843270e+03 1.000677151670092080e+00 2.056438969378067763e-02 1.493664669330547440e+03
3.066519997126900307e+03 9.987911809094567328e-01 2.054337704428504940e-02 1.491097158697554960e+03
3.066528374161957345e+03 9.972041305547713064e-01 2.051432084977474271e-02 1.488975045949215655e+03
3.066536751197014382e+03 9.988640613333614748e-01 2.057331965374374280e-02 1.491701180164405287e+03
3.066545128232071420e+03 9.919451985210052669e-01 2.049469661160707029e-02 1.481614461080804176e+03
3.066553505267128912e+03 9.847415853786060103e-01 2.049701671804083150e-02 1.471098925124195830e+03
3.066561882302185950e+03 9.949632889505498623e-01 2.073134847759874194e-02 1.486615702426002827e+03
3.066570259337242987e+03 1.005033553705852567e+00 2.076396866411193282e-02 1.501911238932964807e+03
3.066578636372300025e+03 1.003051975053325551e+00 2.063226897632165421e-02 1.499198636512873236e+03
3.066587013407357063e+03 1.003893494848381973e+00 2.070293982568274793e-02 1.500705258994530595e+03
3.066595390442414555e+03 1.008709160090422996e+00 2.083297454558247219e-02 1.508154173986671594e+03
3.066603767477471592e+03 1.006848639437071036e+00 2.078182521279670070e-02 1.505622036867730458e+03
3.066612144512528630e+03 1.005952751099389308e+00 2.069814157598975218e-02 1.504531709021244978e+03
3.066620521547585668e+03 1.007500970538670382e+00 2.067993663108051716e-02 1.507097020384530424e+03
3.066628898582642705e+03 1.005125306952635134e+00 2.055682164772905385e-02 1.503792482245959036e+03
3.066637275617699743e+03 1.007269971970169431e+00 2.048461618699052439e-02 1.507250860699411305e+03
3.066645652652757235e+03 1.009729432871808719e+00 2.050613903904038859e-02 1.511181432306342685e+03
3.066654029687814273e+03 1.004963455670843553e+00 2.044880723382351551e-02 1.504297695770659629e+03
3.066662406722871310e+03 9.983518415681731373e-01 2.035797565519464891e-02 1.494648463912370062e+03
3.066670783757928348e+03 9.966499658565479702e-01 2.031610946260173009e-02 1.492347618864226206e+03
3.066679160792985385e+03 1.001687553110180540e+00 2.038999018652611420e-02 1.500139028845273060e+03
3.066687537828042878e+03 1.002763605249729295e+00 2.045712934364180696e-02 1.501999112886730018e+03
3.066695914863099915e+03 9.935268589814570950e-01 2.040244844519090855e-02 1.488410049662187930e+03
3.066704291898156953e+03 9.881667551594489618e-01 2.034132996956728931e-02 1.480624995180381120e+03
3.066712668933213990e+03 9.891327640274413247e-01 2.036879726794854281e-02 1.482317616563048205e+03
3.066721045968271028e+03 9.892138725481146588e-01 2.049077412773446169e-02 1.482684382942606362e+03
3.066729423003328066e+03 9.959739952027109045e-01 2.062921591768640886e-02 1.493063693434283778e+03
3.066737800038385558e+03 1.007836542261625556e+00 2.079241644123789451e-02 1.511096660009026891e+03
3.066746177073442595e+03 1.011101548751660584e+00 2.089161027037411689e-02 1.516242680211858442e+03
3.066754554108499633e+03 1.005247015464641125e+00 2.080285975506351165e-02 1.507712443567146238e+03
3.066762931143556671e+03 1.002174076769751121e+00 2.069601725754324426e-02 1.503351948355370041e+03
3.066771308178613708e+03 1.006936666412848513e+00 2.071636765920430168e-02 1.510745874681398163e+03
3.066779685213671200e+03 1.020539266413084123e+00 2.091405170114205708e-02 1.531407361682744522e+03
3.066788062248728238e+03 1.027093147365824688e+00 2.104158006295534650e-02 1.541496633224227935e+03
3.066796439283785276e+03 1.020386494919171883e+00 2.090899892230898074e-02 1.531684003425011269e+03
3.066804816318842313e+03 1.013297728181010271e+00 2.078002907408275229e-02 1.521294368909283094e+03
3.066813193353899351e+03 1.004967144243602339e+00 2.069685961800451363e-02 1.509036534553632009e+03
3.066821570388956843e+03 9.996736121130813668e-01 2.059097056631667422e-02 1.501335693024564534e+03
3.066829947424013881e+03 9.971235745974416087e-01 2.053270384055528794e-02 1.497753158336819297e+03
3.066838324459070918e+03 9.939982472324893070e-01 2.050495927878814503e-02 1.493305088991219236e+03
3.066846701494127956e+03 9.956156745542725783e-01 2.047768569128345303e-02 1.495981788907874943e+03
3.066855078529184993e+03 1.001410746879281444e+00 2.047408680692223634e-02 1.504937528456416658e+03
3.066863455564242031e+03 1.006861132624959243e+00 2.050340443735416615e-02 1.513378054648527723e+03
3.066871832599299523e+03 1.008372595406120675e+00 2.055592710661034717e-02 1.515899848095576999e+03
3.066880209634356561e+03 9.981218982368832426e-01 2.048228133940042592e-02 1.500737264680213912e+03
3.066888586669413598e+03 9.854872947168368258e-01 2.026209632946984057e-02 1.481984659344377405e+03
3.066896963704470636e+03 9.832415634101933088e-01 2.009618662596068459e-02 1.478851244806385694e+03
3.066905340739527674e+03 9.857262281957357430e-01 2.012387940140428558e-02 1.482832674317378405e+03
3.066913717774585166e+03 9.928745126678281130e-01 2.032223579976245517e-02 1.493831997121184941e+03
3.066922094809642203e+03 9.989185697002551656e-01 2.042079968404308596e-02 1.503173221842734165e+03
3.066930471844699241e+03 1.003669532500796713e+00 2.047574839589651197e-02 1.510571273626241691e+03
3.066938848879756279e+03 1.006286254594183527e+00 2.056117508076989522e-02 1.514759016123043239e+03
3.066947225914813316e+03 1.000262390976413229e+00 2.052636701958417131e-02 1.505939271974035819e+03
3.066955602949870809e+03 9.982680927111350355e-01 2.054607240642847971e-02 1.503184229066458784e+03
3.066963979984927846e+03 1.000097343867329069e+00 2.060529191392331677e-02 1.506186615839932301e+03
3.066972357019984884e+03 9.962176151826447335e-01 2.057197945176892848e-02 1.500590542250644830e+03
3.066980734055041921e+03 9.939765861114134848e-01 2.050469652265704545e-02 1.497461304786630990e+03
3.066989111090098959e+03 9.946987172885090045e-01 2.040324982534095707e-02 1.498795797777719145e+03
3.066997488125155996e+03 9.927374119935760133e-01 2.030420406193339175e-02 1.496086625295816248e+03
3.067005865160213489e+03 9.973881611661152835e-01 2.032268847996142672e-02 1.503342694358308108e+03
3.067014242195270526e+03 1.000255144325394863e+00 2.034109465022208504e-02 1.507911993113580593e+03
3.067022619230327564e+03 9.880252052262581408e-01 2.016576791833521107e-02 1.489719947582566419e+03
3.067030996265384601e+03 9.759302110107198613e-01 1.997344667725395317e-02 1.471725338682849952e+03
3.067039373300441639e+03 9.785259732759693518e-01 2.005838775625241530e-02 1.475882375691021934e+03
3.067047750335499131e+03 9.988683468558823275e-01 2.038555063214070318e-02 1.506811798540978771e+03
3.067056127370556169e+03 1.006003729619840747e+00 2.039391536519126469e-02 1.517825037364974833e+03
3.067064504405613206e+03 9.950038685670674621e-01 2.016416389343550150e-02 1.501475464270146404e+03
3.067072881440670244e+03 9.977874357388577531e-01 2.026907883271308192e-02 1.505923250240667358e+03
3.067081258475727282e+03 1.011562090411593173e+00 2.056773045997986951e-02 1.526963578036183435e+03
3.067089635510784774e+03 1.018875901115306348e+00 2.072901237534581498e-02 1.538256421775636227e+03
3.067098012545841812e+03 1.018443140127835989e+00 2.078206234870437832e-02 1.537855519797707530e+03
3.067106389580898849e+03 1.013206508157423746e+00 2.074195968739148133e-02 1.530199337160746154e+03
3.067114766615955887e+03 1.000255333769228372e+00 2.062428626627563211e-02 1.510887726208630738e+03
3.067123143651012924e+03 9.977514761809462840e-01 2.065719883987942110e-02 1.507352977479260517e+03
3.067131520686069962e+03 1.001113885347347354e+00 2.064156791263367305e-02 1.512680903693334585e+03
3.067139897721127454e+03 9.957748621385712484e-01 2.050013803539783852e-02 1.504860494526882121e+03
3.067148274756184492e+03 9.995223087235570736e-01 2.055511132498205606e-02 1.510771579372993983e+03
3.067156651791241529e+03 1.003195252218547662e+00 2.061164151562037972e-02 1.516571892720322467e+03
3.072153201524205997e+03 9.887860333339916208e-01 1.811298124833362125e-02 1.785571473765997325e+03
3.072161015523638980e+03 9.933425559166796370e-01 1.802768169842108512e-02 1.794519573100103571e+03
3.072168829523071508e+03 9.978998372601709521e-01 1.794405674149953528e-02 1.803467672433688676e+03
3.072176643522504492e+03 9.998082112584472103e-01 1.787776871905615017e-02 1.807625226799408438e+03
3.072184457521937020e+03 1.004295023768741135e+00 1.802158062659660678e-02 1.816441201917747549e+03
3.072192271521370003e+03 1.002507267763723897e+00 1.813659355459648626e-02 1.813902669080065607e+03
3.072200085520802531e+03 1.004839318369942669e+00 1.820482381912516545e-02 1.818811061138636887e+03
3.072207899520235515e+03 1.014997438537919017e+00 1.828104822838510710e-02 1.837885923005868790e+03
3.072215713519668043e+03 1.015468759842072410e+00 1.823109144172899154e-02 1.839420217199916806e+03
3.072223527519101026e+03 1.008705058770025031e+00 1.815565739685878408e-02 1.827837307490846570e+03
3.072231341518533554e+03 1.000886718178401802e+00 1.811309329582348401e-02 1.814326332963040386e+03
3.072239155517966537e+03 1.000439590602979489e+00 1.813004385562082613e-02 1.814164641412497986e+03
3.072246969517399066e+03 1.009976785233638097e+00 1.830217722488403434e-02 1.832106872577148351e+03
3.072254783516832049e+03 1.017121997840493508e+00 1.845675192505110904e-02 1.845713543985774777e+03
3.072262597516264577e+03 1.017125132377420416e+00 1.840564311612657294e-02 1.846357329095406385e+03
3.072270411515697560e+03 1.010966897853979418e+00 1.826786629927284675e-02 1.835805732086078024e+03
3.072278225515130089e+03 1.006808773884113606e+00 1.825105708817669620e-02 1.828872862071382769e+03
3.072286039514563072e+03 1.007133316357675668e+00 1.831333450456344367e-02 1.830073652168320677e+03
3.072293853513995600e+03 1.006523024559005330e+00 1.827044976787294342e-02 1.829568887760554389e+03
3.072301667513428583e+03 1.006537184941109109e+00 1.822860642812616783e-02 1.830192241790740354e+03
3.072309481512861112e+03 9.994195725687726739e-01 1.809871495613141201e-02 1.817837168884006587e+03
3.072317295512294095e+03 9.957978604176715987e-01 1.797364717778207610e-02 1.811828098131377146e+03
3.072325109511726623e+03 9.998523628188771273e-01 1.802570855064182173e-02 1.819779649360484200e+03
3.072332923511159606e+03 9.936210293225293810e-01 1.804164168265062762e-02 1.809003053837252992e+03
3.072340737510592135e+03 9.938973961470830565e-01 1.812211556334777929e-02 1.810065006741738671e+03
3.072348551510025118e+03 1.003634658725688356e+00 1.826002085365709474e-02 1.828356503793266256e+03
3.072356365509457646e+03 1.001945711038894737e+00 1.823652633944232090e-02 1.825830973651784689e+03
3.072364179508890629e+03 9.966111258044222376e-01 1.815855512552367115e-02 1.816652328296088854e+03
3.072371993508323158e+03 1.002845499800524731e+00 1.823713674754400688e-02 1.828556604028871789e+03
3.072379807507756141e+03 1.009975297870356004e+00 1.834348892510263840e-02 1.842094997944289389e+03
3.072387621507188669e+03 1.008107203966717824e+00 1.828013690870596356e-02 1.839219260022647632e+03
3.072395435506621652e+03 1.001461817042451408e+00 1.817420231283357196e-02 1.827617656535763444e+03
3.072403249506054181e+03 9.946994001430947696e-01 1.813426001785928970e-02 1.815790057490746221e+03
3.072411063505487164e+03 9.917730767344155041e-01 1.809345054626167529e-02 1.810954788206622652e+03
3.072418877504919692e+03 9.935613539351207946e-01 1.809859226069386595e-02 1.814722436494734666e+03
3.072426691504352675e+03 1.001367783286425839e+00 1.821812711562037154e-02 1.829481775242530375e+03
3.072434505503785203e+03 1.011259865426365145e+00 1.837514605502535425e-02 1.848055245502316438e+03
3.072442319503218187e+03 1.008985114762508406e+00 1.838744405710024399e-02 1.844392788870455661e+03
3.072450133502650715e+03 9.959365440027394545e-01 1.823502754626052380e-02 1.821023690367626614e+03
3.072457947502083698e+03 9.947919928650400534e-01 1.820144997983473567e-02 1.819408812144758485e+03
3.072465761501516226e+03 1.000237101512643445e+00 1.823078140795879321e-02 1.829843270880294995e+03
3.072473575500949210e+03 9.955953971775735045e-01 1.812629007955132709e-02 1.821820525196421613e+03
3.072481389500381738e+03 9.909711532456426664e-01 1.802587732848805885e-02 1.813820797165797103e+03
3.072489203499814721e+03 9.976420100198132301e-01 1.805400579131454311e-02 1.826491458120941388e+03
3.072497017499247249e+03 1.005534154786253076e+00 1.816556633832823800e-02 1.841400321666058062e+03
3.072504831498680232e+03 1.004876430275652099e+00 1.819898999040632168e-02 1.840651031674744900e+03
3.072512645498112761e+03 1.003757758755967622e+00 1.814898526938330328e-02 1.839052322731406321e+03
3.072520459497545744e+03 1.005748838923165689e+00 1.810944485429931763e-02 1.843147378639628187e+03
3.072528273496978272e+03 1.012445238517018620e+00 1.815201504959508549e-02 1.855865166011046767e+03
3.072536087496411255e+03 1.016610853533258529e+00 1.822070522715104127e-02 1.863944590188175880e+03
3.072543901495843784e+03 1.009568965602011703e+00 1.815754427050040101e-02 1.851469955820019550e+03
3.072551715495276767e+03 1.004213474883954182e+00 1.806058420649364268e-02 1.842078813287167577e+03
3.072559529494709295e+03 1.004889629545583585e+00 1.799125400997661148e-02 1.843746028614568786e+03
3.072567343494142278e+03 1.004529603323311315e+00 1.790747682891869960e-02 1.843508521842190021e+03
3.072575157493574807e+03 1.004198521952413881e+00 1.792866088022694593e-02 1.843320231600487205e+03
3.072582971493007790e+03 1.003202207852794459e+00 1.805162403585851977e-02 1.841906753505048073e+03
3.072590785492440318e+03 9.982459137775593350e-01 1.814361724791416913e-02 1.833216757262904139e+03
3.072598599491873301e+03 9.944226845146918459e-01 1.817441063176582217e-02 1.826600634753177246e+03
3.072606413491305830e+03 9.940872583281306074e-01 1.811150016627344553e-02 1.826386133803723169e+03
3.072614227490738813e+03 9.934798124515775708e-01 1.798909347763276781e-02 1.825668330458616765e+03
3.072622041490171341e+03 9.955572663920239096e-01 1.797304914639356530e-02 1.829881946991970381e+03
3.072629855489604324e+03 9.935329673518896731e-01 1.799083667489694005e-02 1.826553380505787572e+03
3.072637669489036853e+03 9.849659729552103782e-01 1.792009381711016230e-02 1.811189386279311293e+03
3.072645483488469836e+03 9.921397850838783450e-01 1.794114192656706339e-02 1.824766770057679651e+03
3.072653297487902364e+03 1.005302855475703083e+00 1.806428786923982080e-02 1.849364882806965852e+03
3.072661111487335347e+03 1.009418180356855821e+00 1.820255522336413495e-02 1.857322656556306811e+03
3.072668925486767876e+03 1.011490041484202074e+00 1.832792067929511770e-02 1.861520231778810285e+03
3.072676739486200859e+03 1.009476924387489705e+00 1.833732569228771134e-02 1.858197418953574015e+03
3.072684553485633387e+03 1.006515537099890611e+00 1.826475634108751592e-02 1.853124763174070267e+03
3.072692367485066370e+03 1.003840804576432211e+00 1.822240336735042598e-02 1.848575418234111794e+03
3.072700181484499353e+03 9.962145963747248700e-01 1.818534387416416431e-02 1.834901832242691171e+03
3.072707995483931882e+03 9.915757354367843446e-01 1.813362820176449980e-02 1.826723865493359881e+03
3.072715809483364865e+03 9.931324687238081150e-01 1.812610970654221498e-02 1.829956491885686319e+03
3.072723623482797393e+03 9.871533033643425936e-01 1.803363702520633521e-02 1.819299801453881628e+03
3.072731437482230376e+03 9.770390241598418957e-01 1.786719630374935391e-02 1.801014454509156621e+03
3.072739251481662905e+03 9.724506704955775405e-01 1.773295097479697310e-02 1.792908149286175330e+03
3.072747065481095888e+03 9.703605244389184037e-01 1.762459663733868809e-02 1.789403691197388071e+03
3.072754879480528416e+03 9.651750842029502842e-01 1.756691338384440762e-02 1.780187109751454955e+03
3.072762693479961399e+03 9.582416434591231047e-01 1.757439353883215663e-02 1.767740639988414841e+03
3.072770507479393927e+03 9.557332362282844329e-01 1.760119537143054261e-02 1.763452578401930168e+03
3.072778321478826911e+03 9.543634404884286937e-01 1.760366093728646386e-02 1.761262691108932358e+03
3.072786135478259439e+03 9.508228116934800411e-01 1.759137847438659030e-02 1.755063578724198123e+03
3.072793949477692422e+03 9.494266993838280655e-01 1.757640640222991879e-02 1.752819985800323138e+03
3.072801763477124950e+03 9.570088453072121970e-01 1.766264995392562154e-02 1.767153019552755723e+03
3.072809577476557934e+03 9.638195310689963158e-01 1.775936715229371049e-02 1.780065537926241177e+03
3.072817391475990462e+03 9.570780498306523665e-01 1.768516796534352897e-02 1.767947827854018442e+03
3.072825205475423445e+03 9.537040843589095207e-01 1.761229296391188942e-02 1.762046339164153778e+03
3.072833019474855973e+03 9.599976211744598587e-01 1.763952390269438869e-02 1.774006590136289560e+03
3.072840833474288956e+03 9.607450641940893377e-01 1.765476921022261780e-02 1.775719801954960076e+03
3.072848647473721485e+03 9.590666386437248780e-01 1.767788444006799034e-02 1.772948410681452060e+03
3.072856461473154468e+03 9.548577255703758482e-01 1.769488883092988629e-02 1.765496553507597127e+03
3.072864275472586996e+03 9.398014363024367324e-01 1.756981969175948691e-02 1.737981224238960294e+03
3.072872089472019979e+03 9.286048934004726974e-01 1.743201160269986644e-02 1.717594364665045305e+03
3.072879903471452508e+03 9.291856246785810125e-01 1.741321950850517955e-02 1.718987418592773565e+03
3.072887717470885491e+03 9.352622071913646584e-01 1.744661861987694546e-02 1.730549844795083118e+03
3.072895531470318019e+03 9.487563155302631834e-01 1.756695655939809891e-02 1.755843778065707738e+03
3.072903345469751002e+03 9.599328543615182063e-01 1.766892323035750695e-02 1.776857046767613610e+03
3.072911159469183531e+03 9.600079127698476489e-01 1.762004267817988273e-02 1.777325121832641798e+03
3.072918973468616514e+03 9.618543345905887776e-01 1.762970065328670066e-02 1.781073413542681010e+03
3.072926787468049042e+03 9.677726711164015283e-01 1.775629487643260243e-02 1.792364565621752263e+03
3.072934601467482025e+03 9.659583444552394260e-01 1.777184326860846431e-02 1.789336119046951808e+03
3.072942415466914554e+03 9.611699550494875455e-01 1.769177484781625856e-02 1.780796627695724510e+03
3.072950229466347537e+03 9.624972445174122537e-01 1.765890750947719801e-02 1.783587143245435527e+03
3.072958043465780065e+03 9.647701953884812998e-01 1.762400701869339115e-02 1.788131812899270699e+03
3.072965857465213048e+03 9.657864375793558942e-01 1.759796482909388796e-02 1.790349005912227767e+03
3.072973671464645577e+03 9.730451129678412414e-01 1.771853109825124312e-02 1.804141807638193995e+03
3.072981485464078560e+03 9.792279102325713858e-01 1.785309868225464641e-02 1.815945238008571096e+03
3.072989299463511088e+03 9.743501865364549985e-01 1.780336767718464566e-02 1.807238617175088848e+03
3.072997113462944071e+03 9.674268665184309057e-01 1.767373618116947070e-02 1.794734625679408055e+03
3.073004927462376600e+03 9.610181886749273872e-01 1.749833144126203624e-02 1.783181739462097539e+03
3.073012741461809583e+03 9.529107974003786508e-01 1.735070749489656464e-02 1.768472872188711790e+03
3.073020555461242111e+03 9.474372073136364536e-01 1.732072056910065327e-02 1.758648371202135195e+03
3.073028369460675094e+03 9.466002674781074377e-01 1.730158703020344760e-02 1.757429508757082658e+03
3.073036183460107623e+03 9.440870253642565935e-01 1.721544826846110182e-02 1.753098601837429442e+03
3.073043997459540606e+03 9.411717291500988347e-01 1.713070805918620251e-02 1.748020571602773998e+03
3.073051811458973134e+03 9.450686079347618840e-01 1.715972131927742325e-02 1.755596489266991284e+03
3.073059625458406117e+03 9.460402193403194548e-01 1.719702549192620583e-02 1.757741613286158326e+03
3.073067439457838645e+03 9.460921059660790666e-01 1.721257515078132572e-02 1.758179892738676699e+03
3.073075253457271629e+03 9.522370040537047053e-01 1.728858655197674371e-02 1.769945147295731431e+03
3.073083067456704157e+03 9.513985151928185946e-01 1.734909296388574551e-02 1.768733949541885067e+03
3.073090881456137140e+03 9.490658624637825502e-01 1.736606783058669903e-02 1.764745692097225401e+03
3.073098695455569668e+03 9.609922586480813544e-01 1.753230734991647125e-02 1.787277007791758024e+03
3.073106509455002652e+03 9.676600908615898833e-01 1.766032255656906080e-02 1.800037261514556803e+03
3.073114323454435180e+03 9.613260750746728256e-01 1.759965127977922497e-02 1.788613804552340298e+03
3.073122137453868163e+03 9.591645317628036960e-01 1.762406189021450964e-02 1.784952573802796906e+03
3.073129951453300691e+03 9.627877612448493272e-01 1.775863341221080305e-02 1.792059351971602155e+03
3.073137765452733674e+03 9.723150346304212377e-01 1.788485847379799043e-02 1.810162858647349367e+03
3.073145579452166203e+03 9.859174481531952638e-01 1.805680681068716834e-02 1.835864413060142169e+03
3.073153393451599186e+03 9.873245818871188018e-01 1.813750219726351781e-02 1.838865668217988059e+03
3.073161207451031714e+03 9.826459600013410789e-01 1.811198274972435421e-02 1.830533798183766976e+03
3.073169021450464697e+03 9.921237823031546776e-01 1.823366050690996068e-02 1.848578099745933969e+03
3.073176835449897226e+03 9.993199313260222594e-01 1.831670845125073221e-02 1.862380503031824674e+03
3.073184649449330209e+03 9.908109738253054743e-01 1.823057917436560552e-02 1.846916567906253931e+03
3.073192463448762737e+03 9.819722559560866149e-01 1.809309941070110991e-02 1.830834075114536063e+03
3.073200277448195720e+03 9.831658981498404559e-01 1.804843298058552564e-02 1.833456423998148921e+03
3.073208091447628249e+03 9.889161816289083751e-01 1.811702635786171037e-02 1.844582239505559755e+03
3.073215905447061232e+03 9.925905656288787071e-01 1.815958349375604644e-02 1.851843114507471682e+03
3.073223719446493760e+03 9.971682219188209295e-01 1.822232855850042244e-02 1.860795988684403255e+03
3.073231533445926743e+03 1.005947486767578392e+00 1.836460591679875409e-02 1.877598451024421820e+03
3.073239347445359272e+03 1.008197432837922847e+00 1.845776276785327658e-02 1.882222174289290479e+03
3.073247161444792255e+03 1.001160434357961204e+00 1.843400929463119217e-02 1.869509593549202236e+03
3.073254975444225238e+03 1.000231524669456418e+00 1.843589978086541611e-02 1.868203284114374583e+03
3.073262789443657766e+03 1.004454477634372012e+00 1.850559767961583793e-02 1.876524742235267922e+03
3.073270603443090749e+03 1.003273240588562487e+00 1.848638332621375946e-02 1.874755329619776148e+03
3.073278417442523278e+03 1.000435938309617079e+00 1.841898863849979195e-02 1.869893589223943991e+03
3.073286231441956261e+03 1.000761477080946094e+00 1.839196302160837904e-02 1.870946440649470560e+03
3.073294045441388789e+03 1.001482176801174795e+00 1.838109196155535488e-02 1.872742704469196724e+03
3.073301859440821772e+03 1.001449118106086500e+00 1.838785048215567722e-02 1.873134039969779224e+03
3.073309673440254301e+03 1.000461023410539996e+00 1.840291457819084875e-02 1.871742941788387270e+03
3.073317487439687284e+03 1.000841608554772222e+00 1.846990589584184689e-02 1.872916638871034365e+03
3.073325301439119812e+03 9.972975797776989504e-01 1.847703707317635557e-02 1.866749088097371896e+03
3.073333115438552795e+03 9.895808507938749221e-01 1.829790714550770178e-02 1.852770354413883069e+03
3.073340929437985324e+03 9.967535252086314745e-01 1.825762544812039451e-02 1.866673136799132863e+03
3.073348743437418307e+03 1.006423777780126816e+00 1.837687506161310436e-02 1.885266069435161626e+03
3.073356557436850835e+03 1.004328448377664884e+00 1.839059427730673629e-02 1.881827838809714649e+03
3.073364371436283818e+03 1.003358741560023359e+00 1.837452120070393047e-02 1.880502177793802275e+03
3.073372185435716347e+03 9.994139476197603233e-01 1.835218039306928464e-02 1.873603202141971906e+03
3.073379999435149330e+03 9.935191149014646061e-01 1.832883905228696944e-02 1.863048693530133733e+03
3.073387813434581858e+03 9.996021123023054455e-01 1.838037300268875046e-02 1.874960317264846708e+03
3.073395627434014841e+03 1.006247527673731934e+00 1.841657601047371959e-02 1.887938610630563289e+03
3.073403441433447369e+03 1.001586001769598111e+00 1.836181031480203091e-02 1.879709013046494874e+03
3.073411255432880353e+03 9.997644753033330112e-01 1.831796167646334433e-02 1.876811437690624643e+03
3.073419069432312881e+03 1.001207507141121944e+00 1.830262820738237997e-02 1.880047607082042759e+03
3.073426883431745864e+03 9.922092902517319901e-01 1.809502307272055008e-02 1.863679000386244752e+03
3.073434697431178392e+03 9.826977326920157685e-01 1.789915157281525560e-02 1.846341930353655698e+03
3.073442511430611376e+03 9.853322148579830575e-01 1.800370876412856619e-02 1.851827451681356933e+03
3.073450325430043904e+03 9.903219153581194201e-01 1.812496292431647893e-02 1.861749314282739306e+03
3.073458139429476887e+03 9.925052324955130345e-01 1.813053043896221267e-02 1.866405186112405318e+03
3.073465953428909415e+03 9.975177483519506172e-01 1.814062180896430093e-02 1.876391384676130656e+03
3.073473767428342398e+03 1.001630417101856629e+00 1.815883858202656589e-02 1.884696173770972564e+03
3.073481581427774927e+03 1.000001434302863368e+00 1.816691914826002591e-02 1.882204926286226055e+03
3.073489395427207910e+03 9.997096639704778909e-01 1.819819731652367462e-02 1.882235771178567347e+03
3.073497209426640438e+03 1.001410304967953024e+00 1.819539163495647108e-02 1.886025096223046376e+03
3.073505023426073421e+03 9.985389404710245387e-01 1.813809244025467102e-02 1.881209413109703746e+03
3.073512837425505950e+03 9.967089370089506906e-01 1.812219388671001616e-02 1.878359350840497427e+03
3.073520651424938933e+03 9.980744211340147887e-01 1.814862165102498065e-02 1.881537720682675626e+03
3.073528465424371461e+03 9.984302460782413791e-01 1.816995617428313753e-02 1.882820461335882101e+03
3.073536279423804444e+03 1.002408474656729886e+00 1.819617471574781070e-02 1.890943732881068627e+03
3.073544093423236973e+03 1.004351689117492397e+00 1.820769197082679897e-02 1.895238736434752354e+03
3.073551907422669956e+03 9.969101551348582557e-01 1.820929283077263663e-02 1.881827968099390546e+03
3.073559721422102484e+03 9.908925791529529237e-01 1.823994568948542755e-02 1.871103610569808097e+03
3.073567535421535467e+03 9.989669399798368765e-01 1.838172144229974908e-02 1.886997521398212484e+03
3.073575349420967996e+03 1.008788048644281288e+00 1.850330249434406493e-02 1.906209826975536089e+03
3.073583163420400979e+03 1.001559624396349157e+00 1.840234672850301484e-02 1.893214284763547312e+03
3.073590977419833507e+03 9.945670639969520499e-01 1.830761950785347869e-02 1.880662520533606539e+03
3.073598791419266490e+03 1.004570801741927921e+00 1.845697544601241150e-02 1.900259192054147661e+03
3.073606605418699019e+03 1.013470905262837451e+00 1.863508723425994634e-02 1.917788677349275531e+03
3.073614419418132002e+03 1.010736384484316241e+00 1.855542639609943784e-02 1.913313937958386305e+03
3.073622233417564530e+03 1.006404609627619129e+00 1.836493568705242080e-02 1.905818498669486871e+03
3.073630047416997513e+03 1.001309318034454776e+00 1.825058382978260799e-02 1.896878419361630677e+03
3.073637861416430042e+03 9.981767820421699744e-01 1.826591102247495171e-02 1.891658639711886508e+03
3.073645675415863025e+03 1.003734732812911590e+00 1.838334281288039884e-02 1.902918070417510080e+03
3.073653489415295553e+03 1.014479381266031988e+00 1.844188570780930930e-02 1.924030621178884303e+03
3.073661303414728536e+03 1.015018584834723514e+00 1.832592184039793029e-02 1.925804368915677514e+03
3.073669117414161065e+03 1.002995243101828304e+00 1.816033711764769229e-02 1.903742843197934690e+03
3.073676931413594048e+03 9.936259273552539018e-01 1.811390453013870389e-02 1.886711072942629471e+03
3.073684745413026576e+03 9.882795218621451827e-01 1.809783844160099339e-02 1.877315235525151365e+03
3.073692559412459559e+03 9.827038912558586636e-01 1.806458247350227128e-02 1.867483954877978704e+03
3.073700373411892087e+03 9.844716664211440316e-01 1.807332104171778531e-02 1.871613230908068999e+03
3.073708187411325071e+03 9.930812559172119691e-01 1.807803034070742942e-02 1.888766431725382972e+03
3.073716001410757599e+03 9.948761300542015018e-01 1.805807414187099447e-02 1.892975477705575713e+03
3.073723815410190582e+03 9.955469082127537117e-01 1.816431971176701854e-02 1.895056438061101289e+03
3.073731629409623110e+03 1.002743421199104423e+00 1.829323120641184949e-02 1.909574645911447078e+03
3.073739443409056094e+03 1.003789647981767397e+00 1.824196591848391974e-02 1.912396321621700736e+03
3.073747257408488622e+03 1.001259914664787809e+00 1.819716386000969077e-02 1.908413029892827353e+03
3.073755071407921605e+03 1.003126214816536965e+00 1.827008054399512776e-02 1.912817269507952005e+03
3.073762885407354133e+03 1.004567187221869329e+00 1.828811944897729136e-02 1.916422555763846958e+03
3.073770699406787116e+03 1.004151969271458222e+00 1.826303885490402831e-02 1.916497019095746509e+03
3.073778513406219645e+03 1.000998284792443682e+00 1.826313181754549847e-02 1.911351268989679966e+03
3.073786327405652628e+03 9.978413310387054258e-01 1.826414086528807892e-02 1.906203254410685076e+03
3.228348503695382078e+03 9.989574618269548845e-01 1.192215210117591496e-02 4.892820665750143235e+03
3.228357902666363771e+03 9.993957111704490082e-01 1.195144430928875984e-02 4.894640367247553513e+03
3.228367301637345463e+03 1.000341185984142234e+00 1.191429571328427375e-02 4.898951963278414041e+03
3.228376700608327610e+03 1.003730429999033502e+00 1.189385964251131987e-02 4.915238189086223429e+03
3.228386099579309302e+03 1.004234553420939147e+00 1.187000175828726266e-02 4.917403046496852767e+03
3.228395498550290995e+03 1.003900910380230771e+00 1.183972121645535808e-02 4.915473776863278545e+03
3.228404897521272687e+03 1.003851616809450675e+00 1.182683203102898734e-02 4.914945089387820190e+03
3.228414296492254380e+03 9.999732149956466198e-01 1.179936624549629900e-02 4.895678034712902445e+03
3.228423695463236527e+03 9.963663489680781860e-01 1.177555502264496234e-02 4.877750576020914195e+03
3.228433094434218219e+03 9.964308998745858847e-01 1.176946931956652544e-02 4.877805766872166714e+03
3.228442493405199912e+03 9.989025975159259163e-01 1.177291627657166620e-02 4.889652092965529846e+03
3.228451892376181604e+03 1.000701514018327520e+00 1.178275590711718064e-02 4.898212218816824134e+03
3.228461291347163751e+03 1.000657008844270113e+00 1.178469917850923261e-02 4.897756935514727957e+03
3.228470690318145444e+03 9.987734571631564640e-01 1.175975214214146011e-02 4.888308967660357666e+03
3.228480089289127136e+03 9.963147455904620697e-01 1.171722969116133911e-02 4.876055109502664891e+03
3.228489488260108828e+03 9.961264983644194659e-01 1.169505222068440917e-02 4.874921820769911392e+03
3.228498887231090521e+03 9.954585199036182219e-01 1.168070156904020551e-02 4.871449087759334361e+03
3.228508286202072668e+03 9.949969832295485483e-01 1.167171601741082317e-02 4.868994960639788587e+03
3.228517685173054360e+03 9.976566670724605901e-01 1.169268008629840809e-02 4.881822160433170211e+03
3.228527084144036053e+03 1.001615100077968501e+00 1.171724983268051037e-02 4.901011438419761362e+03
3.228536483115017745e+03 1.004590207974131122e+00 1.173061895124731524e-02 4.915396144800562070e+03
3.228545882085999438e+03 1.005802708251678279e+00 1.175003250308378870e-02 4.921164007694117572e+03
3.228555281056981585e+03 1.005044231205642680e+00 1.175421588716697718e-02 4.917296450150603050e+03
3.228564680027963277e+03 1.002113539656221297e+00 1.172046651008807304e-02 4.902809827605480677e+03
3.228574078998944969e+03 9.976287761368000107e-01 1.164822630034451946e-02 4.880729187194464430e+03
3.228583477969926662e+03 9.939349381303462794e-01 1.157291194040399943e-02 4.862527262856010566e+03
3.228592876940908354e+03 9.948865657267873530e-01 1.157498598082195088e-02 4.867060354544917573e+03
3.228602275911890501e+03 9.984632101791862668e-01 1.164414640433159530e-02 4.884442814203675880e+03
3.228611674882872194e+03 1.001441972135854064e+00 1.171146591888768025e-02 4.898907871319484912e+03
3.228621073853853886e+03 1.005945373430496170e+00 1.176511098999960536e-02 4.920838647806406698e+03
3.228630472824835579e+03 1.006662020011605874e+00 1.174417060673610923e-02 4.924253243078499509e+03
3.228639871795817726e+03 1.000034262652554018e+00 1.164248657818621989e-02 4.891750167399532074e+03
3.228649270766799418e+03 9.967625691997383797e-01 1.161730232069643765e-02 4.875672500604018751e+03
3.228658669737781111e+03 9.987039648239470768e-01 1.167335028945408124e-02 4.885102947806674820e+03
3.228668068708762803e+03 9.974754245939781994e-01 1.165867445155354017e-02 4.879035925452181800e+03
3.228677467679744495e+03 9.950185089066712063e-01 1.157779401675839738e-02 4.866968775635557904e+03
3.228686866650726643e+03 9.955506120781537627e-01 1.152678281621045096e-02 4.869530134270685267e+03
3.228696265621708335e+03 9.940988898166760457e-01 1.148610065638678950e-02 4.862396167528679143e+03
3.228705664592690027e+03 9.915069609033694276e-01 1.145530457507606611e-02 4.849693376011970940e+03
3.228715063563671720e+03 9.940271738877599628e-01 1.149502248526056668e-02 4.862003380874948562e+03
3.228724462534653412e+03 9.976099826391604530e-01 1.153589739651243208e-02 4.879518806298572599e+03
3.228733861505635559e+03 9.989413056078805253e-01 1.151628372907057170e-02 4.886029848940279408e+03
3.228743260476617252e+03 9.997103079705726980e-01 1.149107685419197174e-02 4.889798617356651448e+03
3.228752659447598944e+03 9.995818940425460486e-01 1.148964008182774138e-02 4.889186087400414181e+03
3.228762058418580636e+03 9.997065101402754506e-01 1.150962136575750007e-02 4.889819340145269962e+03
3.228771457389562329e+03 1.001336738579570840e+00 1.155099772901600937e-02 4.897825135958986721e+03
3.228780856360544476e+03 1.001918121835407183e+00 1.155095657975596830e-02 4.900708972196819559e+03
3.228790255331526168e+03 9.980894969680692563e-01 1.147589744353960661e-02 4.882030028649363885e+03
3.228799654302507861e+03 9.941586242124730299e-01 1.142909421963103807e-02 4.862858687462770831e+03
3.228809053273489553e+03 9.933371585225395650e-01 1.145636330294705352e-02 4.858904632178287102e+03
3.228818452244471246e+03 9.933471552708690311e-01 1.147875530782288024e-02 4.859025722189227054e+03
3.228827851215453393e+03 9.959420047307964152e-01 1.147891550476977732e-02 4.871799109496299025e+03
3.228837250186435085e+03 9.995206048287040845e-01 1.148290155467929403e-02 4.889393311931189601e+03
3.228846649157416778e+03 1.000540749591303680e+00 1.146214374730970299e-02 4.894480790646191053e+03
3.228856048128398470e+03 9.985806818090414705e-01 1.143106955426300385e-02 4.884997613666552752e+03
3.228865447099380617e+03 9.988727259676177805e-01 1.147378906252018854e-02 4.886539607025783880e+03
3.228874846070362310e+03 1.002243083140291313e+00 1.151812994093228369e-02 4.903149465419999615e+03
3.228884245041344002e+03 1.003688067862660516e+00 1.149309437123795935e-02 4.910348835613719530e+03
3.228893644012325694e+03 1.005531004453415367e+00 1.148284424028870113e-02 4.919503736602351637e+03
3.228903042983307387e+03 1.006533295219415924e+00 1.146818335529921351e-02 4.924554427840934295e+03
3.228912441954289534e+03 1.004284058364675492e+00 1.142028189883106948e-02 4.913704738145336705e+03
3.228921840925271226e+03 9.972432752004135592e-01 1.133275854596871302e-02 4.879417940702385749e+03
3.228931239896252919e+03 9.885254197146142729e-01 1.122625001784784485e-02 4.836930889493352879e+03
3.228940638867234611e+03 9.831033331813676668e-01 1.112688493936605030e-02 4.810575896526226643e+03
3.228950037838216303e+03 9.799644249700387721e-01 1.106465904386380421e-02 4.795399542107859816e+03
3.228959436809198451e+03 9.811220151747969132e-01 1.108041973811886051e-02 4.801255488116852575e+03
3.228968835780180143e+03 9.841345082668834232e-01 1.109991817898790291e-02 4.816197497137288337e+03
3.228978234751161835e+03 9.817378511505985283e-01 1.107941908374946577e-02 4.804676119770389050e+03
3.228987633722143528e+03 9.769599680230789396e-01 1.103677868644229940e-02 4.781507351028315497e+03
3.228997032693125220e+03 9.751719787578272403e-01 1.101252271629542777e-02 4.772978447779877570e+03
3.229006431664107367e+03 9.754324111754459903e-01 1.101693986390782538e-02 4.774483151438377718e+03
3.229015830635089060e+03 9.778113976172340127e-01 1.103421268729027141e-02 4.786366213830734523e+03
3.229025229606070752e+03 9.795651809608927341e-01 1.102855628286474911e-02 4.795197918606188978e+03
3.229034628577052445e+03 9.768884257260684878e-01 1.095951328599244039e-02 4.782348848823989101e+03
3.229044027548034592e+03 9.735111522026901332e-01 1.089993289541737499e-02 4.766076762810635955e+03
3.229053426519016284e+03 9.749021951024072763e-01 1.092179900558374120e-02 4.773156627565272174e+03
3.229062825489997977e+03 9.760310423222029463e-01 1.094726723982134171e-02 4.778961431019644806e+03
3.229072224460979669e+03 9.755265428453107068e-01 1.095920243146115969e-02 4.776776979476758243e+03
3.229081623431961361e+03 9.766900193106230477e-01 1.098392514908779448e-02 4.782768122071276593e+03
3.229091022402943508e+03 9.707243802685987522e-01 1.093303485769188226e-02 4.753855063406294903e+03
3.229100421373925201e+03 9.642303532020823909e-01 1.087992599182982176e-02 4.722358382289639849e+03
3.229109820344906893e+03 9.689951304159484247e-01 1.092899041037822400e-02 4.746009519935616481e+03
3.229119219315888586e+03 9.762960109122742480e-01 1.097470375406173551e-02 4.782094046070606055e+03
3.229128618286870278e+03 9.799666969054486865e-01 1.100078821838407911e-02 4.800408804583122219e+03
3.229138017257852425e+03 9.805019575293189016e-01 1.103566498744376449e-02 4.803373983307509661e+03
3.229147416228834118e+03 9.810303708704090075e-01 1.106953510954172132e-02 4.806313992300982136e+03
3.229156815199815810e+03 9.815666115117579471e-01 1.107823751526082652e-02 4.809300736977455017e+03
3.229166214170797502e+03 9.830747792750940128e-01 1.106768221605543799e-02 4.817058320245429968e+03
3.229175613141779195e+03 9.845092303029027159e-01 1.105535337826361528e-02 4.824463824515705710e+03
3.229185012112761342e+03 9.820956167212744337e-01 1.101439555174277274e-02 4.813020007610732137e+03
3.229194411083743034e+03 9.788334539145099322e-01 1.097265253267941561e-02 4.797423416328447274e+03
3.229203810054724727e+03 9.761765582688992637e-01 1.092536030451496734e-02 4.784798939846236863e+03
3.229213209025706419e+03 9.757445661566767070e-01 1.089314724635230720e-02 4.783086687995366447e+03
3.229222607996688566e+03 9.772298941865068533e-01 1.089626511842905175e-02 4.790781522081816547e+03
3.229232006967670259e+03 9.765052739190023257e-01 1.089111541098959982e-02 4.787650570992297617e+03
3.229241405938651951e+03 9.715949763201040534e-01 1.081021880945348505e-02 4.764003400656825761e+03
3.229250804909633644e+03 9.697695135146292555e-01 1.073850573897544743e-02 4.755486991135723656e+03
3.229260203880615336e+03 9.716179857175915036e-01 1.071629356326947446e-02 4.764994499266758794e+03
3.229269602851597483e+03 9.702591064500758478e-01 1.066624434366488829e-02 4.758780699436208124e+03
3.229279001822579175e+03 9.675404652244508075e-01 1.063445977026702960e-02 4.745903743251980814e+03
3.229288400793560868e+03 9.633941242387151771e-01 1.060579998724081943e-02 4.726028361470508571e+03
3.229297799764542560e+03 9.610992152679388445e-01 1.056143990205134567e-02 4.715240113093579566e+03
3.229307198735524253e+03 9.645993970337666257e-01 1.056247563594484365e-02 4.732891563678217608e+03
3.229316597706506400e+03 9.677856640094765206e-01 1.058170732832564714e-02 4.749013979872344862e+03
3.229325996677488092e+03 9.681135222914627469e-01 1.058068968728085452e-02 4.751119590897072158e+03
3.229335395648469785e+03 9.710330134637922272e-01 1.061724350519456517e-02 4.765953501557052732e+03
3.229344794619451477e+03 9.742332781313935985e-01 1.066513214742214471e-02 4.782176621095513838e+03
3.229354193590433169e+03 9.754318425520577263e-01 1.068695917966223409e-02 4.788584366885370400e+03
3.229363592561415317e+03 9.802098526821478863e-01 1.073554273399027897e-02 4.812575515346451539e+03
3.229372991532397009e+03 9.852415962478809908e-01 1.080057895328483467e-02 4.837825819300587682e+03
3.229382390503378701e+03 9.860383430851697995e-01 1.083713302124354738e-02 4.842292316054811636e+03
3.229391789474360394e+03 9.887325709131659091e-01 1.088002574887891177e-02 4.856087095847052296e+03
3.229401188445342541e+03 9.939030480951883684e-01 1.093073945574842692e-02 4.882056383550995633e+03
3.229410587416324233e+03 9.949972331288450267e-01 1.093420231214028808e-02 4.888014644776795649e+03
3.229419986387305926e+03 9.931813293046442004e-01 1.090043175109469548e-02 4.879684506975285331e+03
3.229429385358287618e+03 9.938274151978987447e-01 1.087942172360624286e-02 4.883457993109875133e+03
3.229438784329269311e+03 9.952247644520841874e-01 1.088382626733716899e-02 4.890932378493748729e+03
3.229448183300251458e+03 9.958398731311394192e-01 1.090244401023241459e-02 4.894571873495217005e+03
3.229457582271233150e+03 9.971500408744913280e-01 1.090731419124576530e-02 4.901636922647719985e+03
3.229466981242214842e+03 9.994659909104917084e-01 1.090987474040825550e-02 4.913656469076915528e+03
3.229476380213196535e+03 1.001030743107085952e+00 1.092701634580279212e-02 4.921993546619259178e+03
3.229485779184178227e+03 1.001030111526733268e+00 1.094232489190090536e-02 4.922642920778251209e+03
3.229495178155160374e+03 1.000185880028257701e+00 1.095319157178455474e-02 4.919151434797169713e+03
3.229504577126142067e+03 9.983199514744854897e-01 1.093426014588468748e-02 4.910641354816384592e+03
3.229513976097123759e+03 9.972478169675506043e-01 1.088132248483475797e-02 4.906042044002778312e+03
3.229523375068105452e+03 9.973184120512931239e-01 1.081126666983624890e-02 4.907071942314972148e+03
3.229532774039087144e+03 9.995608067823996690e-01 1.079331279285127530e-02 4.918797409062191946e+03
3.229542173010069291e+03 1.002745882487761309e+00 1.086698094636754340e-02 4.935173708148256992e+03
3.229551571981050984e+03 1.003229303397444205e+00 1.092368592153540943e-02 4.938264136336273623e+03
3.229560970952032676e+03 1.002187647072827259e+00 1.090534554774297803e-02 4.933855351587979385e+03
3.229570369923014368e+03 1.000352254952660447e+00 1.086635612515748396e-02 4.925545034412461973e+03
3.229579768893996516e+03 9.978843039344753585e-01 1.083186239037631227e-02 4.914125135718431011e+03
3.229589167864978208e+03 9.958990367525835108e-01 1.078896452347833518e-02 4.905087092279122771e+03
3.229598566835959900e+03 9.949725536051128305e-01 1.074690013472233245e-02 4.901269819145334623e+03
3.229607965806941593e+03 9.957186975521583605e-01 1.074597215298786837e-02 4.905699952643180040e+03
3.229617364777923285e+03 9.961272381579575619e-01 1.074040099649793169e-02 4.908475784645123895e+03
3.229626763748905432e+03 9.966121263115782503e-01 1.070525411400030658e-02 4.911636637245239399e+03
3.229636162719887125e+03 1.000281739407303583e+00 1.073703919619969915e-02 4.930504250895736732e+03
3.229645561690868817e+03 1.005592838396438538e+00 1.082499799674457516e-02 4.957478166344911187e+03
3.229654960661850509e+03 1.006102055846905818e+00 1.084340848710951127e-02 4.960792064585945809e+03
3.229664359632832202e+03 1.000884814361833852e+00 1.078235936365254735e-02 4.935874889299575443e+03
3.229673758603814349e+03 9.967998523480311457e-01 1.073485684975701918e-02 4.916542188960584099e+03
3.229683157574796041e+03 9.947240533939037954e-01 1.071311470580470215e-02 4.907122429645662123e+03
3.229692556545777734e+03 9.968367359590590837e-01 1.073406053789637861e-02 4.918373237057166989e+03
3.229701955516759426e+03 1.001515238852538570e+00 1.077034915868493176e-02 4.942297566901603204e+03
3.229711354487741119e+03 1.002020088296314837e+00 1.075156513544984170e-02 4.945638191936206567e+03
3.229720753458723266e+03 1.001108377586226839e+00 1.072993107220943793e-02 4.941994967773419376e+03
3.229730152429704958e+03 1.001090042465945018e+00 1.072381252458354250e-02 4.942769282984039819e+03
3.229739551400686651e+03 1.003714402255817539e+00 1.073314844772739821e-02 4.956602044954528537e+03
3.229748950371668343e+03 1.004698581696736648e+00 1.072628851725718375e-02 4.962346512895783235e+03
3.229758349342650035e+03 1.001624765738857503e+00 1.068010502016774471e-02 4.948054305989708155e+03
3.229767748313632183e+03 1.002278455336397478e+00 1.070047572474501496e-02 4.952182106056106022e+03
3.229777147284613875e+03 1.003683306241618389e+00 1.074470945800998396e-02 4.960031369742975585e+03
3.229786546255595567e+03 1.003335579997169047e+00 1.073875380718076686e-02 4.959228837040776853e+03
3.229795945226577260e+03 1.003346550235570289e+00 1.072389222475767824e-02 4.960207125193333013e+03
3.229805344197559407e+03 1.002951659831360809e+00 1.071491422036252757e-02 4.959186802445855392e+03
3.229814743168541099e+03 1.002292104814347606e+00 1.071705461366290364e-02 4.956865016940146234e+03
3.229824142139522792e+03 1.000839709623058793e+00 1.070912575634938579e-02 4.950628401224795198e+03
3.229833541110504484e+03 1.003083896509080919e+00 1.070443520458541978e-02 4.962685766166040594e+03
3.229842940081486176e+03 1.007009429522753852e+00 1.068659836508249229e-02 4.983075568199943518e+03
3.229852339052468324e+03 1.007400361543140832e+00 1.064248159890658803e-02 4.985987154012567771e+03
3.229861738023450016e+03 1.006593281201723311e+00 1.065122310358847073e-02 4.982977152203249716e+03
3.229871136994431708e+03 1.004511277688610926e+00 1.068048901939672689e-02 4.973661217393208062e+03
3.229880535965413401e+03 1.002204809049619172e+00 1.066083191628445191e-02 4.963237729645686159e+03
3.229889934936395093e+03 1.002958920899065465e+00 1.063521572182092242e-02 4.967977849521069402e+03
3.229899333907377240e+03 1.003866616395162836e+00 1.062852486719702456e-02 4.973488572953379844e+03
3.229908732878358933e+03 1.001324495548999050e+00 1.062993055633902444e-02 4.961914276330753637e+03
3.229918131849340625e+03 9.993042697700075250e-01 1.062814433806000269e-02 4.952929655641542013e+03
3.229927530820322318e+03 9.982358728961124861e-01 1.058452190073271883e-02 4.948667629098098587e+03
3.229936929791304010e+03 9.989364389234034469e-01 1.055202646688787466e-02 4.953182849845037708e+03
3.229946328762286157e+03 1.002748820454043788e+00 1.057233333127334876e-02 4.973140760062946356e+03
3.229955727733267850e+03 1.003684401188596143e+00 1.057774890678468173e-02 4.978844333134282351e+03
3.229965126704249542e+03 1.004444134603866612e+00 1.057834291386398375e-02 4.983685593189307838e+03
3.229974525675231234e+03 1.005416904728201111e+00 1.056328317489708263e-02 4.989593914699727065e+03
3.229983924646213381e+03 1.003609411739288415e+00 1.052981056753020568e-02 4.981711880942451899e+03
3.229993323617195074e+03 1.002994873989834668e+00 1.052406285746448379e-02 4.979756988504796936e+03
3.230002722588176766e+03 1.002931723029236721e+00 1.052378661583143818e-02 4.980547110097721998e+03
3.230012121559158459e+03 1.002289244050041050e+00 1.053548939974760339e-02 4.978467694569018022e+03
3.230021520530140151e+03 9.999962249750425913e-01 1.052337292226065459e-02 4.968194789135012797e+03
3.230030919501122298e+03 9.977248231657760424e-01 1.049137553237648561e-02 4.958032323847075531e+03
3.230040318472103991e+03 9.972323372592005741e-01 1.048125729629191018e-02 4.956714918880382356e+03
3.230049717443085683e+03 9.967384405049827256e-01 1.047113068871557105e-02 4.955397513913690091e+03
3.241308688353076377e+03 1.000249387907808263e+00 7.091279841708203815e-03 5.034950168508615207e+03
3.241317042931806100e+03 9.996342760171189612e-01 7.097183720698708141e-03 5.031081546648745643e+03
3.241325397510535367e+03 1.002590796530159922e+00 7.126238202542877452e-03 5.045190677811313435e+03
3.241333752089264635e+03 1.007952080673262030e+00 7.152340260690804100e-03 5.071398374112884085e+03
3.241342106667993903e+03 1.009291319599062708e+00 7.148528390731346063e-03 5.077368284555851460e+03
3.241350461246723171e+03 1.007272478355418555e+00 7.132782726529081525e-03 5.066449253420708374e+03
3.241358815825452439e+03 1.004696296148722912e+00 7.121728196350316127e-03 5.052734117296033219e+03
3.241367170404182161e+03 1.002925063555680119e+00 7.120549897996803976e-03 5.043074189175787069e+03
3.241375524982911429e+03 1.002483250847352014e+00 7.132335262213401229e-03 5.040104461318847825e+03
3.241383879561640697e+03 1.001972124025745536e+00 7.139472135514728784e-03 5.036790674806079551e+03
3.241392234140369965e+03 1.001412367915961221e+00 7.136070927382360575e-03 5.033236929380304900e+03
3.241400588719099233e+03 1.001049520090640188e+00 7.136312898745350401e-03 5.030677238115230466e+03
3.241408943297828500e+03 9.997916774651602889e-01 7.140096948710427348e-03 5.023624694688120144e+03
3.241417297876558223e+03 9.988107717562799692e-01 7.140680202939327613e-03 5.017968954500887776e+03
3.241425652455287491e+03 9.988718806082764745e-01 7.137019727685146170e-03 5.017552541162408488e+03
3.241434007034016759e+03 9.985877779763718820e-01 7.133517784626529357e-03 5.015405836553691188e+03
3.241442361612746026e+03 9.974745346198169438e-01 7.136841618757956869e-03 5.009099383136061078e+03
3.241450716191475294e+03 9.966256051085911061e-01 7.143217952598864690e-03 5.004125248735912464e+03
3.241459070770204562e+03 9.945694049427798999e-01 7.121785469244621726e-03 4.993094963056120832e+03
3.241467425348934285e+03 9.926569972841731149e-01 7.096545064672206936e-03 4.982792928422595651e+03
3.241475779927663552e+03 9.964285891206564605e-01 7.102577120400467049e-03 5.001024825468601193e+03
3.241484134506392820e+03 9.986474446847989350e-01 7.101614339716913471e-03 5.011462946086010561e+03
3.241492489085122088e+03 9.936089062967056185e-01 7.084145776908432578e-03 4.985487124445350673e+03
3.241500843663851356e+03 9.915064805911082413e-01 7.084791790134188118e-03 4.974251861912675849e+03
3.241509198242580624e+03 9.959998430311810536e-01 7.126210344978043537e-03 4.996108595571915430e+03
3.241517552821310346e+03 9.996956017906182268e-01 7.160422823502782946e-03 5.013962258020484114e+03
3.241525907400039614e+03 9.976947770982397268e-01 7.146446297765556011e-03 5.003247073861864919e+03
3.241534261978768882e+03 9.944410992599445054e-01 7.129623378453272924e-03 4.986256095331274992e+03
3.241542616557498150e+03 9.944412311957930850e-01 7.133719573136848915e-03 4.985585773098934624e+03
3.241550971136227417e+03 9.951123878172429826e-01 7.139021667303790085e-03 4.988282565614960731e+03
3.241559325714956685e+03 9.942661552513288870e-01 7.122257063339662402e-03 4.983376532220153422e+03
3.241567680293686408e+03 9.929843811066065840e-01 7.102842789884717366e-03 4.976292316910450609e+03
3.241576034872415676e+03 9.940140672872945782e-01 7.099215172537928255e-03 4.980795409917389406e+03
3.241584389451144943e+03 9.954310828272575629e-01 7.100544218828808672e-03 4.987241073747245537e+03
3.241592744029874211e+03 9.935949184121474209e-01 7.104209092519114116e-03 4.977391494904071806e+03
3.241601098608603479e+03 9.915264779144490337e-01 7.104700480467344113e-03 4.966384211072656399e+03
3.241609453187332747e+03 9.944704061598514944e-01 7.120684603905499781e-03 4.980485761341160469e+03
3.241617807766062469e+03 9.975733884407499419e-01 7.137815034385105485e-03 4.995383281068698125e+03
3.241626162344791737e+03 9.984515745155946309e-01 7.147626906165900802e-03 4.999140795459131368e+03
3.241634516923521005e+03 9.995665640443621713e-01 7.163038853303216325e-03 5.004085975708997466e+03
3.241642871502250273e+03 9.999544261492150365e-01 7.169859161699304768e-03 5.005393292976762496e+03
3.241651226080979541e+03 1.000415934073282553e+00 7.167158287084665798e-03 5.007071983571907367e+03
3.241659580659708809e+03 1.000403909649266287e+00 7.157937733085529414e-03 5.006383621003024018e+03
3.241667935238438531e+03 9.997077580837979704e-01 7.151723268234921708e-03 5.002275322340343337e+03
3.241676289817167799e+03 9.965953917594325695e-01 7.149438165607682229e-03 4.986082513624943203e+03
3.241684644395897067e+03 9.927329974193550566e-01 7.167382541629177192e-03 4.966144751554857066e+03
3.241692998974626335e+03 9.918214960719321516e-01 7.234650815770370981e-03 4.960974949811225088e+03
3.241701353553355602e+03 9.909229672264686650e-01 7.260526024462927996e-03 4.955874304585684513e+03
3.241709708132084870e+03 9.852130362329960533e-01 7.145262261762873844e-03 4.926717701363772903e+03
3.241718062710814593e+03 9.766319278458747144e-01 7.017845223556739946e-03 4.883215092331103733e+03
3.241726417289543861e+03 9.673075207008188237e-01 6.947875027143359666e-03 4.836009830894976403e+03
3.241734771868273128e+03 9.570669826353683796e-01 6.887874824870359944e-03 4.784239196267780244e+03
3.241743126447002396e+03 9.445704813461831550e-01 6.800186710488184509e-03 4.721207897423853865e+03
3.241751481025731664e+03 9.319948236855781776e-01 6.697464133263561839e-03 4.657798792849781421e+03
3.241759835604460932e+03 9.259000367971246259e-01 6.645670618757619150e-03 4.626792847841151342e+03
3.241768190183190654e+03 9.245722551808126521e-01 6.634491390822061518e-03 4.619615212658031851e+03
3.241776544761919922e+03 9.244199654769726937e-01 6.644399447555186973e-03 4.618314608717094416e+03
3.241784899340649190e+03 9.253741185614007270e-01 6.660853651038490045e-03 4.622544040298363143e+03
3.241793253919378458e+03 9.259483553849211512e-01 6.657682712602953912e-03 4.624877588503442894e+03
3.241801608498107726e+03 9.264280268660399775e-01 6.655889325007109669e-03 4.626740995885295888e+03
3.241809963076836993e+03 9.232954192159285034e-01 6.643167932767071217e-03 4.610568360159444637e+03
3.241818317655566716e+03 9.163050054847114989e-01 6.608275021915526945e-03 4.575139912120257577e+03
3.241826672234295984e+03 9.120376486898170709e-01 6.586080045829675357e-03 4.553316892957989694e+03
3.241835026813025252e+03 9.115894671463248278e-01 6.578054293717799927e-03 4.550566346915617942e+03
3.241843381391754519e+03 9.094115265925873937e-01 6.553135422973586574e-03 4.539185173361503985e+03
3.241851735970483787e+03 9.040443204858615855e-01 6.518303544185239003e-03 4.511892160108167445e+03
3.241860090549213055e+03 9.003235882516580357e-01 6.499607806372751685e-03 4.492824039750526936e+03
3.241868445127942778e+03 8.986834263720919758e-01 6.485640447182652001e-03 4.484144034241718145e+03
3.241876799706672045e+03 8.985462406568517357e-01 6.486490988215858240e-03 4.482966983006564988e+03
3.241885154285401313e+03 9.013257037349741152e-01 6.516245503054279159e-03 4.496342631284804156e+03
3.241893508864130581e+03 9.058548374957303695e-01 6.552636093083554457e-03 4.518445279491684232e+03
3.241901863442859849e+03 9.091032352040783193e-01 6.572808522534002475e-03 4.534157934917679086e+03
3.241910218021589117e+03 9.121702870053646217e-01 6.594801438913769007e-03 4.548965310910394692e+03
3.241918572600318839e+03 9.170663032876091858e-01 6.627861719453125196e-03 4.572891996155904963e+03
3.241926927179048107e+03 9.206633925799428964e-01 6.653136561566443119e-03 4.590339722111740230e+03
3.241935281757777375e+03 9.238141133010122630e-01 6.684500022768500097e-03 4.605560900331224730e+03
3.241943636336506643e+03 9.281804051996882521e-01 6.723776053772848905e-03 4.626840773511217776e+03
3.241951990915235911e+03 9.321196182283906229e-01 6.749558282152168069e-03 4.645989942376105319e+03
3.241960345493965178e+03 9.346351317571723882e-01 6.759018720743602271e-03 4.658042130569854635e+03
3.241968700072694901e+03 9.361138934624930741e-01 6.765751731725248505e-03 4.664927839600044535e+03
3.241977054651424169e+03 9.363807772882821734e-01 6.772373584987619911e-03 4.665776063395722304e+03
3.241985409230153437e+03 9.358379947151660438e-01 6.770499863790126367e-03 4.662592585740849245e+03
3.241993763808882704e+03 9.347928359983327384e-01 6.758021363009835206e-03 4.656909477353931834e+03
3.242002118387611972e+03 9.297353661923749568e-01 6.718421164965781948e-03 4.631243623198220121e+03
3.242010472966341240e+03 9.238177843415679158e-01 6.661228173897762450e-03 4.601301366274154134e+03
3.242018827545070963e+03 9.191540673572419218e-01 6.601874755374013970e-03 4.577612068183543670e+03
3.242027182123800230e+03 9.132769460929687222e-01 6.540588134374716173e-03 4.547887420256460246e+03
3.242035536702529498e+03 9.038939117719356764e-01 6.477135655064005827e-03 4.500714202039047450e+03
3.242043891281258766e+03 8.960516874241862828e-01 6.436898728191170482e-03 4.461223950598778174e+03
3.242052245859988034e+03 8.922677863619280503e-01 6.418774330953942557e-03 4.441947165793882959e+03
3.242060600438717302e+03 8.908685719946122239e-01 6.411297539998570862e-03 4.434546840876132592e+03
3.242068955017447024e+03 8.928163742303730777e-01 6.415853799681838984e-03 4.443809260695315970e+03
3.242077309596176292e+03 8.930131620618292354e-01 6.406179525860038367e-03 4.444357618597999135e+03
3.242085664174905560e+03 8.932892346905915160e-01 6.403218625252263610e-03 4.445302613857179495e+03
3.242094018753634828e+03 8.978218021873969334e-01 6.438493080282590465e-03 4.467429305326564645e+03
3.242102373332364095e+03 9.048672504985212361e-01 6.497857662381522140e-03 4.502056476706216927e+03
3.242110727911093363e+03 9.106271102693781483e-01 6.539709895755939362e-03 4.530283561827928679e+03
3.242119082489823086e+03 9.172998990811538356e-01 6.580246629432403432e-03 4.563048797321150232e+03
3.242127437068552354e+03 9.245304586527227642e-01 6.629636781732738821e-03 4.598584387136434088e+03
3.242135791647281621e+03 9.298690123975484889e-01 6.674274883878964816e-03 4.624705620447743968e+03
3.242144146226010889e+03 9.350066574201796321e-01 6.720733791917649080e-03 4.649825057094471958e+03
3.242152500804740157e+03 9.428374035045047341e-01 6.777877573729602749e-03 4.688333693860333369e+03
3.242160855383469425e+03 9.512783481067239588e-01 6.832266057975442189e-03 4.729871411972127135e+03
3.242169209962199147e+03 9.605222905435019110e-01 6.890986269823890648e-03 4.775395955374148798e+03
3.242177564540928415e+03 9.705494385720681016e-01 6.954054686914183832e-03 4.824807889086549039e+03
3.242185919119657683e+03 9.768951396138988441e-01 6.990885153587633564e-03 4.855913480888269987e+03
3.242194273698386951e+03 9.810298884221926308e-01 7.013211693733121394e-03 4.876026560521930151e+03
3.242202628277116219e+03 9.856200512566213323e-01 7.045291194009433051e-03 4.898401605767431647e+03
3.242210982855845486e+03 9.882986220086706908e-01 7.063436816137296827e-03 4.911275368161602273e+03
3.242219337434575209e+03 9.859800777679843531e-01 7.040741107548913018e-03 4.899318485097304801e+03
3.242227692013304477e+03 9.842109975614881101e-01 7.029452019807858748e-03 4.890095965392665676e+03
3.242236046592033745e+03 9.868789908622577212e-01 7.051946781914656195e-03 4.902921122302333060e+03
3.242244401170763012e+03 9.901122108555723278e-01 7.071694292795774502e-03 4.918554078354343801e+03
3.242252755749492280e+03 9.922343935564537087e-01 7.076095189250162544e-03 4.928667697867998868e+03
3.242261110328221548e+03 9.939975733969254046e-01 7.073786579202550814e-03 4.936998635048827964e+03
3.242269464906951271e+03 9.952668594213690545e-01 7.071659986500526338e-03 4.942877430773119158e+03
3.242277819485680538e+03 9.977543247308161556e-01 7.086975682079929562e-03 4.954806797736170665e+03
3.242286174064409806e+03 1.000637384719506695e+00 7.117004438957832448e-03 4.968700611402582581e+03
3.242294528643139074e+03 1.000661895073532426e+00 7.121578333469813331e-03 4.968401175029079241e+03
3.242302883221868342e+03 9.980772938033594111e-01 7.092193398824781468e-03 4.955150468166430983e+03
3.242311237800597610e+03 9.977123662506333091e-01 7.081472096291554705e-03 4.952923177925321397e+03
3.242319592379327332e+03 9.991572172187662693e-01 7.095513257891158422e-03 4.959681850216567909e+03
3.242327946958056600e+03 9.991639350805791020e-01 7.104256102432687965e-03 4.959303373986063889e+03
3.242336301536785868e+03 9.981042256470803453e-01 7.108194544107538509e-03 4.953634305776033216e+03
3.242344656115515136e+03 9.969385948882948378e-01 7.104405223621297963e-03 4.947442577628898107e+03
3.242353010694244404e+03 9.967200789143441098e-01 7.101454202976616517e-03 4.945953704803948312e+03
3.242361365272973671e+03 9.976007897178089667e-01 7.117134209020844690e-03 4.949921272412063445e+03
3.242369719851703394e+03 9.995928798955290295e-01 7.139697173260903425e-03 4.959404235197318485e+03
3.242378074430432662e+03 1.000897727237497037e+00 7.144402689358960758e-03 4.965478243798576841e+03
3.242386429009161930e+03 1.000801810570784767e+00 7.139133365721619419e-03 4.964604603798155949e+03
3.242394783587891197e+03 1.000769709853265521e+00 7.144288345357205014e-03 4.964049627088366833e+03
3.242403138166620465e+03 9.999459583050140932e-01 7.149499133677792925e-03 4.959570247116446808e+03
3.242411492745349733e+03 9.985725277228495456e-01 7.150140957516917459e-03 4.952367425725431531e+03
3.242419847324079456e+03 9.977236645011349214e-01 7.146160441683121860e-03 4.947769035966027332e+03
3.242428201902808723e+03 9.989542502161410376e-01 7.143405599187396988e-03 4.953484591057965190e+03
3.242436556481537991e+03 1.000819105608669712e+00 7.141575216915389129e-03 4.962346057643833774e+03
3.242444911060267259e+03 1.000852920306872784e+00 7.135270249195552195e-03 4.962129934243457683e+03
3.242453265638996527e+03 9.979246960004038991e-01 7.118343537216404240e-03 4.947231367268139365e+03
3.242461620217725795e+03 9.954711880268988233e-01 7.112535763149531974e-03 4.934690193993787034e+03
3.242469974796455517e+03 9.959632416748471773e-01 7.125287868955835352e-03 4.936753239195920287e+03
3.242478329375184785e+03 9.954751727654921334e-01 7.115855575735976178e-03 4.933959945710242209e+03
3.242486683953914053e+03 9.956951304338733655e-01 7.099717595608614693e-03 4.934677890780119014e+03
3.382961347682877658e+03 9.974729587098234429e-01 4.906797655815025617e-03 3.806215441577612182e+03
3.382969978244666891e+03 9.978454197819285332e-01 4.908930270069964373e-03 3.807086086564648667e+03
3.382978608806456577e+03 9.973867797375910449e-01 4.899711955310004016e-03 3.804717911588127208e+03
3.382987239368245810e+03 9.980630493332117714e-01 4.892871752016648632e-03 3.806613245161235227e+03
3.382995869930035497e+03 1.000389237024218447e+00 4.894040472050780084e-03 3.814735807072061561e+03
3.383004500491824729e+03 1.001333482866825664e+00 4.893477732607202577e-03 3.817524999940978887e+03
3.383013131053613961e+03 1.000347455343417069e+00 4.894015856744015833e-03 3.812896338863429719e+03
3.383021761615403648e+03 9.996669472223825847e-01 4.899651947732687127e-03 3.809377172215136852e+03
3.383030392177192880e+03 9.987226623497822420e-01 4.907062881490849293e-03 3.804800268340803541e+03
3.383039022738982112e+03 9.987884932542823169e-01 4.910759604332454523e-03 3.804020673300871749e+03
3.383047653300771799e+03 1.000021468109834055e+00 4.909734932762877153e-03 3.807635475133147338e+03
3.383056283862561031e+03 9.995271618146130965e-01 4.908349541595472681e-03 3.804625629168504929e+03
3.383064914424350263e+03 9.984359919850092080e-01 4.908670564418987636e-03 3.799300901520367006e+03
3.383073544986139950e+03 9.984407647798144714e-01 4.909711012863190310e-03 3.798105360327677317e+03
3.383082175547929182e+03 9.987835699672032996e-01 4.913287114182223261e-03 3.798155172215189850e+03
3.383090806109718415e+03 9.994501144716596563e-01 4.921178369123651794e-03 3.799397017824802788e+03
3.383099436671508101e+03 1.000664995648638200e+00 4.932547641814832851e-03 3.802685403291119655e+03
3.383108067233297334e+03 1.000970815474002684e+00 4.937735701675490668e-03 3.802483992265299548e+03
3.383116697795086566e+03 9.996860819962426481e-01 4.933364763691861464e-03 3.796210902325206007e+03
3.383125328356876253e+03 9.984644376172413516e-01 4.931228768230846299e-03 3.790152419590993304e+03
3.383133958918665485e+03 9.980325970153971493e-01 4.933124506732526268e-03 3.787068248066007072e+03
3.383142589480454717e+03 9.977350951657740774e-01 4.935300269297212238e-03 3.784471099668756324e+03
3.383151220042244404e+03 9.962297987803182542e-01 4.933956249605341363e-03 3.777273937681774441e+03
3.383159850604033636e+03 9.943543125278411221e-01 4.925584420388456897e-03 3.768659154952390963e+03
3.383168481165822868e+03 9.919112576828136296e-01 4.897593710203404331e-03 3.757883077346355094e+03
3.383177111727612555e+03 9.898013202361480856e-01 4.875420912044285682e-03 3.748361621010631552e+03
3.383185742289401787e+03 9.899702089967067353e-01 4.877843985007174546e-03 3.747460979513682105e+03
3.383194372851191019e+03 9.900925593055063256e-01 4.883091385389225735e-03 3.746373964443215300e+03
3.383203003412980706e+03 9.880239021048251580e-01 4.887396783257722151e-03 3.736992097377034952e+03
3.383211633974769939e+03 9.852298228436169314e-01 4.886206326831121771e-03 3.724869014067092394e+03
3.383220264536559171e+03 9.839271989985909350e-01 4.878484854271845743e-03 3.718388349096832371e+03
3.383228895098348858e+03 9.836617111228568300e-01 4.874272292052130549e-03 3.715829119740990336e+03
3.383237525660138090e+03 9.828241921277234283e-01 4.872073886757475811e-03 3.711112537055477333e+03
3.383246156221927777e+03 9.818512530232647029e-01 4.869267785535845612e-03 3.705891537223215892e+03
3.383254786783717009e+03 9.846868273079457667e-01 4.877530972950384035e-03 3.715048796812709043e+03
3.383263417345506241e+03 9.885644820204277927e-01 4.890939692039910150e-03 3.728135807791496973e+03
3.383272047907295928e+03 9.894733840922438350e-01 4.898778908868156416e-03 3.730030421835243942e+03
3.383280678469085160e+03 9.892463180675536982e-01 4.901129023721344929e-03 3.727655027151839477e+03
3.383289309030874392e+03 9.905737804044718597e-01 4.906943343581927214e-03 3.731151328654383178e+03
3.383297939592664079e+03 9.926570651292507819e-01 4.915857870415636308e-03 3.737507364781781234e+03
3.383306570154453311e+03 9.922493986439391289e-01 4.916346449419682282e-03 3.734502369726324105e+03
3.383315200716242543e+03 9.897928513457466826e-01 4.910387793345018584e-03 3.723812860234946129e+03
3.383323831278032230e+03 9.888681228934080858e-01 4.910210467131053379e-03 3.718916158293010085e+03
3.383332461839821462e+03 9.896792012589317178e-01 4.912979687596021397e-03 3.720574780245522561e+03
3.383341092401610695e+03 9.895301919545201885e-01 4.907661548956073969e-03 3.718652617348152489e+03
3.383349722963400382e+03 9.887667682886357445e-01 4.904739292709958676e-03 3.714454500228714096e+03
3.383358353525189614e+03 9.902628499948737950e-01 4.919205555658598406e-03 3.718777692691421635e+03
3.383366984086978846e+03 9.928704640261799552e-01 4.933390846807840166e-03 3.727306216033681267e+03
3.383375614648768533e+03 9.936984184960871991e-01 4.928334676254681086e-03 3.729188264469552450e+03
3.383384245210557765e+03 9.934836422129619260e-01 4.920815499862846686e-03 3.727197532729854174e+03
3.383392875772346997e+03 9.947892884045431705e-01 4.923799247623097779e-03 3.730953133534409517e+03
3.383401506334136684e+03 9.969666215373589324e-01 4.932965372946915630e-03 3.738019960187762990e+03
3.383410136895925916e+03 9.992689284158049468e-01 4.952062521339986936e-03 3.745598827857870674e+03
3.383418767457715148e+03 1.001874511456697370e+00 4.968710083087290834e-03 3.754360170466009549e+03
3.383427398019504835e+03 1.001533602348551932e+00 4.956829452061633189e-03 3.752130867814115845e+03
3.383436028581294067e+03 9.989608109786363155e-01 4.939450922305118306e-03 3.741596551998113227e+03
3.383444659143083300e+03 9.963407188617517951e-01 4.937584037473899921e-03 3.730942407890197501e+03
3.383453289704872986e+03 9.941936156406396830e-01 4.936433497260153680e-03 3.722115066948012100e+03
3.383461920266662219e+03 9.909887612740669871e-01 4.920724537463443994e-03 3.709382379513176602e+03
3.383470550828451451e+03 9.861879404334433774e-01 4.897823497220328212e-03 3.690731024043692742e+03
3.383479181390241138e+03 9.761457163341190624e-01 4.849194025768882067e-03 3.652522220010911951e+03
3.383487811952030370e+03 9.629420306791325324e-01 4.789849905832380128e-03 3.602545103500520327e+03
3.383496442513819602e+03 9.460466142268155743e-01 4.717433121822334381e-03 3.538818942747873280e+03
3.383505073075609289e+03 9.265807125647781417e-01 4.631647002691178031e-03 3.465540126275314833e+03
3.383513703637398521e+03 9.101664347828065660e-01 4.549442768195665829e-03 3.403733853095513041e+03
3.383522334199188208e+03 8.955137861263444687e-01 4.469962034827508132e-03 3.348569222401558363e+03
3.383530964760977440e+03 8.865914838134918430e-01 4.432624957701681440e-03 3.314879915459438052e+03
3.383539595322766672e+03 8.858700075508472160e-01 4.434563914066605265e-03 3.311893672665744361e+03
3.383548225884556359e+03 8.893913595436747643e-01 4.445106471755069788e-03 3.324805365789385633e+03
3.383556856446345591e+03 8.926095518934723527e-01 4.457497043628916820e-03 3.336617817019580798e+03
3.383565487008134824e+03 8.942190718684031037e-01 4.469155282972648614e-03 3.342450969508347043e+03
3.383574117569924510e+03 8.933431980633437242e-01 4.464600477280732289e-03 3.339028236558489880e+03
3.383582748131713743e+03 8.892393547667600817e-01 4.434045112485599134e-03 3.323574487097651399e+03
3.383591378693502975e+03 8.829259227121637466e-01 4.394701959350877374e-03 3.299895811355744627e+03
3.383600009255292662e+03 8.759452851741523771e-01 4.355443855431701677e-03 3.273755788330388441e+03
3.383608639817081894e+03 8.685508049110630679e-01 4.314390055087968454e-03 3.246099861974011219e+03
3.383617270378871126e+03 8.605527984152953058e-01 4.279773365819330294e-03 3.216217542585871797e+03
3.383625900940660813e+03 8.548530907643367982e-01 4.257310092084589347e-03 3.194952546914078084e+03
3.383634531502450045e+03 8.522047189456342098e-01 4.249287496760618781e-03 3.185118271807685687e+03
3.383643162064239277e+03 8.522819217725358110e-01 4.251220061701565731e-03 3.185496759387524435e+03
3.383651792626028964e+03 8.542875908978448951e-01 4.258887707248546449e-03 3.193108665605904207e+03
3.383660423187818196e+03 8.566857112564149057e-01 4.270216969897475991e-03 3.202212637881815681e+03
3.383669053749607428e+03 8.599617329714646097e-01 4.281172024669022656e-03 3.214622905736665416e+03
3.383677684311397115e+03 8.645388815023529183e-01 4.298366569343198967e-03 3.231921562458182052e+03
3.383686314873186348e+03 8.698645577957949682e-01 4.327097243635906823e-03 3.252043060397565569e+03
3.383694945434975580e+03 8.747168397177571553e-01 4.353090821400049104e-03 3.270418952150632322e+03
3.383703575996765267e+03 8.797135221115131021e-01 4.374126115594735055e-03 3.289358378985388299e+03
3.383712206558554499e+03 8.867739172060856712e-01 4.405024246537231174e-03 3.316038123504024952e+03
3.383720837120343731e+03 8.934347231619731433e-01 4.440511927668667862e-03 3.341247557602931920e+03
3.383729467682133418e+03 8.983473118375673305e-01 4.470606795779078282e-03 3.359941791122253107e+03
3.383738098243922650e+03 9.022604700145537837e-01 4.490384857406472252e-03 3.374919228642391317e+03
3.383746728805711882e+03 9.046239915564912026e-01 4.499975114898756116e-03 3.384119820886960042e+03
3.383755359367501569e+03 9.041198431918330281e-01 4.499738031462249994e-03 3.382609782212955906e+03
3.383763989929290801e+03 8.999906860717272750e-01 4.488677759421358208e-03 3.367550855563820733e+03
3.383772620491080488e+03 8.943291339895117487e-01 4.462486614523982799e-03 3.346768260815620124e+03
3.383781251052869720e+03 8.855673322071780929e-01 4.409701473652431758e-03 3.314390830977582482e+03
3.383789881614658952e+03 8.762774443054768270e-01 4.355928791109461157e-03 3.280041008428076111e+03
3.383798512176448639e+03 8.684511669883261398e-01 4.316214284677447055e-03 3.251173007514637447e+03
3.383807142738237872e+03 8.605173255005066357e-01 4.284531771561162460e-03 3.221905130228178677e+03
3.383815773300027104e+03 8.520306015699102842e-01 4.253501727883288175e-03 3.190568530391684362e+03
3.383824403861816791e+03 8.434831953753838540e-01 4.217225357353204980e-03 3.159004633840285351e+03
3.383833034423606023e+03 8.362657682301760653e-01 4.183473227434782865e-03 3.132421307140147292e+03
3.383841664985395255e+03 8.322648195964547080e-01 4.162467079531727114e-03 3.117887011279398394e+03
3.383850295547184942e+03 8.313095277060564836e-01 4.150585132430860587e-03 3.114766045718759869e+03
3.383858926108974174e+03 8.315804672681690324e-01 4.146330804054474198e-03 3.116244544857510391e+03
3.383867556670763406e+03 8.349390643067788886e-01 4.161970410724320085e-03 3.129300268412151581e+03
3.383876187232553093e+03 8.421819594224985162e-01 4.195311475889418329e-03 3.156923882107809732e+03
3.383884817794342325e+03 8.535386164271835385e-01 4.247494538163864262e-03 3.199981546247024653e+03
3.383893448356131557e+03 8.629014796312748370e-01 4.293096176773116696e-03 3.235578390772010607e+03
3.383902078917921244e+03 8.723178258949862984e-01 4.336586617975165744e-03 3.271387966151868568e+03
3.383910709479710476e+03 8.834596147866913274e-01 4.385244850982356578e-03 3.313680744814198079e+03
3.383919340041499709e+03 8.914032334462904661e-01 4.424400067083725067e-03 3.343988539749647316e+03
3.383927970603289396e+03 8.996681123088161591e-01 4.464387574075951923e-03 3.375509683710421996e+03
3.383936601165078628e+03 9.126827008272839770e-01 4.517760244677621051e-03 3.424861673095476363e+03
3.383945231726867860e+03 9.266257972142912802e-01 4.577278391378228166e-03 3.477710353413011035e+03
3.383953862288657547e+03 9.401059831130956779e-01 4.639666428950469518e-03 3.528833359958934579e+03
3.383962492850446779e+03 9.515970078504946139e-01 4.693293515595315865e-03 3.572498946686344880e+03
3.383971123412236011e+03 9.620783323025233758e-01 4.742268354599656066e-03 3.612380317149329130e+03
3.383979753974025698e+03 9.698909666420100217e-01 4.776722419203526665e-03 3.642244637337942095e+03
3.383988384535814930e+03 9.713991164174128334e-01 4.782936640020797429e-03 3.648430921898446286e+03
3.383997015097604162e+03 9.746969241960222741e-01 4.799040117600986317e-03 3.661332703370895615e+03
3.384005645659393849e+03 9.778147410404364193e-01 4.815628185041570357e-03 3.673552012276318237e+03
3.384014276221183081e+03 9.786981799448172259e-01 4.819376602395439302e-03 3.677368356598054106e+03
3.384022906782972768e+03 9.812620255232082922e-01 4.827373528456436851e-03 3.687488741732688595e+03
3.384031537344762000e+03 9.837885209608411285e-01 4.838534220456244643e-03 3.697458629027020834e+03
3.384040167906551233e+03 9.846479085496150363e-01 4.848699811602965974e-03 3.701150886610661473e+03
3.384048798468340919e+03 9.862378749799118882e-01 4.866080797288997034e-03 3.707575831376105270e+03
3.384057429030130152e+03 9.872802753194617198e-01 4.880238927100874653e-03 3.711927926960338482e+03
3.384066059591919384e+03 9.881595286005974144e-01 4.887760046301420705e-03 3.715650929992858892e+03
3.384074690153709071e+03 9.925515160209199550e-01 4.906306366809881116e-03 3.732567070285408136e+03
3.384083320715498303e+03 9.961216964734123103e-01 4.928678960545562066e-03 3.746377359126715419e+03
3.384091951277287535e+03 9.953429919694181116e-01 4.936081933808607845e-03 3.743813176166856465e+03
3.384100581839077222e+03 9.951312451918248314e-01 4.935654839515497307e-03 3.743360636213771159e+03
3.384109212400866454e+03 9.970169253238686524e-01 4.939128843786418435e-03 3.750777001682394257e+03
3.384117842962655686e+03 9.994195808740676812e-01 4.949818259835812514e-03 3.760117087549025655e+03
3.384126473524445373e+03 9.998759121361314728e-01 4.953934934734674327e-03 3.762111907870068080e+03
3.384135104086234605e+03 9.986377392857579416e-01 4.950188666863211684e-03 3.757707144398416858e+03
3.384143734648023838e+03 9.979986844833191872e-01 4.949832928090873614e-03 3.755533052457795748e+03
3.384152365209813524e+03 9.971706934209160211e-01 4.954494352014328536e-03 3.752624865092186155e+03
3.384160995771602757e+03 9.953141192779125790e-01 4.958952294903931114e-03 3.745822980762618499e+03
3.384169626333391989e+03 9.955700222617267503e-01 4.964138410618084557e-03 3.746949147721627924e+03
3.384178256895181676e+03 9.983467017595526460e-01 4.970328478091164300e-03 3.757541565996260488e+03
3.384186887456970908e+03 1.000910655353816292e+00 4.975766983712107822e-03 3.767312981055952150e+03
3.384195518018760140e+03 1.002261193535239014e+00 4.980543197539026405e-03 3.772497010553386644e+03
3.384204148580549827e+03 1.002049681226543365e+00 4.980534041927864829e-03 3.771781357396980638e+03
3.384212779142339059e+03 1.000354711128147667e+00 4.972134030495326332e-03 3.765461928101221929e+03
3.384221409704128291e+03 9.984691717649729625e-01 4.966262464803336378e-03 3.758405639206066553e+03
3.384230040265917978e+03 9.986678919999392168e-01 4.972319889758125035e-03 3.759175900582796203e+03
3.384238670827707210e+03 1.000427422801950295e+00 4.982012720032966482e-03 3.765802913974900093e+03
3.384247301389496442e+03 1.002193230351055897e+00 4.990672647310805468e-03 3.772435493581529954e+03
3.384255931951286129e+03 1.003088083179052958e+00 4.999218054056196736e-03 3.775771953327102892e+03
3.384264562513075361e+03 1.002205686139937990e+00 5.003632033381557979e-03 3.772401382906229628e+03
3.384273193074864594e+03 9.998493881347153556e-01 4.996656095778045578e-03 3.763466341125928921e+03
3.384281823636654281e+03 9.973311341430465271e-01 4.981100219047299854e-03 3.753905769001178214e+03
3.384290454198443513e+03 9.977374635492400889e-01 4.978062534980638026e-03 3.755337545865058019e+03
3.384299084760233200e+03 9.988059350613329723e-01 4.982496408508169453e-03 3.759245990289054134e+03
