9.999988539908657437e-01
9.999988094727791932e-01
9.999987487045647327e-01
9.999986737032928730e-01
9.999985865386207262e-01
9.999984879869323606e-01
9.999983773907124007e-01
9.999982530407007797e-01
9.999981124137372612e-01
9.999979520503391450e-01
9.999977669642561295e-01
9.999975490861560123e-01
9.999972829909253846e-01
9.999969333884172196e-01
9.999964077655895123e-01
9.999954473357158813e-01
9.999933253497699237e-01
9.999880727520787937e-01
9.999746633429618115e-01
9.999411861107851962e-01
9.998617055598996162e-01
9.996847938327971805e-01
9.993184828926986452e-01
9.986163664203862034e-01
9.973752343841623125e-01
9.953588227896056351e-01
9.923594072853647585e-01
9.882942364027428317e-01
9.833090322297035613e-01
9.778384674045337288e-01
9.725725199755270722e-01
9.683095875486960047e-01
9.657329198404315251e-01
9.651958732717924594e-01
9.666103796869707221e-01
9.694903844957427630e-01
9.731294159079943995e-01
9.768306638643038387e-01
9.800928786902052270e-01
9.826899284416574787e-01
9.846399457790230292e-01
9.861064448913018365e-01
9.872879751424976646e-01
9.883377481952907440e-01
9.893278902315905121e-01
9.902514991518206466e-01
9.910465865270321473e-01
9.916270284492925136e-01
9.919110412509258845e-01
9.918428777058975188e-01
9.914066070172322664e-01
9.906321739124031023e-01
9.895942942808946263e-01
9.884048889220349299e-01
9.872000755163050645e-01
9.861233016317778599e-01
9.853068617842873911e-01
9.848545432937675370e-01
9.848282302545479094e-01
9.852408022488607919e-01
9.860566043350194043e-01
9.871993331030500807e-01
9.885657140147396937e-01
9.900422122172611861e-01
9.915215216116328723e-01
9.929158425110693464e-01
9.941648987939859516e-01
9.952379844183891766e-01
9.961306907102587260e-01
9.968579956361072192e-01
9.974458689166720848e-01
9.979234220371215880e-01
9.983170440254002242e-01
9.986471545557480400e-01
9.989274348821859384e-01
9.991658597471508862e-01
9.993666353902592725e-01
9.995322240344424181e-01
9.996648999646063904e-01
9.997676062116085394e-01
9.998441543952572008e-01
9.998989729436070784e-01
9.999366532152108578e-01
9.999614998526282772e-01
9.999772080107782735e-01
9.999867091233867189e-01
9.999921722060500784e-01
9.999951161566877911e-01
9.999977142184187651e-01
9.999976441325321153e-01
9.999975504361533485e-01
9.999974363141828082e-01
9.999973054342979895e-01
9.999971600540349392e-01
9.999970006036219550e-01
9.999968261652902868e-01
9.999966350188472797e-01
9.999964249170407715e-01
9.999961931300991314e-01
9.999959363651280686e-01
9.999956506057725569e-01
9.999953308530238338e-01
9.999949706800204119e-01
9.999945613778777886e-01
9.999940901060649923e-01
9.999935354128373088e-01
9.999928554360381083e-01
9.999919554293470458e-01
9.999905980430150443e-01
9.999881623433617417e-01
9.999830288647018062e-01
9.999711128451497233e-01
9.999426357650741393e-01
9.998756465008797889e-01
9.997243365309231855e-01
9.994005001536774291e-01
9.987486492572004160e-01
9.975203268526298128e-01
9.953608481570646038e-01
9.918290011620916058e-01
9.864708142308136196e-01
9.789551753909371268e-01
9.692498645299483240e-01
9.577808180887512624e-01
9.454958718932038320e-01
9.337681624052864837e-01
9.241292068083635236e-01
9.178972377097578406e-01
9.158246230916062824e-01
9.178953442729933521e-01
9.233509919977207492e-01
9.309342522369127293e-01
9.392544229646875298e-01
9.471395135852910263e-01
9.538601185912600755e-01
9.591763586940174058e-01
9.632340235628357172e-01
9.663837830898809322e-01
9.690028851681716793e-01
9.713718267432855935e-01
9.736215633429647909e-01
9.757390402626582304e-01
9.776073437163226298e-01
9.790583049041338137e-01
9.799227256945182152e-01
9.800707499529317523e-01
9.794397672112593600e-01
9.780495936605251295e-01
9.760055375065485039e-01
9.734903123611245990e-01
9.707461960059049488e-01
9.680495185878494890e-01
9.656804045032278960e-01
9.638914451248017379e-01
9.628793748795929641e-01
9.627636509638703988e-01
9.635750101043800697e-01
9.652556583271535429e-01
9.676709500191106317e-01
9.706305473226601865e-01
9.739154863694796660e-01
9.773066518347343079e-01
9.806101005581494556e-01
9.836755144551900809e-01
9.864056171966106845e-01
9.887562857616508660e-01
9.907288685052755284e-01
9.923574767754502757e-01
9.936945068176845641e-01
9.947973584694507210e-01
9.957184384317132597e-01
9.964993827465372656e-01
9.971693339928557887e-01
9.977463131811468156e-01
9.982403528374187429e-01
9.986570899517411837e-01
9.990008393727668468e-01
9.992766195923949990e-01
9.994910338365585734e-01
9.996522187633870571e-01
9.997692225745260508e-01
9.998511805072110015e-01
9.999065679181660116e-01
9.999426868388605616e-01
9.999654271080062884e-01
9.999792638205096118e-01
9.999874148415963671e-01
9.999920778753270678e-01
9.999946826355345930e-01
9.999961171435634011e-01
9.999969090650691061e-01
9.999973588828958704e-01
9.999976307878193360e-01
9.999978107475953060e-01
9.999979413560478037e-01
9.999980417008824674e-01
9.999981187242981129e-01
9.999981744121611005e-01
9.999990511815293193e-01
9.999990236839542135e-01
9.999989863521793199e-01
9.999989412442065184e-01
9.999988903301183507e-01
9.999988345912448340e-01
9.999987741293707710e-01
9.999987085822497068e-01
9.999986373829612418e-01
9.999985598425757960e-01
9.999984751542567718e-01
9.999983823732179200e-01
9.999982803871019232e-01
9.999981678777025706e-01
9.999980432714973277e-01
9.999979046746907407e-01
9.999977497857728270e-01
9.999975757730877879e-01
9.999973790923444295e-01
9.999971551877209208e-01
9.999968979354573184e-01
9.999965984365405403e-01
9.999962419473501507e-01
9.999957989665768654e-01
9.999951972133993561e-01
9.999942319246540867e-01
9.999922878120098835e-01
9.999875331229717279e-01
9.999747859747627476e-01
9.999404486790295365e-01
9.998519193255814841e-01
9.996385890317950329e-01
9.991638559514477436e-01
9.981949500843181333e-01
9.963900557463691854e-01
9.933342619500009629e-01
9.886534285998909155e-01
9.822037702294937889e-01
9.742769894816105669e-01
9.657081546922008375e-01
9.577762203842037358e-01
9.518721992825185385e-01
9.490436097725517550e-01
9.496201314235382940e-01
9.531080900635449105e-01
9.584081129843562419e-01
9.642418512738604175e-01
9.695768950554540799e-01
9.738686995879858310e-01
9.770608550427630767e-01
9.794114777597180410e-01
9.812707669702349644e-01
9.829120330089697877e-01
9.844564944736193812e-01
9.858787309237659890e-01
9.870570077668338049e-01
9.878356822321071595e-01
9.880800230400434980e-01
9.877154381905171032e-01
9.867495338557017437e-01
9.852777838562063462e-01
9.834742414095867247e-01
9.815693304156513088e-01
9.798179144313197142e-01
9.784623773342788766e-01
9.776967591561539495e-01
9.776383877363825636e-01
9.783124634082610571e-01
9.796526552764897033e-01
9.815174152242481798e-01
9.837182519961935601e-01
9.860535988015558528e-01
9.883409239260430024e-01
9.904406703197188300e-01
9.922681591414644897e-01
9.937929327200551999e-01
9.950281026335892065e-01
9.960142258269280013e-01
9.968026343209321904e-01
9.974421307602039377e-01
9.979711046590304946e-01
9.984151569465350429e-01
9.987888566381006861e-01
9.990996022099691842e-01
9.993516915350977303e-01
9.995493436200655335e-01
9.996982031154505455e-01
9.998054980743136255e-01
9.998793633718774387e-01
9.999278891151514026e-01
9.999583061883785540e-01
9.999765069786742400e-01
9.999869160886943886e-01
9.999926189589263270e-01
9.999956252620338937e-01
9.999971630232711295e-01
9.999979386523487612e-01
9.999983356529874579e-01
9.999985505603563585e-01
9.999986777356694168e-01
9.999987586807583817e-01
9.999988100870376151e-01
9.999941135609943244e-01
9.999939010660956473e-01
9.999936142946814766e-01
9.999932616020805742e-01
9.999928524395902407e-01
9.999923915135273678e-01
9.999918775148616268e-01
9.999913044495127856e-01
9.999906629292396598e-01
9.999899403129592912e-01
9.999891194898152813e-01
9.999881756223656382e-01
9.999870681327539534e-01
9.999857195607415594e-01
9.999839568456876382e-01
9.999813464958989817e-01
9.999767430166420779e-01
9.999671118192463570e-01
9.999446617717356878e-01
9.998904068676053303e-01
9.997610127587783779e-01
9.994647157778716595e-01
9.988226994615168053e-01
9.975170457979265493e-01
9.950376154473437040e-01
9.906573130216548284e-01
9.834807188273803069e-01
9.726098453384797171e-01
9.574369187606142084e-01
9.380064593844886778e-01
9.153147180672381866e-01
8.913833586271993070e-01
8.689964517328960802e-01
8.511191116686178670e-01
8.401625314025920055e-01
8.373459528134445939e-01
8.423854893968527602e-01
8.536221426521591882e-01
8.685384608836506093e-01
8.844718952239920551e-01
8.992711081453106381e-01
9.116860109126201372e-01
9.214102549093103889e-01
9.288397405847654831e-01
9.347008938115477505e-01
9.397063132402109220e-01
9.443344375860383000e-01
9.487531408254656906e-01
9.528541339185516712e-01
9.563473821683501352e-01
9.588721976844979400e-01
9.600980003089906178e-01
9.598019083511695193e-01
9.579188004311439686e-01
9.545634350328386919e-01
9.500260209969257907e-01
9.447440405962042043e-01
9.392548007114780440e-01
9.341350071768015351e-01
9.299351550829526580e-01
9.271172313765223549e-01
9.260038548231066535e-01
9.267454987576795311e-01
9.293100195539207853e-01
9.334956319406982894e-01
9.389650894045424856e-01
9.452955903094035772e-01
9.520363890353902292e-01
9.587648371982430140e-01
9.651320619046803717e-01
9.708917801580283502e-01
9.759094051929664282e-01
9.801527199146631286e-01
9.836688989758552992e-01
9.865546837825693860e-01
9.889266849160418538e-01
9.908973193970338489e-01
9.925594408203068930e-01
9.939801045328504614e-01
9.952018244461854346e-01
9.962485199540446201e-01
9.971331739255844262e-01
9.978648046749293288e-01
9.984533326581044310e-01
9.989119294206320054e-01
9.992572049055223893e-01
9.995079989388654385e-01
9.996836095788116383e-01
9.998021199425826122e-01
9.998792097817468250e-01
9.999275716968515360e-01
9.999568615580367581e-01
9.999740174769644607e-01
9.999837663556832013e-01
9.999891709875645684e-01
9.999921234483298838e-01
9.999937404875111069e-01
9.999946530840185810e-01
9.999952032073737840e-01
9.999955690314425993e-01
9.999958399353759964e-01
9.999960587674203705e-01
9.999962440838741085e-01
9.999964012449925610e-01
9.999965287106056255e-01
9.999966233871127042e-01
9.999915786638254867e-01
9.999912441643172833e-01
9.999907910472340955e-01
9.999902297226517245e-01
9.999895720131206645e-01
9.999888219960884062e-01
9.999879731858193344e-01
9.999870089095852510e-01
9.999859007584086523e-01
9.999845998969090211e-01
9.999830107717145866e-01
9.999809169320692526e-01
9.999777730007343157e-01
9.999721348296213286e-01
9.999601696577886667e-01
9.999320036533434486e-01
9.998634402180091030e-01
9.996988097198156176e-01
9.993189987810836561e-01
9.984889037235709086e-01
9.967840330131355620e-01
9.935104711389268761e-01
9.876561976020983291e-01
9.779360116890795096e-01
9.629964168600111396e-01
9.418064498415108510e-01
9.141693326530707653e-01
8.811819214693619173e-01
8.454140540916084134e-01
8.106390469416953071e-01
7.811150347111599501e-01
7.606118159744159613e-01
7.514942132529309760e-01
7.541582520718295157e-01
7.669939029884980108e-01
7.868773900900931650e-01
8.100306009860436252e-01
8.329688694931051129e-01
8.532355694341744456e-01
8.697162717479804961e-01
8.825027510303216083e-01
8.924491226637594199e-01
9.006433058742651099e-01
9.079846182032975666e-01
9.149588444623953931e-01
9.216039500411122853e-01
9.276050048557661354e-01
9.324484533552187537e-01
9.355832961890098165e-01
9.365590031063733001e-01
9.351262365326272752e-01
9.312954152960690735e-01
9.253527281405088400e-01
9.178364057209582594e-01
9.094792766282862040e-01
9.011268125926261696e-01
8.936422761572263562e-01
8.878115334657923352e-01
8.842593545023159640e-01
8.833868663537376431e-01
8.853367986074507368e-01
8.899897599922920177e-01
8.969912569484851383e-01
9.058055576393897468e-01
9.157889379209809277e-01
9.262717705459309059e-01
9.366371428897963813e-01
9.463840655191863016e-01
9.551662650639387575e-01
9.628026072891885390e-01
9.692611100064274510e-01
9.746236318938134024e-01
9.790412755992443650e-01
9.826907191781530937e-01
9.857394201905766984e-01
9.883239425030780900e-01
9.905417856745176719e-01
9.924540831383036332e-01
9.940949315984031198e-01
9.954829539127090232e-01
9.966316231008212068e-01
9.975563411647727641e-01
9.982777420617718889e-01
9.988217971238301240e-01
9.992178805255822471e-01
9.994960335259249762e-01
9.996844048939261818e-01
9.998074355925968826e-01
9.998849620737402244e-01
9.999321311835472903e-01
9.999598781479495102e-01
9.999756953652889635e-01
9.999844692390196244e-01
9.999892404613588415e-01
9.999918180489906216e-01
9.999932328123841696e-01
9.999940483248305201e-01
9.999945608134442887e-01
9.999949203297361366e-01
9.999952002159999687e-01
9.999954346517663240e-01
9.999956375667178321e-01
9.999958116992305746e-01
9.999959538749376708e-01
9.999960600375130682e-01
