9.999999838923046003e-01
9.999999836603705727e-01
9.999999833540886840e-01
9.999999829922512351e-01
9.999999825941939813e-01
9.999999821723292159e-01
9.999999817319781270e-01
9.999999812744040373e-01
9.999999807992838718e-01
9.999999803058194914e-01
9.999999797930696488e-01
9.999999792600167137e-01
9.999999787055739997e-01
9.999999781285806577e-01
9.999999775277956804e-01
9.999999769018919071e-01
9.999999762494475863e-01
9.999999755689392700e-01
9.999999748587324877e-01
9.999999741170718659e-01
9.999999733420703585e-01
9.999999725316968124e-01
9.999999716837628672e-01
9.999999707959080775e-01
9.999999698655839264e-01
9.999999688900340633e-01
9.999999678662752078e-01
9.999999667910735024e-01
9.999999656609186438e-01
9.999999644719956837e-01
9.999999632201517219e-01
9.999999619008603791e-01
9.999999605091800525e-01
9.999999590397071758e-01
9.999999574865234830e-01
9.999999558431359459e-01
9.999999541024087168e-01
9.999999522564841925e-01
9.999999502966943066e-01
9.999999482134569462e-01
9.999999459961588233e-01
9.999999436330175850e-01
9.999999411109246061e-01
9.999999384152604698e-01
9.999999355296809167e-01
9.999999324358663788e-01
9.999999291132261048e-01
9.999999255385523256e-01
9.999999216856085837e-01
9.999999175246403471e-01
9.999999130217926968e-01
9.999999081384084443e-01
9.999999028301849169e-01
9.999998970461492220e-01
9.999998907274100235e-01
9.999998838056267658e-01
9.999998762011190756e-01
9.999998678205180846e-01
9.999998585538247831e-01
9.999998482706997649e-01
9.999998368157412276e-01
9.999998240024217111e-01
9.999998096052256091e-01
9.999997933493434132e-01
9.999997748970045341e-01
9.999997538291178767e-01
9.999997296202557395e-01
9.999997016040252928e-01
9.999996689242780512e-01
9.999996304649716450e-01
9.999995847470022348e-01
9.999995297723419663e-01
9.999994627808543868e-01
9.999993798534474454e-01
9.999992751933599600e-01
9.999991392642224586e-01
9.999989494618676256e-01
9.999986057128006367e-01
9.999975199345483290e-01
9.999925056939831247e-01
9.999694636766602862e-01
9.998795131805939818e-01
9.995941969460310217e-01
9.988717217626016387e-01
9.974336627887705475e-01
9.952378124526548575e-01
9.927975947278157021e-01
9.911249718507542106e-01
9.910910230633767082e-01
9.927146396046071519e-01
9.951460841067815144e-01
9.973642560213683561e-01
9.988324223525679724e-01
9.995769492535826473e-01
9.998735340885629430e-01
9.999678007552825765e-01
9.999921240910216724e-01
9.999974406288235640e-01
9.999985856135547024e-01
9.999989404946669769e-01
9.999991332779756270e-01
9.999992706672253817e-01
9.999993762942938069e-01
9.999994599187993494e-01
9.999995274303850046e-01
9.999995828023868771e-01
9.999996288298556024e-01
9.999996675342494035e-01
9.999997004108713838e-01
9.999997285872442854e-01
9.999997529278263908e-01
9.999997741051371847e-01
9.999997926491953626e-01
9.999998089825830050e-01
9.999998234457588842e-01
9.999998363156274994e-01
9.999998478193550255e-01
9.999998581447813173e-01
9.999998674483616679e-01
9.999998758612875793e-01
9.999998834942531722e-01
9.999998904411977474e-01
9.999998967822738560e-01
9.999999025862140734e-01
9.999999079122379175e-01
9.999999128115941716e-01
9.999999173288192100e-01
9.999999215027677302e-01
9.999999253674642929e-01
9.999999289528079816e-01
9.999999322851602646e-01
9.999999353878363806e-01
9.999999382815203397e-01
9.999999409846129783e-01
9.999999435135296100e-01
9.999999458829511578e-01
9.999999481060412032e-01
9.999999501946297276e-01
9.999999521593727625e-01
9.999999540098896134e-01
9.999999557548817641e-01
9.999999574022362392e-01
9.999999589591159754e-01
9.999999604320369828e-01
9.999999618269390655e-01
9.999999631492442198e-01
9.999999644039119229e-01
9.999999655954836530e-01
9.999999667281260773e-01
9.999999678056668007e-01
9.999999688316274504e-01
9.999999698092523204e-01
9.999999707415343497e-01
9.999999716312382159e-01
9.999999724809200963e-01
9.999999732929480967e-01
9.999999740695166839e-01
9.999999748126631172e-01
9.999999755242796606e-01
9.999999762061271280e-01
9.999999768598446526e-01
9.999999774869596791e-01
9.999999780888979561e-01
9.999999786669904189e-01
9.999999792224811834e-01
9.999999797565342075e-01
9.999999802702396190e-01
9.999999807646188232e-01
9.999999812406301647e-01
9.999999816991729240e-01
9.999999821410920919e-01
9.999999825671821441e-01
9.999999829781910377e-01
9.999999833748223210e-01
9.999999837577393524e-01
9.999999841275677426e-01
9.999999844848976860e-01
9.999999848302861816e-01
9.999999851642600301e-01
9.999999854873169447e-01
9.999999857999279929e-01
9.999999861025387071e-01
9.999999863955716384e-01
9.999999866794269110e-01
9.999999869544839992e-01
9.999999872211018381e-01
9.999999874796143828e-01
9.999999877302894191e-01
9.999999879731371610e-01
9.999999882072710955e-01
9.999999884294857866e-01
9.999999886325049436e-01
9.999999888050552510e-01
9.999999889361241845e-01
9.999999589863990401e-01
9.999999584436458644e-01
9.999999577348320789e-01
9.999999568971051911e-01
9.999999559715879727e-01
9.999999549877329752e-01
9.999999539604095267e-01
9.999999528946068583e-01
9.999999517906832391e-01
9.999999506473500333e-01
9.999999494628117880e-01
9.999999482350785396e-01
9.999999469620243220e-01
9.999999456413891652e-01
9.999999442707695474e-01
9.999999428476090690e-01
9.999999413691846861e-01
9.999999398325949418e-01
9.999999382347453114e-01
9.999999365723324374e-01
9.999999348418265877e-01
9.999999330394540031e-01
9.999999311611746933e-01
9.999999292026610087e-01
9.999999271592718841e-01
9.999999250260251937e-01
9.999999227975677751e-01
9.999999204681406795e-01
9.999999180315430891e-01
9.999999154810892410e-01
9.999999128095633516e-01
9.999999100091683246e-01
9.999999070714675753e-01
9.999999039873220807e-01
9.999999007468178824e-01
9.999998973391868162e-01
9.999998937527152520e-01
9.999998899746435077e-01
9.999998859910513849e-01
9.999998817867280509e-01
9.999998773450264888e-01
9.999998726476970745e-01
9.999998676746977289e-01
9.999998624039785344e-01
9.999998568112349329e-01
9.999998508696242849e-01
9.999998445494400201e-01
9.999998378177368252e-01
9.999998306378949930e-01
9.999998229691171581e-01
9.999998147658404335e-01
9.999998059770506265e-01
9.999997965454773263e-01
9.999997864066472175e-01
9.999997754877637535e-01
9.999997637063795519e-01
9.999997509688115516e-01
9.999997371682439740e-01
9.999997221824448168e-01
9.999997058710019537e-01
9.999996880719611569e-01
9.999996685977113886e-01
9.999996472299150785e-01
9.999996237132240395e-01
9.999995977474309683e-01
9.999995689775904584e-01
9.999995369814858037e-01
9.999995012535790595e-01
9.999994611842615289e-01
9.999994160327444481e-01
9.999993648912270938e-01
9.999993066369334827e-01
9.999992398670045635e-01
9.999991628087256945e-01
9.999990731935586297e-01
9.999989680768293088e-01
9.999988435736544279e-01
9.999986944616063855e-01
9.999985135617373011e-01
9.999982907118249997e-01
9.999980107051220646e-01
9.999976464873064907e-01
9.999971219777922249e-01
9.999960870121740175e-01
9.999927190955845147e-01
9.999785166876176135e-01
9.999205118674530102e-01
9.997156169659817682e-01
9.991109168569967114e-01
9.976414080706992316e-01
9.947363727261240296e-01
9.901456743882055545e-01
9.845387014121304015e-01
9.796774681692699271e-01
9.776251484219971033e-01
9.793663416314776216e-01
9.840617717261460617e-01
9.896864385659196461e-01
9.944071411080595002e-01
9.974560245326576924e-01
9.990269123946722285e-01
9.996845423245419582e-01
9.999110094342174015e-01
9.999760615448348711e-01
9.999921467535071162e-01
9.999959391048189872e-01
9.999970625611984687e-01
9.999976093945517341e-01
9.999979830521796842e-01
9.999982689636257582e-01
9.999984960384001864e-01
9.999986800985264379e-01
9.999988316337597993e-01
9.999989580308443760e-01
9.999990646518598369e-01
9.999991554785958581e-01
9.999992335246624675e-01
9.999993011086785177e-01
9.999993600404096794e-01
9.999994117505704994e-01
9.999994573831785249e-01
9.999994978624415776e-01
9.999995339419680551e-01
9.999995662414884467e-01
9.999995952746094652e-01
9.999996214700375141e-01
9.999996451879777926e-01
9.999996667329350553e-01
9.999996863637921063e-01
9.999997043018120646e-01
9.999997207370434626e-01
9.999997358334813402e-01
9.999997497332566709e-01
9.999997625600557383e-01
9.999997744219309981e-01
9.999997854136216668e-01
9.999997956184809578e-01
9.999998051100849050e-01
9.999998139535811736e-01
9.999998222068244846e-01
9.999998299213378461e-01
9.999998371431285671e-01
9.999998439133829242e-01
9.999998502690623514e-01
9.999998562434135874e-01
9.999998618664087680e-01
9.999998671651265658e-01
9.999998721640802612e-01
9.999998768855061781e-01
9.999998813496122629e-01
9.999998855747964654e-01
9.999998895778390295e-01
9.999998933740698037e-01
9.999998969775164559e-01
9.999999004010355907e-01
9.999999036564279908e-01
9.999999067545407572e-01
9.999999097053595687e-01
9.999999125180883963e-01
9.999999152012226666e-01
9.999999177626133218e-01
9.999999202095253281e-01
9.999999225486884136e-01
9.999999247863452512e-01
9.999999269282915382e-01
9.999999289799150759e-01
9.999999309462292985e-01
9.999999328319044700e-01
9.999999346412948853e-01
9.999999363784644046e-01
9.999999380472104349e-01
9.999999396510830252e-01
9.999999411934047400e-01
9.999999426772883115e-01
9.999999441056517391e-01
9.999999454812331656e-01
9.999999468066036457e-01
9.999999480841794686e-01
9.999999493162332609e-01
9.999999505049042003e-01
9.999999516522068976e-01
9.999999527600405003e-01
9.999999538301960200e-01
9.999999548643643266e-01
9.999999558641421427e-01
9.999999568310387055e-01
9.999999577664813177e-01
9.999999586718204547e-01
9.999999595483348713e-01
9.999999603972364870e-01
9.999999612196732723e-01
9.999999620167352443e-01
9.999999627894560206e-01
9.999999635388172603e-01
9.999999642657517729e-01
9.999999649711459604e-01
9.999999656558431482e-01
9.999999663206459166e-01
9.999999669663175439e-01
9.999999675935857812e-01
9.999999682031427417e-01
9.999999687956415695e-01
9.999999693716610238e-01
9.999999699315313961e-01
9.999999704747042362e-01
9.999999709981075569e-01
9.999999714932465977e-01
9.999999719435901380e-01
9.999999723261276952e-01
9.999999726199277905e-01
9.999999755504948018e-01
9.999999751709053308e-01
9.999999746647859622e-01
9.999999740676615012e-01
9.999999734134772389e-01
9.999999727217020462e-01
9.999999719993065694e-01
9.999999712471864255e-01
9.999999704642411613e-01
9.999999696488444112e-01
9.999999687991847352e-01
9.999999679133146913e-01
9.999999669891455056e-01
9.999999660244347499e-01
9.999999650167743503e-01
9.999999639635733795e-01
9.999999628620434011e-01
9.999999617091784865e-01
9.999999605017351190e-01
9.999999592362092127e-01
9.999999579088107993e-01
9.999999565154349401e-01
9.999999550516305291e-01
9.999999535125635441e-01
9.999999518929783004e-01
9.999999501871509322e-01
9.999999483888393215e-01
9.999999464912250335e-01
9.999999444868490350e-01
9.999999423675371979e-01
9.999999401243164776e-01
9.999999377473191009e-01
9.999999352256737639e-01
9.999999325473796219e-01
9.999999296991621822e-01
9.999999266663082143e-01
9.999999234324730146e-01
9.999999199794581406e-01
9.999999162869535052e-01
9.999999123322339534e-01
9.999999080898074322e-01
9.999999035309979911e-01
9.999998986234555076e-01
9.999998933305741522e-01
9.999998876108004975e-01
9.999998814168056249e-01
9.999998746944911421e-01
9.999998673817882544e-01
9.999998594072008196e-01
9.999998506880247717e-01
9.999998411281616484e-01
9.999998306154167516e-01
9.999998190181320634e-01
9.999998061809658445e-01
9.999997919195583451e-01
9.999997760137273595e-01
9.999997581987170037e-01
9.999997381538221486e-01
9.999997154874451510e-01
9.999996897172327426e-01
9.999996602433239845e-01
9.999996263118069439e-01
9.999995869639950463e-01
9.999995409647590705e-01
9.999994866992077958e-01
9.999994220202811368e-01
9.999993440178769344e-01
9.999992486579545314e-01
9.999991301958410794e-01
9.999989801594501015e-01
9.999987851939009520e-01
9.999985186327959852e-01
9.999980800333452269e-01
9.999968394387028781e-01
9.999908514326368847e-01
9.999600736744613805e-01
9.998267774421383258e-01
9.993697382598166756e-01
9.981563892729750087e-01
9.957096650877843569e-01
9.920806020617731757e-01
9.884161772784114675e-01
9.865777959800032804e-01
9.876812454653640660e-01
9.910442181188461319e-01
9.948412680368921013e-01
9.976438537840625065e-01
9.991448662021137350e-01
9.997515349967220910e-01
9.999405054687490191e-01
9.999867635885104633e-01
9.999960687748694621e-01
9.999978886560267899e-01
9.999984280846960782e-01
9.999987233908675943e-01
9.999989336417079988e-01
9.999990939606213658e-01
9.999992197965199558e-01
9.999993206151831515e-01
9.999994027568388510e-01
9.999994706376266196e-01
9.999995274223287822e-01
9.999995754329105146e-01
9.999996164074357319e-01
9.999996516696678661e-01
9.999996822432843935e-01
9.999997089306502662e-01
9.999997323682863204e-01
9.999997530666544510e-01
9.999997714391626324e-01
9.999997878236257520e-01
9.999998024983551836e-01
9.999998156943712413e-01
9.999998276047735724e-01
9.999998383920045697e-01
9.999998481935341577e-01
9.999998571263470915e-01
9.999998652905119911e-01
9.999998727720449399e-01
9.999998796452200800e-01
9.999998859744468893e-01
9.999998918158075067e-01
9.999998972183183898e-01
9.999999022249752567e-01
9.999999068736220575e-01
9.999999111976751731e-01
9.999999152267325941e-01
9.999999189870871774e-01
9.999999225021602989e-01
9.999999257928708918e-01
9.999999288779503059e-01
9.999999317742118699e-01
9.999999344967818171e-01
9.999999370592989045e-01
9.999999394740872738e-01
9.999999417523049994e-01
9.999999439040750948e-01
9.999999459385982004e-01
9.999999478642520589e-01
9.999999496886781136e-01
9.999999514188583349e-01
9.999999530611820564e-01
9.999999546215054824e-01
9.999999561052047570e-01
9.999999575172214827e-01
9.999999588621051316e-01
9.999999601440495711e-01
9.999999613669254828e-01
9.999999625343106713e-01
9.999999636495157107e-01
9.999999647156075921e-01
9.999999657354308180e-01
9.999999667116274971e-01
9.999999676466527765e-01
9.999999685427918283e-01
9.999999694021729502e-01
9.999999702267814428e-01
9.999999710184692692e-01
9.999999717789673781e-01
9.999999725098941417e-01
9.999999732127637930e-01
9.999999738889957523e-01
9.999999745399196227e-01
9.999999751667839609e-01
9.999999757707606074e-01
9.999999763529512364e-01
9.999999769143916861e-01
9.999999774560573984e-01
9.999999779788663057e-01
9.999999784836846040e-01
9.999999789713286402e-01
9.999999794425691313e-01
9.999999798981342725e-01
9.999999803387112918e-01
9.999999807649465611e-01
9.999999811774135106e-01
9.999999815764133437e-01
9.999999819611254948e-01
9.999999823272517352e-01
9.999999826633010347e-01
9.999999829494076176e-01
9.999999831647032877e-01
9.999951672936201463e-01
9.999944780323729576e-01
9.999931660254888222e-01
9.999896207575702523e-01
9.999759887662302837e-01
9.999195748189317889e-01
9.997085971084744838e-01
9.990364409700249748e-01
9.972489954236256615e-01
9.933271780517043403e-01
9.863175472066689764e-01
9.763229285605437013e-01
9.654422570399570080e-01
9.574669782473241852e-01
9.558590001982560924e-01
9.613731278023524007e-01
9.714974273724108489e-01
9.822629443370707314e-01
9.906879564591150045e-01
9.958711003110738424e-01
9.984490953331871532e-01
9.995017271790456181e-01
9.998585682986117495e-01
9.999604819312252202e-01
9.999858937841681339e-01
9.999920690188678352e-01
9.999939465663458815e-01
9.999947861714565400e-01
9.999969559610396574e-01
9.999966898070307142e-01
9.999963076002670315e-01
9.999957942066761696e-01
9.999951247924135922e-01
9.999942408784455727e-01
9.999929410695107546e-01
9.999902176083663718e-01
9.999807069003647797e-01
9.999392517597296415e-01
9.997680900704671858e-01
9.991607104102568915e-01
9.973612130320453906e-01
9.929654889679014884e-01
9.842093322116930443e-01
9.702149673911479866e-01
9.528204900065367910e-01
9.372523541189358154e-01
9.299315156755145750e-01
9.343050497446527825e-01
9.482842219753560009e-01
9.658179863392180042e-01
9.810285453180644932e-01
9.911543737410910548e-01
9.965298647492280004e-01
9.988488438216363008e-01
9.996714235237869062e-01
9.999140695947482671e-01
9.999749155370663001e-01
9.999888293906453729e-01
9.999924498090622116e-01
9.999939546855223238e-01
9.999949148723881187e-01
9.999956291710416778e-01
9.999961734349153142e-01
9.999965771039296403e-01
9.999968574839419588e-01
