3.065538231320688283e+03 9.464576225059814218e-01 5.465620246021685169e-02 2.096159651273735278e+02
3.065546579373662098e+03 9.690793023588781807e-01 5.442392083069279296e-02 2.146202513962745115e+02
3.065554927426636368e+03 9.897487235706279307e-01 5.419112014108365405e-02 2.191919138934708542e+02
3.065563275479610184e+03 1.000871297074396038e+00 5.439633386109171687e-02 2.216491192986177055e+02
3.065571623532584454e+03 1.016994385763076991e+00 5.466131768508149941e-02 2.252135556352108949e+02
3.065579971585558269e+03 1.010001019990184767e+00 5.477325230436674852e-02 2.236587947968820345e+02
3.065588319638532084e+03 1.002812274658688940e+00 5.491006365232158765e-02 2.220608536615041544e+02
3.065596667691506354e+03 9.797864599871157765e-01 5.468267944214584564e-02 2.169561636957575388e+02
3.065605015744480170e+03 9.489716940590160466e-01 5.436587180285538251e-02 2.101270740275964783e+02
3.065613363797453985e+03 9.113676232382734721e-01 5.402406933231924252e-02 2.017950670471834371e+02
3.065621711850428255e+03 8.730862645101705732e-01 5.370207799739562526e-02 1.933135516796735374e+02
3.065630059903402071e+03 9.038572518099959874e-01 5.404289150582554380e-02 2.001212399926891123e+02
3.065638407956376341e+03 9.506094733971885979e-01 5.451458360518699614e-02 2.104668350726085464e+02
3.065646756009350156e+03 9.798228887308940704e-01 5.470052035703489024e-02 2.169288462163056579e+02
3.065655104062323971e+03 1.003279461830034691e+00 5.481544469556520749e-02 2.221159986376810878e+02
3.065663452115298242e+03 9.923900451984278837e-01 5.513127158435133374e-02 2.196992181715938841e+02
3.065671800168272057e+03 9.760553185817755217e-01 5.557830558765543966e-02 2.160770973826370493e+02
3.065680148221246327e+03 1.112134791824064717e+00 5.823611230881031026e-02 2.461953946004007889e+02
3.065688496274220142e+03 1.271969551803487475e+00 6.184617576329377170e-02 2.815706637956718623e+02
3.065696844327193958e+03 2.191737222261020079e+00 1.194368401206957475e-01 4.851626553457192017e+02
3.065705192380168228e+03 3.263867200096996157e+00 2.006391788460674952e-01 7.224695578939857796e+02
3.065713540433142043e+03 2.528926838327825610e+00 1.474907241921947776e-01 5.597724611345799985e+02
3.065721888486115859e+03 1.303474567682383345e+00 6.748373433285553835e-02 2.885134182196376287e+02
3.065730236539090129e+03 1.001209850770421461e+00 5.499628782743376521e-02 2.216035730632676177e+02
3.065738584592063944e+03 9.787572841971377002e-01 5.419688579922547073e-02 2.166281255929217764e+02
3.065746932645038214e+03 9.349473088889963535e-01 5.381959104188706322e-02 2.069260465567723486e+02
3.065755280698012029e+03 8.798724225575693669e-01 5.367032245288994724e-02 1.947313703094684740e+02
3.065763628750985845e+03 8.851485192359931364e-01 5.366492822129382417e-02 1.958937365624881863e+02
3.065771976803960115e+03 9.227792539087931178e-01 5.372593544070475985e-02 2.042163049824133054e+02
3.065780324856933930e+03 9.429338585827294894e-01 5.371329749006374665e-02 2.086709584939829654e+02
3.065788672909908200e+03 9.475483723701217942e-01 5.362229495818608693e-02 2.096864458295877682e+02
3.065797020962882016e+03 9.473392860266613980e-01 5.340254537332464468e-02 2.096344745303388208e+02
3.065805369015855831e+03 9.461825351741677270e-01 5.308400476814891661e-02 2.093728050093881450e+02
3.065813717068830101e+03 9.561676302124436644e-01 5.312913377895504830e-02 2.115765680707050649e+02
3.065822065121803917e+03 9.816251372844342349e-01 5.353386023301694857e-02 2.172037850996356667e+02
3.065830413174777732e+03 9.756858798439419500e-01 5.357754627266129999e-02 2.158837356515547299e+02
3.065838761227752002e+03 9.378624777368524956e-01 5.327160023338823464e-02 2.075091500994265630e+02
3.065847109280725817e+03 9.265986426411598753e-01 5.300470433290029038e-02 2.050113646059091366e+02
3.065855457333700087e+03 9.357233232041666238e-01 5.274613114840565747e-02 2.070245822103407818e+02
3.065863805386673903e+03 9.352599979787524775e-01 5.280529827878011062e-02 2.069164444704396715e+02
3.065872153439647718e+03 9.402908428150760223e-01 5.331900545038641831e-02 2.080238066191841995e+02
3.065880501492621988e+03 9.657186948433653662e-01 5.374810249301503751e-02 2.136434861369138218e+02
3.065888849545595804e+03 1.001139084429036874e+00 5.400266570202161276e-02 2.214734230451539929e+02
3.065897197598569619e+03 9.964536658794636015e-01 5.404077247694874520e-02 2.204309106131395595e+02
3.065905545651543889e+03 9.479886501384141573e-01 5.380186091636700307e-02 2.097039963470424482e+02
3.065913893704517704e+03 9.339897863028171487e-01 5.378264332724604774e-02 2.066016946688588405e+02
3.065922241757491975e+03 9.643857764489084383e-01 5.409838019201965859e-02 2.133195859154282346e+02
3.065930589810465790e+03 1.002455772331323880e+00 5.443345412771555952e-02 2.217345348756931855e+02
3.065938937863439605e+03 1.051350946299111966e+00 5.475311606651862839e-02 2.325433960515082390e+02
3.065947285916413875e+03 1.050266972551279210e+00 5.460597693853212059e-02 2.322973156551748843e+02
3.065955633969387691e+03 9.724668214146868772e-01 5.371626819916131002e-02 2.150836794953703190e+02
3.065963982022361961e+03 9.180343266608015362e-01 5.321205441582614604e-02 2.030391404915100964e+02
3.065972330075335776e+03 9.107467682252732288e-01 5.342200999324778904e-02 2.014218895540187759e+02
3.065980678128309592e+03 9.469469578291909162e-01 5.374925994407293156e-02 2.094222691164460173e+02
3.065989026181283862e+03 1.034664322037745166e+00 5.419132785086985815e-02 2.288151952754112415e+02
3.065997374234257677e+03 1.062451431784465994e+00 5.422529180162166673e-02 2.349538979351883370e+02
3.066005722287231492e+03 1.003062483560477558e+00 5.352365492237843442e-02 2.218143993225409929e+02
3.066014070340205762e+03 9.639750168243076400e-01 5.301889559191062806e-02 2.131649055874062810e+02
3.066022418393179578e+03 9.531011985611929083e-01 5.290743447328740551e-02 2.107546291355452581e+02
3.066030766446153848e+03 9.611905280753273439e-01 5.305697805882338830e-02 2.125375980140657646e+02
3.066039114499127663e+03 1.015155602612815455e+00 5.384606220353107403e-02 2.244641974979524548e+02
3.066047462552101479e+03 1.044755345681886771e+00 5.427361181516054262e-02 2.310028001655857679e+02
3.066055810605075749e+03 1.015207454970820766e+00 5.372973741661418029e-02 2.244634421327472182e+02
3.066064158658049564e+03 9.906127386224179432e-01 5.334968705591719429e-02 2.190195620626340371e+02
3.066072506711023834e+03 9.845045077403967726e-01 5.341096875634251950e-02 2.176631370113473736e+02
3.066080854763997650e+03 9.813835453068516790e-01 5.352387976019593041e-02 2.169672197628399601e+02
3.066089202816971465e+03 9.649675863487995331e-01 5.365483531268318979e-02 2.133321223667639117e+02
3.066097550869945735e+03 9.466536255894096863e-01 5.366231084976379184e-02 2.092776294907437205e+02
3.066105898922919550e+03 9.449470526221176447e-01 5.334324751017287258e-02 2.088946683408137801e+02
3.066114246975893366e+03 9.646787993203352896e-01 5.323515141886518004e-02 2.132508596620909884e+02
3.066122595028867636e+03 1.035420607878138055e+00 5.378574358270866995e-02 2.288827359521844755e+02
3.066130943081841451e+03 1.082020475786619196e+00 5.412823434653157850e-02 2.391772598142555921e+02
3.066139291134815721e+03 1.060449317887216081e+00 5.383660923500305229e-02 2.344026398716422648e+02
3.066147639187789537e+03 1.025932605965675926e+00 5.344350803345833401e-02 2.267668609846680852e+02
3.066155987240763352e+03 9.540347258411094877e-01 5.255155791478242217e-02 2.108691816281682918e+02
3.066164335293737622e+03 9.032883997635622331e-01 5.186939089770158107e-02 1.996473437357696241e+02
3.066172683346711437e+03 9.376752980161178197e-01 5.230772338377229908e-02 2.072419890913294012e+02
3.066181031399685708e+03 9.622805192729297907e-01 5.270438385477764498e-02 2.126743644878386590e+02
3.066189379452659523e+03 9.315029379680169752e-01 5.252089478945335538e-02 2.058665808519978384e+02
3.066197727505633338e+03 9.206634294335767077e-01 5.241599270351911949e-02 2.034654566361359400e+02
3.066206075558607608e+03 9.898728675752994643e-01 5.279260009575200557e-02 2.187546973516598428e+02
3.066214423611581424e+03 1.035573768754201485e+00 5.306667108635917257e-02 2.288480309241985822e+02
3.066222771664555239e+03 9.858883978059577169e-01 5.285494320389561712e-02 2.178622908687584641e+02
3.066231119717529509e+03 9.394468325020001176e-01 5.262798228722510852e-02 2.075939477639364839e+02
3.066239467770503325e+03 9.021895199300726809e-01 5.221071699012906631e-02 1.993555955811187630e+02
3.066247815823477595e+03 8.753536594115871594e-01 5.190196765665282264e-02 1.934204432975814427e+02
3.066256163876451410e+03 9.025477269252321078e-01 5.219876701661101820e-02 1.994238836408274551e+02
3.066264511929425225e+03 9.244621217053948792e-01 5.244553709758905530e-02 2.042604498368410759e+02
3.066272859982399495e+03 9.438588032207455569e-01 5.284385976978311222e-02 2.085404771634482017e+02
3.066281208035373311e+03 9.695336782889922844e-01 5.325437404346904102e-02 2.142073659879439163e+02
3.066289556088347581e+03 9.726484449733598936e-01 5.278225358029122599e-02 2.148896838783724661e+02
3.066297904141321396e+03 9.692781584185281574e-01 5.234173809474133854e-02 2.141392440731951012e+02
3.066306252194295212e+03 9.578168289168613736e-01 5.236994126386726456e-02 2.116013676279325750e+02
3.066314600247269482e+03 9.571783831730457104e-01 5.243943625683812615e-02 2.114545608417539597e+02
3.066322948300243297e+03 1.015775223736430588e+00 5.280776645794430652e-02 2.243933374454416878e+02
3.066331296353217112e+03 1.064646333709241777e+00 5.312560649837148180e-02 2.351829710852162805e+02
3.066339644406191383e+03 1.042676263193768715e+00 5.283988999812164189e-02 2.303234533091318212e+02
3.066347992459165198e+03 1.014423639133610999e+00 5.251782001957170515e-02 2.240764442281293043e+02
3.066356340512139468e+03 9.818059733535324796e-01 5.236226792948988490e-02 2.168656056963904746e+02
3.066364688565113283e+03 9.606028173401578441e-01 5.229400121595009082e-02 2.121763780357860583e+02
3.066373036618087099e+03 1.024394183923388768e+00 5.288223924628818184e-02 2.262603450836250545e+02
3.066381384671061369e+03 1.080910425983918843e+00 5.340777932537590922e-02 2.387367142178488280e+02
3.066389732724035184e+03 1.081115325277146377e+00 5.365847595797314934e-02 2.387754625872752285e+02
3.066398080777009000e+03 1.084750531856756073e+00 5.395997660260492407e-02 2.395718065641847829e+02
3.066406428829983270e+03 1.063210496271824734e+00 5.347720964836653185e-02 2.348081981181793196e+02
3.066414776882957085e+03 1.040806194946807262e+00 5.301494030183651757e-02 2.298539825700291601e+02
3.066423124935931355e+03 1.037922624051064169e+00 5.353105343093474827e-02 2.292109212658670288e+02
3.066431472988905170e+03 1.033492264441852715e+00 5.401243427537693459e-02 2.282263169915933929e+02
3.066439821041878986e+03 9.882510699662289122e-01 5.309293814418087482e-02 2.182297463187372841e+02
3.066448169094853256e+03 9.463060993893248618e-01 5.221076023063218191e-02 2.089615863861238836e+02
3.066456517147827071e+03 9.686958803598335610e-01 5.258000637814592287e-02 2.138998266133490063e+02
3.066464865200801341e+03 9.893110694832403240e-01 5.295856805811344908e-02 2.184459565503690328e+02
3.066473213253775157e+03 1.030080392060537697e+00 5.333457376432073488e-02 2.274418734011638890e+02
3.066481561306748972e+03 1.069957808293517720e+00 5.371207906928571196e-02 2.362403718305946256e+02
3.066489909359723242e+03 1.000903846220775550e+00 5.328392540158455315e-02 2.209876401802068813e+02
3.066498257412697058e+03 9.366515991179696909e-01 5.286092495136088948e-02 2.067958723063632931e+02
3.066506605465670873e+03 1.025200579169025294e+00 5.336738121572271593e-02 2.263397283463810368e+02
3.066514953518645143e+03 1.112947170816137366e+00 5.389507292557543794e-02 2.457053751661721321e+02
3.066523301571618958e+03 1.024641968695301220e+00 5.311531389913264067e-02 2.262040663668416016e+02
3.066531649624593229e+03 9.334031941938149002e-01 5.230043616277370300e-02 2.060562110089504699e+02
3.066539997677567044e+03 9.511922714039625637e-01 5.234960112447844399e-02 2.099775668920674718e+02
3.066548345730540859e+03 9.737230106126124607e-01 5.244422256231790619e-02 2.149454113223893046e+02
3.066556693783515129e+03 9.955158237590381320e-01 5.272074350381501795e-02 2.197500947895697152e+02
3.066565041836488945e+03 1.017495201500360213e+00 5.303238300064241906e-02 2.245956970579024130e+02
3.066573389889463215e+03 1.033176247395895420e+00 5.309811698623147225e-02 2.280508172245206993e+02
3.066581737942437030e+03 1.045327046962629680e+00 5.312066056730740254e-02 2.307265460401816313e+02
3.066590085995410845e+03 1.014004982242582953e+00 5.299923737018413794e-02 2.238069781160352534e+02
3.066598434048385116e+03 9.857416377009465824e-01 5.290861377004311278e-02 2.175628768666354631e+02
3.066606782101358931e+03 9.541994948402563459e-01 5.279886554550123484e-02 2.105954725278818103e+02
3.066615130154332746e+03 9.200029807872613929e-01 5.266619786575123946e-02 2.030426339960047528e+02
3.066623478207307016e+03 9.501809933639362438e-01 5.267259276501466692e-02 2.096971360637664645e+02
3.066631826260280832e+03 9.816377730881419295e-01 5.268149287405526210e-02 2.166334805656478579e+02
3.066640174313255102e+03 9.683015947741794305e-01 5.246804306513270372e-02 2.136845478993598135e+02
3.066648522366228917e+03 9.555974490238160479e-01 5.227799586747541166e-02 2.108752487480330728e+02
3.066656870419202733e+03 1.006541854857483376e+00 5.268397374638670444e-02 2.221112824110334429e+02
3.066665218472177003e+03 1.059482632733341534e+00 5.310747134370825268e-02 2.337872256524752856e+02
3.066673566525150818e+03 1.009398357992694173e+00 5.249192358572066924e-02 2.227294697325889672e+02
3.066681914578125088e+03 9.537937813369935514e-01 5.181221523391538186e-02 2.104542640187551115e+02
3.066690262631098904e+03 9.339904194037017549e-01 5.178291652277075552e-02 2.060790376658393370e+02
3.066698610684072719e+03 9.190587287923601689e-01 5.182796728458274882e-02 2.027789236258256551e+02
3.066706958737046989e+03 9.484846920036273943e-01 5.198835139494073498e-02 2.092656891816017435e+02
3.066715306790020804e+03 9.776573038248064229e-01 5.214294973511850867e-02 2.156962047250687533e+02
3.066723654842994620e+03 9.710534971635147450e-01 5.230429875280605267e-02 2.142333915360322578e+02
3.066732002895968890e+03 9.671473132212007329e-01 5.250867103842891959e-02 2.133657899311168933e+02
3.066740350948942705e+03 9.665198517300961356e-01 5.248014680838321289e-02 2.132215461711991225e+02
3.066748699001916975e+03 9.618887843919116110e-01 5.241009369968659820e-02 2.121941085097664086e+02
3.066757047054890791e+03 9.414406016168715974e-01 5.226679249879773864e-02 2.076775424061670492e+02
3.066765395107864606e+03 9.178601740460173852e-01 5.209771367652887147e-02 2.024702822531112645e+02
3.066773743160838876e+03 9.225409447747597858e-01 5.209120290653667523e-02 2.034972583894132185e+02
3.066782091213812691e+03 9.322481771732130662e-01 5.212021184017413822e-02 2.056329021514735587e+02
3.066790439266786962e+03 9.856868698744628565e-01 5.258819633173118097e-02 2.174143387470022333e+02
3.066798787319760777e+03 1.040394569003945557e+00 5.310176107635292825e-02 2.294750309663365329e+02
3.066807135372734592e+03 1.013634438968442408e+00 5.275437452375066061e-02 2.235665716905246541e+02
3.066815483425708862e+03 9.796810804431418385e-01 5.231957331719512549e-02 2.160719439024701387e+02
3.066823831478682678e+03 9.958288042127945161e-01 5.229971133645646558e-02 2.196273848048058426e+02
3.066832179531656493e+03 1.020884085679676812e+00 5.236457924090193172e-02 2.251471157907076019e+02
3.066840527584630763e+03 9.936978740022840428e-01 5.206259586448169774e-02 2.191454521564028255e+02
3.066848875637604579e+03 9.588385463469554226e-01 5.169476632652807158e-02 2.114519690767406814e+02
3.066857223690578849e+03 9.639934757295901546e-01 5.194887199270076250e-02 2.125829798589426787e+02
3.066865571743552664e+03 9.727956295818134258e-01 5.227527552988600612e-02 2.145182044514164375e+02
3.066873919796526479e+03 9.496721460936499160e-01 5.214124956007198941e-02 2.094133619032621425e+02
3.066882267849500749e+03 9.246693551919367149e-01 5.197222737873823106e-02 2.038944006488020477e+02
3.066890615902474565e+03 9.289845736659718689e-01 5.237675923223893137e-02 2.048403374147654574e+02
3.066898963955448380e+03 9.394467364917579166e-01 5.286870666445065564e-02 2.071415814326920781e+02
3.066907312008422650e+03 9.685156580131900617e-01 5.289022969860093792e-02 2.135452505809493857e+02
3.066915660061396466e+03 9.918740347862522455e-01 5.283241535601058969e-02 2.186895024836601351e+02
3.066924008114370736e+03 9.867013727671809509e-01 5.245073436243169462e-02 2.175430894166578923e+02
3.066932356167344551e+03 9.824496086319136623e-01 5.206757579976661887e-02 2.165997681313450869e+02
3.066940704220318366e+03 9.775964990721234260e-01 5.220198756240917309e-02 2.155239235695234470e+02
3.066949052273292637e+03 9.754893463238949458e-01 5.241173256269208991e-02 2.150535029635241528e+02
3.066957400326266452e+03 9.857224105726978269e-01 5.237382203410244352e-02 2.173035212770437283e+02
3.066965748379240722e+03 9.925394474358949504e-01 5.228750458653305677e-02 2.188003702122759080e+02
3.066974096432214537e+03 1.000022600294109054e+00 5.243707398987661195e-02 2.204439750263424571e+02
3.066982444485188353e+03 1.011120522912204889e+00 5.263653916789427789e-02 2.228843042111280397e+02
3.066990792538162623e+03 9.871680349013813860e-01 5.243173816036995893e-02 2.175984445002644350e+02
3.066999140591136438e+03 9.628223562236211119e-01 5.219629128444448068e-02 2.122262056633196039e+02
3.067007488644110254e+03 9.788383308792060200e-01 5.228309571650127663e-02 2.157505703966526198e+02
3.067015836697084524e+03 9.952169460014651525e-01 5.239427187802363911e-02 2.193546715231073847e+02
3.067024184750058339e+03 9.989024512116859711e-01 5.236459071528921927e-02 2.201609775052285443e+02
3.067032532803032609e+03 1.000331430533158539e+00 5.231260446624950294e-02 2.204699078988212477e+02
3.067040880856006424e+03 9.485161668138558655e-01 5.223229442442837295e-02 2.090442774887891630e+02
3.067049228908980240e+03 8.972186616023479777e-01 5.217513802248274074e-02 1.977333769247500754e+02
3.067057576961954510e+03 9.607518833465732433e-01 5.225525251246710551e-02 2.117293522792196541e+02
3.067065925014928325e+03 1.026325046792595730e+00 5.232527785530068087e-02 2.261741104872401422e+02
3.067074273067902595e+03 1.004205882577339892e+00 5.201730849380391264e-02 2.212936045481909275e+02
3.067082621120876411e+03 9.827779176665283334e-01 5.172822944102398179e-02 2.165656780659267042e+02
3.067090969173850226e+03 1.097773061000252515e+00 5.309528107607950492e-02 2.418994867419234254e+02
3.067099317226824496e+03 1.229635633497571323e+00 5.522303769799447037e-02 2.709486274415777984e+02
3.067107665279798312e+03 1.499102951208632462e+00 7.562904997858584111e-02 3.303163809314390846e+02
3.067116013332772127e+03 1.728444181582234451e+00 9.970574615291162568e-02 3.808396420751277560e+02
3.067124361385746397e+03 1.535380311376352669e+00 7.801705340827447266e-02 3.382913499532423884e+02
3.067132709438720212e+03 1.354065157482527093e+00 6.098465446745328367e-02 2.983339134951777396e+02
3.067141057491694482e+03 1.155849565419897251e+00 5.574991838846877351e-02 2.546551784507453533e+02
3.067149405544668298e+03 9.552556025929851424e-01 5.130011831968834396e-02 2.104548443903269117e+02
3.072159669146632496e+03 9.889204113752583236e-01 4.296360541396030547e-02 2.567510916169176198e+02
3.072167452867836346e+03 1.010197526495305365e+00 4.323981170120767131e-02 2.622905748854437888e+02
3.072175236589040196e+03 1.031562891814106875e+00 4.352069690320221201e-02 2.678536198820058871e+02
3.072183020310244046e+03 9.935510635728984630e-01 4.338053201096360445e-02 2.579986449172246239e+02
3.072190804031447897e+03 9.530467214934029707e-01 4.322475565909212475e-02 2.474952372573251580e+02
3.072198587752651747e+03 9.792633857729085012e-01 4.330524761725448174e-02 2.543182879353881560e+02
3.072206371473855597e+03 1.011017265267938114e+00 4.340980810330943851e-02 2.625802548763176674e+02
3.072214155195059448e+03 9.720346499042220589e-01 4.305457459451568492e-02 2.524705098996193442e+02
3.072221938916263298e+03 9.272844464403184883e-01 4.266846766140773572e-02 2.408614530320984102e+02
3.072229722637467148e+03 9.701009484664450122e-01 4.314415236835889012e-02 2.519977541249636772e+02
3.072237506358670998e+03 1.023551158362762781e+00 4.372741211299040198e-02 2.658977779744379291e+02
3.072245290079874849e+03 1.014353476307388036e+00 4.358660002271163431e-02 2.635238260497613396e+02
3.072253073801078699e+03 9.937022551412645344e-01 4.331565832141685835e-02 2.581738497366887941e+02
3.072260857522282549e+03 9.937359072656892778e-01 4.329131401739235580e-02 2.581976983435811803e+02
3.072268641243486400e+03 9.989684471971742585e-01 4.333558866786545172e-02 2.595724294174298734e+02
3.072276424964690250e+03 1.002887586844037671e+00 4.335061689270795077e-02 2.606060250574993802e+02
3.072284208685894100e+03 1.004884823271185779e+00 4.334847179180180421e-02 2.611402931830324974e+02
3.072291992407097950e+03 9.826519645975589912e-01 4.317597459829446843e-02 2.553775578218147473e+02
3.072299776128301801e+03 9.562511334759721260e-01 4.297489761003588093e-02 2.485308852144281673e+02
3.072307559849505651e+03 9.526455136318010553e-01 4.308995971350816634e-02 2.476082608782148213e+02
3.072315343570709501e+03 9.549504443666071429e-01 4.329691335756636478e-02 2.482218662241596689e+02
3.072323127291913352e+03 9.759408958643522869e-01 4.359935411408084188e-02 2.536927843401180382e+02
3.072330911013117202e+03 1.003084052334282106e+00 4.393524296285059028e-02 2.607638105383492757e+02
3.072338694734321052e+03 1.032383797995314545e+00 4.418093081329781124e-02 2.683963261048662616e+02
3.072346478455524903e+03 1.062883189030098041e+00 4.439286103888680224e-02 2.763416311927097126e+02
3.072354262176728753e+03 1.066608043334406286e+00 4.431792987966989839e-02 2.773262784342235250e+02
3.072362045897932603e+03 1.060343024502124143e+00 4.413490443981980815e-02 2.757134433668558700e+02
3.072369829619136908e+03 1.021451250728077298e+00 4.391206228603482947e-02 2.656162192135954569e+02
3.072377613340340758e+03 9.653187502402436060e-01 4.366403442628337406e-02 2.510343052036827203e+02
3.072385397061544609e+03 9.601609457110289458e-01 4.364455687387845673e-02 2.497075963136255154e+02
3.072393180782748459e+03 9.829527001251121554e-01 4.375477201819400613e-02 2.556499547418356713e+02
3.072400964503952309e+03 1.003376463279861852e+00 4.406437134532050631e-02 2.609770941955579815e+02
3.072408748225156160e+03 1.023428869385569762e+00 4.450471398348040952e-02 2.662082593614609323e+02
3.072416531946360010e+03 1.012129875072066643e+00 4.441700305905339069e-02 2.632846168912595886e+02
3.072424315667563860e+03 9.764647577338199103e-01 4.397373672726902216e-02 2.540219184671077812e+02
3.072432099388767710e+03 9.842021900867080619e-01 4.394786378434062390e-02 2.560497293249165409e+02
3.072439883109971561e+03 1.027125554001699248e+00 4.425099779494198748e-02 2.672322710454513981e+02
3.072447666831175411e+03 1.018793493262599048e+00 4.411843132082601815e-02 2.650799644539716837e+02
3.072455450552379261e+03 9.703381018280204939e-01 4.364099975550152916e-02 2.524871018768470208e+02
3.072463234273583112e+03 9.470377297058358845e-01 4.352167737750615994e-02 2.464386175219798361e+02
3.072471017994786962e+03 9.459850179106739088e-01 4.372830456734683180e-02 2.461790599488034559e+02
3.072478801715990812e+03 9.552330948680918254e-01 4.381158585893968338e-02 2.486002597765453856e+02
3.072486585437194663e+03 9.745627953361479801e-01 4.378437166873138525e-02 2.536456454617410827e+02
3.072494369158398513e+03 9.962654872920285731e-01 4.397504109917408505e-02 2.593092640760378913e+02
3.072502152879602363e+03 1.020546835020374576e+00 4.440092139400601823e-02 2.656447575236841203e+02
3.072509936600806213e+03 1.018792728542537107e+00 4.431396748948474018e-02 2.652036560935342777e+02
3.072517720322010064e+03 9.876450221326525947e-01 4.365448335190944690e-02 2.571105568845040921e+02
3.072525504043213914e+03 9.760854874647020285e-01 4.340701368598478410e-02 2.541161363243916185e+02
3.072533287764417764e+03 9.877103719385108560e-01 4.362467149487367357e-02 2.571575969042975771e+02
3.072541071485621615e+03 9.894676533700229593e-01 4.363120446557716692e-02 2.576301585035266157e+02
3.072548855206825465e+03 9.779708169205584278e-01 4.334787810269173647e-02 2.546515643552292261e+02
3.072556638928029315e+03 9.842105745582940823e-01 4.327657378650977965e-02 2.562912811031051774e+02
3.072564422649233165e+03 1.014796569334192489e+00 4.350381170922792279e-02 2.642713882154615703e+02
3.072572206370437016e+03 1.029067186267538014e+00 4.365281947043177235e-02 2.680033575801837742e+02
3.072579990091640866e+03 1.021798979780453198e+00 4.368946896583281170e-02 2.661260066431894415e+02
3.072587773812844716e+03 1.002906464075326909e+00 4.362327967719917265e-02 2.612207242026809695e+02
3.072595557534048567e+03 9.603300795409589474e-01 4.336592465315266404e-02 2.501457193872736298e+02
3.072603341255252417e+03 9.494101620948580678e-01 4.336383645130302555e-02 2.473157430065242579e+02
3.072611124976456267e+03 9.926836169129790166e-01 4.379947279704353436e-02 2.586033120009020649e+02
3.072618908697660117e+03 9.974883539864314308e-01 4.390485404978890921e-02 2.598701531679903383e+02
3.072626692418863968e+03 9.237492372369395799e-01 4.332755269519774494e-02 2.406733483603127013e+02
3.072634476140067818e+03 8.980249649445243287e-01 4.308845250724677861e-02 2.339848047726325433e+02
3.072642259861271668e+03 9.735287293287918642e-01 4.357051406975986918e-02 2.536724788210917723e+02
3.072650043582475519e+03 1.017176189901690897e+00 4.377725276892704270e-02 2.650611637623122760e+02
3.072657827303679369e+03 9.920691223630896394e-01 4.338098452062462418e-02 2.585337111168606157e+02
3.072665611024883219e+03 9.711009703785764557e-01 4.310554389524505481e-02 2.530841615677923642e+02
3.072673394746087070e+03 9.632617323958452271e-01 4.316067956556569885e-02 2.510557752725395062e+02
3.072681178467290920e+03 9.601707957488907486e-01 4.320657918355358396e-02 2.502647768968831201e+02
3.072688962188494770e+03 9.676501424847527844e-01 4.321335374485412578e-02 2.522289484077957411e+02
3.072696745909698620e+03 9.668168819751246090e-01 4.314045757574688084e-02 2.520264458955040254e+02
3.072704529630902471e+03 9.404344362177822214e-01 4.279889731768815597e-02 2.451634573670567931e+02
3.072712313352106321e+03 9.250055178473212125e-01 4.265285856990289753e-02 2.411553270170598751e+02
3.072720097073310171e+03 9.460205850934307881e-01 4.312136465590765688e-02 2.466484803294328003e+02
3.072727880794514022e+03 9.705525019043876878e-01 4.362896772527834199e-02 2.530592464152214518e+02
3.072735664515717872e+03 1.004059868888303786e+00 4.422888593152954351e-02 2.618111294509930644e+02
3.072743448236921722e+03 1.022621476342794766e+00 4.456183009246189597e-02 2.666666596817253776e+02
3.072751231958125572e+03 9.881864169111087559e-01 4.391817614001656406e-02 2.577021292105916359e+02
3.072759015679329423e+03 9.646358683054749861e-01 4.339407491056407329e-02 2.515752117244687724e+02
3.072766799400533273e+03 9.840658272142387419e-01 4.333327683375436806e-02 2.566574667484966881e+02
3.072774583121737578e+03 9.938874090833667019e-01 4.323996564440245327e-02 2.592341737852589176e+02
3.072782366842941428e+03 9.529086657875224242e-01 4.294629782898110731e-02 2.485602340018861298e+02
3.072790150564145279e+03 9.206234925479824804e-01 4.278762626946294029e-02 2.401528436461525757e+02
3.072797934285349129e+03 9.235403381431013248e-01 4.321241733803327795e-02 2.409277672446770282e+02
3.072805718006552979e+03 9.266336711340621424e-01 4.359497889233795304e-02 2.417488231948920543e+02
3.072813501727756829e+03 9.350472682322129581e-01 4.366500945408650913e-02 2.439580541136313059e+02
3.072821285448960680e+03 9.475964795497880955e-01 4.373094126478377364e-02 2.472466041035486342e+02
3.072829069170164530e+03 9.725716536938397994e-01 4.372005342119553162e-02 2.537779031778462127e+02
3.072836852891368380e+03 9.880725582331904011e-01 4.368924284335084368e-02 2.578376497679095678e+02
3.072844636612572231e+03 9.567748687954551468e-01 4.356781582047344892e-02 2.496850576582089047e+02
3.072852420333776081e+03 9.357335116602093494e-01 4.351758983751452536e-02 2.442082169785704195e+02
3.072860204054979931e+03 9.835169112104178435e-01 4.397615146184086915e-02 2.566937034758338996e+02
3.072867987776183782e+03 1.022828117383530522e+00 4.431461619960776199e-02 2.669693076662821341e+02
3.072875771497387632e+03 9.967216061147488038e-01 4.369358959956839983e-02 2.601703739792956753e+02
3.072883555218591482e+03 9.736793760082310678e-01 4.315088790513861572e-02 2.541705506224289479e+02
3.072891338939795332e+03 9.837762458018800560e-01 4.326804035573864754e-02 2.568212049048544827e+02
3.072899122660999183e+03 9.967153142290243739e-01 4.340664057696635991e-02 2.602141838382196397e+02
3.072906906382203033e+03 1.030638961770895534e+00 4.369530589254972536e-02 2.690863553295415045e+02
3.072914690103406883e+03 1.058485613856459562e+00 4.394034524039155953e-02 2.763728417252420400e+02
3.072922473824610734e+03 1.020643250158938420e+00 4.363540712828262169e-02 2.665076346521863684e+02
3.072930257545814584e+03 9.827268137842409823e-01 4.332641945870133876e-02 2.566219343357480511e+02
3.072938041267018434e+03 9.423900104505856801e-01 4.289498785403087627e-02 2.461030079824781751e+02
3.072945824988222284e+03 9.046565385255981306e-01 4.248128479886285197e-02 2.362627489858447518e+02
3.072953608709426135e+03 9.175203299422536318e-01 4.250811208460666263e-02 2.396362413155413265e+02
3.072961392430629985e+03 9.335568869321724250e-01 4.256149368275564948e-02 2.438388299197709443e+02
3.072969176151833835e+03 9.811470783342663982e-01 4.284187570253736310e-02 2.562839844668398541e+02
3.072976959873037686e+03 1.023695057099637706e+00 4.310249275729039625e-02 2.674134402313241026e+02
3.072984743594241536e+03 9.634416410319875945e-01 4.281288017986308037e-02 2.516884631509990982e+02
3.072992527315445386e+03 9.053299400357671667e-01 4.253182379669125102e-02 2.365211861952604124e+02
3.073000311036649236e+03 9.586631947304191659e-01 4.278613892837516280e-02 2.504692915887405888e+02
3.073008094757853087e+03 1.012734085388358185e+00 4.305151677435023472e-02 2.646117512512919348e+02
3.073015878479056937e+03 9.973979147676957924e-01 4.302890630614774475e-02 2.606198082035194261e+02
3.073023662200260787e+03 9.804014593319865245e-01 4.300081102789526932e-02 2.561935417005004751e+02
3.073031445921464638e+03 9.594351611239703148e-01 4.296774214865958091e-02 2.507293189401615621e+02
3.073039229642668488e+03 9.383474190160935313e-01 4.293480298273089080e-02 2.452327199798741049e+02
3.073047013363872338e+03 9.597767291398116019e-01 4.300696899022274367e-02 2.508477594436258755e+02
3.073054797085076189e+03 9.831724141028729269e-01 4.309431250902438088e-02 2.569774130571848332e+02
3.073062580806280039e+03 9.589600316578280603e-01 4.316572154540875700e-02 2.506634606122970581e+02
3.073070364527483889e+03 9.322856006736466306e-01 4.322710968594092873e-02 2.437051774810054212e+02
3.073078148248687739e+03 9.667999592454439295e-01 4.309505647962703911e-02 2.527421386292072327e+02
3.073085931969891590e+03 1.004843294295439282e+00 4.299226211750647314e-02 2.627027524541946377e+02
3.073093715691095440e+03 1.006260571870091658e+00 4.325550684472014712e-02 2.630885764266138267e+02
3.073101499412299290e+03 1.005123974182379420e+00 4.350948119905071604e-02 2.628066895369584586e+02
3.073109283133503141e+03 1.050380287932674905e+00 4.385642714615644450e-02 2.746556858732403725e+02
3.073117066854706991e+03 1.097436704594893397e+00 4.421530232254290704e-02 2.869767801866366881e+02
3.073124850575910841e+03 1.050003021487641464e+00 4.405474838543680521e-02 2.745889589231319974e+02
3.073132634297114691e+03 9.983675836428621553e-01 4.387186277776485704e-02 2.611008201822162960e+02
3.073140418018318542e+03 1.006453607713317933e+00 4.371755362883283924e-02 2.632308385656042446e+02
3.073148201739522392e+03 1.019404152130125585e+00 4.358641361487410049e-02 2.666334576865360191e+02
3.073155985460726242e+03 1.063495540941412187e+00 4.403481474959559244e-02 2.781820853350764651e+02
3.073163769181930093e+03 1.107320543690020420e+00 4.450594399367099885e-02 2.896623698778934681e+02
3.073171552903133943e+03 1.040989696522559571e+00 4.400882159466463356e-02 2.723268038135976781e+02
3.073179336624338248e+03 9.681626127645351909e-01 4.346507066517438927e-02 2.532896826314283203e+02
3.073187120345542098e+03 9.766255788197510945e-01 4.334997033970260788e-02 2.555186002514736003e+02
3.073194904066745949e+03 9.899574668992481286e-01 4.325289290357388350e-02 2.590217254284108321e+02
3.073202687787949799e+03 9.982251675391602408e-01 4.333158462852364223e-02 2.612001375934396492e+02
3.073210471509153649e+03 1.005729812312416094e+00 4.342363189218719638e-02 2.631791248399028973e+02
3.073218255230357499e+03 9.886489026793013890e-01 4.329544928826453004e-02 2.587244248148828092e+02
3.073226038951561350e+03 9.698516706648370178e-01 4.315319417917129474e-02 2.538200265190845926e+02
3.073233822672765200e+03 9.728110087797616767e-01 4.321814489234501039e-02 2.546093027158128450e+02
3.073241606393969050e+03 9.767311408803763806e-01 4.330001519395629966e-02 2.556501476281900125e+02
3.073249390115172901e+03 9.923009351631484343e-01 4.353712296010056604e-02 2.597404778064994275e+02
3.073257173836376751e+03 1.010502551322989939e+00 4.379223907236093338e-02 2.645202158480819321e+02
3.073264957557580601e+03 1.045296962625081649e+00 4.418742227552150542e-02 2.736442712614818333e+02
3.073272741278784451e+03 1.080011810531537941e+00 4.458550392929219036e-02 2.827485546665001266e+02
3.073280524999988302e+03 1.038160471999212575e+00 4.387297466950017960e-02 2.718075982881962318e+02
3.073288308721192152e+03 9.898414890780132813e-01 4.309324186682938346e-02 2.591719348883963221e+02
3.073296092442396002e+03 9.574376118918401790e-01 4.298639281446464677e-02 2.507021245232405988e+02
3.073303876163599853e+03 9.278148157132293239e-01 4.293497523641545688e-02 2.429595889084899909e+02
3.073311659884803703e+03 9.660194203384850908e-01 4.329892098058586020e-02 2.529786132188881140e+02
3.073319443606007553e+03 1.008065908494498508e+00 4.369439377254069612e-02 2.640049597065902844e+02
3.073327227327211403e+03 9.741735260895820758e-01 4.339637144119576351e-02 2.551436050568091787e+02
3.073335011048415254e+03 9.350826490006025615e-01 4.304902496417477992e-02 2.449196149203111474e+02
3.073342794769619104e+03 9.581827706173422499e-01 4.317463622006330326e-02 2.509846321567455618e+02
3.073350578490822954e+03 9.874239651719798339e-01 4.335160736293473122e-02 2.586590263635270048e+02
3.073358362212026805e+03 1.033711072033442813e+00 4.385007683580142285e-02 2.707998026699862066e+02
3.073366145933230655e+03 1.080322113852430155e+00 4.436002934435569200e-02 2.830268518649219800e+02
3.073373929654434505e+03 1.102850101350443701e+00 4.454054337487600712e-02 2.889455828407678837e+02
3.073381713375638356e+03 1.124143568348564770e+00 4.470295251465485759e-02 2.945415368411341888e+02
3.073389497096842206e+03 1.075984989650902390e+00 4.441233565197288957e-02 2.819396628097968005e+02
3.073397280818046056e+03 1.019394072091787118e+00 4.406812000634224152e-02 2.671266761252699666e+02
3.073405064539249906e+03 9.951876274419672042e-01 4.383340925489860596e-02 2.607986363815204527e+02
3.073412848260453757e+03 9.741147087962945816e-01 4.361194044971890976e-02 2.552910794515256612e+02
3.073420631981657607e+03 1.021577145559385391e+00 4.414428377028912359e-02 2.677453246168416854e+02
3.073428415702861457e+03 1.074368236229999551e+00 4.473883510117243612e-02 2.815976814945613569e+02
3.073436199424065308e+03 1.075645958930559809e+00 4.497238216388230181e-02 2.819489300060836854e+02
3.073443983145269158e+03 1.074981821359912271e+00 4.519203022968348166e-02 2.817911863267289618e+02
3.073451766866473008e+03 1.032166114671956070e+00 4.487772546653667066e-02 2.705833477427229354e+02
3.073459550587676858e+03 9.819750543740874971e-01 4.448963890424136036e-02 2.574406392941177728e+02
3.073467334308880709e+03 9.543601413467301953e-01 4.425956327804766305e-02 2.502154502121016435e+02
3.073475118030084559e+03 9.285115362268495653e-01 4.404870761587217909e-02 2.434525414777337744e+02
3.073482901751288409e+03 9.686794961424156636e-01 4.410815699297385151e-02 2.539991674273244655e+02
3.073490685472492260e+03 1.016418375574100086e+00 4.420279099516900845e-02 2.665323138431880921e+02
3.073498469193696110e+03 1.032354206644081396e+00 4.444776625859298003e-02 2.707268110555700105e+02
3.073506252914899960e+03 1.042849930447641515e+00 4.468887262093693830e-02 2.734950844910924843e+02
3.073514036636103810e+03 1.051372795897422829e+00 4.486446074572277010e-02 2.757462503701906371e+02
3.073521820357307661e+03 1.062172571960102951e+00 4.505646878421808860e-02 2.785948811755652628e+02
3.073529604078511511e+03 1.033450231102441608e+00 4.508238909218981877e-02 2.710770714130163697e+02
3.073537387799715361e+03 1.000458061087069916e+00 4.508940948235294621e-02 2.624383346527901608e+02
3.073545171520919212e+03 9.783951282686043083e-01 4.439182076831794249e-02 2.566656985948523015e+02
3.073552955242123062e+03 9.584391618571928007e-01 4.367174841953433417e-02 2.514451514357072597e+02
3.073560738963326912e+03 1.025791469428864788e+00 4.450217635740196659e-02 2.691305262798521198e+02
3.073568522684530762e+03 1.100727393222486139e+00 4.545726010633400344e-02 2.888077302093686853e+02
3.073576306405734613e+03 1.060219262544854102e+00 4.494690641523001184e-02 2.781953642555825468e+02
3.073584090126938918e+03 1.011624059306888812e+00 4.434728061458957649e-02 2.654596430970085521e+02
3.073591873848142768e+03 1.019225641643342506e+00 4.469992138368446277e-02 2.674698625187924677e+02
3.073599657569346618e+03 1.031959748104104069e+00 4.513160326653755522e-02 2.708272915522047697e+02
3.073607441290550469e+03 1.037885505017056120e+00 4.498806832244108683e-02 2.723982224553363949e+02
3.073615225011754319e+03 1.043214147200619779e+00 4.480666134818213353e-02 2.738126086967317292e+02
3.073623008732958169e+03 1.023988318432659250e+00 4.447755511086865648e-02 2.687819671940586659e+02
3.073630792454162020e+03 1.004449538031547684e+00 4.415995121330943546e-02 2.636685912138971730e+02
3.073638576175365870e+03 1.060024168683889156e+00 4.463840327809253522e-02 2.782730773363336993e+02
3.073646359896569720e+03 1.118035462039665084e+00 4.515198792670521016e-02 2.935189524639939691e+02
3.073654143617773570e+03 1.062576748856330688e+00 4.487787646503189898e-02 2.789754736709091958e+02
3.073661927338977421e+03 1.001292059976105042e+00 4.456517035542626598e-02 2.629006325965038400e+02
3.073669711060181271e+03 1.009667566027946162e+00 4.452812813255696556e-02 2.651150647047777511e+02
3.073677494781385121e+03 1.023180791693283798e+00 4.453276762610260814e-02 2.686788744235651052e+02
3.073685278502588972e+03 1.051398257985615592e+00 4.498401478223306577e-02 2.761045313267538290e+02
3.073693062223792822e+03 1.078161798293470364e+00 4.543399333751099028e-02 2.831492128519977314e+02
3.073700845944996672e+03 1.050271200775809710e+00 4.506494722896492444e-02 2.758404878662877309e+02
3.073708629666200522e+03 1.022641234231485230e+00 4.470231253238617780e-02 2.685993703699215871e+02
3.073716413387404373e+03 1.017240562103371548e+00 4.483188391528279693e-02 2.671963325720587363e+02
3.073724197108608223e+03 1.011075662148948506e+00 4.496078647127051825e-02 2.655923809339486752e+02
3.073731980829812073e+03 1.007260863421468366e+00 4.488588239034282945e-02 2.646056092215870308e+02
3.073739764551015924e+03 1.003472119971181797e+00 4.482166005693023758e-02 2.636255666045817065e+02
3.073747548272219774e+03 9.498457200588870109e-01 4.465601823575681556e-02 2.495516313520337803e+02
3.073755331993423624e+03 8.973611498844762391e-01 4.449872026237434303e-02 2.357760744648122113e+02
3.073763115714627475e+03 9.363854588760818221e-01 4.425410989992793059e-02 2.460437032077172432e+02
3.073770899435831325e+03 9.763741259003744233e-01 4.401765038967895421e-02 2.565659267489888862e+02
3.073778683157035175e+03 1.023874322376231216e+00 4.479800350407011494e-02 2.690633162978028849e+02
3.073786466878239025e+03 1.071239120064093830e+00 4.559008921060490882e-02 2.815265664916513515e+02
3.228346594807836027e+03 1.005258408129354741e+00 1.979200646471638084e-02 7.008566971840122051e+02
3.228355971130447870e+03 1.001671191716589915e+00 1.979730393158634152e-02 6.984753313693588552e+02
3.228365347453059712e+03 9.997031754051542984e-01 1.981360725799472325e-02 6.972223866255178564e+02
3.228374723775671555e+03 9.989805628076275923e-01 1.981238559696291840e-02 6.968377017646621425e+02
3.228384100098283398e+03 9.988230745121023935e-01 1.981132625364042874e-02 6.968471135963744700e+02
3.228393476420894785e+03 1.000667573273023470e+00 1.985986092422440188e-02 6.982534496111957196e+02
3.228402852743506628e+03 1.000968456598428480e+00 1.990538728986341113e-02 6.985829260530694000e+02
3.228412229066118471e+03 1.000558720054887107e+00 1.997201975360215695e-02 6.984164428923845662e+02
3.228421605388730313e+03 1.001873654883900677e+00 2.004864655340805532e-02 6.994539340407196732e+02
3.228430981711342156e+03 9.934717908235707329e-01 1.993096072693362891e-02 6.937068361354483841e+02
3.228440358033953999e+03 9.845816394590691800e-01 1.979310875507863526e-02 6.876167193624655738e+02
3.228449734356565841e+03 9.939296876126395563e-01 1.982161532352125569e-02 6.942639361438282322e+02
3.228459110679177684e+03 1.003592566515060680e+00 1.986750941800876497e-02 7.011333335453316522e+02
3.228468487001789072e+03 9.952571527845697208e-01 1.977747953126210434e-02 6.954288595838188485e+02
3.228477863324400914e+03 9.857763183617521685e-01 1.967076950961627740e-02 6.889219036520435111e+02
3.228487239647012757e+03 9.927714899884991784e-01 1.974150491789887843e-02 6.939291103697122480e+02
3.228496615969624600e+03 1.002982455368180315e+00 1.984790359411426827e-02 7.011861526457918217e+02
3.228505992292236442e+03 1.010703194972936370e+00 1.989915444907792985e-02 7.067044164981087988e+02
3.228515368614848285e+03 1.016105343905403080e+00 1.994003805685570438e-02 7.106030411478285487e+02
3.228524744937460127e+03 1.014546359054641744e+00 1.993359066084984116e-02 7.096339258826172909e+02
3.228534121260071970e+03 1.013539690975600260e+00 1.991443223320954470e-02 7.090508273817348481e+02
3.228543497582683813e+03 1.015246579157593532e+00 1.981718190416618605e-02 7.103661587827356243e+02
3.228552873905295201e+03 1.014727189253295858e+00 1.968503990294400915e-02 7.101239093101512481e+02
3.228562250227907043e+03 1.005153224158178427e+00 1.961824231598102014e-02 7.035439038592884344e+02
3.228571626550518886e+03 9.974834803375008940e-01 1.959268299483765338e-02 6.982946742415999779e+02
3.228581002873130728e+03 1.000188557825048896e+00 1.954554152472639042e-02 7.003078116493481957e+02
3.228590379195742571e+03 1.001285745801535620e+00 1.947016747887531096e-02 7.011955977730746099e+02
3.228599755518354414e+03 9.934503639595330116e-01 1.941838704485983336e-02 6.958271435683157051e+02
3.228609131840966256e+03 9.853602532790269874e-01 1.939326960559679958e-02 6.902783719315043527e+02
3.228618508163578099e+03 9.939836182570516154e-01 1.949899283557543495e-02 6.964380221345368227e+02
3.228627884486189942e+03 1.007625013224670463e+00 1.965600085082358159e-02 7.061162308079169634e+02
3.228637260808801329e+03 1.007547224346887260e+00 1.961231829151784470e-02 7.061820278151629964e+02
3.228646637131413172e+03 1.002698645304599401e+00 1.946961296387859572e-02 7.029034267839966788e+02
3.228656013454025015e+03 1.002770029122927786e+00 1.947498359668848114e-02 7.030732065750963784e+02
3.228665389776636857e+03 1.006572839842108547e+00 1.957540957682368798e-02 7.058596682492620857e+02
3.228674766099248700e+03 9.981299351874655112e-01 1.957845277886165192e-02 7.000582623038715155e+02
3.228684142421860543e+03 9.848404564923847193e-01 1.952268411032478251e-02 6.908550203331626562e+02
3.228693518744472385e+03 9.882374350084773829e-01 1.952776102075184927e-02 6.933559679314577124e+02
3.228702895067084228e+03 9.951815977544297143e-01 1.956061544715636050e-02 6.983468856116195411e+02
3.228712271389695616e+03 1.000684085149122993e+00 1.956396610734654345e-02 7.023276254269403580e+02
3.228721647712307458e+03 1.007569288660588258e+00 1.955101267201765636e-02 7.072803002858817081e+02
3.228731024034919301e+03 1.011366440625148355e+00 1.954232784278616894e-02 7.100665407023617490e+02
3.228740400357531144e+03 1.009534239001631306e+00 1.952312596601076672e-02 7.089007236151124971e+02
3.228749776680142986e+03 9.978806285920579500e-01 1.945466998612999446e-02 7.008366467213437545e+02
3.228759153002754829e+03 9.859732293269196646e-01 1.937512208761649549e-02 6.925915141591260635e+02
3.228768529325366671e+03 9.820070962618027144e-01 1.927149086066504494e-02 6.899227852720432566e+02
3.228777905647978514e+03 9.791624491617341164e-01 1.912625829079827103e-02 6.880411587327557754e+02
3.228787281970590357e+03 9.845790911999183770e-01 1.918398512478981452e-02 6.919649097115061522e+02
3.228796658293201745e+03 9.982421893178691219e-01 1.943847325528323677e-02 7.016865711180416838e+02
3.228806034615813587e+03 1.001246650526083748e+00 1.949851478603738947e-02 7.039180305252865537e+02
3.228815410938425430e+03 9.959408612122155890e-01 1.935527134987019213e-02 7.003067634500156373e+02
3.228824787261037272e+03 1.001044839159297428e+00 1.936046727516223601e-02 7.040152145453674848e+02
3.228834163583649115e+03 1.012874970126807161e+00 1.952248818030598992e-02 7.124560592954254616e+02
3.228843539906260958e+03 1.012716795645196788e+00 1.955181973484590788e-02 7.124657260235327385e+02
3.228852916228872800e+03 1.001679381089565002e+00 1.941469675950903764e-02 7.048203014604813461e+02
3.228862292551484643e+03 1.002902790796168286e+00 1.931448292194795288e-02 7.058008945391104589e+02
3.228871668874096486e+03 1.015356552613093877e+00 1.925782492578242966e-02 7.146865712854192907e+02
3.228881045196707873e+03 1.013678179315691485e+00 1.914339419945625814e-02 7.136262436100067816e+02
3.228890421519319716e+03 9.957505718017699570e-01 1.894353692141590925e-02 7.011241651422908490e+02
3.228899797841931559e+03 9.862862426871269461e-01 1.885869530703568678e-02 6.945779477596100833e+02
3.228909174164543401e+03 9.889891462414197587e-01 1.894761174871156459e-02 6.965995221945480580e+02
3.228918550487155244e+03 9.944413350671629237e-01 1.902176033060592672e-02 7.005585434416769886e+02
3.228927926809767087e+03 1.000266332860146878e+00 1.907428354238274726e-02 7.047815456803974712e+02
3.228937303132378929e+03 1.005440235055444775e+00 1.913600025400186491e-02 7.085471032979002075e+02
3.228946679454990772e+03 1.012358145926416153e+00 1.921297452622207705e-02 7.135431308806782909e+02
3.228956055777602160e+03 1.014765320580205632e+00 1.921130147925544790e-02 7.153609575430192535e+02
3.228965432100214002e+03 1.005923175049403540e+00 1.903867355856482882e-02 7.092477837768657309e+02
3.228974808422825845e+03 1.000910179749616269e+00 1.895375616651299999e-02 7.058327803744471112e+02
3.228984184745437688e+03 1.007482976650662998e+00 1.906793016605643973e-02 7.105881588004273226e+02
3.228993561068049530e+03 1.008897219063258355e+00 1.917233923439059379e-02 7.117061091340184475e+02
3.229002937390661373e+03 1.003663261038421295e+00 1.927002915288164586e-02 7.081337650155521715e+02
3.229012313713273215e+03 1.001892085169953095e+00 1.931287554794014830e-02 7.070037474489924989e+02
3.229021690035885058e+03 9.986369185271498639e-01 1.918082163067542575e-02 7.048259240598465567e+02
3.229031066358496901e+03 9.955501283911518673e-01 1.905433621794398388e-02 7.027661815024722500e+02
3.229040442681108289e+03 9.941189277256435863e-01 1.896025635865166217e-02 7.018745922835433930e+02
3.229049819003720131e+03 9.950437589413353434e-01 1.891052004462280903e-02 7.026463642187738969e+02
3.229059195326331974e+03 1.003076762533322563e+00 1.897600403573241473e-02 7.084386146691992963e+02
3.229068571648943816e+03 1.005812328563174374e+00 1.898916835423601276e-02 7.104907530396573065e+02
3.229077947971555659e+03 9.964262121960342222e-01 1.886299760314607415e-02 7.039795225237601244e+02
3.229087324294167502e+03 9.885471371792112771e-01 1.877030916655161516e-02 6.985309617777071480e+02
3.229096700616779344e+03 9.863000881056031011e-01 1.877115080125580510e-02 6.970609156188208999e+02
3.229106076939391187e+03 9.868309830945354300e-01 1.877159302888403020e-02 6.975539577124657171e+02
3.229115453262002575e+03 9.877169209400454841e-01 1.876650875046637773e-02 6.982981355197466655e+02
3.229124829584614417e+03 9.879970186515046882e-01 1.874257961109402834e-02 6.986141344600395087e+02
3.229134205907226260e+03 9.888238788868454199e-01 1.864985960519885758e-02 6.993168821590840025e+02
3.229143582229838103e+03 9.924403897632055882e-01 1.860955924028506736e-02 7.019930595812220417e+02
3.229152958552449945e+03 1.005593965730902983e+00 1.875446467093706132e-02 7.114171897457406430e+02
3.229162334875061788e+03 1.012609010111281682e+00 1.886503825554932540e-02 7.165009645875370552e+02
3.229171711197673631e+03 1.006969070743495731e+00 1.888440763530420050e-02 7.126305017099903125e+02
3.229181087520285473e+03 1.005338234938963682e+00 1.891927950568037670e-02 7.115964072239480629e+02
3.229190463842897316e+03 1.012180809563355099e+00 1.899148790932749659e-02 7.165605667132637109e+02
3.229199840165508704e+03 1.016129823756651396e+00 1.904215283032149181e-02 7.194775553977401614e+02
3.229209216488120546e+03 1.012653461543469913e+00 1.900566743613270326e-02 7.171370128188906392e+02
3.229218592810732389e+03 1.009338835098682052e+00 1.895748748024684086e-02 7.149101967518076890e+02
3.229227969133344232e+03 1.001861170029840320e+00 1.883727886035342636e-02 7.097334303008151437e+02
3.229237345455956074e+03 9.992562112675482666e-01 1.873912457790843922e-02 7.080073578951789841e+02
3.229246721778567917e+03 1.006929380786028894e+00 1.871390805474349925e-02 7.135642976956224857e+02
3.229256098101179759e+03 1.008929776881842821e+00 1.868538819046869359e-02 7.151023603494297731e+02
3.229265474423791602e+03 1.005657100225027412e+00 1.870947251893191610e-02 7.129028585707294496e+02
3.229274850746403445e+03 1.005639550736286303e+00 1.873562547065162759e-02 7.130104994157628653e+02
3.229284227069014833e+03 1.009488071932184816e+00 1.875786509139562228e-02 7.158596881808416583e+02
3.229293603391626675e+03 1.008976825740956818e+00 1.876104831959321886e-02 7.156176274995185622e+02
3.229302979714238518e+03 9.938771116693855268e-01 1.863783446703740077e-02 7.050268201312590008e+02
3.229312356036850360e+03 9.843341142321088144e-01 1.853873868934294289e-02 6.983748394947995166e+02
3.229321732359462203e+03 9.944083827469791803e-01 1.858900827718314858e-02 7.056411689187632419e+02
3.229331108682074046e+03 1.002314246133193532e+00 1.862742257654517036e-02 7.113709254546157581e+02
3.229340485004685888e+03 1.004742445770068882e+00 1.856196062145690218e-02 7.132142622186495373e+02
3.229349861327297731e+03 1.008115007215395487e+00 1.849460353127481416e-02 7.157286448375691634e+02
3.229359237649909119e+03 1.010193960006310121e+00 1.839673065175790462e-02 7.173252586256711538e+02
3.229368613972520961e+03 1.008187445577462871e+00 1.828655620889674954e-02 7.160208452762784646e+02
3.229377990295132804e+03 9.928956314938979233e-01 1.817890939211546167e-02 7.052790658863294766e+02
3.229387366617744647e+03 9.849517087771356705e-01 1.810161269323956948e-02 6.997539064213299298e+02
3.229396742940356489e+03 1.007225757788708043e+00 1.817195346700039779e-02 7.156986616299772095e+02
3.229406119262968332e+03 1.020825283202040801e+00 1.822022850913372627e-02 7.254838936805210778e+02
3.229415495585580175e+03 1.007288224492308704e+00 1.828278926044887842e-02 7.159836050642297778e+02
3.229424871908192017e+03 1.000005712606351072e+00 1.836247550357224950e-02 7.109265817708156874e+02
3.229434248230803860e+03 1.007453008910857317e+00 1.840746245887458707e-02 7.163413305199894694e+02
3.229443624553415248e+03 1.010600593097450206e+00 1.842636914363991046e-02 7.187000687869909825e+02
3.229453000876027090e+03 9.896979469143483144e-01 1.811311718992387326e-02 7.039530929743358456e+02
3.229462377198638933e+03 9.762397831069220544e-01 1.783395331142011847e-02 6.944971311713698015e+02
3.229471753521250776e+03 9.989250265535025708e-01 1.796250217522403145e-02 7.107546966111209485e+02
3.229481129843862618e+03 1.013844968980184502e+00 1.807244376176065509e-02 7.214915888415177960e+02
3.229490506166474461e+03 1.006639571257292864e+00 1.811501347809827203e-02 7.164841479900007926e+02
3.229499882489086303e+03 1.001572293312031015e+00 1.816077814308770383e-02 7.129970663449983022e+02
3.229509258811698146e+03 1.003552423894428003e+00 1.816360813648439099e-02 7.145265096468107231e+02
3.229518635134309534e+03 1.005441959491159443e+00 1.815955504674543822e-02 7.159919116426883647e+02
3.229528011456921377e+03 9.980476971221869942e-01 1.803413873950518442e-02 7.108455096689389165e+02
3.229537387779533219e+03 9.943519012465945606e-01 1.792720227223806514e-02 7.083319644706348299e+02
3.229546764102145062e+03 1.009017191778217581e+00 1.804683555161562883e-02 7.188993485058656461e+02
3.229556140424756904e+03 1.018068132500584477e+00 1.814701378993060013e-02 7.254694815466675664e+02
3.229565516747368747e+03 1.001519738915093827e+00 1.802575832309206635e-02 7.137967812957931528e+02
3.229574893069980590e+03 9.875246087777113102e-01 1.791611483219178805e-02 7.039401795923026839e+02
3.229584269392592432e+03 1.000652803185581696e+00 1.814541338057629183e-02 7.134178765524351320e+02
3.229593645715204275e+03 1.013041414647829042e+00 1.836921095231567810e-02 7.223713329472195710e+02
3.229603022037815663e+03 9.974633394487087967e-01 1.814822873599993350e-02 7.113821510210979113e+02
3.229612398360427505e+03 9.847041969691033847e-01 1.793630694303729664e-02 7.024000236214681081e+02
3.229621774683039348e+03 9.985611115922025105e-01 1.796893347862477466e-02 7.124035451843426472e+02
3.229631151005651191e+03 1.008949733964789042e+00 1.799112066335717061e-02 7.199355778041356189e+02
3.229640527328263033e+03 1.000509061258580079e+00 1.792089524269555728e-02 7.140322089434539521e+02
3.229649903650874876e+03 9.947065083379126316e-01 1.785981963681294860e-02 7.100098833915683372e+02
3.229659279973486719e+03 1.003375848981727714e+00 1.796644516116634518e-02 7.163177686926048864e+02
3.229668656296098561e+03 1.011112152622713811e+00 1.806918075133661858e-02 7.219615106379723102e+02
3.229678032618710404e+03 1.009816071365654100e+00 1.798314301124444639e-02 7.211566537129164089e+02
3.229687408941321792e+03 1.006225432974802159e+00 1.789058983626885466e-02 7.187125632351185232e+02
3.229696785263933634e+03 1.000232840970710857e+00 1.794380288603173931e-02 7.145516947659322113e+02
3.229706161586545477e+03 9.967680938427249115e-01 1.800614782953037507e-02 7.121955523766891929e+02
3.229715537909157320e+03 9.884330482320005107e-01 1.768910022067512675e-02 7.063581495246023678e+02
3.229724914231769162e+03 9.781388130592645336e-01 1.735988511287369848e-02 6.991184379645260378e+02
3.229734290554381005e+03 9.771994809823913997e-01 1.747665984447110271e-02 6.985637419637663470e+02
3.229743666876992847e+03 9.796563594278807630e-01 1.761589640386615474e-02 7.004370523761687082e+02
3.229753043199604690e+03 9.911980006255473041e-01 1.763612457928952909e-02 7.088074797770411806e+02
3.229762419522216078e+03 1.000989157139205332e+00 1.764826819397339458e-02 7.159286797296895202e+02
3.229771795844827921e+03 1.009311314018367156e+00 1.775666608582446640e-02 7.220013828580858899e+02
3.229781172167439763e+03 1.017610508010613257e+00 1.786625708290608475e-02 7.280596444252581705e+02
3.229790548490051606e+03 1.008358380647238040e+00 1.774475945489548470e-02 7.215605233036313848e+02
3.229799924812663448e+03 9.985043860943420002e-01 1.761489993852554531e-02 7.146284369703256516e+02
3.229809301135275291e+03 1.000478183160512513e+00 1.762978172911510572e-02 7.161605464911781382e+02
3.229818677457887134e+03 1.001642930990251257e+00 1.764560499972118654e-02 7.171138985678064728e+02
3.229828053780498976e+03 9.979189192244443118e-01 1.758667079903609987e-02 7.145668979306436768e+02
3.229837430103110819e+03 9.959360642615778803e-01 1.753168151465939184e-02 7.132659834867988593e+02
3.229846806425722207e+03 1.004340937832886027e+00 1.772481845641901352e-02 7.194052827272613513e+02
3.229856182748334049e+03 1.011996757685973636e+00 1.792051439866868684e-02 7.250099556478819522e+02
3.229865559070945892e+03 1.004203544335328102e+00 1.776726843223948651e-02 7.195466884832278538e+02
3.229874935393557735e+03 9.950900319382675052e-01 1.760064297696176810e-02 7.131353624326983436e+02
3.229884311716169577e+03 9.865086969304039943e-01 1.751308046471086732e-02 7.071033105872394344e+02
3.229893688038781420e+03 9.806475202396891522e-01 1.743786792124555826e-02 7.030192716385579388e+02
3.229903064361393263e+03 9.924646651693180832e-01 1.751981449810312633e-02 7.116094076208055412e+02
3.229912440684005105e+03 1.003389377500430335e+00 1.760292398204811246e-02 7.195623739840391409e+02
3.229921817006616948e+03 1.000340582455450988e+00 1.759885425841858225e-02 7.174954350844657256e+02
3.229931193329228336e+03 9.967327430663721621e-01 1.759237456038980491e-02 7.150267261287727933e+02
3.229940569651840178e+03 9.943528042091624997e-01 1.757187408305862023e-02 7.134381618758785635e+02
3.229949945974452021e+03 9.914979218734772948e-01 1.754929536614718844e-02 7.115082053614568167e+02
3.229959322297063864e+03 9.931725914654754295e-01 1.757934146980315304e-02 7.128285568539674841e+02
3.229968698619675706e+03 9.956751348041997796e-01 1.761227457354908391e-02 7.147435959576440609e+02
3.229978074942287549e+03 9.916477217167913860e-01 1.751146657247053609e-02 7.119709355610630155e+02
3.229987451264899391e+03 9.881688647341110299e-01 1.741175642880386093e-02 7.095912243651353037e+02
3.229996827587511234e+03 9.906912147744793007e-01 1.738954712408670791e-02 7.115207877554647666e+02
3.230006203910122622e+03 9.928637647896302321e-01 1.736469078810314731e-02 7.131996831322760499e+02
3.230015580232734465e+03 9.999663628622255107e-01 1.745048024438138751e-02 7.184210668762998466e+02
3.230024956555346307e+03 1.005496370843384835e+00 1.753437779977584307e-02 7.225141392011505559e+02
3.230034332877958150e+03 1.000965354727136880e+00 1.751280628446463469e-02 7.193778346405197226e+02
3.230043709200569992e+03 9.986845596056000973e-01 1.749649821102381916e-02 7.178579146311493560e+02
3.241782929632122887e+03 9.918157812329855272e-01 1.189977597449294947e-02 6.966466194825992488e+02
3.241791258253514570e+03 9.913150685475599078e-01 1.186011600404078895e-02 6.961592413728315023e+02
3.241799586874906709e+03 9.944717083437665250e-01 1.185173470475499834e-02 6.982487702370374336e+02
3.241807915496298392e+03 9.973762714843004140e-01 1.185384871735321345e-02 7.001693009664636520e+02
3.241816244117690076e+03 9.998670258201516337e-01 1.191181334766173994e-02 7.018073579284306334e+02
3.241824572739082214e+03 1.002459514734322044e+00 1.195610539870414768e-02 7.035248280895115158e+02
3.241832901360473898e+03 1.005548431206270799e+00 1.193332831582185130e-02 7.055985818549280566e+02
3.241841229981865581e+03 1.007045469357300771e+00 1.190713635420284980e-02 7.065632372818856766e+02
3.241849558603257719e+03 9.979732910625607190e-01 1.185696579522488650e-02 7.001211270829672912e+02
3.241857887224649403e+03 9.893574970525966794e-01 1.179965865514206146e-02 6.940085236040495147e+02
3.241866215846041086e+03 9.858649233642002851e-01 1.169629431090497655e-02 6.914983830484309237e+02
3.241874544467433225e+03 9.812159707798711050e-01 1.159437403041071839e-02 6.881853053866373102e+02
3.241882873088824908e+03 9.664647574939407848e-01 1.149283918232334514e-02 6.777953737861132595e+02
3.241891201710216592e+03 9.530710678244204148e-01 1.140069530492294515e-02 6.683659864051572868e+02
3.241899530331608730e+03 9.531316140589278785e-01 1.139422287612434914e-02 6.683793353529152910e+02
3.241907858953000414e+03 9.537610456143260640e-01 1.139264863750373211e-02 6.687985748675761215e+02
3.241916187574392097e+03 9.605956380555555896e-01 1.144383433383504810e-02 6.735757543969455128e+02
3.241924516195784236e+03 9.680694274825316636e-01 1.150711458326526479e-02 6.788077646985997262e+02
3.241932844817175919e+03 9.843609866194965585e-01 1.169850983748477007e-02 6.902294054267524643e+02
3.241941173438567603e+03 1.000638374923925378e+00 1.188470132325315440e-02 7.016478813201656521e+02
3.241949502059959741e+03 1.012967733613376442e+00 1.197977692772434280e-02 7.103049330718563397e+02
3.241957830681351425e+03 1.024001285109060300e+00 1.206340692846152342e-02 7.180603647586489160e+02
3.241966159302743108e+03 1.005484897071208028e+00 1.190354039257944356e-02 7.051008584894926798e+02
3.241974487924135246e+03 9.882383112603729813e-01 1.175796059078192297e-02 6.930371946337891131e+02
3.241982816545526930e+03 1.000972610555697528e+00 1.188625728202331519e-02 7.020047769920490737e+02
3.241991145166918614e+03 1.013182025535891428e+00 1.200802626262773530e-02 7.106113510120229648e+02
3.241999473788310297e+03 1.003968989665766864e+00 1.191405441447461119e-02 7.041990763059143319e+02
3.242007802409702435e+03 9.952024624455279023e-01 1.182398917455456874e-02 6.981049287508069483e+02
3.383345801495510841e+03 9.983274254432641381e-01 8.126290393019510588e-03 6.332304372235341816e+02
3.383354399385515990e+03 9.968842064189205043e-01 8.122805565887672094e-03 6.313673160331369445e+02
3.383362997275521138e+03 9.945212521541527684e-01 8.120843377922995834e-03 6.286837485509710177e+02
3.383371595165526287e+03 9.939918579856121816e-01 8.126327084393871261e-03 6.268970881918894520e+02
3.383380193055531436e+03 9.968797867767990040e-01 8.143729743620788802e-03 6.269715801915126576e+02
3.383388790945536584e+03 9.995113226751506375e-01 8.166601473507988790e-03 6.265593886275665909e+02
3.383397388835541733e+03 1.000590119936577427e+00 8.195158423808111131e-03 6.248397295197946733e+02
3.383405986725546882e+03 1.001194045404929733e+00 8.213168681723462261e-03 6.226267065532858851e+02
3.383414584615551576e+03 1.000487255105605655e+00 8.202008276618419358e-03 6.196246475527290158e+02
3.383423182505556724e+03 1.001481532677045427e+00 8.207044440772444729e-03 6.179209675371456569e+02
3.383431780395561873e+03 1.006071043570961221e+00 8.252075273229938016e-03 6.188901448568096839e+02
3.383440378285567022e+03 1.007421253109742176e+00 8.272970269462364898e-03 6.185448566546607481e+02
3.383448976175572170e+03 1.002313041869900223e+00 8.242971274715885435e-03 6.151442211087462510e+02
3.383457574065577319e+03 9.989675674225693136e-01 8.223461390735571988e-03 6.139480525448569779e+02
3.383466171955582467e+03 1.004039640157982749e+00 8.261329223702084182e-03 6.190337854926090131e+02
3.383474769845587161e+03 1.006386519354265596e+00 8.273471606672997553e-03 6.230442421999570115e+02
3.383483367735592310e+03 1.003297339408675271e+00 8.231479493285587604e-03 6.236953205167847045e+02
3.383491965625597459e+03 1.001053110341724839e+00 8.202993294425678719e-03 6.242865959081569827e+02
3.383500563515602607e+03 1.000323820437931222e+00 8.207935752903790932e-03 6.246809390968062417e+02
3.383509161405607756e+03 1.001298958886556179e+00 8.227497346746310766e-03 6.248694758488911702e+02
3.383517759295612905e+03 1.002329145237085495e+00 8.251459726307384945e-03 6.241873206151805107e+02
3.383526357185618053e+03 1.003825589989755462e+00 8.275168849998286447e-03 6.232827568182252662e+02
3.383534955075623202e+03 1.003676214987311077e+00 8.269676114915669105e-03 6.212405474104353971e+02
3.383543552965627896e+03 1.002856622807057674e+00 8.257028089638619034e-03 6.190679379869470722e+02
3.383552150855633045e+03 1.001266690014767757e+00 8.222972895616754638e-03 6.171010245687880342e+02
3.383560748745638193e+03 9.992133857769029959e-01 8.193280094114845091e-03 6.159222606329769860e+02
3.383569346635643342e+03 1.000398860723442862e+00 8.236060990579361502e-03 6.181351032746932788e+02
3.383577944525648491e+03 1.000020679424941772e+00 8.259024081392786834e-03 6.204971830577263745e+02
3.383586542415653639e+03 1.001228462671002628e+00 8.250173948828841419e-03 6.243739721327350480e+02
3.383595140305658788e+03 1.001434637146371598e+00 8.234202646373802933e-03 6.275696313426665256e+02
3.383603738195663482e+03 9.934289936225778606e-01 8.168337827330297493e-03 6.250776276913362608e+02
3.383612336085668630e+03 9.869875199191662229e-01 8.119094895795809369e-03 6.229857668115503202e+02
3.383620933975673779e+03 9.864714422448319642e-01 8.144563641716198038e-03 6.241274729857608463e+02
3.383629531865678928e+03 9.846524850131532780e-01 8.158857720235185990e-03 6.240038194333403681e+02
3.383638129755684076e+03 9.681630418529992843e-01 8.034096845905312062e-03 6.141870212441375543e+02
3.383646727645689225e+03 9.529417154186347050e-01 7.920335736596419846e-03 6.048354551851358565e+02
3.383655325535694374e+03 9.432311459751915317e-01 7.873592171930227437e-03 5.987103084819138985e+02
3.383663923425699522e+03 9.334860924786704262e-01 7.827847376571659896e-03 5.923533129554571133e+02
3.383672521315704216e+03 9.217369390023326670e-01 7.764670662575787197e-03 5.845727692920181653e+02
3.383681119205709365e+03 9.121526483592333756e-01 7.713479638613881043e-03 5.780688086437355651e+02
3.383689717095714514e+03 9.257929997119281884e-01 7.783740363651723247e-03 5.862268964109836134e+02
3.383698314985719662e+03 9.399538332315809930e-01 7.859258886779827563e-03 5.946964203479620892e+02
3.383706912875724811e+03 9.640404989186289741e-01 8.011101894264982884e-03 6.094751218743869003e+02
3.383715510765729960e+03 9.873595993905759372e-01 8.157639341717573891e-03 6.238509620576575117e+02
3.383724108655735108e+03 9.942902787945726573e-01 8.216266324352336503e-03 6.280212983703739837e+02
3.383732706545739802e+03 1.000554653526833260e+00 8.269842022074874385e-03 6.319844402813462239e+02
3.383741304435744951e+03 9.963392809432274344e-01 8.251860353648983112e-03 6.295613855561166474e+02
3.383749902325750099e+03 9.920318078533579831e-01 8.232938429739922875e-03 6.272515217063036062e+02
3.383758500215755248e+03 9.978844639689059548e-01 8.278724711550495066e-03 6.314723291529642211e+02
3.383767098105760397e+03 1.003434732952881880e+00 8.321308953553542900e-03 6.355452447538876868e+02
3.383775695995765545e+03 1.004156119527352509e+00 8.288671702967875810e-03 6.365317349964366258e+02
3.383784293885770694e+03 1.005033748441970465e+00 8.257802433927863978e-03 6.375175555137965375e+02
3.383792891775775843e+03 9.983881558304640302e-01 8.224883475287696893e-03 6.335603316847176529e+02
3.383801489665780537e+03 9.919983272422493448e-01 8.194516418804871638e-03 6.295563686906814382e+02
3.383810087555785685e+03 9.925733076585822046e-01 8.209054590911859725e-03 6.298018125993072545e+02
3.383818685445790834e+03 9.931810325339005541e-01 8.224965402628991659e-03 6.299440207199857014e+02
3.383827283335795983e+03 9.924823325314721112e-01 8.203522974848297122e-03 6.291804471293739880e+02
3.383835881225801131e+03 9.919167108569161284e-01 8.182127058651048404e-03 6.284710885656500068e+02
3.383844479115806280e+03 1.000459233904231304e+00 8.275564121586457059e-03 6.335459199083796875e+02
3.383853077005811429e+03 1.008928531971550191e+00 8.368711289380584631e-03 6.386252398623232693e+02
3.383861674895816122e+03 1.006547010801369435e+00 8.330608803472526122e-03 6.368964315993249556e+02
3.383870272785821271e+03 1.003955687477825043e+00 8.289579229174877037e-03 6.350923701855234640e+02
3.383878870675826420e+03 9.995063183871571999e-01 8.284862734195264089e-03 6.321649546087729732e+02
3.383887468565831568e+03 9.946412364896888292e-01 8.280322404870029546e-03 6.290210314541270691e+02
3.383896066455836717e+03 9.942668064710974418e-01 8.258609139544306754e-03 6.287574922850150188e+02
3.383904664345841866e+03 9.941779818666061086e-01 8.235873000999708454e-03 6.287094188187820691e+02
3.383913262235847014e+03 9.989076407534127622e-01 8.273367556977263143e-03 6.317382778075060514e+02
3.383921860125852163e+03 1.003784892783142313e+00 8.312908580417763260e-03 6.348854116432097499e+02
3.383930458015856857e+03 9.993369370677438468e-01 8.292255881886931648e-03 6.321536360601589877e+02
3.383939055905862006e+03 9.941731758708328703e-01 8.267662656560882325e-03 6.289821025749158707e+02
3.383947653795867154e+03 9.975041973317544386e-01 8.317032672372576263e-03 6.311933761735225517e+02
3.383956251685872303e+03 1.001542278214033521e+00 8.372169633041180725e-03 6.338561669712609046e+02
3.383964849575877452e+03 1.000341227633677610e+00 8.352113299264083551e-03 6.332015722774596043e+02
3.383973447465882600e+03 9.989060664750717411e-01 8.327805192683248453e-03 6.323912864408373480e+02
3.383982045355887749e+03 9.997892627537835475e-01 8.330669722061321072e-03 6.330370312591203401e+02
