9.999875109453409960e-01
9.999871378211373507e-01
9.999866434893784906e-01
9.999860359683039324e-01
9.999853228495938495e-01
9.999844966620953235e-01
9.999835140262741673e-01
9.999822525449948429e-01
9.999804093261320803e-01
9.999772714094472548e-01
9.999712301249492619e-01
9.999588202040908813e-01
9.999329441502760041e-01
9.998798235115136102e-01
9.997741773272854626e-01
9.995722977895782346e-01
9.992032487094417714e-01
9.985594974944058677e-01
9.974898799952331974e-01
9.957995216597338439e-01
9.932623859164726454e-01
9.896513603907538537e-01
9.847872387409273287e-01
9.786014939925282707e-01
9.711996772569815306e-01
9.629050080030843173e-01
9.542567874211398404e-01
9.459332753468339128e-01
9.385575208739831421e-01
9.323316771991370100e-01
9.264788714199304609e-01
9.186561886077784234e-01
9.048815495075431814e-01
8.808051881525176263e-01
8.446753891952158977e-01
8.007400580729293615e-01
7.601796031654521890e-01
7.372374121536644509e-01
7.417875943802647587e-01
7.733174590550369043e-01
8.210143004441086134e-01
8.698965694893292522e-01
9.082453873730196303e-01
9.314223522404030398e-01
9.409337573833987944e-01
9.411018812075369055e-01
9.361833378444790466e-01
9.291024066236961421e-01
9.213967414143882095e-01
9.135446462218611563e-01
9.051729093631000200e-01
8.950630021207289788e-01
8.811071878318692541e-01
8.604420092742870452e-01
8.299568344452947777e-01
7.872301607242394583e-01
7.316940877594142467e-01
6.655810924665759298e-01
5.941580745726765533e-01
5.250106511600489689e-01
4.665833753520988725e-01
4.265006952539487917e-01
4.101563061801066779e-01
4.197440242544219213e-01
4.536515249911416969e-01
5.062279862304210898e-01
5.682822301134522469e-01
6.288273598660722996e-01
6.781326003173019368e-01
7.111440488472526855e-01
7.295213330429843879e-01
7.407986362170836392e-01
7.546933894254915787e-01
7.784095972545290731e-01
8.135107487771410240e-01
8.559344090010535533e-01
8.987227183903028216e-01
9.355321546736494742e-01
9.629444990019437878e-01
9.807876573935812026e-01
9.910053785348189592e-01
9.961776890433617915e-01
9.985023645819341986e-01
9.994352261482863931e-01
9.997730178532908685e-01
9.998863194183960079e-01
9.999240609032605809e-01
9.999385945815119081e-01
9.999462306443847037e-01
9.999515801118775693e-01
9.999558986212124800e-01
9.999595677828612139e-01
9.999627475346427596e-01
9.999655331201622310e-01
9.999679928980408361e-01
9.999701794532560584e-01
9.999721344123024824e-01
9.999738912931850354e-01
9.999754774393584400e-01
9.999769154034043872e-01
9.999782239647946325e-01
9.999794188929866934e-01
9.999805135254319355e-01
9.999815191938732362e-01
9.999824454731593981e-01
9.999833001081284145e-01
9.999840883128114921e-01
9.999848111588343080e-01
9.999854634419446109e-01
9.999860328330394399e-01
9.999865029679522177e-01
9.999868612078122165e-01
9.999952141390546778e-01
9.999950968962225684e-01
9.999949435548679544e-01
9.999947581058592494e-01
9.999945457609804578e-01
9.999943104902515589e-01
9.999940539569178721e-01
9.999937756572475633e-01
9.999934733944029208e-01
9.999931432964012101e-01
9.999927786661666484e-01
9.999923663043526201e-01
9.999918769376835437e-01
9.999912419289985754e-01
9.999902994968321579e-01
9.999886770560859617e-01
9.999855481478646668e-01
9.999791599847657197e-01
9.999659732354658770e-01
9.999392034624687842e-01
9.998865375957308732e-01
9.997868773498088668e-01
9.996062096581528333e-01
9.992931836060712225e-01
9.987756751846874614e-01
9.979603959262499657e-01
9.967381147848948242e-01
9.949968370277367802e-01
9.926438728225683850e-01
9.896350003968357179e-01
9.860053188424917625e-01
9.818928328561726815e-01
9.775430597167307223e-01
9.732802228269082923e-01
9.694251344260893521e-01
9.661317282303680809e-01
9.631207490056140630e-01
9.593576694464396315e-01
9.528949773084713915e-01
9.412941330956702268e-01
9.229566428193728411e-01
8.990214081442831073e-01
8.745004467474564169e-01
8.571044642944556369e-01
8.536352276303842412e-01
8.660722653673953442e-01
8.902738279113651121e-01
9.183330998019538782e-01
9.427339497435532900e-01
9.593577355013054309e-01
9.678715459520782494e-01
9.702232791258519340e-01
9.688609874076673512e-01
9.656963123192240372e-01
9.618648557568970636e-01
9.578670001812421564e-01
9.537286832547515747e-01
9.490474088889431226e-01
9.429503306663434836e-01
9.340606638046301535e-01
9.205873491258163011e-01
9.006342155360211876e-01
8.727532744659266539e-01
8.366415020846614814e-01
7.937494805970063405e-01
7.475184230813628483e-01
7.030507659152950284e-01
6.662237735433205188e-01
6.424660404894431132e-01
6.355211007040802995e-01
6.464960271019504212e-01
6.734067573427630071e-01
7.113656617290299300e-01
7.535055639404814043e-01
7.926051685004502634e-01
8.230994205516699580e-01
8.428066398690614580e-01
8.535514407709773321e-01
8.601875895889723456e-01
8.683111646037016129e-01
8.817500265506449386e-01
9.011125788994596153e-01
9.240481931948824057e-01
9.468361812345651440e-01
9.662300787559680026e-01
9.805760284660021142e-01
9.898896742111371605e-01
9.952319709536514569e-01
9.979527905230887175e-01
9.991885137065044109e-01
9.996916232039889660e-01
9.998769701436065471e-01
9.999401565516552459e-01
9.999613063596205498e-01
9.999692600335672310e-01
9.999732467160019622e-01
9.999759443136227999e-01
9.999780922484668988e-01
9.999799102226183400e-01
9.999814845036880673e-01
9.999828636727504660e-01
9.999840817989825714e-01
9.999851649122287744e-01
9.999861335789996808e-01
9.999870043496884575e-01
9.999877907228722496e-01
9.999885038313550689e-01
9.999891529457067829e-01
9.999897458516606719e-01
9.999902891377450143e-01
9.999907884176406636e-01
9.999912485042177224e-01
9.999916735472528240e-01
9.999920671434392450e-01
9.999924324247930763e-01
9.999927721287533711e-01
9.999930886470969060e-01
9.999933840335299973e-01
9.999936599116083791e-01
9.999939171766163426e-01
9.999941554078841666e-01
9.999943721463251389e-01
9.999945626473026872e-01
9.999947209489191691e-01
9.999948424367346433e-01
