9.999967785593044667e-01
9.999951051160964610e-01
9.999918034251662480e-01
9.999856129740354316e-01
9.999744478137225778e-01
9.999549938546796746e-01
9.999222326491112867e-01
9.998689431399305771e-01
9.997852836332929982e-01
9.996586153386310958e-01
9.994737725005484741e-01
9.992139854338808469e-01
9.988625946804656763e-01
9.984055395436044478e-01
9.978343692033295742e-01
9.971492525432411602e-01
9.963612341033050157e-01
9.954929000384133975e-01
9.945767700064374051e-01
9.936511559073020194e-01
9.927538761800058786e-01
9.919149373907949485e-01
9.911498743494893127e-01
9.904556466922208591e-01
9.898106635239126705e-01
9.891796298932258313e-01
9.885226412651106909e-01
9.878066194635324315e-01
9.870161950511692206e-01
9.861608661216081373e-01
9.852758979772918702e-01
9.844159022050940067e-01
9.836420020386543728e-01
9.830054199650890556e-01
9.825316474192068439e-01
9.822096474261514665e-01
9.819896374948167139e-01
9.817910573942958408e-01
9.815197871598293489e-01
9.810911760296908701e-01
9.804536447155592915e-01
9.796070678810656629e-01
9.786110662258447057e-01
9.775805709401478305e-01
9.766690137264939509e-01
9.760424522228772215e-01
9.758500758636233785e-01
9.761973082023973625e-01
9.771269821818691081e-01
9.786120795074828571e-01
9.805608613756181535e-01
9.828325674131080936e-01
9.852598529879919020e-01
9.876731881397260437e-01
9.899226664650220275e-01
9.918938689487870608e-01
9.935161615140860603e-01
9.947635552724940489e-01
9.956495863924805789e-01
9.962183471488479380e-01
9.965338338975211485e-01
9.966693695779502704e-01
9.966982758685267729e-01
9.966864365744996235e-01
9.966870210546872055e-01
9.967374221391587241e-01
9.968583361680891652e-01
9.970547955560020714e-01
9.973188178178157282e-01
9.976331737106791664e-01
9.979756522337925873e-01
9.983231668153884630e-01
9.986551334378791500e-01
9.989557444061220037e-01
9.992150113537041634e-01
9.994286923230879527e-01
9.995973932539414797e-01
9.997252133451035583e-01
9.998182878376404847e-01
9.998834973517953806e-01
9.999274980365985277e-01
9.999561168723158922e-01
9.999740749040224586e-01
9.999849565529876916e-01
9.999913318321300704e-01
9.999949498430911188e-01
9.999969445015245428e-01
9.999980175192904053e-01
9.999985836864608846e-01
9.999988772712296026e-01
9.999990254956612201e-01
9.999978020543504043e-01
9.999977285223272672e-01
9.999976268597838835e-01
9.999974950343120117e-01
9.999973255835031827e-01
9.999970973495204696e-01
9.999967626117433062e-01
9.999962241194777501e-01
9.999952931542953616e-01
9.999936158743287784e-01
9.999905500408763359e-01
9.999849683009982559e-01
9.999749593432925021e-01
9.999573975556758088e-01
9.999273596795028585e-01
9.998773886395890820e-01
9.997966450265574068e-01
9.996700474709853124e-01
9.994775799911229663e-01
9.991940234426184286e-01
9.987894245131496707e-01
9.982306154370623741e-01
9.974840055620319834e-01
9.965196586959808034e-01
9.953163523939151380e-01
9.938669331202261148e-01
9.921829254535484699e-01
9.902971464007717106e-01
9.882631391400873433e-01
9.861506515185833877e-01
9.840371347569027982e-01
9.819962096310024258e-01
9.800850237361852235e-01
9.783331310805601921e-01
9.767357046009201849e-01
9.752533758904674555e-01
9.738197769151497596e-01
9.723561247822811726e-01
9.707903170709877294e-01
9.690764815363577256e-01
9.672102304394032402e-01
9.652353255184475955e-01
9.632390950333926671e-01
9.613364529168507699e-01
9.596451715900382595e-01
9.582574580417501098e-01
9.572142575583015844e-01
9.564886753136933040e-01
9.559833907920156637e-01
9.555441887984688076e-01
9.549882612072437826e-01
9.541424615489000338e-01
9.528840220056882249e-01
9.511750886787107007e-01
9.490832216814202305e-01
9.467826895233398821e-01
9.445353763009971537e-01
9.426544327851915650e-01
9.414573616181278748e-01
9.412172046130184988e-01
9.421205512615049571e-01
9.442393844373069278e-01
9.475208701001363032e-01
9.517957894922326467e-01
9.568030856631470904e-01
9.622255003900614945e-01
9.677298848317268387e-01
9.730056432253820775e-01
9.777958424058261766e-01
9.819174765520566339e-01
9.852697158259742238e-01
9.878311327850992640e-01
9.896484421750363358e-01
9.908199927058788381e-01
9.914771668765831603e-01
9.917662307938308608e-01
9.918323560634414449e-01
9.918067808922496065e-01
9.917975286877779295e-01
9.918837665615187760e-01
9.921136842571866010e-01
9.925056090167752032e-01
9.930518830460406399e-01
9.937248162705401011e-01
9.944838364386988649e-01
9.952828586440574110e-01
9.960769380225429348e-01
9.968274629474379589e-01
9.975054552065258928e-01
9.980928984576933338e-01
9.985823373188795760e-01
9.989752130339789593e-01
9.992794965855102962e-01
9.995071516674732814e-01
9.996718416995191703e-01
9.997871339792855361e-01
9.998652948738967483e-01
9.999166443033165041e-01
9.999493600864751697e-01
9.999695920419587880e-01
9.999817511214326160e-01
9.999888655776687507e-01
9.999929306201895685e-01
9.999952104354578042e-01
9.999964766099023183e-01
9.999971834382572755e-01
9.999975893064131371e-01
9.999978363900589029e-01
9.999980005165629571e-01
9.999981209931896320e-01
9.999982177147619389e-01
9.999983005913841705e-01
9.999983745500797827e-01
9.999984420941721019e-01
9.999985045692827423e-01
9.999985627704786051e-01
9.999986172256243311e-01
9.999986683232129359e-01
9.999987163602197526e-01
9.999987615271231922e-01
9.999988038083836850e-01
9.999988427887902542e-01
9.999988774769461575e-01
9.999989064241847636e-01
9.999989283409677077e-01
9.999986397849087716e-01
9.999985833843085814e-01
9.999985008428029509e-01
9.999983858973326978e-01
9.999982193645762241e-01
9.999979519464992084e-01
9.999974726526765778e-01
9.999965478300735233e-01
9.999947079425886010e-01
9.999910499062121261e-01
9.999839135197093887e-01
9.999703871436422808e-01
9.999456096570726871e-01
9.999018745359526950e-01
9.998276179707032973e-01
9.997064880255854824e-01
9.995168294882834648e-01
9.992320365702339613e-01
9.988222543051572533e-01
9.982577703355481891e-01
9.975140763836739533e-01
9.965780065912070995e-01
9.954536977181771551e-01
9.941665917726711932e-01
9.927635968303315517e-01
9.913080636661204537e-01
9.898694680684096969e-01
9.885093824247555006e-01
9.872669809704219812e-01
9.861483181166940115e-01
9.851233967398083102e-01
9.841333730916029809e-01
9.831073886139918283e-01
9.819852458350248892e-01
9.807395501072980748e-01
9.793900810584873495e-01
9.780046368758341657e-01
9.766842364508108165e-01
9.755353844195295832e-01
9.746366009704299227e-01
9.740090845613962323e-01
9.736012099934239217e-01
9.732933946019379778e-01
9.729244116085884464e-01
9.723339365323415695e-01
9.714108039153261931e-01
9.701338414883491357e-01
9.685932787763007479e-01
9.669855080027558447e-01
9.655810815277539039e-01
9.646730941927008640e-01
9.645182917772816555e-01
9.652848893953156484e-01
9.670189090123666453e-01
9.696357492786507049e-01
9.729373062550277229e-01
9.766490574370167987e-01
9.804675700255219839e-01
9.841077107817770564e-01
9.873404155630378654e-01
9.900154422810784061e-01
9.920678044835085085e-01
9.935102500638836043e-01
9.944163245159145514e-01
9.948990360031738645e-01
9.950893314331304973e-01
9.951172100571106238e-01
9.950969845597439356e-01
9.951172816847613234e-01
9.952358546237891623e-01
9.954789642609600531e-01
9.958447783642775386e-01
9.963098645120394004e-01
9.968374876487744451e-01
9.973862165906806077e-01
9.979174182417011041e-01
9.984005930028387876e-01
9.988160813761770562e-01
9.991552792769156088e-01
9.994189693248898276e-01
9.996146047905392074e-01
9.997533621218395172e-01
9.998475749649782252e-01
9.999088815686860698e-01
9.999471549207075149e-01
9.999701010246613286e-01
9.999833228550941699e-01
9.999906418500738026e-01
9.999945151217698447e-01
9.999964461835808560e-01
9.999954563482933434e-01
9.999952983738895629e-01
9.999950775179511364e-01
9.999947864067439962e-01
9.999944021322053622e-01
9.999938644264082521e-01
9.999930404329676614e-01
9.999916613576957936e-01
9.999892077159902026e-01
9.999847100551463308e-01
9.999764196176927911e-01
9.999612905361903170e-01
9.999342073885060245e-01
9.998868980080050095e-01
9.998065028261706733e-01
9.996738410999717050e-01
9.994615298767179912e-01
9.991322714034789332e-01
9.986378075910066210e-01
9.979191990781843824e-01
9.969091490835984004e-01
9.955369734412080618e-01
9.937364473843497414e-01
9.914561193979942733e-01
9.886708467717855164e-01
9.853924598678991398e-01
9.816768745077428804e-01
9.776249359848954157e-01
9.733750022759797282e-01
9.690867799227540491e-01
9.649179905365159460e-01
9.609976172243440695e-01
9.574011726245895693e-01
9.541340692469617579e-01
9.511283542025930071e-01
9.482557001426267229e-01
9.453559347647197963e-01
9.422762818133623153e-01
9.389129416019660335e-01
9.352447935529186740e-01
9.313496884787322294e-01
9.273971808157914776e-01
9.236169665607568691e-01
9.202483982735101264e-01
9.174816501284053238e-01
9.154040594504457840e-01
9.139651239432129426e-01
9.129705062310649044e-01
9.121096888616596621e-01
9.110146103958259856e-01
9.093391109153252660e-01
9.068430838146958051e-01
9.034626448519633701e-01
8.993495629962628968e-01
8.948695751178774582e-01
8.905584528589516324e-01
8.870441721753505870e-01
8.849505722313710798e-01
8.848008019212414421e-01
8.869374808836789637e-01
8.914719624812833532e-01
8.982690154138792682e-01
9.069670612084567152e-01
9.170287042096011421e-01
9.278121437252734305e-01
9.386515140006221891e-01
9.489336075489351874e-01
9.581600034646918784e-01
9.659871221979836609e-01
9.722413812087231655e-01
9.769112683774587857e-01
9.801216555160814359e-01
9.820973797143879302e-01
9.831230219378153112e-01
9.835044507344352649e-01
9.835358351021201706e-01
9.834741077672173315e-01
9.835216079484093710e-01
9.838168605723339732e-01
9.844329744977056151e-01
9.853827567485299310e-01
9.866292279717392422e-01
9.880998035364894072e-01
9.897020890008838556e-01
9.913391637963853142e-01
9.929224749568366093e-01
9.943810176058560657e-01
9.956662271271766729e-01
9.967527779567010304e-01
9.976361055607865236e-01
9.983278262221704225e-01
9.988502919596398133e-01
9.992313331329401027e-01
9.994999076409026850e-01
9.996830036787893725e-01
9.998038222778228290e-01
9.998810469614768381e-01
9.999289014827634769e-01
9.999576840227036856e-01
9.999745144286621423e-01
9.999841063544245845e-01
9.999894528901116519e-01
9.999923777527339741e-01
9.999939481283096621e-01
9.999947679490497343e-01
9.999962613293187363e-01
9.999961671479268288e-01
9.999960418947533292e-01
9.999958905249874963e-01
9.999957186290981959e-01
9.999955297956879541e-01
9.999953250409272520e-01
9.999951033991337779e-01
9.999948623918810675e-01
9.999945976722377505e-01
9.999943013730223651e-01
9.999939581857442139e-01
9.999935369841823629e-01
9.999929736572799044e-01
9.999921371470079645e-01
9.999907646639158987e-01
9.999883427315249262e-01
9.999838973163364120e-01
9.999756387971616700e-01
9.999603875553247923e-01
9.999326880974037657e-01
9.998835126415589469e-01
9.997984726744129080e-01
9.996555166837612916e-01
9.994222117077826706e-01
9.990528955517972154e-01
9.984862368270424060e-01
9.976440117362679327e-01
9.964321211754630925e-01
9.947449155077086047e-01
9.924736416337607281e-01
9.895191854491971473e-01
9.858082531911493973e-01
9.813108640527572479e-01
9.760558209045526734e-01
9.701401035061605338e-01
9.637282973187318857e-01
9.570394719157726549e-01
9.503212960281024468e-01
9.438142139944598608e-01
9.377115254602303995e-01
9.321234044068947844e-01
9.270535396478425394e-01
9.223957034160774615e-01
9.179540786504922778e-01
9.134860288505418646e-01
9.087601730341042794e-01
9.036176069027034297e-01
8.980215135510083435e-01
8.920814511224604004e-01
8.860435283444615395e-01
8.802454685247869115e-01
8.750442136317007069e-01
8.707309473459813320e-01
8.674524380592274486e-01
8.651575791466949994e-01
8.635839806182079581e-01
8.622920668668305755e-01
8.607443875947232703e-01
8.584173176718732368e-01
8.549232869958891534e-01
8.501168731172732418e-01
8.441597290495385097e-01
8.375278421699149378e-01
8.309579412503083073e-01
8.253439044600836549e-01
8.216044048926155474e-01
8.205470641800479692e-01
8.227520531213519117e-01
8.284915686325419193e-01
8.376938028121302393e-01
8.499529644464969280e-01
8.645812643170216472e-01
8.806942144344820367e-01
8.973167776914514615e-01
9.134951526879715455e-01
9.283982051577021055e-01
9.413946081743849170e-01
9.520966425473363914e-01
9.603682321082906981e-01
9.663013144226767492e-01
9.701693312314472184e-01
9.723685389133667201e-01
9.733571347453324751e-01
9.735998098794381717e-01
9.735224438796832303e-01
9.734791399732138917e-01
9.737320474427285655e-01
9.744433609647891181e-01
9.756782348971906327e-01
9.774168229993041024e-01
9.795731239839876592e-01
9.820178310865974591e-01
9.846021098031972896e-01
9.871793258667129756e-01
9.896222882765871587e-01
9.918344951575792656e-01
9.937549854587420795e-01
9.953574595427927552e-01
9.966451133654696815e-01
9.976430041393727910e-01
9.983897219787037924e-01
9.989297792206623949e-01
9.993076013527291135e-01
9.995634665161623467e-01
9.997313090355857135e-01
9.998380314588644069e-01
9.999038593408151598e-01
9.999432873022080503e-01
9.999662533415463184e-01
9.999792940164252686e-01
9.999865422653926306e-01
9.999905142734443197e-01
9.999926868950966830e-01
9.999938961383538771e-01
9.999945974295613160e-01
9.999950276841953478e-01
9.999953032992250357e-01
9.999954793825740484e-01
