3.065534584235446800e+03 9.814335261180817671e-01 1.637201160594355803e-02 1.962559878048316477e+03
3.065542979347536402e+03 9.919685644372449040e-01 1.638163962602042639e-02 1.984972507669460128e+03
3.065551374459626459e+03 1.002494313340137833e+00 1.639154011406161390e-02 2.007385137291817955e+03
3.065559769571716060e+03 1.014876527404397377e+00 1.640361865221999504e-02 2.033535878367426903e+03
3.065568164683806117e+03 1.005278942585082103e+00 1.630343511217871577e-02 2.015638803960211590e+03
3.065576559795895719e+03 9.886498073791539776e-01 1.623113498657271364e-02 1.983598442620199648e+03
3.065584954907985320e+03 9.961501113565539578e-01 1.631892446916548625e-02 1.999948747491538825e+03
3.065593350020075377e+03 1.018430808321189929e+00 1.640803139242354852e-02 2.046002101146715177e+03
3.065601745132164979e+03 1.035976550839150967e+00 1.643515545802129788e-02 2.082584384422181756e+03
3.065610140244254580e+03 1.045606963907043774e+00 1.646747455077701358e-02 2.103279342218988859e+03
3.065618535356344637e+03 1.037927142084309917e+00 1.643199808032862891e-02 2.089146237313455458e+03
3.065626930468434239e+03 1.002249049686428473e+00 1.628757915687625846e-02 2.018593116447533021e+03
3.065635325580524295e+03 9.738758603433999017e-01 1.620346590626612140e-02 1.962662311439794621e+03
3.065643720692613897e+03 9.774587720079163100e-01 1.622279110875429059e-02 1.971092320293077137e+03
3.065652115804703499e+03 9.729702309104264479e-01 1.617266427972635992e-02 1.963235046962187880e+03
3.065660510916793555e+03 9.702382107189768679e-01 1.613116390476268536e-02 1.958903511858463389e+03
3.065668906028883157e+03 9.949387455568368122e-01 1.617956578575189056e-02 2.009974926939665693e+03
3.065677301140973213e+03 1.012457020150071108e+00 1.621794816657267865e-02 2.046577629622652694e+03
3.065685696253062815e+03 1.009525081993228879e+00 1.627075579947002276e-02 2.041849742309858811e+03
3.065694091365152417e+03 1.003749745368869295e+00 1.628787592618815422e-02 2.031350504174327398e+03
3.065702486477242473e+03 1.007433726529840978e+00 1.627585955234759837e-02 2.039982175787922415e+03
3.065710881589332075e+03 1.014997813553659034e+00 1.629908967163679404e-02 2.056473809711957983e+03
3.065719276701421677e+03 1.030100080359835246e+00 1.636654234670407299e-02 2.088254427620649039e+03
3.065727671813511733e+03 1.043656820704526034e+00 1.643272364837803506e-02 2.116924393547580166e+03
3.065736066925601335e+03 1.034680213970974982e+00 1.635234586991178227e-02 2.099883250765051343e+03
3.065744462037691392e+03 1.022368104040382475e+00 1.624446735128231775e-02 2.076038515244006248e+03
3.065752857149780993e+03 1.006786967338903160e+00 1.618780374143869230e-02 2.045514432571092129e+03
3.065761252261870595e+03 9.872103482176913802e-01 1.612614368259810554e-02 2.006823849063652915e+03
3.065769647373960652e+03 9.874386046235523740e-01 1.612905322951859594e-02 2.008361995336583732e+03
3.065778042486050254e+03 9.981530481074865069e-01 1.616052440223941095e-02 2.031230071405773060e+03
3.065786437598140310e+03 9.864290656802636725e-01 1.609713116191893723e-02 2.008425292868544602e+03
3.065794832710229912e+03 9.776361448347365979e-01 1.606641693891569522e-02 1.991556673564107768e+03
3.065803227822319514e+03 9.854819064196539413e-01 1.608904320999856100e-02 2.008572135726549050e+03
3.065811622934409570e+03 9.888238696273512485e-01 1.605913457698819949e-02 2.016410000382182034e+03
3.065820018046499172e+03 1.000855049446328859e+00 1.607131265637338699e-02 2.041972906813511145e+03
3.065828413158588774e+03 1.005748043484792076e+00 1.608180015804593424e-02 2.052979664522573330e+03
3.065836808270678830e+03 9.909677868104876941e-01 1.601763120286649883e-02 2.023808531406539032e+03
3.065845203382768432e+03 9.784146207206996237e-01 1.596998440315060969e-02 1.999148383171920159e+03
3.065853598494858488e+03 9.770549369863498201e-01 1.598267902661803727e-02 1.997335729291760117e+03
3.065861993606948090e+03 9.887678405636139978e-01 1.600740521111434014e-02 2.022246976068263393e+03
3.065870388719037692e+03 9.957042343829964892e-01 1.596771474932953683e-02 2.037397538800228176e+03
3.065878783831127748e+03 9.725288506942508793e-01 1.585490484891906651e-02 1.990908348396436168e+03
3.065887178943217350e+03 9.474804241104554103e-01 1.577277099533679755e-02 1.940529114827555077e+03
3.065895574055306952e+03 9.549710609142637585e-01 1.578555841099546150e-02 1.956766783388452723e+03
3.065903969167397008e+03 9.706942797981578108e-01 1.582743985825123614e-02 1.989885395429339496e+03
3.065912364279486610e+03 9.790317100374912318e-01 1.584849647273345319e-02 2.007876015738728711e+03
3.065920759391576667e+03 9.982882614571759738e-01 1.588932416241342627e-02 2.048275837876208243e+03
3.065929154503666268e+03 1.014317169880044167e+00 1.592569137816466848e-02 2.082075174824482019e+03
3.065937549615755870e+03 1.014982786472476528e+00 1.591734397455524599e-02 2.084343380689248534e+03
3.065945944727845927e+03 1.011758564025341478e+00 1.587709578404112101e-02 2.078611158486524801e+03
3.065954339839935528e+03 9.992607230498687931e-01 1.577805156849711871e-02 2.053802948796843339e+03
3.065962734952025585e+03 9.909280694266178191e-01 1.570434942134565567e-02 2.037527576762676517e+03
3.065971130064115187e+03 1.009382955602227350e+00 1.576896979599664433e-02 2.076330875815039690e+03
3.065979525176204788e+03 1.030959788000131327e+00 1.585618920475439023e-02 2.121579819088497061e+03
3.065987920288294845e+03 1.036932816198180562e+00 1.587101970536244910e-02 2.134730962779766287e+03
3.065996315400384447e+03 1.037264711313563126e+00 1.585747528182948965e-02 2.136263613790968066e+03
3.066004710512474048e+03 1.033982728509186266e+00 1.583485926416196288e-02 2.130340709203464030e+03
3.066013105624564105e+03 1.029592722012353523e+00 1.580873399935932982e-02 2.122118453988725378e+03
3.066021500736653707e+03 1.019537207255888811e+00 1.574377317831325562e-02 2.102197186174937542e+03
3.066029895848743763e+03 1.008844518502776344e+00 1.567014687763981437e-02 2.080935702065030455e+03
3.066038290960833365e+03 9.886566384845280053e-01 1.558166402271762840e-02 2.040054656736248035e+03
3.066046686072922967e+03 9.626379302309368002e-01 1.548300571906373324e-02 1.987096799026527151e+03
3.066055081185013023e+03 9.717539165669633050e-01 1.552936253121613847e-02 2.006642182367023906e+03
3.066063476297102625e+03 9.973431772340941581e-01 1.564619589688891546e-02 2.060220439220425305e+03
3.066071871409192681e+03 1.013350357010841307e+00 1.571402383067272215e-02 2.094025562013289800e+03
3.066080266521282283e+03 1.034472601280528758e+00 1.578101194654378536e-02 2.138417419096959748e+03
3.066088661633371885e+03 1.045233235916713799e+00 1.580981661859299017e-02 2.161402721528130769e+03
3.066097056745461941e+03 1.034226698734517669e+00 1.578233595235179268e-02 2.139365943924077783e+03
3.066105451857551543e+03 1.017172707373959373e+00 1.570299219482292064e-02 2.104789854078530880e+03
3.066113846969641145e+03 1.007590303295838430e+00 1.561174312020478620e-02 2.085645985790188661e+03
3.066122242081731201e+03 9.993281376709429731e-01 1.556540764754029207e-02 2.069212846761318815e+03
3.066130637193820803e+03 9.920346628148758450e-01 1.555571994498727330e-02 2.054765187509967291e+03
3.066139032305910860e+03 9.842258969746461306e-01 1.550031491859380460e-02 2.039230461382297563e+03
3.066147427418000461e+03 9.621612176213121259e-01 1.537158429649022537e-02 1.994129734660795748e+03
3.066155822530090063e+03 9.571984097529439017e-01 1.535141713559589650e-02 1.984446715746196787e+03
3.066164217642180120e+03 9.773029481475550284e-01 1.544885791723133069e-02 2.026732671865745488e+03
3.066172612754269721e+03 9.846931321254203118e-01 1.552148597034307825e-02 2.042658804905561738e+03
3.066181007866359778e+03 9.837083008900191494e-01 1.557983748917557941e-02 2.041205816431688163e+03
3.066189402978449380e+03 9.894044887966075841e-01 1.559247070816090208e-02 2.053608988297144151e+03
3.066197798090538981e+03 9.927644043390383422e-01 1.554239808042300920e-02 2.061158443084602368e+03
3.066206193202629038e+03 9.948892706706526923e-01 1.555714482608005003e-02 2.066136982586080194e+03
3.066214588314718640e+03 1.002611408823595562e+00 1.564385892677989248e-02 2.082735284694614620e+03
3.066222983426808241e+03 1.004007640588094885e+00 1.564626512891339333e-02 2.086187819079308611e+03
3.066231378538898298e+03 9.962024051924932566e-01 1.556749108527713879e-02 2.070507540883027559e+03
3.066239773650987900e+03 9.859994275902699279e-01 1.550032043471317317e-02 2.049824249082892948e+03
3.066248168763077956e+03 9.852862742805307272e-01 1.548638690946515899e-02 2.048854042324385773e+03
3.066256563875167558e+03 9.847258452292924069e-01 1.545678339846667977e-02 2.048190947146665621e+03
3.066264958987257160e+03 9.648170926771760803e-01 1.533726209704239403e-02 2.007264050400116275e+03
3.066273354099347216e+03 9.545185753384817229e-01 1.527054479966740395e-02 1.986306255397432324e+03
3.066281749211436818e+03 9.691562445459772634e-01 1.532596814277514818e-02 2.017231912686040687e+03
3.066290144323526874e+03 9.803069453118581356e-01 1.537011019523310852e-02 2.040902304441705837e+03
3.066298539435616476e+03 9.827244508134365120e-01 1.536983349785595206e-02 2.046387637188320696e+03
3.066306934547706078e+03 9.963114974097140308e-01 1.538897320176585599e-02 2.075129435618840034e+03
3.066315329659796134e+03 1.006636265163918020e+00 1.538244878342227666e-02 2.097077261858285965e+03
3.066323724771885736e+03 9.870961019542107140e-01 1.530262288241885510e-02 2.056795013250005468e+03
3.066332119883975338e+03 9.630637127363386174e-01 1.523601367125510669e-02 2.007124045048906510e+03
3.066340514996065394e+03 9.532979974734999695e-01 1.516785098579169835e-02 1.987162590463148263e+03
3.066348910108154996e+03 9.523149504938359655e-01 1.509541246729080924e-02 1.985494829021921305e+03
3.066357305220245053e+03 9.544901301127296511e-01 1.505379143363802172e-02 1.990402668611822264e+03
3.066365700332334654e+03 9.498580872568787026e-01 1.498794476254986310e-02 1.981104954932407281e+03
3.066374095444424256e+03 9.465184743281498392e-01 1.495061696705039279e-02 1.974490381225231204e+03
3.066382490556514313e+03 9.492095403148762545e-01 1.495734377254433374e-02 1.980446445185245466e+03
3.066390885668603914e+03 9.582729898848778571e-01 1.500475030043962182e-02 1.999692649721452426e+03
3.066399280780693516e+03 9.713548867104389029e-01 1.510863756100809877e-02 2.027322509300212914e+03
3.066407675892783573e+03 9.662647076360656451e-01 1.512666558487241707e-02 2.017018383145318694e+03
3.066416071004873174e+03 9.553522426030800485e-01 1.509629697552853679e-02 1.994545782217908027e+03
3.066424466116963231e+03 9.745085455037342248e-01 1.517319905474797705e-02 2.034842477109468973e+03
3.066432861229052833e+03 9.947988148345374704e-01 1.523513817969697481e-02 2.077509327342387223e+03
3.066441256341142434e+03 9.775272437831666883e-01 1.517502203571817303e-02 2.041724278294698934e+03
3.066449651453232491e+03 9.562280348551084330e-01 1.511292315694248538e-02 1.997506107267843845e+03
3.066458046565322093e+03 9.641010255941583340e-01 1.514647017505390235e-02 2.014213630347993103e+03
3.066466441677412149e+03 9.764837853627065245e-01 1.519455598354946257e-02 2.040338790487012375e+03
3.066474836789501751e+03 9.786337630482679906e-01 1.519676016985081930e-02 2.045076850761606465e+03
3.066483231901591353e+03 9.857119967187258913e-01 1.522059815480820630e-02 2.060106116616299914e+03
3.066491627013681409e+03 9.950735601379570028e-01 1.525655798159632724e-02 2.079901520188371251e+03
3.066500022125771011e+03 9.905578507346630701e-01 1.523701541045397248e-02 2.070681918857809251e+03
3.066508417237860613e+03 9.949230916381828216e-01 1.523028785066890892e-02 2.080017289957595494e+03
3.066516812349950669e+03 1.019434212300154741e+00 1.528257225367236558e-02 2.131466212465447825e+03
3.066525207462040271e+03 1.017546615711895752e+00 1.526500355225959317e-02 2.127714256682139876e+03
3.066533602574130327e+03 9.929550783946266002e-01 1.517263646035736137e-02 2.076472862013783470e+03
3.066541997686219929e+03 9.850898291609045954e-01 1.513301092497849019e-02 2.060193869514909693e+03
3.066550392798309531e+03 9.949169871204028848e-01 1.515024205819214161e-02 2.080906790495512269e+03
3.066558787910399587e+03 1.009350215659555516e+00 1.515337482245134731e-02 2.111247346602401649e+03
3.066567183022489189e+03 1.006576291109632537e+00 1.507705677839175917e-02 2.105587619590335635e+03
3.066575578134579246e+03 9.860705395517767036e-01 1.496543372296169766e-02 2.062822788027485785e+03
3.066583973246668847e+03 9.819970663474820727e-01 1.494319211199448064e-02 2.054420654488792024e+03
3.066592368358758449e+03 9.925478163476686433e-01 1.498052723853043888e-02 2.076604530001584862e+03
3.066600763470848506e+03 9.830713427167009355e-01 1.496663253032829918e-02 2.056877856954210074e+03
3.066609158582938107e+03 9.713126150452435770e-01 1.501026321111310902e-02 2.032364194744171527e+03
3.066617553695027709e+03 9.916327611368109807e-01 1.520974216576021464e-02 2.074962935010139972e+03
3.066625948807117766e+03 1.010553365027369033e+00 1.538675151092242128e-02 2.114626316292230058e+03
3.066634343919207367e+03 1.009017897584912671e+00 1.537601217452690648e-02 2.111475687534850749e+03
3.066642739031297424e+03 1.019976371279908589e+00 1.524031139307234321e-02 2.134460362873800932e+03
3.066651134143387026e+03 1.036759998255372572e+00 1.518900886290338800e-02 2.169626196552928377e+03
3.066659529255476627e+03 1.021736930873089699e+00 1.514037201497272188e-02 2.138220101997921120e+03
3.066667924367566684e+03 9.946138317326397305e-01 1.502017034469026353e-02 2.081480646936220182e+03
3.066676319479656286e+03 9.988389482635054994e-01 1.502689546184631485e-02 2.090334797590867311e+03
3.066684714591746342e+03 1.009179235936485508e+00 1.506644775340387418e-02 2.111976685137759887e+03
3.066693109703835944e+03 9.954590207505410460e-01 1.499093821701435320e-02 2.083255631270739741e+03
3.066701504815925546e+03 9.785949735066986621e-01 1.489462029587149648e-02 2.047945788624662555e+03
3.066709899928015602e+03 9.484865184927095960e-01 1.477466293872090400e-02 1.984910221664372330e+03
3.066718295040105204e+03 9.275197020759858857e-01 1.474240358304836768e-02 1.940997663292588641e+03
3.066726690152194806e+03 9.518169909917153504e-01 1.484943284041605367e-02 1.991798578029990495e+03
3.066735085264284862e+03 9.799833222847412761e-01 1.490787788737831313e-02 2.050683692776468888e+03
3.066743480376374464e+03 9.927250371710204524e-01 1.491673542027802460e-02 2.077279470022571331e+03
3.066751875488464520e+03 9.988642530402215280e-01 1.493190865963757441e-02 2.090048275908083269e+03
3.066760270600554122e+03 1.006804406532612051e+00 1.494834705535272139e-02 2.106574287031094173e+03
3.066768665712643724e+03 1.017443833440427658e+00 1.497305794313361429e-02 2.128736326775628186e+03
3.066777060824733780e+03 1.028546070014700664e+00 1.499292585311958609e-02 2.151854309720114088e+03
3.066785455936823382e+03 1.031989770169757348e+00 1.497074180497753176e-02 2.158937779390600099e+03
3.066793851048913439e+03 1.007298565411220537e+00 1.488121581239356186e-02 2.107155076143117185e+03
3.066802246161003040e+03 9.759403256453127451e-01 1.481210843388196773e-02 2.041423107153692399e+03
3.066810641273092642e+03 9.652783457397419165e-01 1.481405591749068371e-02 2.018978695676648840e+03
3.066819036385182699e+03 9.761655927217753881e-01 1.484123399482283404e-02 2.041596946578342113e+03
3.066827431497272300e+03 9.887077076491841421e-01 1.484396089736143148e-02 2.067662729718577339e+03
3.066835826609361902e+03 9.896177983125771238e-01 1.482071008596711793e-02 2.069390608515889653e+03
3.066844221721451959e+03 9.816474253294189545e-01 1.479149181259649046e-02 2.052540015531137215e+03
3.066852616833541560e+03 9.679560703681827638e-01 1.474778686772968035e-02 2.023721756075125313e+03
3.066861011945631617e+03 9.766639730067613323e-01 1.477940090195413100e-02 2.041725248805925048e+03
3.066869407057721219e+03 9.985446210399734346e-01 1.487253255119278667e-02 2.087250208993035358e+03
3.066877802169810820e+03 9.897132207638937862e-01 1.485420290183187865e-02 2.068565317984073772e+03
3.066886197281900877e+03 9.766197728348374740e-01 1.480129350698580065e-02 2.040967718246477716e+03
3.066894592393990479e+03 9.871203096017100442e-01 1.483224813497762730e-02 2.062668279308474666e+03
3.066902987506080080e+03 9.909597253392478100e-01 1.483843535867248806e-02 2.070436473657875467e+03
3.066911382618170137e+03 9.877527993006852691e-01 1.482445729595243192e-02 2.063472571929468359e+03
3.066919777730259739e+03 9.907250991416637342e-01 1.485767864796535935e-02 2.069407623699540636e+03
3.066928172842349795e+03 9.990819746605996698e-01 1.491689641438449961e-02 2.086576786281289515e+03
3.066936567954439397e+03 1.004847198502657246e+00 1.494672689146376958e-02 2.098319240653326688e+03
3.066944963066528999e+03 9.971865469680450955e-01 1.491283871368094018e-02 2.082016447557724860e+03
3.066953358178619055e+03 9.994112839509077251e-01 1.492796407810414311e-02 2.086344976816405506e+03
3.066961753290708657e+03 1.004115518283187125e+00 1.497856225185468029e-02 2.095837444250878889e+03
3.066970148402798714e+03 9.909499800547630910e-01 1.498138660690395176e-02 2.068024169486851861e+03
3.066978543514888315e+03 9.881343769823632828e-01 1.499411524477778021e-02 2.061805822137051109e+03
3.066986938626977917e+03 9.850177668012898291e-01 1.494812915917305765e-02 2.054951648370746625e+03
3.066995333739067974e+03 9.808678442456771895e-01 1.490946262220656411e-02 2.045934590737190319e+03
3.067003728851157575e+03 9.965415425989762044e-01 1.499043512591391458e-02 2.078252309487823368e+03
3.067012123963247177e+03 9.984016692081987276e-01 1.500939514946357869e-02 2.081745765485508855e+03
3.067020519075337234e+03 9.809688774349499818e-01 1.494429486412256203e-02 2.045008219794166507e+03
3.067028914187426835e+03 9.845298819176828697e-01 1.494709482534240831e-02 2.052031755927225731e+03
3.067037309299516892e+03 1.007697879003282670e+00 1.501495780448590910e-02 2.099900773464280064e+03
3.067045704411606494e+03 1.020897514986673915e+00 1.505957164100839643e-02 2.126971819480282647e+03
3.067054099523696095e+03 1.008284584706027331e+00 1.499921918003899700e-02 2.100253813500687102e+03
3.067062494635786152e+03 9.827067965151552453e-01 1.489318010310047152e-02 2.046536916801524512e+03
3.067070889747875754e+03 9.651526801426819624e-01 1.484057798004831050e-02 2.009539354845984008e+03
3.067079284859965810e+03 9.697667039015501755e-01 1.488247823903633520e-02 2.018694204228064336e+03
3.067087679972055412e+03 9.898304914162440182e-01 1.496919991004139194e-02 2.059988364036942130e+03
3.067096075084145014e+03 9.958918562107771377e-01 1.497480971351320723e-02 2.072118988093211556e+03
3.067104470196235070e+03 9.922895251039191011e-01 1.494767703309022970e-02 2.064131603151407944e+03
3.067112865308324672e+03 9.876935706306243512e-01 1.495675956276176430e-02 2.054071539798829235e+03
3.067121260420414274e+03 9.946091198659824384e-01 1.504148751277319639e-02 2.067940464747488022e+03
3.067129655532504330e+03 1.004412355404507906e+00 1.509728746930694143e-02 2.087794689891924463e+03
3.067138050644593932e+03 9.958669299971392164e-01 1.501341591961059992e-02 2.069498384137963512e+03
3.067146445756683988e+03 9.958673629220140544e-01 1.497064551640946324e-02 2.068955776550736118e+03
3.067154840868773590e+03 1.005899264648946856e+00 1.500573220025208654e-02 2.089238466903314929e+03
3.072162596075153942e+03 9.880914154633428925e-01 1.194590723005307768e-02 2.412479523679155136e+03
3.072170428119984081e+03 1.005460239523631616e+00 1.200113019494341605e-02 2.455563822536305906e+03
3.072178260164814674e+03 1.019397184739821327e+00 1.207158303395067592e-02 2.490287778605686526e+03
3.072186092209644812e+03 1.002704742959610762e+00 1.205239499404752584e-02 2.450185276863068793e+03
3.072193924254475405e+03 9.867095396292948628e-01 1.202025689267095798e-02 2.411764509227185044e+03
3.072201756299305544e+03 9.875321625741572129e-01 1.202443108592677647e-02 2.414440487155700339e+03
3.072209588344136137e+03 9.890972377584079656e-01 1.202861111885339049e-02 2.418933312481451139e+03
3.072217420388966275e+03 9.873218393299039164e-01 1.201756241660322140e-02 2.415256543616704221e+03
3.072225252433796868e+03 9.845622391648419791e-01 1.199306713543167070e-02 2.409169095680433202e+03
3.072233084478627006e+03 9.859681435268724536e-01 1.196595233205610502e-02 2.413273493921421505e+03
3.072240916523457145e+03 9.851341036036785903e-01 1.192037061804995975e-02 2.411895749196342877e+03
3.072248748568287738e+03 9.817726489809308621e-01 1.190073308933633014e-02 2.404327329356921382e+03
3.072256580613117876e+03 9.831766508968534657e-01 1.194265310968147670e-02 2.408428029391226119e+03
3.072264412657948469e+03 9.844685858620517704e-01 1.198211837841679783e-02 2.412256022036541253e+03
3.072272244702778607e+03 9.885349678170265442e-01 1.202187937805094912e-02 2.422885887578674556e+03
3.072280076747609201e+03 9.937966826796430508e-01 1.206053476361403781e-02 2.436451782137894952e+03
3.072287908792439339e+03 9.970969357391953336e-01 1.210117552764984096e-02 2.445214606882640055e+03
3.072295740837269932e+03 9.975884720864206523e-01 1.212845912986577727e-02 2.447092074904992842e+03
3.072303572882100070e+03 9.965835600783699011e-01 1.210637142485161341e-02 2.445298397930378087e+03
3.072311404926930663e+03 1.006870683760754837e+00 1.210567119626980437e-02 2.471218030485354120e+03
3.072319236971760802e+03 1.015344110077165407e+00 1.210698691373296616e-02 2.492698844594754064e+03
3.072327069016590940e+03 1.009827171815346869e+00 1.208369218059320536e-02 2.479834905057367905e+03
3.072334901061421533e+03 9.998478028193040767e-01 1.206232357220794749e-02 2.456002124543616901e+03
3.072342733106251671e+03 9.923920019482433963e-01 1.204406183013145663e-02 2.438356430401663602e+03
3.072350565151082264e+03 9.964319008046840231e-01 1.207809062975924268e-02 2.448953940130455067e+03
3.072358397195912403e+03 1.004176484963727134e+00 1.212176963449758740e-02 2.468664480384548369e+03
3.072366229240742996e+03 9.995076694902935710e-01 1.208377857370437729e-02 2.457860028035085634e+03
3.072374061285573134e+03 9.936425798514807450e-01 1.203658424403585871e-02 2.444106756436317028e+03
3.072381893330403727e+03 9.949890812668567008e-01 1.203601926207258262e-02 2.448089111350922849e+03
3.072389725375233866e+03 9.857005114350831931e-01 1.201180751653037337e-02 2.425899394408665557e+03
3.072397557420064004e+03 9.684934418066398765e-01 1.195858685542719978e-02 2.384203673343568880e+03
3.072405389464894597e+03 9.701750675612978991e-01 1.196444177813402523e-02 2.388997030370835546e+03
3.072413221509724735e+03 9.892346630232313753e-01 1.205230576763911127e-02 2.436596552640473419e+03
3.072421053554555328e+03 9.970680999141730005e-01 1.209612741813191616e-02 2.456562897465716105e+03
3.072428885599385467e+03 1.002582119065725585e+00 1.209529155007868333e-02 2.470823684171449713e+03
3.072436717644216060e+03 1.014788627007189303e+00 1.211948490206304387e-02 2.501589780824368972e+03
3.072444549689046198e+03 1.008898823633730624e+00 1.207693213280478482e-02 2.487750303594285469e+03
3.072452381733876791e+03 9.942816063286007422e-01 1.201243049993928370e-02 2.452376888286199573e+03
3.072460213778706930e+03 9.900831404812577841e-01 1.203626433905989265e-02 2.442688451787879785e+03
3.072468045823537523e+03 9.908511173125713611e-01 1.207052530858521676e-02 2.445250687524629029e+03
3.072475877868367661e+03 9.927906924264865429e-01 1.206968378267782478e-02 2.450706050993113877e+03
3.072483709913197799e+03 9.915710138744808777e-01 1.206148128070396244e-02 2.448363274682267729e+03
3.072491541958028392e+03 9.887171270397642209e-01 1.207324303091701113e-02 2.441982606339358426e+03
3.072499374002858531e+03 9.898349411801613540e-01 1.209509501768259686e-02 2.445410272523788080e+03
3.072507206047689124e+03 9.946959409862875523e-01 1.210237536918764081e-02 2.458089593878839423e+03
3.072515038092519262e+03 9.995086201976666196e-01 1.210954306745529868e-02 2.470656022504044358e+03
3.072522870137349855e+03 1.005892146144841348e+00 1.212140750852099165e-02 2.487112923745817625e+03
3.072530702182179994e+03 1.008190160902739274e+00 1.212313614118742250e-02 2.493474066048799614e+03
3.072538534227010587e+03 1.003008968878536189e+00 1.212860784856237273e-02 2.481335557075687575e+03
3.072546366271840725e+03 1.001878218306371249e+00 1.214944823000406113e-02 2.479213149329395947e+03
3.072554198316670863e+03 9.993368245934611815e-01 1.215686172239043711e-02 2.473597539054818753e+03
3.072562030361501456e+03 9.889228798211721072e-01 1.213384850451203548e-02 2.448486755151735906e+03
3.072569862406331595e+03 9.769545166555217985e-01 1.208935025141040683e-02 2.419512288404016090e+03
3.072577694451162188e+03 9.749434459802802655e-01 1.208358863663247691e-02 2.415188499328623948e+03
3.072585526495992326e+03 9.809416969138363696e-01 1.210753298814958023e-02 2.430708569198783152e+03
3.072593358540822919e+03 9.787423806792083791e-01 1.209437573351539348e-02 2.425918169722263883e+03
3.072601190585653057e+03 9.779731253422285775e-01 1.210546298710693525e-02 2.424670329988664434e+03
3.072609022630483651e+03 9.873944138430570394e-01 1.215801310882939565e-02 2.448693542163246093e+03
3.072616854675313789e+03 1.002203249153102105e+00 1.221458804293130453e-02 2.486093950433003101e+03
3.072624686720144382e+03 1.009658123144595354e+00 1.224281513023463795e-02 2.505266911257370339e+03
3.072632518764974520e+03 1.001115015469470571e+00 1.223574996948886481e-02 2.484743312027477259e+03
3.072640350809804659e+03 9.938467536661864665e-01 1.223881869748685673e-02 2.467373197664914187e+03
3.072648182854635252e+03 9.936482258415266777e-01 1.219433104142172812e-02 2.467549724959452305e+03
3.072656014899465390e+03 9.924263931122316862e-01 1.212784293462672476e-02 2.465184098539060869e+03
3.072663846944295983e+03 9.946178491588345549e-01 1.215436461643830922e-02 2.471297724124131491e+03
3.072671678989126121e+03 9.972421359077933145e-01 1.220687571858612014e-02 2.478490035704638558e+03
3.072679511033956715e+03 9.981238184089902266e-01 1.222267688856501500e-02 2.481353737696368171e+03
3.072687343078786853e+03 1.001088796516145907e+00 1.223763819851682658e-02 2.489399141401646830e+03
3.072695175123617446e+03 9.935978609821315422e-01 1.222554761480558819e-02 2.471440863011488545e+03
3.072703007168447584e+03 9.829776220058276115e-01 1.219793627144700673e-02 2.445686662597148825e+03
3.072710839213277723e+03 9.902117817441244974e-01 1.220079430153565327e-02 2.464352621420774085e+03
3.072718671258108316e+03 1.003320877414798806e+00 1.221703617484512332e-02 2.497653312691504198e+03
3.072726503302938454e+03 1.011353389619095600e+00 1.223793369494037553e-02 2.518330669004089486e+03
3.072734335347769047e+03 1.012765327432752382e+00 1.224738581330047510e-02 2.522528760087768660e+03
3.072742167392599185e+03 9.976194643677038787e-01 1.220038667749950498e-02 2.485476525763365771e+03
3.072749999437429778e+03 9.824352626242461861e-01 1.214909184530215541e-02 2.448308341371568076e+03
3.072757831482259917e+03 9.853464986463398301e-01 1.218337732503366536e-02 2.456227187204808160e+03
3.072765663527090510e+03 9.981458861248286851e-01 1.226222241857621159e-02 2.488805353728146201e+03
3.072773495571920648e+03 1.009287966206505960e+00 1.228951259981698324e-02 2.517267271752114993e+03
3.072781327616750787e+03 1.011118881590229668e+00 1.226979776264042199e-02 2.522514933685335563e+03
3.072789159661581380e+03 1.006157781276617369e+00 1.227615404561580720e-02 2.510815930362354720e+03
3.072796991706411518e+03 1.004909602060377827e+00 1.231428281338346926e-02 2.508378151052490921e+03
3.072804823751242111e+03 1.003045731220551628e+00 1.228811796359754148e-02 2.504401433079397975e+03
3.072812655796072249e+03 9.942398973214654490e-01 1.220578513681145304e-02 2.483084855549794156e+03
3.072820487840902842e+03 9.945716060471136988e-01 1.219631805870389531e-02 2.484583312694253891e+03
3.072828319885732981e+03 1.004609191120961587e+00 1.224581396304582660e-02 2.510335434373965199e+03
3.072836151930563574e+03 1.006369931141033236e+00 1.227365501555098895e-02 2.515413175747773039e+03
3.072843983975393712e+03 1.007990205417025997e+00 1.230298075113754781e-02 2.520142101902411923e+03
3.072851816020224305e+03 1.001831203841356599e+00 1.228445835955720156e-02 2.505418495107773651e+03
3.072859648065054444e+03 9.860366066631146564e-01 1.221740236554918688e-02 2.466583025800538962e+03
3.072867480109884582e+03 9.897660792953991704e-01 1.223494419657201668e-02 2.476579135675257476e+03
3.072875312154715175e+03 1.000268692747993571e+00 1.229166253219870011e-02 2.503532493691122909e+03
3.072883144199545313e+03 1.001277667799184590e+00 1.229705964167358313e-02 2.506732359103481031e+03
3.072890976244375906e+03 1.002689727031356171e+00 1.229667456082864097e-02 2.510942990342439316e+03
3.072898808289206045e+03 1.000230313058028342e+00 1.232121703858907701e-02 2.505457944317719466e+03
3.072906640334036638e+03 1.000375060610048328e+00 1.236871573264333897e-02 2.506494453768812491e+03
3.072914472378866776e+03 1.002991476645210378e+00 1.238251323088085387e-02 2.513725723995828503e+03
3.072922304423697369e+03 9.970086083696041435e-01 1.233965195291583661e-02 2.499402955745053077e+03
3.072930136468527508e+03 9.871418711306146898e-01 1.227872053292627941e-02 2.475333030720938496e+03
3.072937968513357646e+03 9.816814429473593728e-01 1.224196273892171408e-02 2.462301933863434897e+03
3.072945800558188239e+03 9.816950852316045362e-01 1.223609855303375848e-02 2.462997501816507793e+03
3.072953632603018377e+03 9.800523857985745657e-01 1.222858691625021768e-02 2.459536338265381346e+03
3.072961464647848970e+03 9.831199837256344720e-01 1.223527785559733357e-02 2.467897081857610829e+03
3.072969296692679109e+03 9.936779321438916623e-01 1.227353076986767953e-02 2.495069810513691664e+03
3.072977128737509702e+03 1.002647059902266324e+00 1.230621275265701697e-02 2.518266254224454769e+03
3.072984960782339840e+03 1.002688401293699183e+00 1.229485445678168108e-02 2.519045580508497551e+03
3.072992792827170433e+03 9.921406400535893733e-01 1.224872376447842283e-02 2.493214915933005614e+03
3.073000624872000571e+03 9.879628540834508588e-01 1.223649826847702377e-02 2.483381857298496925e+03
3.073008456916831165e+03 9.890080832760776985e-01 1.225670509293105837e-02 2.486675462383578179e+03
3.073016288961661303e+03 9.872763903958783338e-01 1.227645071147870186e-02 2.482986554918187267e+03
3.073024121006491441e+03 9.897248587406992648e-01 1.229705391700181352e-02 2.489811178369182926e+03
3.073031953051322034e+03 9.898949392286034987e-01 1.229835819940574768e-02 2.490905916829275611e+03
3.073039785096152173e+03 9.934203171391555731e-01 1.229974534898984652e-02 2.500446192563879777e+03
3.073047617140982766e+03 9.992007266430191770e-01 1.229392479101455368e-02 2.515668668421688380e+03
3.073055449185812904e+03 9.951369857012490883e-01 1.227974078899787998e-02 2.506107870388926585e+03
3.073063281230643497e+03 9.960031751160295377e-01 1.230875687628802187e-02 2.508960231337483492e+03
3.073071113275473635e+03 1.002538258227951617e+00 1.230465565169933280e-02 2.526097682301987788e+03
3.073078945320304229e+03 9.971478063481366005e-01 1.220607390353316626e-02 2.513187109680836784e+03
3.073086777365134367e+03 9.840338049665060538e-01 1.212548013666960717e-02 2.480797824400219270e+03
3.073094609409964505e+03 9.806770606102666044e-01 1.213836502141930895e-02 2.472995969963241350e+03
3.073102441454795098e+03 9.753153508216112488e-01 1.213047928312964430e-02 2.460132274476498878e+03
3.073110273499625237e+03 9.637968176122413411e-01 1.206470743253833071e-02 2.431727255676485129e+03
3.073118105544455830e+03 9.717624343383922669e-01 1.206530069641578544e-02 2.452479725992442582e+03
3.073125937589285968e+03 9.814803063343157108e-01 1.208799443301247431e-02 2.477666353272618380e+03
3.073133769634116561e+03 9.807474236077737828e-01 1.210472681438335557e-02 2.476476962353407998e+03
3.073141601678946699e+03 9.906791043813927278e-01 1.216923559387123391e-02 2.502222766914104795e+03
3.073149433723777292e+03 9.973373114700727626e-01 1.221658972275031438e-02 2.519711721986735029e+03
3.073157265768607431e+03 9.852950583245768668e-01 1.219773980437119723e-02 2.489951480834226459e+03
3.073165097813438024e+03 9.743136854346563513e-01 1.216200019199714134e-02 2.462856692872930125e+03
3.073172929858268162e+03 9.698147931542969724e-01 1.211884983764448080e-02 2.452137801200796275e+03
3.073180761903098301e+03 9.691775090981042950e-01 1.208621100327423453e-02 2.451179370871991068e+03
3.073188593947928894e+03 9.814248477470531862e-01 1.212714091621646360e-02 2.482815693805609953e+03
3.073196425992759032e+03 9.922934803616706434e-01 1.217844958108981954e-02 2.510979729019277329e+03
3.073204258037589625e+03 9.882021575378182598e-01 1.216491704107985558e-02 2.501292448029696970e+03
3.073212090082419763e+03 9.888212641378897327e-01 1.214941700012257472e-02 2.503525653030610556e+03
3.073219922127250356e+03 9.924427113040125148e-01 1.213820419397392512e-02 2.513363125603323169e+03
3.073227754172080495e+03 9.898323889118525454e-01 1.212507227624196569e-02 2.507419310643163044e+03
3.073235586216911088e+03 9.931716681987261541e-01 1.215365605289752023e-02 2.516547372901137351e+03
3.073243418261741226e+03 9.975100842548013658e-01 1.217240734708551972e-02 2.528212269519599431e+03
3.073251250306571364e+03 9.920235273146259525e-01 1.213050080190760695e-02 2.514974772443855727e+03
3.073259082351401958e+03 9.942129277358865425e-01 1.213235944058446529e-02 2.521195115904718932e+03
3.073266914396232096e+03 1.005313541022977653e+00 1.221063845233387631e-02 2.550022093366048921e+03
3.073274746441062689e+03 1.008707546643965447e+00 1.225198403008430706e-02 2.559310685665347592e+03
3.073282578485892827e+03 1.004573402207712407e+00 1.222287786301781004e-02 2.549498223443532424e+03
3.073290410530723420e+03 9.908675435865001990e-01 1.215279982028193498e-02 2.515381771389411369e+03
3.073298242575553559e+03 9.854080629513990441e-01 1.212223724532503905e-02 2.502186375414220038e+03
3.073306074620384152e+03 9.881043776601982076e-01 1.213258084159164231e-02 2.509698629829520542e+03
3.073313906665214290e+03 9.839095559266151092e-01 1.212735387671740397e-02 2.499706991350562930e+03
3.073321738710044428e+03 9.822124118445053620e-01 1.211709595639502528e-02 2.496056948814237785e+03
3.073329570754875022e+03 9.837720813325809832e-01 1.211220099474330514e-02 2.500683223170438851e+03
3.073337402799705160e+03 9.776278192194395311e-01 1.210911330206396706e-02 2.485723527049177392e+03
3.073345234844535753e+03 9.655695428221764409e-01 1.209402261001337082e-02 2.455714552947311859e+03
3.073353066889365891e+03 9.619993199536847062e-01 1.207847239872611618e-02 2.447282554432728375e+03
3.073360898934196484e+03 9.637520434611061004e-01 1.206950955860909731e-02 2.452390665195724068e+03
3.073368730979026623e+03 9.752281735329961787e-01 1.210744841871756738e-02 2.482250142914368553e+03
3.073376563023857216e+03 9.871726373502461849e-01 1.216386817722147316e-02 2.513317449432545800e+03
3.073384395068687354e+03 9.827007244021813692e-01 1.212770377683183853e-02 2.502594095355057561e+03
3.073392227113517947e+03 9.764132537163145997e-01 1.202665944152834024e-02 2.487239904069676868e+03
3.073400059158348085e+03 9.709202144620238117e-01 1.197143942953263727e-02 2.473901449903451066e+03
3.073407891203178224e+03 9.709994978236013985e-01 1.199658717417636036e-02 2.474757607925883349e+03
3.073415723248008817e+03 9.782544940031621117e-01 1.203277648496555580e-02 2.493907233252344668e+03
3.073423555292838955e+03 9.795753998497347403e-01 1.205620745593020786e-02 2.497934598366915907e+03
3.073431387337669548e+03 9.932067592544792101e-01 1.210632729407436561e-02 2.533363910890268016e+03
3.073439219382499687e+03 1.008999208321257335e+00 1.212293689837205986e-02 2.574325318439385228e+03
3.073447051427330280e+03 9.932125360468684327e-01 1.203542786436646167e-02 2.534716863291471782e+03
3.073454883472160418e+03 9.787911648744714865e-01 1.196883399515915290e-02 2.498572358843217899e+03
3.073462715516991011e+03 9.877666982713124710e-01 1.199364197693959973e-02 2.522149754415716416e+03
3.073470547561821149e+03 9.948685099970973056e-01 1.202836974994921440e-02 2.540953646131782079e+03
3.073478379606651288e+03 9.967458465418789215e-01 1.203317068656148056e-02 2.546419965010064516e+03
3.073486211651481881e+03 9.976140612420794085e-01 1.200286075453820163e-02 2.549310096173842794e+03
3.073494043696312019e+03 9.900129101914793006e-01 1.194168835831935227e-02 2.530553013763417766e+03
3.073501875741142612e+03 9.857958673840334640e-01 1.191015941960747553e-02 2.520438023837442415e+03
3.073509707785972751e+03 9.993548179019566824e-01 1.195680353757474362e-02 2.555778178376244796e+03
3.073517539830803344e+03 1.013561493744396635e+00 1.201125251459714965e-02 2.592793549101833833e+03
3.073525371875633482e+03 1.014471620325624768e+00 1.201785871600045442e-02 2.595805176250748445e+03
3.073533203920464075e+03 1.008543318078747753e+00 1.201091574265606039e-02 2.581315418275948105e+03
3.073541035965294213e+03 9.888374562508628340e-01 1.196533295769838280e-02 2.531545426789381509e+03
3.073548868010124806e+03 9.673467531142160292e-01 1.189996919619094873e-02 2.477178268817382559e+03
3.073556700054954945e+03 9.722744269317739052e-01 1.191218347475964112e-02 2.490452042315747349e+03
3.073564532099785083e+03 9.891699837622924818e-01 1.197878225317468813e-02 2.534395894293269521e+03
3.073572364144615676e+03 9.854890805182626723e-01 1.199194569619010595e-02 2.525628795943081968e+03
3.073580196189445815e+03 9.689735608104692588e-01 1.196241570183260473e-02 2.483955310210134485e+03
3.073588028234276408e+03 9.797514991228488679e-01 1.200918884595010387e-02 2.512244501839952136e+03
3.073595860279106546e+03 1.007732620051981165e+00 1.208565479889684054e-02 2.584671603464840700e+03
3.073603692323937139e+03 1.017910326755008699e+00 1.210726319777592069e-02 2.611461526530217725e+03
3.073611524368767277e+03 1.018863710805275158e+00 1.211961302813678240e-02 2.614593834608931502e+03
3.073619356413597870e+03 1.022981698606906242e+00 1.214339040700586521e-02 2.625850521155544357e+03
3.073627188458428009e+03 1.018659918745223436e+00 1.213752700208118110e-02 2.615443370711270745e+03
3.073635020503258147e+03 1.005671114245099584e+00 1.207600616732675339e-02 2.582771683158961423e+03
3.073642852548088740e+03 9.953216066626970893e-01 1.199165261822053574e-02 2.556862534070110996e+03
3.073650684592918878e+03 9.918570320909360083e-01 1.195938402121445900e-02 2.548630650696391967e+03
3.073658516637749472e+03 9.955584085813882211e-01 1.198547399076880723e-02 2.558812228293039425e+03
3.073666348682579610e+03 1.003454461080529381e+00 1.203530233780495187e-02 2.579782893141715249e+03
3.073674180727410203e+03 1.008613916078717532e+00 1.208372681149062593e-02 2.593726829766414085e+03
3.073682012772240341e+03 1.004851516388698629e+00 1.206465362410936819e-02 2.584728484681603732e+03
3.073689844817070934e+03 9.965573690887816749e-01 1.199779881365624530e-02 2.564065233271786838e+03
3.073697676861901073e+03 9.950054885573947905e-01 1.199228413220053933e-02 2.560742681053254728e+03
3.073705508906731666e+03 9.995549755829751248e-01 1.205001076812066418e-02 2.573124606690642395e+03
3.073713340951561804e+03 9.964833067285538970e-01 1.205823739840677228e-02 2.565888613284278108e+03
3.073721172996391942e+03 9.900189658740508047e-01 1.201546192625404207e-02 2.549910255570419395e+03
3.073729005041222536e+03 9.937657505890734599e-01 1.200228818290239793e-02 2.560230021644195858e+03
3.073736837086052674e+03 9.983170181833379564e-01 1.200756335887274290e-02 2.572627960175056160e+03
3.073744669130883267e+03 9.961806106443685804e-01 1.200412773190778944e-02 2.567793621168179470e+03
3.073752501175713405e+03 9.916044707410338610e-01 1.199177839862377096e-02 2.556666011661828179e+03
3.073760333220543998e+03 9.920087722763802907e-01 1.199863885322161212e-02 2.558376725126719066e+03
3.073768165265374137e+03 1.000797713108620535e+00 1.204166629294714866e-02 2.581717499181192579e+03
3.073775997310204730e+03 1.003789825283057491e+00 1.205498672439568771e-02 2.590112364804429944e+03
3.073783829355034868e+03 1.000413265495949888e+00 1.203672614086324921e-02 2.582073674760660651e+03
3.228348332201222092e+03 9.959198124104585714e-01 5.785043196719648513e-03 6.759850071600544652e+03
3.228357756003095801e+03 9.938664950500878392e-01 5.773391278057240540e-03 6.746715855443166220e+03
3.228367179804969510e+03 9.949028674247956117e-01 5.770191746826277071e-03 6.754554720135320167e+03
3.228376603606843219e+03 9.962060955567062503e-01 5.776545252378855778e-03 6.764207200996153006e+03
3.228386027408716927e+03 9.930171775592907535e-01 5.773236837298280355e-03 6.743356631670641946e+03
3.228395451210590636e+03 9.939193042085168184e-01 5.785222064857009107e-03 6.750285580645775553e+03
3.228404875012464345e+03 9.996362425555487263e-01 5.809711826793111794e-03 6.789920069887504724e+03
3.228414298814338508e+03 1.004401215869431541e+00 5.808644054120454606e-03 6.823096907006407491e+03
3.228423722616212217e+03 1.008169222803147802e+00 5.807296254591037474e-03 6.849508045801016124e+03
3.228433146418085926e+03 1.004424792658325405e+00 5.788344335391173122e-03 6.824879658839308831e+03
3.228442570219959634e+03 9.972217545352271006e-01 5.754442583687428489e-03 6.776741831411940439e+03
3.228451994021833343e+03 9.971380054238315749e-01 5.748971907056898631e-03 6.776978113451046738e+03
3.228461417823707052e+03 1.000669577171998004e+00 5.758197470677672673e-03 6.801788453557901448e+03
3.228470841625580761e+03 1.001577846359193336e+00 5.763152046329296854e-03 6.808771170119138333e+03
3.228480265427454469e+03 1.003921721458995275e+00 5.769471235260271308e-03 6.825515826957867830e+03
3.228489689229328178e+03 1.006234240650338840e+00 5.766533729193802464e-03 6.842051060663717180e+03
3.228499113031201887e+03 1.002552868380510054e+00 5.748579482342960900e-03 6.817828762656867184e+03
3.228508536833075595e+03 9.996068553107397836e-01 5.751897390652129308e-03 6.798601898326269293e+03
3.228517960634949304e+03 9.996191952087305488e-01 5.769167074187638196e-03 6.799493238805711371e+03
3.228527384436823013e+03 9.982634771679679275e-01 5.770739788053275837e-03 6.791077849871599028e+03
3.228536808238696722e+03 9.974122308843350604e-01 5.769153761754621142e-03 6.786092544816271584e+03
3.228546232040570885e+03 9.978502860821651943e-01 5.765911576704215065e-03 6.789878925149427232e+03
3.228555655842444594e+03 9.987856148357953101e-01 5.761964899665609867e-03 6.797050116019801862e+03
3.228565079644318303e+03 9.986432923464778622e-01 5.761311767579021907e-03 6.796888191908205954e+03
3.228574503446192011e+03 9.977992245464931687e-01 5.758065515520540897e-03 6.791949306794019321e+03
3.228583927248065720e+03 1.000467382538651417e+00 5.765105885754309711e-03 6.810919369553133947e+03
3.228593351049939429e+03 1.005746320018288342e+00 5.781094384049285939e-03 6.847669352904884363e+03
3.228602774851813138e+03 1.008818796891071568e+00 5.790386010761598874e-03 6.869403294934854785e+03
3.228612198653686846e+03 1.007165656149396238e+00 5.788716033282554838e-03 6.858959984941300718e+03
3.228621622455560555e+03 1.003865910739328626e+00 5.760887986480739235e-03 6.837299031971806471e+03
3.228631046257434264e+03 1.002511857934718975e+00 5.721723377770525538e-03 6.828886370953532605e+03
3.228640470059307972e+03 1.000647186234468133e+00 5.690012199104594291e-03 6.816992888485216099e+03
3.228649893861181681e+03 9.994419264589980978e-01 5.669989885607883313e-03 6.809589225416441877e+03
3.228659317663055390e+03 1.002042867730565057e+00 5.670113489072377277e-03 6.828119827906899445e+03
3.228668741464929099e+03 1.005363675965748049e+00 5.674749991633024591e-03 6.851560530492840371e+03
3.228678165266803262e+03 1.003500833648273582e+00 5.662468146648767277e-03 6.839675795693979126e+03
3.228687589068676971e+03 9.996324973389850710e-01 5.646996807719368433e-03 6.814117356147089595e+03
3.228697012870550680e+03 9.991521860654046794e-01 5.643544396387163015e-03 6.811650291737704720e+03
3.228706436672424388e+03 9.969271373627539568e-01 5.634404832194856404e-03 6.797286416505111447e+03
3.228715860474298097e+03 9.938043088274458592e-01 5.616357358091263012e-03 6.776796945176300142e+03
3.228725284276171806e+03 9.972961499863155499e-01 5.609395177748216846e-03 6.801413506485152539e+03
3.228734708078045514e+03 1.004557357202460643e+00 5.620925154640784259e-03 6.851745277054704275e+03
3.228744131879919223e+03 1.007323128735783557e+00 5.633227803133603225e-03 6.871423303389730791e+03
3.228753555681792932e+03 1.004055149611644326e+00 5.624767914669885106e-03 6.849941882169168821e+03
3.228762979483666641e+03 9.992419747809898611e-01 5.602606268042167013e-03 6.817912181227695328e+03
3.228772403285540349e+03 9.976724590677916726e-01 5.589992762072581479e-03 6.808009084293394153e+03
3.228781827087414058e+03 9.997187266173870324e-01 5.592013508524591205e-03 6.822780086821675468e+03
3.228791250889287767e+03 1.001386676658116537e+00 5.597230785472947015e-03 6.834972186014869294e+03
3.228800674691161475e+03 1.000889493373555483e+00 5.596628444734277376e-03 6.832387097296465072e+03
3.228810098493035639e+03 9.983365680416397270e-01 5.585528345293392163e-03 6.815766401889312874e+03
3.228819522294909348e+03 9.950350353501188350e-01 5.569297861686112183e-03 6.794030143298246912e+03
3.228828946096783056e+03 9.947881425058129334e-01 5.557972050611838938e-03 6.793147887384582646e+03
3.228838369898656765e+03 9.972441145582989774e-01 5.550558656527302716e-03 6.810724572826362419e+03
3.228847793700530474e+03 9.980263443304929760e-01 5.544514235198028974e-03 6.816872973904143691e+03
3.228857217502404183e+03 9.945762655082699411e-01 5.533792096747345429e-03 6.794111055266253970e+03
3.228866641304277891e+03 9.899880472657700548e-01 5.522250478361453128e-03 6.763567829781523869e+03
3.228876065106151600e+03 9.896211740533576995e-01 5.526290730206754112e-03 6.761860701118781435e+03
3.228885488908025309e+03 9.937440647142873340e-01 5.539062509842854545e-03 6.790834161165441401e+03
3.228894912709899017e+03 9.977039533960363471e-01 5.544987978519558269e-03 6.818700262024161930e+03
3.228904336511772726e+03 9.984988779792202118e-01 5.540511866138664830e-03 6.824939597036905980e+03
3.228913760313646435e+03 9.990069819706649534e-01 5.530677253667817123e-03 6.829219508405519264e+03
3.228923184115520144e+03 9.991725147333337942e-01 5.520375916398580392e-03 6.831158144297047329e+03
3.228932607917393852e+03 9.952294972562103492e-01 5.503395841164473480e-03 6.805004329038334618e+03
3.228942031719268016e+03 9.905140229929398910e-01 5.486463256330694101e-03 6.773561751669252772e+03
3.228951455521141725e+03 9.889556470249604159e-01 5.481454440041159948e-03 6.763703705475526476e+03
3.228960879323015433e+03 9.895361030066428532e-01 5.482282189564475008e-03 6.768472851577123947e+03
3.228970303124889142e+03 9.908322828014444195e-01 5.487086207075249703e-03 6.778139097562795541e+03
3.228979726926762851e+03 9.951601019395278636e-01 5.499703583615714667e-03 6.808548888642641032e+03
3.228989150728636560e+03 1.000369899751868852e+00 5.506254435980084856e-03 6.845000583290619034e+03
3.228998574530510268e+03 1.000979682582515462e+00 5.500565500198904660e-03 6.849981516069089594e+03
3.229007998332383977e+03 9.999482606888951963e-01 5.499718997766090030e-03 6.843730889285146077e+03
3.229017422134257686e+03 9.966260231275442250e-01 5.493825754666649408e-03 6.821798208815353973e+03
3.229026845936131394e+03 9.933123063883324555e-01 5.486229376685158345e-03 6.799918492459240952e+03
3.229036269738005103e+03 9.972151598936159766e-01 5.495747305446496700e-03 6.827441730056104461e+03
3.229045693539878812e+03 1.001338746596396545e+00 5.497723777664539901e-03 6.856482702415365566e+03
3.229055117341752521e+03 9.998484738469730626e-01 5.483103284107409929e-03 6.847085932773582499e+03
3.229064541143626229e+03 9.949966863397852190e-01 5.456448030242188121e-03 6.814663971963327640e+03
3.229073964945500393e+03 9.911850330830246358e-01 5.433445680410766213e-03 6.789358821558466843e+03
3.229083388747374102e+03 9.944978199159760779e-01 5.439417400741565142e-03 6.812853823662278046e+03
3.229092812549247810e+03 1.001402808557814827e+00 5.457012930101056737e-03 6.860965625361459388e+03
3.229102236351121519e+03 1.005747338273294211e+00 5.470202087989792065e-03 6.891543901780009037e+03
3.229111660152995228e+03 1.006116248820667414e+00 5.473921851090186690e-03 6.894884397927524333e+03
3.229121083954868936e+03 1.006048414725495332e+00 5.479836186771021474e-03 6.895232139358942732e+03
3.229130507756742645e+03 1.006181703218008705e+00 5.479321191438853156e-03 6.896958383155579213e+03
3.229139931558616354e+03 9.993548403707159800e-01 5.430571386861121619e-03 6.850970268859779026e+03
3.229149355360490063e+03 9.917824500275830291e-01 5.386786187368855852e-03 6.799859639939915724e+03
3.229158779162363771e+03 9.951980663866708543e-01 5.412206701688292675e-03 6.824081633988507747e+03
3.229168202964237480e+03 1.002499799207856590e+00 5.447737325768504425e-03 6.874959418409012869e+03
3.229177626766111189e+03 1.004628532230150251e+00 5.449640254605731850e-03 6.890369337908201487e+03
3.229187050567984897e+03 1.005856905346020902e+00 5.446310957436783715e-03 6.899606738971539016e+03
3.229196474369858606e+03 1.010021271802767684e+00 5.461444737955283880e-03 6.928987741647939401e+03
3.229205898171732770e+03 1.011464050715126239e+00 5.473604338259764786e-03 6.939702531182490929e+03
3.229215321973606478e+03 1.007601983073365570e+00 5.456816523457435134e-03 6.914018564334615803e+03
3.229224745775480187e+03 1.004697842173581934e+00 5.436323183076395907e-03 6.894902286547719996e+03
3.229234169577353896e+03 1.003033541659021477e+00 5.430107024446170771e-03 6.884290924952592832e+03
3.229243593379227605e+03 1.001748226220016802e+00 5.430405319179199691e-03 6.876278333701604424e+03
3.229253017181101313e+03 1.004451280478229513e+00 5.431861928372081968e-03 6.895644166047784893e+03
3.229262440982975022e+03 1.007045842307476180e+00 5.428456461458469433e-03 6.914269467562387945e+03
3.229271864784848731e+03 1.004118782369751273e+00 5.406949182392906637e-03 6.894983633705734064e+03
3.229281288586722440e+03 1.000011873356970726e+00 5.381833234005236992e-03 6.867590447321652391e+03
3.229290712388596148e+03 9.982656940909140353e-01 5.381857695506143437e-03 6.856404865837666875e+03
3.229300136190469857e+03 9.966042096175683485e-01 5.388206011148858297e-03 6.845798242565148939e+03
3.229309559992343566e+03 9.959101364233655662e-01 5.381778205131000983e-03 6.841834985032225632e+03
3.229318983794217274e+03 9.971183618752769151e-01 5.377367758528971489e-03 6.850940805266503048e+03
3.229328407596090983e+03 9.981784713614522131e-01 5.379038060798106181e-03 6.859030791423113442e+03
3.229337831397965147e+03 9.985756998784186544e-01 5.377389461455898446e-03 6.862566936627568793e+03
3.229347255199838855e+03 9.990575690158812749e-01 5.378030650988767890e-03 6.866685472308826320e+03
3.229356679001712564e+03 9.989052212275751907e-01 5.376654005876593291e-03 6.866445197872386416e+03
3.229366102803586273e+03 9.999709278484484321e-01 5.370633170624641677e-03 6.874578531464383559e+03
3.229375526605459982e+03 9.984292596021842048e-01 5.359070015888062199e-03 6.864786356205137054e+03
3.229384950407333690e+03 9.941373083085485174e-01 5.342834487039949468e-03 6.836079661070257316e+03
3.229394374209207399e+03 9.932304734195864793e-01 5.332624188013519034e-03 6.830646160352852348e+03
3.229403798011081108e+03 9.946354781677793078e-01 5.318403555229868351e-03 6.841112049174756976e+03
3.229413221812954816e+03 9.967147974580025105e-01 5.305051006353907715e-03 6.856218694036211673e+03
3.229422645614828525e+03 9.981918330139455398e-01 5.294626467823276839e-03 6.867185211849335246e+03
3.229432069416702234e+03 9.996871571705815418e-01 5.285123705630694578e-03 6.878279949209321785e+03
3.229441493218575943e+03 1.004723239515556754e+00 5.301480857354864962e-03 6.913741909636033597e+03
3.229450917020449651e+03 1.007947143528594935e+00 5.314447783837587640e-03 6.936740507504926427e+03
3.229460340822323360e+03 1.003614640817317216e+00 5.300278548259543948e-03 6.907734657018638245e+03
3.229469764624197524e+03 9.990395979699587814e-01 5.289724313106951813e-03 6.877052242985302655e+03
3.229479188426071232e+03 9.976502681090304581e-01 5.286737088164898679e-03 6.868294387058489519e+03
3.229488612227944941e+03 9.982642901349713105e-01 5.290886914255478468e-03 6.873327922963819219e+03
3.229498036029818650e+03 1.000165635161406996e+00 5.299182787655679766e-03 6.887227068308446178e+03
3.229507459831692358e+03 1.002895313999376592e+00 5.302467276337092042e-03 6.906833932497394926e+03
3.229516883633566067e+03 1.003096934111429306e+00 5.294421501002153502e-03 6.909032691352824259e+03
3.229526307435439776e+03 1.000713070077126954e+00 5.284795635425236851e-03 6.893421643413224956e+03
3.229535731237313485e+03 9.998677163865515860e-01 5.291344320739112261e-03 6.888406030521082357e+03
3.229545155039187193e+03 9.986314668333138300e-01 5.298813819607106450e-03 6.880695730616067522e+03
3.229554578841060902e+03 9.959676045335723593e-01 5.289936492024666093e-03 6.863145850097651419e+03
3.229564002642934611e+03 9.949216968561067631e-01 5.279434981588916435e-03 6.856742189722064722e+03
3.229573426444808320e+03 9.976710918936720907e-01 5.276511841268662593e-03 6.876496146861747548e+03
3.229582850246682028e+03 9.997997705105836630e-01 5.272366099995741406e-03 6.891975726239908909e+03
3.229592274048555737e+03 9.994557343736385491e-01 5.277761479208828606e-03 6.890411444077484703e+03
3.229601697850429900e+03 1.000992068932382129e+00 5.292648955337915170e-03 6.901811708353105132e+03
3.229611121652303609e+03 1.000463085441591904e+00 5.276179816348078311e-03 6.898972477359644472e+03
3.229620545454177318e+03 9.978721342547198780e-01 5.245891718247769342e-03 6.881911852498374174e+03
3.229629969256051027e+03 9.965387998581602957e-01 5.241113050762385116e-03 6.873521321344489479e+03
3.229639393057924735e+03 9.981691252104858414e-01 5.254206125271036580e-03 6.885572560778578918e+03
3.229648816859798444e+03 1.003937257860010313e+00 5.276481958390255578e-03 6.926173207939807980e+03
3.229658240661672153e+03 1.005180494905585808e+00 5.278835059313600857e-03 6.935562218191225838e+03
3.229667664463545862e+03 1.003384743524469602e+00 5.262346537474403736e-03 6.923982315884268246e+03
3.229677088265419570e+03 1.004775692758668848e+00 5.255680731545188562e-03 6.934392314036687821e+03
3.229686512067293279e+03 1.005663355048348695e+00 5.252359450103260934e-03 6.941330751448756018e+03
3.229695935869166988e+03 1.003902310166843170e+00 5.244176844263415821e-03 6.929986468414347655e+03
3.229705359671040696e+03 1.002811454787450707e+00 5.237372425837358986e-03 6.923266232565611972e+03
3.229714783472914405e+03 1.000839838853454955e+00 5.228531343996225406e-03 6.910462878744449881e+03
3.229724207274788114e+03 9.958936986967814597e-01 5.210859814921467090e-03 6.877115846769991549e+03
3.229733631076662277e+03 9.941181808618362314e-01 5.200171110598010744e-03 6.865658028585183274e+03
3.229743054878535986e+03 9.924366536075447387e-01 5.188265886407322607e-03 6.854846543294201183e+03
3.229752478680409695e+03 9.912973968919013279e-01 5.179308023969006990e-03 6.847778289513025811e+03
3.229761902482283404e+03 9.958168657955424052e-01 5.190650401975820463e-03 6.879802648172400950e+03
3.229771326284157112e+03 9.975114365380949311e-01 5.192549832767296390e-03 6.892315644549737044e+03
3.229780750086030821e+03 9.983747885385643173e-01 5.190434314900976669e-03 6.899087392472201827e+03
3.229790173887904530e+03 1.003154215929742188e+00 5.198748083010708981e-03 6.932925024920536998e+03
3.229799597689778238e+03 1.008363930080431237e+00 5.204052897245492124e-03 6.969744491751406713e+03
3.229809021491651947e+03 1.005210362125114054e+00 5.188641278592850958e-03 6.948759169091830699e+03
3.229818445293525656e+03 9.950861929714697185e-01 5.164096991950449696e-03 6.879577159048903013e+03
3.229827869095399365e+03 9.947599333231855745e-01 5.162507905716927012e-03 6.878125035484346881e+03
3.229837292897273073e+03 9.964798172199932358e-01 5.155403448013051379e-03 6.890821803962246122e+03
3.229846716699146782e+03 9.945390673851580710e-01 5.139561335124939040e-03 6.878204509808387229e+03
3.229856140501020491e+03 9.972822136388396208e-01 5.144373638731587414e-03 6.897981558751946068e+03
3.229865564302894654e+03 9.986099011228931621e-01 5.144795489066412986e-03 6.907971479042314968e+03
3.229874988104768363e+03 9.976231465381261154e-01 5.125386990577546209e-03 6.901951318932411596e+03
3.229884411906642072e+03 9.970574418924873505e-01 5.110555321109560081e-03 6.898842894801475268e+03
3.229893835708515780e+03 9.978029989286693047e-01 5.110884639565353368e-03 6.904807501771708303e+03
3.229903259510389489e+03 1.000739783701154906e+00 5.113054456262302802e-03 6.925938402587796190e+03
3.229912683312263198e+03 9.994213602690488196e-01 5.096103032575526742e-03 6.917621086950753124e+03
3.229922107114136907e+03 9.979814581951966801e-01 5.079885247729952133e-03 6.908460713604978082e+03
3.229931530916010615e+03 1.004769985709109470e+00 5.091066852123961664e-03 6.956265420673837980e+03
3.229940954717884324e+03 1.006720160252088547e+00 5.090399556317373904e-03 6.970580099336784770e+03
3.229950378519758033e+03 9.998456393716027568e-01 5.064025482367381925e-03 6.923788173644504241e+03
3.229959802321631742e+03 9.985614366758283067e-01 5.050998962088082064e-03 6.915701812546463771e+03
3.229969226123505450e+03 1.004049337139864662e+00 5.073549773705920626e-03 6.954520163474435321e+03
3.229978649925379159e+03 1.006018269696193679e+00 5.089650669517470361e-03 6.968970502857859174e+03
3.229988073727252868e+03 1.005786391101462396e+00 5.087721896722079314e-03 6.968176609649184684e+03
3.229997497529127031e+03 1.008024919427592758e+00 5.092847369523495309e-03 6.984499533755233642e+03
3.230006921331000740e+03 1.006602803054607920e+00 5.083358215441769086e-03 6.975458891964733994e+03
3.230016345132874449e+03 1.002752443083260392e+00 5.065508502412999908e-03 6.949586983503931151e+03
3.230025768934748157e+03 9.985405518904002520e-01 5.040249846547359240e-03 6.921202966833108803e+03
3.230035192736621866e+03 9.960671047783927756e-01 5.017134768943260111e-03 6.904863260530977641e+03
3.230044616538495575e+03 9.987228462781712057e-01 5.023058703360079764e-03 6.924079886222814821e+03
3.230054040340369284e+03 1.001403287577338208e+00 5.029147279740302408e-03 6.943472064148241770e+03
3.241819973127015601e+03 9.989241009369852486e-01 3.359491149072860432e-03 6.743559608423017380e+03
3.241828352777664804e+03 9.983725068060006480e-01 3.363955663494239655e-03 6.739178364352881545e+03
3.241836732428314008e+03 9.978000644800488761e-01 3.375351644262172216e-03 6.734657131835539985e+03
3.241845112078963211e+03 1.000543740181645713e+00 3.392160577317855814e-03 6.752516626567146886e+03
3.241853491729612415e+03 1.001681936832067743e+00 3.390490238927105007e-03 6.759538432201278738e+03
3.241861871380262073e+03 9.992255268037321114e-01 3.378063829966263410e-03 6.742304022900759264e+03
3.241870251030911277e+03 9.972394807658304661e-01 3.371094693694937257e-03 6.728246334453503550e+03
3.241878630681560480e+03 9.968550150837736101e-01 3.368720380315740233e-03 6.724995863610111883e+03
3.241887010332209684e+03 9.963055379663945388e-01 3.366526294163856795e-03 6.720632805638839272e+03
3.241895389982858887e+03 9.959486578734018103e-01 3.364090904140604969e-03 6.717569518223966952e+03
3.241903769633508091e+03 9.984281157651323513e-01 3.367276794617695204e-03 6.733635635893493600e+03
3.241912149284157294e+03 1.000703830715695242e+00 3.371312531827722059e-03 6.748324531157490128e+03
3.241920528934806498e+03 9.986830027803806908e-01 3.368766966365438660e-03 6.734039185639006064e+03
3.241928908585455702e+03 9.971647344632086352e-01 3.367284090846215435e-03 6.723144890070637302e+03
3.241937288236104905e+03 9.977684346184145792e-01 3.372550458731474882e-03 6.726558062092366526e+03
3.241945667886754563e+03 9.981570621430146950e-01 3.377378649360438141e-03 6.728520646405150728e+03
3.241954047537403767e+03 9.978836085071212114e-01 3.376579078628437307e-03 6.726020102978997784e+03
3.241962427188052970e+03 9.969625620766154883e-01 3.374345072864420609e-03 6.719155386133046704e+03
3.241970806838702174e+03 9.975041122435210905e-01 3.374380055185415440e-03 6.722148274132838196e+03
3.241979186489351378e+03 9.978888597150974427e-01 3.373271352304990037e-03 6.724083863728148572e+03
3.241987566140000581e+03 9.955200766974682258e-01 3.364788885553385463e-03 6.707466619688796527e+03
3.241995945790649785e+03 9.940640948325388804e-01 3.359126043173065856e-03 6.697002030043115155e+03
3.242004325441298988e+03 9.975093678499660221e-01 3.371816168092242518e-03 6.719555846045440376e+03
3.242012705091948192e+03 1.000902175666492644e+00 3.384208463420992213e-03 6.741751735381776598e+03
3.242021084742597395e+03 1.001553706043535996e+00 3.380554711085714207e-03 6.745480607266050356e+03
3.242029464393247054e+03 1.002527075267245049e+00 3.376120178289037863e-03 6.751375998889971015e+03
3.242037844043896257e+03 1.001137499788286700e+00 3.371503910043674619e-03 6.741358749609754341e+03
3.242046223694545461e+03 9.980381987266451205e-01 3.365502136353724569e-03 6.719831678977227057e+03
3.242054603345194664e+03 9.966887390573432315e-01 3.362920142417992909e-03 6.710089291385693286e+03
3.242062982995843868e+03 9.960307004584592061e-01 3.360406787065781282e-03 6.705003136680514217e+03
3.242071362646493071e+03 9.957322774878301086e-01 3.358779245479121076e-03 6.702338444829023501e+03
3.242079742297142275e+03 9.959133415642605902e-01 3.358347334463471050e-03 6.702901288636328900e+03
3.242088121947791478e+03 9.956901093074608244e-01 3.356907964909380815e-03 6.700743081684135177e+03
3.242096501598440682e+03 9.946916906088655308e-01 3.354530880083128434e-03 6.693368870249629254e+03
3.242104881249089885e+03 9.943119750519326949e-01 3.352278896540684342e-03 6.690158874934502819e+03
3.242113260899739544e+03 9.943600499840853368e-01 3.350594641808990210e-03 6.689827456550614443e+03
3.242121640550388747e+03 9.924956633615354962e-01 3.350313341925706227e-03 6.676630629566381685e+03
3.242130020201037951e+03 9.916707599693117547e-01 3.351856545889354399e-03 6.670428295062357392e+03
3.242138399851687154e+03 9.909777303741617027e-01 3.351707083553024952e-03 6.665114003373868400e+03
3.242146779502336358e+03 9.884177983138415780e-01 3.349473025387868837e-03 6.647245449056148573e+03
3.242155159152985561e+03 9.873331786458312553e-01 3.347477339186815965e-03 6.639300973513169083e+03
3.242163538803634765e+03 9.867229100884481463e-01 3.344374915124490727e-03 6.634547378187278809e+03
3.242171918454283968e+03 9.849155542036978073e-01 3.343743276619565510e-03 6.621746375228542092e+03
3.242180298104933172e+03 9.846395121555824304e-01 3.347565397312442757e-03 6.619242014692998055e+03
3.242188677755582376e+03 9.854498972184941863e-01 3.349907244281996165e-03 6.624040811685537847e+03
3.242197057406232034e+03 9.851910228456781660e-01 3.348842697011909439e-03 6.621651849968608076e+03
3.242205437056881237e+03 9.885288265082810000e-01 3.355400770103308949e-03 6.643434801572236211e+03
3.242213816707530441e+03 9.927657551405105751e-01 3.363250542650112265e-03 6.671255358199809052e+03
3.242222196358179644e+03 9.953713584498440348e-01 3.365112692797503791e-03 6.688109116620486930e+03
3.242230576008828848e+03 9.980903863162529088e-01 3.367362251982085851e-03 6.705721491640344539e+03
3.242238955659478052e+03 9.995889680735654537e-01 3.378829861071547692e-03 6.715131459106865805e+03
3.242247335310127255e+03 9.991393773132671852e-01 3.390638811660141947e-03 6.711453121718171133e+03
3.242255714960776459e+03 9.981886811391333936e-01 3.398670581064664169e-03 6.704409664174388126e+03
3.242264094611425662e+03 9.998741411882382524e-01 3.408108763736629031e-03 6.715071665080584353e+03
3.242272474262074866e+03 1.002431614756799982e+00 3.411857605813082336e-03 6.731587241935382735e+03
3.242280853912724069e+03 1.002501460918759246e+00 3.411702544358072037e-03 6.731396027791943197e+03
3.242289233563373728e+03 9.997736865445422394e-01 3.399669057256582416e-03 6.712421662098393426e+03
3.242297613214022931e+03 9.977548392101664998e-01 3.386743544306609118e-03 6.698210116939958425e+03
3.242305992864672135e+03 9.976948927730185934e-01 3.382375949312696559e-03 6.697150596021811907e+03
3.242314372515321338e+03 9.987248615423565123e-01 3.381436857004042201e-03 6.703406627124510123e+03
3.242322752165970542e+03 1.001531237157225585e+00 3.386419793208035166e-03 6.721583312731881961e+03
3.242331131816619745e+03 1.003597357665864109e+00 3.389899243779746860e-03 6.734788710243092282e+03
3.242339511467268949e+03 1.001804981570982189e+00 3.383810239730802166e-03 6.722100914530442424e+03
3.242347891117918152e+03 9.993328038786700729e-01 3.376437018252402555e-03 6.704854465874468588e+03
3.242356270768567356e+03 9.987399342892862020e-01 3.369019790828975663e-03 6.700218935799641258e+03
3.242364650419216559e+03 9.986946273650602057e-01 3.362088363338789666e-03 6.699257244515250932e+03
3.242373030069866218e+03 9.977857949963296891e-01 3.361264487937060640e-03 6.692503641114790298e+03
3.242381409720515421e+03 9.961117092148329411e-01 3.361643450284826883e-03 6.680618912447473122e+03
3.242389789371164625e+03 9.956502752851663640e-01 3.358044587845697600e-03 6.676868478165803026e+03
3.242398169021813828e+03 9.972785719179567687e-01 3.354262770357209662e-03 6.687131087732617743e+03
3.242406548672463032e+03 1.000480816031877884e+00 3.360740425863844704e-03 6.707944430748877494e+03
3.242414928323112235e+03 1.001705793668838940e+00 3.367641772059159436e-03 6.715497838524640429e+03
3.242423307973761439e+03 9.997420954668279069e-01 3.362951379398522456e-03 6.701674652007761324e+03
3.383683251539327102e+03 1.000865371666007198e+00 2.397552136554167556e-03 5.421292708836210295e+03
3.383691900969162816e+03 1.001182842300861076e+00 2.400084465980938109e-03 5.422848256528353886e+03
3.383700550398998985e+03 1.001145757619941623e+00 2.400947397086627098e-03 5.422482542454129543e+03
3.383709199828834699e+03 1.000860139758345868e+00 2.401268755193950583e-03 5.420769969532611867e+03
3.383717849258670412e+03 1.001236242917504127e+00 2.401330879099288721e-03 5.422640548598406895e+03
3.383726498688506126e+03 1.001262771239604499e+00 2.401066795487193355e-03 5.422616994800690918e+03
3.383735148118341840e+03 9.998729943243011009e-01 2.399690989031017137e-03 5.414922487089787865e+03
3.383743797548177554e+03 9.991326843302861249e-01 2.399417865473296805e-03 5.410744810445336952e+03
3.383752446978013268e+03 1.000552906174435375e+00 2.402642821789320159e-03 5.418266466160299387e+03
3.383761096407848981e+03 1.002142338166611024e+00 2.405394928456630957e-03 5.426703142643907086e+03
3.383769745837685150e+03 1.002781033988761727e+00 2.406976502558470440e-03 5.429990317492102804e+03
3.383778395267520864e+03 1.003027759212953507e+00 2.408495392749752072e-03 5.431154057963407467e+03
3.383787044697356578e+03 1.002116374171438951e+00 2.405128749252509295e-03 5.426046235584146416e+03
3.383795694127192291e+03 1.000727465335589761e+00 2.400063957961473624e-03 5.418352428586811584e+03
3.383804343557028005e+03 1.000144555555128267e+00 2.393776587846292280e-03 5.415022188684421053e+03
3.383812992986863719e+03 1.000233100582280210e+00 2.388050173706423879e-03 5.415326665024549584e+03
3.383821642416699433e+03 1.001637442792529198e+00 2.391352015127868810e-03 5.422753903191638528e+03
3.383830291846535147e+03 1.002209614649261393e+00 2.395376737245455932e-03 5.425674727695653928e+03
3.383838941276371315e+03 1.000124715534748576e+00 2.389075149453888987e-03 5.414210413877994142e+03
3.383847590706207029e+03 9.985551206946575720e-01 2.381706696054721600e-03 5.405535580001363996e+03
3.383856240136042743e+03 9.991385357402764456e-01 2.380580285273626532e-03 5.408515147197375882e+03
3.383864889565878457e+03 9.998912973245868141e-01 2.380650552608121369e-03 5.412410391763936786e+03
3.383873538995714171e+03 9.989723813479033376e-01 2.377020139519657200e-03 5.407256091546112657e+03
3.383882188425549884e+03 9.974169061326759733e-01 2.372263890206393298e-03 5.398655873360014084e+03
3.383890837855385598e+03 9.962284778243487571e-01 2.367775203180203479e-03 5.392042060231251526e+03
3.383899487285221312e+03 9.955182582058259566e-01 2.363837388969479165e-03 5.388016092453197416e+03
3.383908136715057026e+03 9.929457728587469667e-01 2.356634345313977745e-03 5.373910853759819474e+03
3.383916786144893194e+03 9.896513770549288935e-01 2.348298969093254394e-03 5.355898869609141002e+03
3.383925435574728908e+03 9.876908786191600509e-01 2.345378008803221132e-03 5.345106002307295057e+03
3.383934085004564622e+03 9.859017320645174776e-01 2.344236357944808318e-03 5.335240361728649077e+03
3.383942734434400336e+03 9.811688760752658167e-01 2.336943363952589600e-03 5.309445179064606236e+03
3.383951383864236050e+03 9.752658073908440084e-01 2.326830537906478692e-03 5.277318787798105404e+03
3.383960033294071764e+03 9.694510131470225334e-01 2.318960386600224608e-03 5.245671497651058417e+03
3.383968682723907477e+03 9.665839291844653403e-01 2.316055033971159676e-03 5.229975056857831987e+03
3.383977332153743191e+03 9.718843178691648488e-01 2.328396692730398589e-03 5.258469806461285771e+03
3.383985981583579360e+03 9.773849167627304269e-01 2.340760265912563993e-03 5.288044992449405981e+03
3.383994631013415074e+03 9.837746568274804426e-01 2.351734135492296492e-03 5.322427748710046217e+03
3.384003280443250787e+03 9.902210432263991446e-01 2.362612682463490280e-03 5.357113737478070107e+03
3.384011929873086501e+03 9.943461971521535547e-01 2.371366821480497961e-03 5.379239002450032785e+03
3.384020579302922215e+03 9.972808838983275859e-01 2.378673748310830387e-03 5.394921901110898034e+03
3.384029228732757929e+03 9.978260901810277472e-01 2.379290891332905972e-03 5.397677132031507426e+03
3.384037878162593643e+03 9.977582199261014750e-01 2.378448125907443780e-03 5.397115086282537959e+03
3.384046527592429356e+03 9.974971971505340873e-01 2.379645787426657843e-03 5.395507511330572015e+03
3.384055177022265525e+03 9.978475378633925308e-01 2.382810944398992131e-03 5.397206026543648477e+03
3.384063826452101239e+03 9.985136115198370854e-01 2.381845340122549538e-03 5.400611307587932970e+03
3.384072475881936953e+03 9.991818502486221609e-01 2.378731144006495345e-03 5.404027248791493548e+03
3.384081125311772666e+03 9.997360421021570520e-01 2.381041144949275212e-03 5.406825343685804910e+03
3.384089774741608380e+03 1.000262160958208968e+00 2.385635533203975429e-03 5.409470610416762611e+03
3.384098424171444094e+03 9.998814121990877712e-01 2.384003821556262247e-03 5.407210673379646323e+03
3.384107073601279808e+03 9.994431241302038638e-01 2.380349464641535670e-03 5.404638950410070720e+03
3.384115723031115522e+03 1.000252779205090148e+00 2.382386338302290921e-03 5.408814805720821823e+03
3.384124372460951690e+03 1.000351207825694422e+00 2.385222175721773280e-03 5.409143770123595459e+03
3.384133021890787404e+03 9.985298624520861921e-01 2.381954385710993889e-03 5.399091611232965079e+03
3.384141671320623118e+03 9.978608248842303352e-01 2.379050937802840333e-03 5.395269750465222387e+03
3.384150320750458832e+03 1.000723735076208154e+00 2.384837184370535660e-03 5.410543315062619513e+03
3.384158970180294546e+03 1.002964852698152054e+00 2.390475623079286929e-03 5.422453238696704830e+03
3.384167619610130259e+03 1.004055285796099817e+00 2.395264624720851686e-03 5.428140596426012962e+03
3.384176269039965973e+03 1.004943594374885230e+00 2.400181329001120981e-03 5.432734024592578862e+03
3.384184918469801687e+03 1.000757985387439986e+00 2.393209870130386455e-03 5.409897707405743859e+03
3.384193567899637401e+03 9.973680525281932718e-01 2.386590610538650951e-03 5.391363452812751348e+03
3.384202217329473569e+03 1.001277474206509366e+00 2.396192499217608338e-03 5.412285624457393169e+03
3.384210866759309283e+03 1.004380885787199862e+00 2.405437824501407539e-03 5.428848739923207177e+03
3.384219516189144997e+03 1.001492420362173785e+00 2.400310594006228870e-03 5.413023912335094792e+03
3.384228165618980711e+03 9.986669865421934356e-01 2.394384598260479620e-03 5.397540192718608523e+03
3.384236815048816425e+03 1.000098835426410204e+00 2.400458170554500056e-03 5.405065509086090970e+03
3.384245464478652138e+03 1.001302489137371410e+00 2.407873018956602825e-03 5.411356187133254934e+03
