3.065531551768437566e+03 9.938890040215262456e-01 1.099733508019400466e-02 4.091268621178996909e+03
3.065539938068727679e+03 9.881324432631273247e-01 1.097548374224645990e-02 4.069698203822799769e+03
3.065548324369018246e+03 9.823878272893329378e-01 1.095373108957986216e-02 4.048127786465433019e+03
3.065556710669308359e+03 9.844918757083883643e-01 1.092778361698580787e-02 4.058867279639309800e+03
3.065565096969598926e+03 9.868208840039868202e-01 1.090165577113085156e-02 4.070519288148729174e+03
3.065573483269889039e+03 9.883201281972814334e-01 1.090872287942353490e-02 4.078732411824196788e+03
3.065581869570179606e+03 9.897624064379689779e-01 1.091821027271775747e-02 4.086692431887571729e+03
3.065590255870469719e+03 9.972860722786303089e-01 1.092885494467038705e-02 4.119756382458929693e+03
3.065598642170760286e+03 1.005624688392400712e+00 1.093984939703023657e-02 4.156194526158644294e+03
3.065607028471050398e+03 1.011003011399948193e+00 1.095759037106723566e-02 4.180400983581834225e+03
3.065615414771340966e+03 1.015608337743921119e+00 1.097633719746477290e-02 4.201406633460896046e+03
3.065623801071631078e+03 1.017105684664917131e+00 1.097777104981635492e-02 4.209542914378344904e+03
3.065632187371921646e+03 1.018016787142913770e+00 1.097553127556185303e-02 4.215233646717099873e+03
3.065640573672211758e+03 1.011806409524680594e+00 1.092136669163215439e-02 4.191403416630899301e+03
3.065648959972502325e+03 1.004155847166256832e+00 1.085825958498808259e-02 4.161558201419273246e+03
3.065657346272792438e+03 9.976976574984810497e-01 1.083953472557096578e-02 4.136605713058756010e+03
3.065665732573083005e+03 9.914501264568401639e-01 1.083008016486451154e-02 4.112480945258433167e+03
3.065674118873373118e+03 9.908651661681535661e-01 1.082380594630591962e-02 4.111809494660888049e+03
3.065682505173663685e+03 9.925419481017635492e-01 1.082133960627951370e-02 4.120503214797558030e+03
3.065690891473953798e+03 9.891657635056093634e-01 1.082271402085630170e-02 4.108194619904506908e+03
3.065699277774244365e+03 9.830647846075190044e-01 1.082179946394334555e-02 4.084531225943717345e+03
3.065707664074534478e+03 9.780906119449200853e-01 1.078669418574105567e-02 4.065509129724362083e+03
3.065716050374825045e+03 9.742155821535680715e-01 1.074314735365655867e-02 4.051019459652984551e+03
3.065724436675115157e+03 9.806052565077224559e-01 1.076729038222255103e-02 4.079195680995460862e+03
3.065732822975405725e+03 9.918267304332873957e-01 1.081831999246744315e-02 4.127478982376407657e+03
3.065741209275695837e+03 9.949173986928190327e-01 1.081151407988534437e-02 4.141927763428710023e+03
3.065749595575986405e+03 9.943717647211344213e-01 1.078370497802278415e-02 4.141221145646262812e+03
3.065757981876276517e+03 9.957973975121343635e-01 1.080103728161224512e-02 4.148704471655008092e+03
3.065766368176567084e+03 9.970659372859087544e-01 1.083732204726352462e-02 4.155516519644718755e+03
3.065774754476857197e+03 9.983106313360865514e-01 1.084270633231536850e-02 4.162212177548174623e+03
3.065783140777147764e+03 1.000700040871847829e+00 1.083195403745131936e-02 4.173665178634906624e+03
3.065791527077437877e+03 9.956506228911431444e-01 1.082148088387918650e-02 4.154068254334166340e+03
3.065799913377728444e+03 9.839074017607839506e-01 1.080752345224016663e-02 4.106498553597054524e+03
3.065808299678018557e+03 9.704399870578930276e-01 1.072646548639437369e-02 4.051676422822462882e+03
3.065816685978309124e+03 9.592160829287375012e-01 1.060759665138132427e-02 4.006166553011598808e+03
3.065825072278599237e+03 9.662073557806001300e-01 1.059868019611324812e-02 4.036707092214460317e+03
3.065833458578889804e+03 9.881014208572597157e-01 1.067739866191579588e-02 4.129530328566977914e+03
3.065841844879179916e+03 9.994307203168990572e-01 1.073462826359583393e-02 4.178226459959362728e+03
3.065850231179470484e+03 9.978456469175023269e-01 1.076048822484837464e-02 4.172926307791623913e+03
3.065858617479760596e+03 9.941570342680433603e-01 1.075005030950416766e-02 4.158802981700422606e+03
3.065867003780050709e+03 9.895250543413793842e-01 1.070719270543943509e-02 4.140703358273302911e+03
3.065875390080341276e+03 9.886803953865124228e-01 1.069859061094843855e-02 4.138425949300082721e+03
3.065883776380631389e+03 9.911027752328678275e-01 1.072357944344992133e-02 4.149806943877287267e+03
3.065892162680921956e+03 9.931616671015611741e-01 1.073260765285351595e-02 4.159652914813797906e+03
3.065900548981212069e+03 9.964813754780540433e-01 1.072935629045962402e-02 4.174767585916667485e+03
3.065908935281502636e+03 9.962973313852300228e-01 1.072171270697597906e-02 4.175188610262057409e+03
3.065917321581792748e+03 9.901105610842095839e-01 1.070607266529319777e-02 4.150428161320504842e+03
3.065925707882083316e+03 9.862238523261475098e-01 1.069630221955881685e-02 4.135279458603808962e+03
3.065934094182373428e+03 9.877308810188639709e-01 1.069725562205853242e-02 4.142726313895869680e+03
3.065942480482663996e+03 9.909126599829929383e-01 1.069198544791057949e-02 4.157184967838235025e+03
3.065950866782954108e+03 9.951730339603075404e-01 1.067512297966883260e-02 4.176159328377447309e+03
3.065959253083244676e+03 9.964787268535658660e-01 1.066156078606057822e-02 4.182723203888946955e+03
3.065967639383534788e+03 9.930471247988327255e-01 1.065225940107069995e-02 4.169382586671816171e+03
3.065976025683825355e+03 9.925380607660519994e-01 1.064858224454163019e-02 4.168291033852960027e+03
3.065984411984115468e+03 9.972726424204371165e-01 1.065659407802407865e-02 4.189208152638234424e+03
3.065992798284406035e+03 9.997701973747634696e-01 1.065675064399716071e-02 4.200718728847299644e+03
3.066001184584696148e+03 9.972760063242879225e-01 1.063626072361629170e-02 4.191238718922167209e+03
3.066009570884986715e+03 9.956766844148171591e-01 1.061658866023777736e-02 4.185498785485264307e+03
3.066017957185276828e+03 1.000256161588815473e+00 1.061977554263048712e-02 4.205718835128599494e+03
3.066026343485567395e+03 1.001427541312551295e+00 1.062299500438396681e-02 4.211598155261203829e+03
3.066034729785857508e+03 9.904054997563368490e-01 1.060626540775872970e-02 4.166171358674588191e+03
3.066043116086148075e+03 9.816363259534583996e-01 1.058526061255308896e-02 4.130186928926499604e+03
3.066051502386438187e+03 9.791301702440627919e-01 1.056339066958443887e-02 4.120527793154940809e+03
3.066059888686728755e+03 9.788868072074051740e-01 1.056071321753179401e-02 4.120373283171573348e+03
3.066068274987018867e+03 9.903314428343155118e-01 1.061583575000055527e-02 4.169410802362621325e+03
3.066076661287309435e+03 1.002111817405409555e+00 1.066021441191365542e-02 4.219866494537756807e+03
3.066085047587599547e+03 1.011683513361524067e+00 1.066526021565573044e-02 4.261024206078633142e+03
3.066093433887890114e+03 1.016303494281478814e+00 1.066283519334768580e-02 4.281322637913141079e+03
3.066101820188180227e+03 1.002434391800770985e+00 1.063338279984152313e-02 4.223710383898400323e+03
3.066110206488470794e+03 9.933522905244697165e-01 1.060792250746025490e-02 4.186234443363873652e+03
3.066118592788760907e+03 1.001863928908516721e+00 1.059980480394257137e-02 4.222887607913877218e+03
3.066126979089051474e+03 1.006418212131839907e+00 1.058809634835864572e-02 4.242855840368906684e+03
3.066135365389341587e+03 9.945453166784101739e-01 1.055115620978985119e-02 4.193550347020104709e+03
3.066143751689632154e+03 9.864609701726739788e-01 1.053168724218424973e-02 4.160190262555380286e+03
3.066152137989922267e+03 9.932931736075913953e-01 1.058630050812824942e-02 4.189722510026830605e+03
3.066160524290212834e+03 9.995518968306730256e-01 1.063194869006887401e-02 4.216831209401025262e+03
3.066168910590502946e+03 1.012953459440826043e+00 1.066973042657262671e-02 4.274073396921455242e+03
3.066177296890793514e+03 1.022730141707862916e+00 1.069766398586725897e-02 4.316022727259292878e+03
3.066185683191083626e+03 1.005881164836990305e+00 1.064743194968975973e-02 4.245590591617848077e+03
3.066194069491373739e+03 9.920725221325344956e-01 1.060324051852040879e-02 4.187957128406951597e+03
3.066202455791664306e+03 9.966412785949609887e-01 1.059726146596244936e-02 4.207883081357767878e+03
3.066210842091954419e+03 9.982327848089046496e-01 1.058561163653202498e-02 4.215229674486779913e+03
3.066219228392244986e+03 9.893482211915763935e-01 1.056290920516484398e-02 4.178321561415061296e+03
3.066227614692535099e+03 9.845418076893854842e-01 1.054995904981279910e-02 4.158615607872168766e+03
3.066236000992825666e+03 1.001558616022389714e+00 1.058232464635903633e-02 4.231083555495914879e+03
3.066244387293115778e+03 1.015899398722287739e+00 1.060863709696552130e-02 4.292252320078699995e+03
3.066252773593406346e+03 1.004404168441478173e+00 1.056866758498632708e-02 4.244251095360154068e+03
3.066261159893696458e+03 9.931879233272016272e-01 1.052792789643126892e-02 4.197403718663135805e+03
3.066269546193987026e+03 9.945039739501955189e-01 1.051716097791271891e-02 4.203502682772047592e+03
3.066277932494277138e+03 9.963436484359480261e-01 1.050747277657069004e-02 4.211804603348177807e+03
3.066286318794567705e+03 1.001465597522792628e+00 1.050662184481138649e-02 4.233973351933412232e+03
3.066294705094857818e+03 1.005739529779816399e+00 1.050113919794821125e-02 4.252549943210187848e+03
3.066303091395148385e+03 9.951170248591703071e-01 1.042661082285774136e-02 4.208125491370646159e+03
3.066311477695438498e+03 9.844101794139010764e-01 1.035508327126868217e-02 4.163322629505791156e+03
3.066319863995729065e+03 9.866481916082109338e-01 1.035878883680541387e-02 4.173251687249130555e+03
3.066328250296019178e+03 9.900125455739671176e-01 1.036472808495300831e-02 4.187936485896722843e+03
3.066336636596309745e+03 9.813591985158708342e-01 1.032935770217077547e-02 4.151770985449013097e+03
3.066345022896599858e+03 9.732723570551861103e-01 1.030019401637947800e-02 4.117984124642915958e+03
3.066353409196890425e+03 9.922161394755734110e-01 1.037174298203414821e-02 4.198559896826372096e+03
3.066361795497180537e+03 1.010079446230980782e+00 1.043600364220297581e-02 4.274568705708759808e+03
3.066370181797471105e+03 9.986282399261168230e-01 1.038333079197564096e-02 4.226513335652171918e+03
3.066378568097761217e+03 9.869298174410769953e-01 1.033180885318494072e-02 4.177392176236867272e+03
3.066386954398051785e+03 9.886250299263203978e-01 1.033900467064651461e-02 4.184948523393421056e+03
3.066395340698341897e+03 9.907201373481828721e-01 1.034506107765020833e-02 4.194189281189025678e+03
3.066403726998632465e+03 9.991525759486932223e-01 1.034552310681910621e-02 4.230253145622019474e+03
3.066412113298922577e+03 1.008335487228680494e+00 1.035123396715347324e-02 4.269491111345299942e+03
3.066420499599213144e+03 1.008871847756234619e+00 1.037579211648210868e-02 4.272111760194421549e+03
3.066428885899503257e+03 1.008032881590939844e+00 1.039544029459989367e-02 4.268899002957636185e+03
3.066437272199793824e+03 9.972815953254199339e-01 1.034401822210244924e-02 4.223695672267885129e+03
3.066445658500083937e+03 9.867567132277389463e-01 1.029275521605940887e-02 4.179435302907574624e+03
3.066454044800374504e+03 9.868062413994298510e-01 1.030662777827098461e-02 4.179951015457355425e+03
3.066462431100664617e+03 9.869216390597009836e-01 1.032133153028046840e-02 4.180737152786092338e+03
3.066470817400955184e+03 9.851123089996134397e-01 1.030523489111489534e-02 4.173360888651466666e+03
3.066479203701245297e+03 9.836259544717530501e-01 1.029044980975024788e-02 4.167343604968156797e+03
3.066487590001535864e+03 9.907250191311539611e-01 1.031682891922468953e-02 4.197693665297549160e+03
3.066495976301825976e+03 9.984383169665285163e-01 1.034246428852681095e-02 4.230642164783253975e+03
3.066504362602116089e+03 9.840945343185674155e-01 1.027772364898463242e-02 4.170119431258002805e+03
3.066512748902406656e+03 9.682242378065474275e-01 1.021107459320576803e-02 4.103112603432643482e+03
3.066521135202696769e+03 9.825126912586442662e-01 1.026879205384958506e-02 4.163903671272295469e+03
3.066529521502987336e+03 9.991090822009117689e-01 1.033077217277450673e-02 4.234475791173562357e+03
3.066537907803277449e+03 9.899131742444368109e-01 1.030314000591128938e-02 4.195728060356113019e+03
3.066546294103568016e+03 9.779149331858243421e-01 1.026778971882321909e-02 4.145090725175308762e+03
3.066554680403858129e+03 9.938031765693616792e-01 1.030556890705579438e-02 4.212649690819260286e+03
3.066563066704148696e+03 1.012753996573886317e+00 1.035377708364990795e-02 4.293191082079845728e+03
3.066571453004438808e+03 1.009581655353450014e+00 1.030309426003873582e-02 4.279946005109140060e+03
3.066579839304729376e+03 1.004006110763679072e+00 1.024243261736600998e-02 4.256504499485025008e+03
3.066588225605019488e+03 9.985433178762883610e-01 1.022769555943058017e-02 4.233532339260765184e+03
3.066596611905310056e+03 9.942097150245469139e-01 1.021953139147660679e-02 4.215339428338139442e+03
3.066604998205600168e+03 9.899885214379974263e-01 1.025403410952518274e-02 4.197615394496578119e+03
3.066613384505890735e+03 9.832130296245003009e-01 1.028730739693733617e-02 4.169053058633436194e+03
3.066621770806180848e+03 9.954522808874105566e-01 1.033645253772561175e-02 4.221112687632451525e+03
3.066630157106471415e+03 1.012504481475288154e+00 1.039740646848276440e-02 4.293580043469533848e+03
3.066638543406761528e+03 1.013603068586768741e+00 1.035902524447806020e-02 4.298392371544714479e+03
3.066646929707052095e+03 1.011718892071952425e+00 1.029928137668198983e-02 4.290549996508649201e+03
3.066655316007342208e+03 1.005394797585803079e+00 1.025006475362643006e-02 4.263872009718831578e+03
3.066663702307632775e+03 9.982895383058857375e-01 1.020696103941944044e-02 4.233874026133274128e+03
3.066672088607922888e+03 1.000745647904306201e+00 1.025474038659564963e-02 4.244421348028883585e+03
3.066680474908213455e+03 1.003894738780805929e+00 1.031013745711298508e-02 4.257903591000229426e+03
3.066688861208503567e+03 9.996195174596498312e-01 1.026664538166591201e-02 4.239891575032559558e+03
3.066697247508794135e+03 9.960488682323530574e-01 1.021643566067056627e-02 4.224862466638181104e+03
3.066705633809084247e+03 9.965697543890675858e-01 1.019389290309989822e-02 4.227183303604480898e+03
3.066714020109374815e+03 9.959359850768711997e-01 1.016989320265920468e-02 4.224602092252664079e+03
3.066722406409664927e+03 1.000932630350563235e+00 1.020746273042591294e-02 4.245900505055114991e+03
3.066730792709955495e+03 1.007391738377719115e+00 1.025520463372051050e-02 4.273399741231931330e+03
3.066739179010245607e+03 1.007802767986052173e+00 1.022360879362626575e-02 4.275239548501347599e+03
3.066747565310536174e+03 1.008344232471709345e+00 1.018314353361172639e-02 4.277629018209435344e+03
3.066755951610826287e+03 1.011692069900183455e+00 1.019636438706746778e-02 4.291920512529416555e+03
3.066764337911116854e+03 1.014605104796733936e+00 1.021476175740571382e-02 4.304364513490687386e+03
3.066772724211406967e+03 1.011637628628257790e+00 1.021385804244732791e-02 4.291857693194460808e+03
3.066781110511697534e+03 1.006799978235629611e+00 1.020751914383938655e-02 4.271412901052539382e+03
3.066789496811987647e+03 1.005604427052573246e+00 1.018284544702580119e-02 4.266416476791448076e+03
3.066797883112278214e+03 1.006583546968597087e+00 1.016086899615012244e-02 4.270643529643193688e+03
3.066806269412568327e+03 9.909282100113452341e-01 1.013799633754735620e-02 4.204291657872112410e+03
3.066814655712858894e+03 9.706575903956551343e-01 1.010998958333715440e-02 4.118353180513754523e+03
3.066823042013149006e+03 9.929520482124731817e-01 1.021100281409977051e-02 4.213009646518209593e+03
3.066831428313439119e+03 1.024572029856801736e+00 1.033283808531726237e-02 4.347234708176987624e+03
3.066839814613729686e+03 1.009502010790534587e+00 1.023651923953530773e-02 4.283354134754462393e+03
3.066848200914019799e+03 9.848463794639555902e-01 1.010741612164840070e-02 4.178797134975823610e+03
3.066856587214310366e+03 9.863637665103415220e-01 1.010745941765685794e-02 4.185291620584044722e+03
3.066864973514600479e+03 9.920751456574291582e-01 1.012279200396735274e-02 4.209580629168031010e+03
3.066873359814891046e+03 1.005089931805116743e+00 1.019621547152643054e-02 4.264859034638459889e+03
3.066881746115181159e+03 1.019570457657246854e+00 1.027883066569247085e-02 4.326357054429282471e+03
3.066890132415471726e+03 1.013495887675582408e+00 1.025781549378238476e-02 4.300632579121596791e+03
3.066898518715761838e+03 1.002938202994847705e+00 1.022028613252287318e-02 4.255882704078091592e+03
3.066906905016052406e+03 1.004579310641479761e+00 1.022436843089973013e-02 4.262896005068893828e+03
3.066915291316342518e+03 1.010887703508431379e+00 1.023787662663844071e-02 4.289714385117090387e+03
3.066923677616633086e+03 1.009983184189966243e+00 1.022542529625203138e-02 4.285924327498938510e+03
3.066932063916923198e+03 1.006762737000104879e+00 1.020894355716190846e-02 4.272305826759929914e+03
3.066940450217213765e+03 1.011444119435527256e+00 1.022218778418759570e-02 4.292219338753581724e+03
3.066948836517503878e+03 1.015409046303419771e+00 1.023392220839627539e-02 4.309092697232188584e+03
3.066957222817794445e+03 1.026301840506533614e+00 1.029627630516836978e-02 4.355366531413650591e+03
3.066965609118084558e+03 1.043030052768809446e+00 1.037996989568704814e-02 4.426405837767110825e+03
3.066973995418375125e+03 1.031702479079095847e+00 1.036503698498054786e-02 4.378382675712864511e+03
3.066982381718665238e+03 1.011906288494322625e+00 1.032347912373743348e-02 4.294418997765027598e+03
3.066990768018955805e+03 1.007305773382334069e+00 1.028490256643294597e-02 4.274943509039242599e+03
3.066999154319245918e+03 1.007084518053200872e+00 1.025268773893306742e-02 4.274053821459479877e+03
3.067007540619536485e+03 1.001023087975399628e+00 1.020779620670438440e-02 4.248379068723756063e+03
3.067015926919826597e+03 9.955945108682101585e-01 1.016513088633403360e-02 4.225390606997966643e+03
3.067024313220117165e+03 9.907547678608084052e-01 1.016441359843188452e-02 4.204901840678194276e+03
3.067032699520407277e+03 9.829076666909013493e-01 1.016122522165470617e-02 4.171650055938709556e+03
3.067041085820697845e+03 9.837585866439850779e-01 1.014451226322684967e-02 4.175315417359970525e+03
3.067049472120987957e+03 9.898454303383333874e-01 1.013829275300471948e-02 4.201205310073062719e+03
3.067057858421278524e+03 9.920769575067945878e-01 1.013113698011525003e-02 4.210734277778065916e+03
3.067066244721568637e+03 9.883836805771700762e-01 1.010516826162954039e-02 4.195118026503377223e+03
3.067074631021859204e+03 9.859094874291911559e-01 1.011791406331718005e-02 4.184677735437822776e+03
3.067083017322149317e+03 9.856220485920698104e-01 1.014223408422906120e-02 4.183521087219381116e+03
3.067091403622439884e+03 9.823518194441090978e-01 1.009713032763012372e-02 4.169705917932023112e+03
3.067099789922729997e+03 9.807744498681485457e-01 1.005503928178839122e-02 4.163078412619155642e+03
3.067108176223020564e+03 9.940037622335778922e-01 1.012060849570912621e-02 4.219304040041391090e+03
3.067116562523310677e+03 1.006297245772548754e+00 1.018692870912065764e-02 4.271561944803457664e+03
3.067124948823601244e+03 1.010398787065485138e+00 1.020823685961441511e-02 4.289050631940803214e+03
3.067133335123891356e+03 1.016893837676864809e+00 1.023612858901823755e-02 4.316703510376376471e+03
3.067141721424181924e+03 1.003108414136876902e+00 1.019474551514321092e-02 4.258268651337678421e+03
3.067150107724472036e+03 9.846103233329301929e-01 1.013755691543850347e-02 4.179828800505602885e+03
3.072154226644206574e+03 9.998818319321209902e-01 8.319269779449125699e-03 5.225882727705266007e+03
3.072162052708129977e+03 9.966438875086234273e-01 8.275670459693755879e-03 5.210249241908632030e+03
3.072169878772053380e+03 9.934075455891971940e-01 8.232126141672990380e-03 5.194615756111997143e+03
3.072177704835976783e+03 9.869890888093366677e-01 8.209088100082558362e-03 5.162330217722315865e+03
3.072185530899900641e+03 9.784685235372461154e-01 8.196905139256294853e-03 5.119030517659045472e+03
3.072193356963824044e+03 9.738669152982026844e-01 8.199722000750865950e-03 5.096216552198578938e+03
3.072201183027747447e+03 9.807786608515322024e-01 8.232218330137552192e-03 5.133654613361633892e+03
3.072209009091670850e+03 9.909046243989292346e-01 8.267854646843108418e-03 5.187938787000643060e+03
3.072216835155594254e+03 9.918969534532269261e-01 8.275674794473853249e-03 5.194417672872928961e+03
3.072224661219517657e+03 9.939085557153035655e-01 8.296815033431487532e-03 5.206238228824479847e+03
3.072232487283441060e+03 9.995603019574705872e-01 8.320194491490736505e-03 5.237136306961059745e+03
3.072240313347364918e+03 9.944493501566185056e-01 8.282911409270104358e-03 5.211644573392481107e+03
3.072248139411288321e+03 9.824919402977236871e-01 8.228950472885120451e-03 5.150250287910958832e+03
3.072255965475211724e+03 9.808924234066495051e-01 8.222200145879883515e-03 5.143134825355418798e+03
3.072263791539135127e+03 9.912089551235012674e-01 8.258685229123825799e-03 5.198510322239292691e+03
3.072271617603058530e+03 1.003883908694430005e+00 8.303081139144387335e-03 5.266284586455236422e+03
3.072279443666981933e+03 1.010505845427513316e+00 8.331162500534689680e-03 5.302330239091503245e+03
3.072287269730905336e+03 1.008970143073772086e+00 8.335778224053959698e-03 5.295577677344535914e+03
3.072295095794829194e+03 1.008887003536704796e+00 8.337288087970861489e-03 5.296446793750765210e+03
3.072302921858752597e+03 1.010707402247160713e+00 8.332684471342178753e-03 5.307311337751254541e+03
3.072310747922676001e+03 1.006559142394768180e+00 8.298683546390749760e-03 5.286830931039859934e+03
3.072318573986599404e+03 1.003097413788443193e+00 8.282652978197600768e-03 5.269946600062479774e+03
3.072326400050522807e+03 9.998235911882051852e-01 8.287171183133006450e-03 5.254040750314096840e+03
3.072334226114446210e+03 9.994426009970724945e-01 8.301844960456775807e-03 5.253331912413379541e+03
3.072342052178369613e+03 1.009363339396644133e+00 8.342580019599924596e-03 5.306784000628063040e+03
3.072349878242293471e+03 1.012294901550546244e+00 8.356440146177422298e-03 5.323506735829932040e+03
3.072357704306216874e+03 1.006566846755170275e+00 8.346300705304236095e-03 5.294686228475579810e+03
3.072365530370140277e+03 1.004668016494590033e+00 8.331441221390838148e-03 5.285998123328019574e+03
3.072373356434063680e+03 1.005493684461749249e+00 8.303974947815524407e-03 5.291643407076613585e+03
3.072381182497987083e+03 1.006142424149969905e+00 8.298144075784278512e-03 5.296359472623098554e+03
3.072389008561910487e+03 1.000768079472361682e+00 8.297711641598941659e-03 5.269363753096397886e+03
3.072396834625833890e+03 9.956071077772289390e-01 8.292570986092638943e-03 5.243477878078757385e+03
3.072404660689757748e+03 9.951772061302637251e-01 8.291130897585353987e-03 5.242501486205589572e+03
3.072412486753681151e+03 9.945198214408544901e-01 8.286179979675735788e-03 5.240325327781939450e+03
3.072420312817604554e+03 9.951708706300509411e-01 8.290470317223566296e-03 5.245043562906728766e+03
3.072428138881527957e+03 9.968578862624017933e-01 8.301841295972018503e-03 5.255224879870844234e+03
3.072435964945451360e+03 1.005983734919297490e+00 8.332534864253397094e-03 5.304636149804844536e+03
3.072443791009374763e+03 1.017520876258449114e+00 8.372224528593768741e-03 5.366789104576699174e+03
3.072451617073298166e+03 1.015388708577963595e+00 8.378207468354962814e-03 5.356857134701632276e+03
3.072459443137222024e+03 1.004618679091506817e+00 8.344368392613340721e-03 5.301337949523102907e+03
3.072467269201145427e+03 9.964135869257437772e-01 8.305402129970529054e-03 5.259329296360947410e+03
3.072475095265068830e+03 9.967310212012021609e-01 8.300466872764726209e-03 5.262294541342433149e+03
3.072482921328992234e+03 1.001297771712370333e+00 8.308667218339468516e-03 5.287700597843378091e+03
3.072490747392915637e+03 1.003499567873124887e+00 8.316834881799265930e-03 5.300626449961325307e+03
3.072498573456839040e+03 1.003449274463433794e+00 8.340140491208092657e-03 5.301659230876914080e+03
3.072506399520762443e+03 1.004464641112550849e+00 8.365639611186127117e-03 5.308323606452195236e+03
3.072514225584686301e+03 1.006899641128894185e+00 8.379634345864075615e-03 5.322494824605135364e+03
3.072522051648609704e+03 1.003972610120031916e+00 8.364418573183669131e-03 5.308321585888952541e+03
3.072529877712533107e+03 9.949985405050727483e-01 8.317228507723784317e-03 5.262160336605579687e+03
3.072537703776456510e+03 9.910872148764721112e-01 8.301959558092146529e-03 5.242757298046581127e+03
3.072545529840379913e+03 9.962117907272218797e-01 8.338212516887303152e-03 5.271154890589233219e+03
3.072553355904303316e+03 1.000454355874301315e+00 8.364253553770618216e-03 5.294897709767697961e+03
3.072561181968226720e+03 9.922679116250209264e-01 8.343434425743475463e-03 5.252854980011463340e+03
3.072569008032150577e+03 9.843089049312917505e-01 8.324046438135812229e-03 5.211995364429852998e+03
3.072576834096073981e+03 9.947870382666320621e-01 8.354943198882152158e-03 5.268765158092667662e+03
3.072584660159997384e+03 1.007794825839631203e+00 8.400119653989393184e-03 5.338963339296005870e+03
3.072592486223920787e+03 1.002803678515394648e+00 8.403181539537573491e-03 5.313819495602527240e+03
3.072600312287844190e+03 9.912136069561426899e-01 8.370492907421608550e-03 5.253686741485630591e+03
3.072608138351767593e+03 9.893652259742395927e-01 8.345095691026423873e-03 5.245170060875153467e+03
3.072615964415690996e+03 9.935960843345997828e-01 8.343449190731358836e-03 5.268885859669860110e+03
3.072623790479614854e+03 9.962340911133518162e-01 8.340979282108201484e-03 5.284163901825533685e+03
3.072631616543538257e+03 9.984398877144449180e-01 8.338990180853709730e-03 5.297155708963999132e+03
3.072639442607461660e+03 1.004946597970506783e+00 8.375770100918580180e-03 5.332976998152743363e+03
3.072647268671385063e+03 1.011478715015160512e+00 8.417389140402936620e-03 5.368949986136752159e+03
3.072655094735308467e+03 1.007374863866948633e+00 8.389410183795097120e-03 5.348470176595395969e+03
3.072662920799231870e+03 9.977384806006617257e-01 8.329238982132723332e-03 5.298598633418894678e+03
3.072670746863155273e+03 9.911583245859850733e-01 8.297345142898104181e-03 5.264936533417747341e+03
3.072678572927079131e+03 9.908197362995991853e-01 8.304870343875713282e-03 5.264420080909409080e+03
3.072686398991002534e+03 1.004309409014176868e+00 8.372046230588578788e-03 5.337392915277479005e+03
3.072694225054925937e+03 1.017554880460189271e+00 8.422962526360509850e-03 5.409102538894615464e+03
3.072702051118849340e+03 1.009430622985927339e+00 8.382429033723159950e-03 5.367221913842199683e+03
3.072709877182772743e+03 9.950484625668200023e-01 8.328916590486618379e-03 5.292038404538089708e+03
3.072717703246696146e+03 9.953787340398668748e-01 8.328014378498416539e-03 5.295082906001323863e+03
3.072725529310619550e+03 1.001558917105030977e+00 8.340135635432786507e-03 5.329255410549829321e+03
3.072733355374543407e+03 1.001450920306199865e+00 8.329710617892886748e-03 5.329976615841514104e+03
3.072741181438466811e+03 1.001501226662160349e+00 8.323509828759897283e-03 5.331540276153004015e+03
3.072749007502390214e+03 1.004771835525320123e+00 8.357047237027426592e-03 5.350251669979046710e+03
3.072756833566313617e+03 1.005821070685226415e+00 8.388159429790873964e-03 5.357140188696681435e+03
3.072764659630237020e+03 1.007658424383871099e+00 8.399530132708948535e-03 5.368230069401725814e+03
3.072772485694160423e+03 1.011938735469454897e+00 8.419594986611088697e-03 5.392342551528652621e+03
3.072780311758083826e+03 1.014424187012657574e+00 8.428499715240532486e-03 5.406899476683036482e+03
3.072788137822007684e+03 1.015409370422113655e+00 8.424089693400338072e-03 5.413464436148969980e+03
3.072795963885931087e+03 1.013442465812141924e+00 8.432057185477126460e-03 5.404289622210915695e+03
3.072803789949854490e+03 1.006089785093269295e+00 8.437599931677315646e-03 5.366382525653878474e+03
3.072811616013777893e+03 9.995305933271557697e-01 8.421905894930047098e-03 5.332689818387481864e+03
3.072819442077701297e+03 9.954378208591146970e-01 8.392765016619110549e-03 5.312142153670009066e+03
3.072827268141624700e+03 9.930175385999993054e-01 8.362456545949756639e-03 5.300511285437734841e+03
3.072835094205548103e+03 9.988076299734671704e-01 8.372245106579585816e-03 5.332709963417764811e+03
3.072842920269471961e+03 1.005335434411124718e+00 8.414838702441357690e-03 5.368863286644150321e+03
3.072850746333395364e+03 1.006781406533106216e+00 8.442102368765738371e-03 5.377888062421632640e+03
3.072858572397318767e+03 1.008843541126017929e+00 8.457897774088481493e-03 5.390208710530165263e+03
3.072866398461242170e+03 1.007604129868971743e+00 8.458785556425091681e-03 5.384890402273802465e+03
3.072874224525165573e+03 1.001014013490388876e+00 8.438208939862947011e-03 5.350966446175836609e+03
3.072882050589088976e+03 9.953531720282389195e-01 8.422644825005758118e-03 5.321994119453929670e+03
3.072889876653012379e+03 9.929009017499004219e-01 8.426834051329518127e-03 5.310167011208061012e+03
3.072897702716936237e+03 9.933667250645228375e-01 8.441185025821248272e-03 5.313943687933628098e+03
3.072905528780859640e+03 9.979269702535052966e-01 8.457116896860100708e-03 5.339629682930316449e+03
3.072913354844783044e+03 1.005058393268791095e+00 8.478881395806886143e-03 5.379088464122547521e+03
3.072921180908706447e+03 1.005466697816274735e+00 8.475851375680928598e-03 5.382574764841032447e+03
3.072929006972629850e+03 9.978888810344606064e-01 8.441774005628182795e-03 5.343299606516520726e+03
3.072936833036553253e+03 1.000451139364957998e+00 8.447845685741734931e-03 5.358314043039240460e+03
3.072944659100476656e+03 1.009948761376419979e+00 8.476016082349603978e-03 5.410489183728954231e+03
3.072952485164400514e+03 1.004071990076655485e+00 8.455159376620148548e-03 5.380305436526263293e+03
3.072960311228323917e+03 9.902854860045916530e-01 8.419901631927123944e-03 5.307712055311645599e+03
3.072968137292247320e+03 9.876977771069139767e-01 8.419189084960440259e-03 5.295120561438108780e+03
3.072975963356170723e+03 9.971733343816772122e-01 8.453295120549344371e-03 5.347210039095457432e+03
3.072983789420094126e+03 1.004880648319093739e+00 8.483547688598170808e-03 5.389839780064481602e+03
3.072991615484017530e+03 1.003858519832955931e+00 8.483551149357127993e-03 5.385656396080454215e+03
3.072999441547941387e+03 9.969758446679209962e-01 8.465514498475648283e-03 5.350021210708264334e+03
3.073007267611864791e+03 9.920166968905919092e-01 8.446532571840310866e-03 5.324692830360818334e+03
3.073015093675788194e+03 9.918796702070190596e-01 8.438059614413890783e-03 5.325240800703829336e+03
3.073022919739711597e+03 9.905565946262679944e-01 8.439842617813175102e-03 5.319419177877651236e+03
3.073030745803635000e+03 9.886382873731125454e-01 8.437874111667640134e-03 5.310396888426917940e+03
3.073038571867558403e+03 9.904546146340910129e-01 8.444509376304136505e-03 5.321434778008635476e+03
3.073046397931481806e+03 9.934632507819678437e-01 8.466829541092048272e-03 5.338884852123955170e+03
3.073054223995405664e+03 9.935374235397961273e-01 8.463460101434972307e-03 5.340569069646986463e+03
3.073062050059329067e+03 9.869360052424928087e-01 8.401701708917639136e-03 5.306361487050713549e+03
3.073069876123252470e+03 9.821262139394225654e-01 8.358286236400230482e-03 5.281772002808150319e+03
3.073077702187175873e+03 9.843088977078296997e-01 8.363707661495162204e-03 5.294783918353925401e+03
3.073085528251099277e+03 9.815296060641696130e-01 8.345177706001611836e-03 5.281103656720155413e+03
3.073093354315022680e+03 9.775495281584677398e-01 8.324127837632698187e-03 5.260953838201055987e+03
3.073101180378946083e+03 9.818057984039615382e-01 8.333241430828801366e-03 5.285130568396880335e+03
3.073109006442869941e+03 9.876567798502073892e-01 8.351813822650365829e-03 5.317904821139040905e+03
3.073116832506793344e+03 9.850046345189278352e-01 8.351610779365128620e-03 5.304899272956204186e+03
3.073124658570716747e+03 9.813278542803819393e-01 8.336319824933186018e-03 5.286367200888825209e+03
3.073132484634640150e+03 9.846371639896134287e-01 8.337979260991312466e-03 5.305468392752920408e+03
3.073140310698563553e+03 9.901244466687735279e-01 8.362973837308702516e-03 5.336316423831785869e+03
3.073148136762486956e+03 1.002085710424216014e+00 8.404122453760317496e-03 5.402078820136179274e+03
3.073155962826410359e+03 1.005067176972509468e+00 8.396327121489756060e-03 5.419451945985309067e+03
3.073163788890334217e+03 9.915541275978454472e-01 8.345016470605967629e-03 5.347870885369562529e+03
3.073171614954257620e+03 9.861120900552634572e-01 8.330843749630627640e-03 5.319795678591765864e+03
3.073179441018181024e+03 9.872715473256420404e-01 8.325604906038853656e-03 5.327328126707430783e+03
3.073187267082104427e+03 9.868917855917068715e-01 8.317476152967876943e-03 5.326555941054710274e+03
3.073195093146027830e+03 9.899583646101570711e-01 8.332062960371000929e-03 5.344388184152685426e+03
3.073202919209951233e+03 9.990295906202844023e-01 8.366463093145445548e-03 5.394652814183988085e+03
3.073210745273874636e+03 1.008396748978147572e+00 8.394744488037968536e-03 5.446539306004751779e+03
3.073218571337798494e+03 1.008714135287618996e+00 8.380508449835779791e-03 5.449558819185109314e+03
3.073226397401721897e+03 1.001268533885790513e+00 8.337227968285463101e-03 5.410629716032271972e+03
3.073234223465645300e+03 9.958114017026646891e-01 8.323223421867290486e-03 5.382429157013885742e+03
3.073242049529568703e+03 9.926064465564450323e-01 8.333186649485596620e-03 5.366390561352269287e+03
3.073249875593492106e+03 9.906049084910081293e-01 8.321724874768145902e-03 5.356851337951746245e+03
3.073257701657415510e+03 9.923194096710397094e-01 8.312404561648787174e-03 5.367406807909224881e+03
3.073265527721338913e+03 9.957713863555901490e-01 8.330961955234994845e-03 5.387366882578042350e+03
3.073273353785262771e+03 1.000152184123206389e+00 8.360350846379805551e-03 5.412362242015508855e+03
3.073281179849186174e+03 1.002116494760463716e+00 8.392013055266123525e-03 5.424288898257562323e+03
3.073289005913109577e+03 9.946476287232444147e-01 8.382945613138861884e-03 5.385148224894699524e+03
3.073296831977032980e+03 9.861246611956689945e-01 8.345581342925749782e-03 5.340279819545365172e+03
3.073304658040956383e+03 9.929015498937152628e-01 8.360256418380590526e-03 5.378264311630631710e+03
3.073312484104879786e+03 1.000057419583270768e+00 8.398172360427523520e-03 5.418319664216460296e+03
3.073320310168803189e+03 9.964814719316981151e-01 8.390921327384779846e-03 5.400234570864195121e+03
3.073328136232727047e+03 9.938805345405256064e-01 8.365168832671663474e-03 5.387425360359746264e+03
3.073335962296650450e+03 9.948853450089154560e-01 8.359543773883922751e-03 5.394159388783710710e+03
3.073343788360573853e+03 9.982200052064477136e-01 8.389947431129604269e-03 5.413531222457189870e+03
3.073351614424497257e+03 9.945189373188892956e-01 8.412634492076244766e-03 5.394746530774552411e+03
3.073359440488420660e+03 9.878072474378849499e-01 8.401838762535342175e-03 5.359617311162808619e+03
3.073367266552344063e+03 9.849512046283089850e-01 8.391719777570019398e-03 5.345395574657761244e+03
3.073375092616267466e+03 9.853798820456339813e-01 8.370395783396603756e-03 5.348997091935101707e+03
3.073382918680191324e+03 9.924005645464009095e-01 8.366246038594361140e-03 5.388392027587095072e+03
3.073390744744114727e+03 9.978777770438471695e-01 8.400516668505874154e-03 5.419422626602043238e+03
3.073398570808038130e+03 9.981364450832002078e-01 8.408441458518031708e-03 5.422119002496157918e+03
3.073406396871961533e+03 9.967677995781003553e-01 8.400914521299927482e-03 5.415973980661682617e+03
3.073414222935884936e+03 9.970194869312386521e-01 8.410190883023598366e-03 5.418631650848445133e+03
3.073422048999808339e+03 1.004852837077403027e+00 8.432095328582899299e-03 5.462504833034722651e+03
3.073429875063731743e+03 1.006960483944305818e+00 8.452838661998500133e-03 5.475265244414227709e+03
3.073437701127655600e+03 9.958353828186331524e-01 8.426762279069716088e-03 5.416062002898920582e+03
3.073445527191579004e+03 9.895657904425361195e-01 8.385661041236709343e-03 5.383243967557793439e+03
3.073453353255502407e+03 9.913874132498433633e-01 8.363077570437030955e-03 5.394436436866541044e+03
3.073461179319425810e+03 1.001522535808757386e+00 8.371961924488633897e-03 5.450880624979499771e+03
3.073469005383349213e+03 1.010190971412027849e+00 8.411527417240237392e-03 5.499366562675019850e+03
3.073476831447272616e+03 1.006462555671495451e+00 8.434788946642143501e-03 5.480371821678638298e+03
3.073484657511196019e+03 1.003635050224148229e+00 8.402087663717337090e-03 5.466274218025977461e+03
3.073492483575119877e+03 1.004909479611774570e+00 8.342360447438528989e-03 5.474515694382022048e+03
3.073500309639043280e+03 1.002719845672393584e+00 8.330795900188748410e-03 5.463884566289273607e+03
3.073508135702966683e+03 9.982259802085343692e-01 8.347904352633115158e-03 5.440688884978450005e+03
3.073515961766890086e+03 9.989569580083629274e-01 8.326918155621252857e-03 5.445965600490628276e+03
3.073523787830813490e+03 1.005371873038352515e+00 8.301664505582236064e-03 5.482238409819800836e+03
3.073531613894736893e+03 1.010335901484496368e+00 8.332811878284950707e-03 5.510614337196865563e+03
3.073539439958660296e+03 1.006303282912095032e+00 8.360286212902332675e-03 5.489921599096882346e+03
3.073547266022584154e+03 9.991758233375060971e-01 8.332645488737825887e-03 5.452330410366648721e+03
3.073555092086507557e+03 1.000980169864435609e+00 8.316092436342343089e-03 5.463471661506968303e+03
3.073562918150430960e+03 1.005916755559395082e+00 8.330226896155220814e-03 5.491717778049543995e+03
3.073570744214354363e+03 1.004866901912766286e+00 8.331767085543811957e-03 5.487286462699151343e+03
3.073578570278277766e+03 9.962853819312337267e-01 8.294483573018309949e-03 5.441714441002870444e+03
3.073586396342201169e+03 9.881652056039523790e-01 8.263505364970447076e-03 5.398640668482725232e+03
3.073594222406124572e+03 9.946952843899455887e-01 8.299205527530256060e-03 5.435603543088540391e+03
3.073602048470048430e+03 1.008017613879757413e+00 8.352759044061715613e-03 5.509708982670414116e+03
3.073609874533971833e+03 1.006989154753268112e+00 8.345434594316001459e-03 5.505390561041755063e+03
3.073617700597895237e+03 1.009395375556978003e+00 8.334465252196885873e-03 5.519851934237464775e+03
3.073625526661818640e+03 1.018064025824832353e+00 8.347815933904541991e-03 5.568573568051200709e+03
3.073633352725742043e+03 1.012040681156249011e+00 8.338318198396744291e-03 5.536936827735944462e+03
3.073641178789665446e+03 1.010950361891180815e+00 8.371377973269443495e-03 5.532279767984946375e+03
3.073649004853588849e+03 1.014460618652664348e+00 8.397067953430469370e-03 5.552801827070135914e+03
3.073656830917512707e+03 1.006957036162117403e+00 8.356529355082315674e-03 5.513032823515066411e+03
3.073664656981436110e+03 1.000370143476786655e+00 8.339639931182446508e-03 5.478264412083090065e+03
3.073672483045359513e+03 1.000038063227448371e+00 8.340826777897448682e-03 5.477739885584163858e+03
3.073680309109282916e+03 9.955658055719406319e-01 8.322242475350022026e-03 5.454531190679192150e+03
3.073688135173206319e+03 9.873342614595166378e-01 8.298869332166489143e-03 5.410709583374013164e+03
3.073695961237129723e+03 9.891313689310045065e-01 8.299252232109061156e-03 5.421837857592168803e+03
3.073703787301053126e+03 1.000454934538449026e+00 8.330023836010318899e-03 5.485201564114287976e+03
3.073711613364976984e+03 1.005307960435519732e+00 8.354250246024626583e-03 5.513110127485876546e+03
3.073719439428900387e+03 1.004458720450577491e+00 8.364505485255047459e-03 5.509752638339867190e+03
3.073727265492823790e+03 1.005319936787091528e+00 8.361726906594884115e-03 5.515777522609733751e+03
3.073735091556747193e+03 1.005834592939161887e+00 8.351782393984912706e-03 5.519902753853311879e+03
3.073742917620670596e+03 1.008328195451293707e+00 8.354184568945781722e-03 5.534892104168997321e+03
3.073750743684593999e+03 1.004177101983614984e+00 8.318596858219673429e-03 5.513405396300281609e+03
3.073758569748517402e+03 9.946406014733609746e-01 8.277522126038347125e-03 5.462332555097618751e+03
3.073766395812441260e+03 9.952312393156699244e-01 8.299902680416117173e-03 5.466864003275188225e+03
3.073774221876364663e+03 9.998483419326010813e-01 8.325831385012687214e-03 5.493519799056915872e+03
3.073782047940288066e+03 9.999905054518358760e-01 8.318557516468896157e-03 5.495594857874033551e+03
3.073789874004211470e+03 1.000117868228884488e+00 8.311185047259935996e-03 5.497588925796380863e+03
3.228337930823191982e+03 9.979244915540136374e-01 4.487244325349225467e-03 1.761365324857361702e+04
3.228347355999254887e+03 9.991214881741369291e-01 4.491536588058014576e-03 1.764526677365269279e+04
3.228356781175317792e+03 1.000344339235549107e+00 4.496062766506821011e-03 1.767688029873176856e+04
3.228366206351380697e+03 1.000135654630560644e+00 4.498608748405895710e-03 1.768273846703008894e+04
3.228375631527443602e+03 9.979439079612599794e-01 4.493280178724546117e-03 1.765305714304822322e+04
3.228385056703506507e+03 9.977462423975970163e-01 4.486523946208787611e-03 1.765818571647474892e+04
3.228394481879569412e+03 9.970873592768434435e-01 4.468924964334750061e-03 1.765471470322099776e+04
3.228403907055632317e+03 9.958280547342344136e-01 4.463101163365870878e-03 1.764018043592632603e+04
3.228413332231695222e+03 9.968494879201489356e-01 4.476786953399542433e-03 1.766564152570278748e+04
3.228422757407758127e+03 9.992650812477785749e-01 4.482654573980495057e-03 1.771544240207601251e+04
3.228432182583821032e+03 1.000139936063090929e+00 4.479916814129342520e-03 1.773757160501150793e+04
3.228441607759883937e+03 9.996472571530602425e-01 4.475361134076896036e-03 1.773508319116150233e+04
3.228451032935946841e+03 9.991104504307853906e-01 4.465706493122173146e-03 1.773145159433458684e+04
3.228460458112010201e+03 9.980259157898120348e-01 4.454147205814135146e-03 1.771774904273503489e+04
3.228469883288073106e+03 9.971511397998346071e-01 4.448897470882309975e-03 1.770743170132396335e+04
3.228479308464136011e+03 9.985057728225870122e-01 4.452001438244931365e-03 1.773639135813680332e+04
3.228488733640198916e+03 1.000439916480004188e+00 4.451762238821141415e-03 1.777535773331387463e+04
3.228498158816261821e+03 9.996191699004325359e-01 4.445520476383180847e-03 1.776509138037258890e+04
3.228507583992324726e+03 9.967870380992667201e-01 4.438481059488662457e-03 1.771878651453836210e+04
3.228517009168387631e+03 9.962069999190569236e-01 4.437770848994543674e-03 1.771223704742575501e+04
3.228526434344450536e+03 9.992569135311778483e-01 4.448202914446584486e-03 1.776998441387548519e+04
3.228535859520513441e+03 1.000469216588835364e+00 4.451005232198256348e-03 1.779482881531989915e+04
3.228545284696576346e+03 9.983699897809032997e-01 4.437891881968234788e-03 1.776054369288929593e+04
3.228554709872639251e+03 9.984185452835779850e-01 4.431372701986581973e-03 1.776424695551239347e+04
3.228564135048702155e+03 1.000652496745098263e+00 4.434792742397354430e-03 1.780663900711133465e+04
3.228573560224765060e+03 1.000726141196386365e+00 4.432391039529904458e-03 1.781040608709633671e+04
3.228582985400827965e+03 1.000238948069539280e+00 4.431085599333662098e-03 1.780401516887868638e+04
3.228592410576890870e+03 9.995176321750084414e-01 4.429930179090948127e-03 1.779329156746164517e+04
3.228601835752953775e+03 9.964211136343411601e-01 4.419109872204071178e-03 1.774012744126904363e+04
3.228611260929016680e+03 9.951515828730134183e-01 4.413093584143683822e-03 1.771934565653117170e+04
3.228620686105079585e+03 9.974504826184142914e-01 4.417517674929336523e-03 1.776198000819139997e+04
3.228630111281142490e+03 9.989548808708196281e-01 4.412836297666583932e-03 1.779036136047947366e+04
3.228639536457205395e+03 9.979051715080501372e-01 4.389454693165100937e-03 1.777315876385763477e+04
3.228648961633268300e+03 9.972865521172827874e-01 4.373913549365331978e-03 1.776354574316287108e+04
3.228658386809331205e+03 9.988903424480998217e-01 4.379708750799823740e-03 1.779344616925860464e+04
3.228667811985394110e+03 1.000123848784776115e+00 4.382554769158272107e-03 1.781669388399452146e+04
3.228677237161457015e+03 1.000351942262585725e+00 4.376446291179640277e-03 1.782198475167933066e+04
3.228686662337519920e+03 1.000667506380351401e+00 4.372737409586891985e-03 1.782879960293761542e+04
3.228696087513582825e+03 9.996412916571232321e-01 4.371743634542822783e-03 1.781168502103181891e+04
3.228705512689646184e+03 9.980131695146924331e-01 4.368232393623295955e-03 1.778383304139956454e+04
3.228714937865709089e+03 9.993297707953504583e-01 4.376829225714366951e-03 1.780845670971300569e+04
3.228724363041771994e+03 1.001229891833017804e+00 4.385446744727495259e-03 1.784349875059477927e+04
3.228733788217834899e+03 9.999466609224204605e-01 4.365894306085459434e-03 1.782183797640406556e+04
3.228743213393897804e+03 9.986237871579177749e-01 4.345811536131437627e-03 1.779950903643622223e+04
3.228752638569960709e+03 9.987721738650799930e-01 4.340573487572606769e-03 1.780345671878482244e+04
3.228762063746023614e+03 9.988196251714152041e-01 4.337656495688245288e-03 1.780567248940992795e+04
3.228771488922086519e+03 9.984574863348917306e-01 4.337253306372434482e-03 1.780066594532020463e+04
3.228780914098149424e+03 9.982531041968917274e-01 4.336875948451200842e-03 1.779856358301482760e+04
3.228790339274212329e+03 9.982708990216576650e-01 4.330429388944808007e-03 1.780052752100685029e+04
3.228799764450275234e+03 9.980325509722708377e-01 4.322483824289211768e-03 1.779804167329502161e+04
3.228809189626338139e+03 9.988180673433609824e-01 4.323357984896614679e-03 1.781394629563152193e+04
3.228818614802401044e+03 9.996107138564362948e-01 4.325346772961364931e-03 1.783012474411434596e+04
3.228828039978463949e+03 9.996105723146084809e-01 4.321790896249496326e-03 1.783232022141448761e+04
3.228837465154526853e+03 9.996123549331155100e-01 4.316593298739448623e-03 1.783471921484689665e+04
3.228846890330589758e+03 9.970179117958292148e-01 4.299014230302284495e-03 1.779097263139186543e+04
3.228856315506652663e+03 9.950143807218188030e-01 4.285019527068001377e-03 1.775795248149296094e+04
3.228865740682715568e+03 9.970973562523391953e-01 4.293233365162027818e-03 1.779807109864240192e+04
3.228875165858778473e+03 9.978841968828517928e-01 4.297314124795028473e-03 1.781528218511221712e+04
3.228884591034841378e+03 9.961967917150745810e-01 4.294780512419804283e-03 1.778854976489450928e+04
3.228894016210904283e+03 9.964222231009616237e-01 4.296135483515894395e-03 1.779621383002623406e+04
3.228903441386967188e+03 9.993278676395287441e-01 4.293837442028971586e-03 1.785201668411822902e+04
3.228912866563030093e+03 1.000564749892081773e+00 4.287771472163313773e-03 1.787829646603400761e+04
3.228922291739092998e+03 9.988907983073170849e-01 4.282140325283178249e-03 1.785284687956259950e+04
3.228931716915155903e+03 9.981118214966496760e-01 4.278551524588297510e-03 1.784367828584321614e+04
3.228941142091218808e+03 1.000187624057201630e+00 4.287979513177392864e-03 1.788585890718866722e+04
3.228950567267282167e+03 1.001502462523839565e+00 4.297642403695475441e-03 1.791473609524912899e+04
3.228959992443345072e+03 9.983728355026940671e-01 4.278809359843587824e-03 1.786435017482498006e+04
3.228969417619407977e+03 9.954698397566384971e-01 4.258149269041801126e-03 1.781819555940035934e+04
3.228978842795470882e+03 9.943219607812076033e-01 4.252404554154745088e-03 1.780360445153964974e+04
3.228988267971533787e+03 9.930451945193102814e-01 4.246165984910442795e-03 1.778682470590159937e+04
3.228997693147596692e+03 9.953326165254289259e-01 4.251792337876954611e-03 1.783398672649680520e+04
3.229007118323659597e+03 9.982875569033851093e-01 4.260340590059595416e-03 1.789319989840211201e+04
3.229016543499722502e+03 9.981183436166790601e-01 4.255883700998891114e-03 1.789645369246575137e+04
3.229025968675785407e+03 9.983364558274053779e-01 4.251578072227250871e-03 1.790663467490808034e+04
3.229035393851848312e+03 1.001193422953514878e+00 4.255126804763492525e-03 1.796411054522454288e+04
3.229044819027911217e+03 1.002767234586451561e+00 4.255294071917126511e-03 1.799849621771441161e+04
3.229054244203974122e+03 9.995239815038424736e-01 4.241002647559947297e-03 1.794627867113895627e+04
3.229063669380037027e+03 9.967625458220320533e-01 4.228073870623907764e-03 1.790250608674423347e+04
3.229073094556099932e+03 9.973990448322500590e-01 4.224317217302716622e-03 1.791954212814473067e+04
3.229082519732162837e+03 9.981412364001663873e-01 4.220142538570980859e-03 1.793823847843659678e+04
3.229091944908225742e+03 9.983208928714379926e-01 4.215003455203797551e-03 1.794654564361874145e+04
3.229101370084288646e+03 9.986661501286594467e-01 4.210531766373756986e-03 1.795750979733876011e+04
3.229110795260351551e+03 9.993753058733436667e-01 4.207157346792394711e-03 1.797466142723089433e+04
3.229120220436414456e+03 9.999290714011795922e-01 4.205410645450925917e-03 1.798862450244122010e+04
3.229129645612477361e+03 1.000222335827389619e+00 4.207849629586536168e-03 1.799748514817876639e+04
3.229139070788540266e+03 1.000383253994638455e+00 4.207662250694178992e-03 1.800357340668102188e+04
3.229148495964603171e+03 9.996816988710852669e-01 4.201830853720095633e-03 1.799378025085167246e+04
3.229157921140666076e+03 9.996261664923233869e-01 4.200482787398232727e-03 1.799528935695344990e+04
3.229167346316728981e+03 1.001096148978899869e+00 4.209289550323180862e-03 1.802397458057383847e+04
3.229176771492791886e+03 1.001865090708883299e+00 4.216262548564075376e-03 1.803978747479639060e+04
3.229186196668854791e+03 1.001145818440675406e+00 4.211480238496539442e-03 1.802858235347976006e+04
3.229195621844918151e+03 1.000538467184735936e+00 4.203963651460183339e-03 1.801920385459233148e+04
3.229205047020981056e+03 1.000786377445415765e+00 4.200817687918623027e-03 1.802507542667053349e+04
3.229214472197043960e+03 1.000954371868295389e+00 4.199868323983789280e-03 1.802939037057731912e+04
3.229223897373106865e+03 9.995194479821363220e-01 4.194084851011599564e-03 1.800474823810467205e+04
3.229233322549169770e+03 9.980188638301765724e-01 4.186348411454460239e-03 1.797887084623313058e+04
3.229242747725232675e+03 9.981794139655736364e-01 4.184045483613001160e-03 1.798290182450412249e+04
3.229252172901295580e+03 9.987713214030328190e-01 4.183581348208004549e-03 1.799472447337435369e+04
3.229261598077358485e+03 9.996480947057204691e-01 4.178820009909946752e-03 1.801173517240245565e+04
3.229271023253421390e+03 1.000145182065710792e+00 4.172884164765642938e-03 1.802199466247457167e+04
3.229280448429484295e+03 9.984734123201717271e-01 4.165426705573359138e-03 1.799329344183487410e+04
3.229289873605547200e+03 9.967314257803300270e-01 4.158649278689410464e-03 1.796345730705445749e+04
3.229299298781610105e+03 9.955364562578046250e-01 4.159066686292091190e-03 1.794358487900288674e+04
3.229308723957673010e+03 9.944035252058596175e-01 4.160512786242607369e-03 1.792490678935143296e+04
3.229318149133735915e+03 9.923323371316490338e-01 4.149233562154154391e-03 1.788936062432852850e+04
3.229327574309798820e+03 9.902055184443393498e-01 4.134313435256520633e-03 1.785282480187551846e+04
3.229336999485861725e+03 9.938066512983179113e-01 4.142542877748165743e-03 1.791955458257801001e+04
3.229346424661924630e+03 9.987724369130053237e-01 4.158481997829334247e-03 1.801086782845111156e+04
3.229355849837987535e+03 9.999098027998043481e-01 4.158121005853187592e-03 1.803308576950640781e+04
3.229365275014050439e+03 9.997128345596051346e-01 4.151520457685793468e-03 1.803114302380684967e+04
3.229374700190113344e+03 9.996395911362789821e-01 4.145679405814296434e-03 1.803130369361770499e+04
3.229384125366176249e+03 9.998434354390238754e-01 4.141369878862418384e-03 1.803630515236044812e+04
3.229393550542239154e+03 9.975310890705806344e-01 4.132290144798621279e-03 1.799572715988377968e+04
3.229402975718302059e+03 9.949130240056244245e-01 4.121052311247631883e-03 1.794941243736510660e+04
3.229412400894364964e+03 9.975192713414865464e-01 4.117146602028356334e-03 1.799710438992853960e+04
3.229421826070427869e+03 1.000851702159645695e+00 4.115929693247270295e-03 1.805762533714600431e+04
3.229431251246490774e+03 9.998265807698459851e-01 4.108961523764444526e-03 1.803922094939581075e+04
3.229440676422554134e+03 9.987305568215064655e-01 4.101925549971186837e-03 1.801920157802918766e+04
3.229450101598617039e+03 1.001391485138950710e+00 4.098090627851724149e-03 1.806660017332486314e+04
3.229459526774679944e+03 1.003461551452624612e+00 4.090841827983846858e-03 1.810297085636552947e+04
3.229468951950742849e+03 1.002122918915633543e+00 4.087220817391544990e-03 1.807751198158377520e+04
3.229478377126805754e+03 1.001488624180957299e+00 4.088775932383811873e-03 1.806445912680876427e+04
3.229487802302868658e+03 1.002281847242371793e+00 4.091053038354307454e-03 1.807688421525860758e+04
3.229497227478931563e+03 1.002747466562156298e+00 4.091349635710771551e-03 1.808315913941069812e+04
3.229506652654994468e+03 1.000322352370415890e+00 4.082545956123556120e-03 1.803710082506861363e+04
3.229516077831057373e+03 9.973434613535081539e-01 4.073649578628425055e-03 1.798089489255017179e+04
3.229525503007120278e+03 9.978378180329806613e-01 4.075077272795791031e-03 1.798717021657599980e+04
3.229534928183183183e+03 9.988748343739207725e-01 4.077528809462426310e-03 1.800311158682620226e+04
3.229544353359246088e+03 9.972857130819468008e-01 4.079763799286839111e-03 1.797164231608181944e+04
3.229553778535308993e+03 9.957058176963393681e-01 4.084082259738444458e-03 1.794029964096540061e+04
3.229563203711371898e+03 9.972593851884424820e-01 4.089158966149050375e-03 1.796539755464980408e+04
3.229572628887434803e+03 9.994308922325919609e-01 4.094495625549530657e-03 1.800163107167656563e+04
3.229582054063497708e+03 9.997440040705461994e-01 4.091835493125000299e-03 1.800443020978045024e+04
3.229591479239560613e+03 9.989283433346207719e-01 4.084926255937622666e-03 1.798698020240043479e+04
3.229600904415623518e+03 9.978634485481814309e-01 4.086549663209209857e-03 1.796515662161001819e+04
3.229610329591686423e+03 9.973725837937278405e-01 4.093475637443218067e-03 1.795381227952806512e+04
3.229619754767749328e+03 9.999266404125126684e-01 4.094435896298780422e-03 1.799744717778774793e+04
3.229629179943812233e+03 1.002405831024092642e+00 4.089086509393421998e-03 1.803992738545992324e+04
3.229638605119875137e+03 1.000652224516203059e+00 4.088909792222740480e-03 1.800646582734721960e+04
3.229648030295938042e+03 9.997754527591105056e-01 4.097899639823514815e-03 1.798905495047434670e+04
3.229657455472000947e+03 1.000102033946202562e+00 4.089713280916573886e-03 1.799359600267994392e+04
3.229666880648063852e+03 9.985967353618486753e-01 4.066466150525841275e-03 1.796550643348582889e+04
3.229676305824126757e+03 9.966913623102293673e-01 4.054964248196893037e-03 1.793054559489955864e+04
3.229685731000190117e+03 9.954667625461700586e-01 4.051802132109223915e-03 1.790813769603179026e+04
3.229695156176253022e+03 9.956341989983790164e-01 4.046016707378366321e-03 1.791105715870404674e+04
3.229704581352315927e+03 9.958499966599427822e-01 4.038700270603172784e-03 1.791511227385392704e+04
3.229714006528378832e+03 9.963719223738951580e-01 4.035838357738893989e-03 1.792492147502808439e+04
3.229723431704441737e+03 9.976659318999830939e-01 4.035653733143055102e-03 1.794884941321799124e+04
3.229732856880504642e+03 9.998148571972773624e-01 4.037520706867317455e-03 1.798836966071904681e+04
3.229742282056567547e+03 1.001413847454387218e+00 4.039083557776186953e-03 1.801818947463946097e+04
3.229751707232630451e+03 9.988510044647043173e-01 4.030836823879693949e-03 1.797329648228245787e+04
3.229761132408693356e+03 9.959382550393469646e-01 4.019649471188741809e-03 1.792225209585746779e+04
3.229770557584756261e+03 9.974249053635014794e-01 4.019037375111778054e-03 1.795050712571140321e+04
3.229779982760819166e+03 9.988935686347997223e-01 4.019796207179477526e-03 1.797855665932245756e+04
3.229789407936882071e+03 9.981001190424558800e-01 4.018691923359343429e-03 1.796598731009777111e+04
3.229798833112944976e+03 9.982390550145139319e-01 4.022675153617791960e-03 1.797027548049463076e+04
3.229808258289007881e+03 1.000107661817738247e+00 4.021241820115326396e-03 1.800576129273278639e+04
3.229817683465070786e+03 1.000441795577380777e+00 4.011660567446628974e-03 1.801366224408650305e+04
3.229827108641133691e+03 9.967395392811887467e-01 4.002846970558200657e-03 1.794889705207211227e+04
3.229836533817196596e+03 9.943230498936016515e-01 3.999160458604185744e-03 1.790727301953374990e+04
3.229845958993259501e+03 9.974169875167182564e-01 4.009867110073716927e-03 1.796487052368429431e+04
3.229855384169322406e+03 1.001133196886645260e+00 4.026644904793685517e-03 1.803364976371546800e+04
3.229864809345385311e+03 1.001629307846286121e+00 4.022804426927159907e-03 1.804437414378891117e+04
3.229874234521448216e+03 9.995299212312219739e-01 4.002878515150513905e-03 1.800826050658943859e+04
3.229883659697511121e+03 9.975074171683011581e-01 3.988255862925653254e-03 1.797342888383257014e+04
3.229893084873574026e+03 9.974012536200722590e-01 3.982582225801285791e-03 1.797300793569517191e+04
3.229902510049636930e+03 9.979389620397234317e-01 3.980244584602147043e-03 1.798405579227922863e+04
3.229911935225699835e+03 9.976259219541444567e-01 3.976721617504009633e-03 1.797961911267611868e+04
3.229921360401762740e+03 9.977745138799836155e-01 3.970320519054265987e-03 1.798332952551256312e+04
3.229930785577826100e+03 9.983271240199522722e-01 3.962943473844860072e-03 1.799413085675520779e+04
3.229940210753889005e+03 1.000505478492040634e+00 3.966230260301286878e-03 1.803402621941853431e+04
3.229949635929951910e+03 1.003468213390126484e+00 3.975695171949567876e-03 1.808783226896949054e+04
3.229959061106014815e+03 1.001507523134752553e+00 3.968818926044270605e-03 1.805264278107527934e+04
3.229968486282077720e+03 9.980663963538983774e-01 3.955465742931874897e-03 1.799049904623042676e+04
3.229977911458140625e+03 9.998772538973116353e-01 3.960367685845454441e-03 1.802273691312851588e+04
3.229987336634203530e+03 1.002754486123505817e+00 3.968006899599520361e-03 1.807388678617507685e+04
3.229996761810266435e+03 1.001953396273095320e+00 3.957086461635471453e-03 1.805840987070243864e+04
3.230006186986329340e+03 1.000841335333260806e+00 3.943389687663714435e-03 1.803698511749797763e+04
3.230015612162392244e+03 1.000902607836184233e+00 3.943033594576689400e-03 1.803634314627772255e+04
3.230025037338455149e+03 1.000913679720085936e+00 3.946939619771785111e-03 1.803441301868132359e+04
3.230034462514518054e+03 1.000385744880791350e+00 3.939404170431576487e-03 1.802236986472588615e+04
3.230043887690580959e+03 9.997297301704646255e-01 3.927342376712361291e-03 1.800760111911797867e+04
3.241929161810757250e+03 1.000370719802507136e+00 2.666417034319755290e-03 1.723951872412664670e+04
3.241937541912143388e+03 9.997185341572280004e-01 2.668415996636439545e-03 1.723247055081566214e+04
3.241945922013529525e+03 9.996219128632504169e-01 2.672969080174187901e-03 1.723556910274726033e+04
3.241954302114915663e+03 9.992412494989566518e-01 2.673909519534198136e-03 1.723433363759777058e+04
3.241962682216301801e+03 1.000035033299665033e+00 2.673650154691553042e-03 1.725391527007181867e+04
3.241971062317687938e+03 1.000471388753331858e+00 2.671996716843134598e-03 1.726788880406471071e+04
3.241979442419074076e+03 9.990212551786814554e-01 2.667034609634014262e-03 1.724983868471285678e+04
3.241987822520460668e+03 9.991509200988573092e-01 2.669722843286597910e-03 1.725959312279911683e+04
3.241996202621846805e+03 9.997719044207145078e-01 2.676491167578661911e-03 1.727836906167827328e+04
3.242004582723232943e+03 9.988773084895062881e-01 2.677928586543933641e-03 1.727147080496437411e+04
3.242012962824619080e+03 9.997344631523524816e-01 2.681226797781066564e-03 1.729537525357008417e+04
3.242021342926005218e+03 1.000601827919566755e+00 2.683071629058055192e-03 1.731997868419039150e+04
3.242029723027391356e+03 9.991334113093054414e-01 2.677534724463723464e-03 1.730464314905526771e+04
3.242038103128777493e+03 9.976551919611884589e-01 2.672363992889375400e-03 1.728958953251033745e+04
3.242046483230163631e+03 9.960652449480760229e-01 2.669905387604169008e-03 1.727302317442475396e+04
3.242054863331549768e+03 9.937057602986072435e-01 2.663993971102109667e-03 1.724349831771330355e+04
3.242063243432935906e+03 9.915496451614380646e-01 2.656597429593163251e-03 1.721785458254732657e+04
3.242071623534322043e+03 9.887888584347462873e-01 2.649878713854280417e-03 1.718203040885329392e+04
3.242080003635708181e+03 9.847825377462101626e-01 2.641522473844795313e-03 1.712483129944867687e+04
3.242088383737094318e+03 9.812791527865051266e-01 2.631690224894236811e-03 1.707660869975478272e+04
3.242096763838480456e+03 9.773724627376129126e-01 2.621564380669564719e-03 1.702157120504088380e+04
3.242105143939866593e+03 9.740756955854653620e-01 2.612806201490522253e-03 1.697733437533320830e+04
3.242113524041252731e+03 9.732318999179890850e-01 2.606702629372019582e-03 1.697604390148851962e+04
3.242121904142638869e+03 9.736215200827644800e-01 2.606924902791142237e-03 1.699648623634907926e+04
3.242130284244025006e+03 9.758870095889330409e-01 2.612697475604682136e-03 1.704991334198436016e+04
3.242138664345411144e+03 9.788702407272261707e-01 2.621178219503245491e-03 1.711613137045342955e+04
3.242147044446797736e+03 9.819468422741742808e-01 2.631989255677566301e-03 1.718422156632059705e+04
3.242155424548183873e+03 9.851180138550308385e-01 2.638107722177132977e-03 1.725418559917952734e+04
3.242163804649570011e+03 9.890278404692032233e-01 2.641363903582283085e-03 1.733729451149409942e+04
3.242172184750956148e+03 9.929099039522123471e-01 2.649675658184031789e-03 1.742011081500269938e+04
3.242180564852342286e+03 9.952195742440659298e-01 2.660254807670780867e-03 1.747548623151505308e+04
3.242188944953728424e+03 9.958020414034886025e-01 2.661264528367679027e-03 1.750060492083828649e+04
3.242197325055114561e+03 9.952776080564983419e-01 2.654213640469977719e-03 1.750627507150455494e+04
3.242205705156500699e+03 9.948020823982197669e-01 2.648105983898822215e-03 1.751276910816854070e+04
3.242214085257886836e+03 9.946708133834618604e-01 2.643213262076243245e-03 1.752526797070539760e+04
3.242222465359272974e+03 9.949393186839299297e-01 2.640115714490726736e-03 1.754474095541406496e+04
3.242230845460659111e+03 9.945012423722994210e-01 2.636768274940474305e-03 1.755165491510221545e+04
3.242239225562045249e+03 9.942978822371855152e-01 2.639325391313014635e-03 1.756258014052223007e+04
3.242247605663431386e+03 9.958224391311533141e-01 2.651541603298687363e-03 1.760389833115403962e+04
3.242255985764817524e+03 9.978025587376357919e-01 2.660916603492057692e-03 1.765314798910675745e+04
3.242264365866203661e+03 9.994819416267186618e-01 2.664149178387094797e-03 1.769693125143724683e+04
3.242272745967589799e+03 1.000099094282006496e+00 2.663603424889871181e-03 1.772171553616919846e+04
3.242281126068975937e+03 9.988761605856585346e-01 2.659339700720895084e-03 1.771363958434679080e+04
3.242289506170362074e+03 9.985408763331471427e-01 2.658708585832275130e-03 1.772103061176797564e+04
3.242297886271748666e+03 9.999260836478609527e-01 2.660457617941728355e-03 1.775871343751869426e+04
3.242306266373134804e+03 1.000604860820973219e+00 2.659802067312316918e-03 1.778361895163905137e+04
3.242314646474520941e+03 9.997654726102028766e-01 2.656536363637259767e-03 1.778128003482877830e+04
3.242323026575907079e+03 9.991718231078916546e-01 2.654433287591002107e-03 1.778303130541226710e+04
3.242331406677293216e+03 9.998648991577233636e-01 2.656493340135310764e-03 1.780741981275709986e+04
3.242339786778679354e+03 1.000471700717949330e+00 2.659730581033353282e-03 1.783002016189650021e+04
3.242348166880065492e+03 9.994111572218806749e-01 2.659732827341406911e-03 1.782263107534767551e+04
3.383581874649812107e+03 1.002106450753730282e+00 1.824463174616640718e-03 1.528228787699314125e+04
3.383590519208001751e+03 1.001437075712574787e+00 1.822806746817340557e-03 1.527155510642673107e+04
3.383599163766190941e+03 9.997548153245348068e-01 1.819855227200662144e-03 1.524537743084944850e+04
3.383607808324380585e+03 9.978709247748746014e-01 1.818017448686687527e-03 1.521612694193523930e+04
3.383616452882570229e+03 9.976564737829288765e-01 1.821329780144164551e-03 1.521233415567805059e+04
3.383625097440759873e+03 9.983159581135527816e-01 1.824859761225644224e-03 1.522186696182980813e+04
3.383633741998949517e+03 9.986712864738904738e-01 1.823340546704677739e-03 1.522676160460091342e+04
3.383642386557138707e+03 9.992610555648088200e-01 1.821741688921366988e-03 1.523523027483076112e+04
3.383651031115328351e+03 9.999927722409382991e-01 1.826570162665095602e-03 1.524586245605717340e+04
3.383659675673517995e+03 9.999911804738702559e-01 1.831892594584635763e-03 1.524531425427392969e+04
3.383668320231707639e+03 9.989387690171229739e-01 1.830028992044796174e-03 1.522874638703894561e+04
3.383676964789896829e+03 9.986779600154668257e-01 1.827089580298123196e-03 1.522424712772898783e+04
3.383685609348086473e+03 9.989667197479463745e-01 1.826992526874483434e-03 1.522812569984418224e+04
3.383694253906276117e+03 9.983215058477703518e-01 1.826993070120245394e-03 1.521776707963832814e+04
3.383702898464465761e+03 9.980652246793841886e-01 1.827729387659051503e-03 1.521333757066809267e+04
3.383711543022655405e+03 9.985763111944709891e-01 1.829388263939009905e-03 1.522060478259026422e+04
3.383720187580844595e+03 1.000008583335785683e+00 1.832480837229393499e-03 1.524191196866415339e+04
3.383728832139034239e+03 1.000900871669331504e+00 1.834452991242740754e-03 1.525498762179263213e+04
3.383737476697223883e+03 9.995523455241335231e-01 1.832439167374918122e-03 1.523391068414244910e+04
3.383746121255413527e+03 9.988900582724598021e-01 1.831915015405592966e-03 1.522329358396792668e+04
3.383754765813603171e+03 1.000712501284383604e+00 1.834184040305360600e-03 1.525054368528472151e+04
3.383763410371792361e+03 1.002205187879521731e+00 1.835421572831265769e-03 1.527276666563084837e+04
3.383772054929982005e+03 1.001380344225534902e+00 1.834537455762113179e-03 1.525967207843324832e+04
3.383780699488171649e+03 9.997244926598327641e-01 1.832908010359731582e-03 1.523391536262987211e+04
3.383789344046361293e+03 9.980519010513133615e-01 1.828774136413190447e-03 1.520790530405188110e+04
3.383797988604550937e+03 9.964597499818909077e-01 1.823820233025839595e-03 1.518312267592272474e+04
3.383806633162740127e+03 9.951046644962907584e-01 1.817258589841983830e-03 1.516195377583935078e+04
3.383815277720929771e+03 9.942852949944555041e-01 1.810968387188902507e-03 1.514894847399430000e+04
3.383823922279119415e+03 9.920966266524865462e-01 1.806757747119773581e-03 1.511508208664471749e+04
3.383832566837309059e+03 9.896457588826483853e-01 1.804150849048862708e-03 1.507722339234669926e+04
3.383841211395498703e+03 9.865710742094988550e-01 1.798725421094149067e-03 1.502986376132474288e+04
3.383849855953687893e+03 9.816933195269796908e-01 1.789870345367186285e-03 1.495503952418775953e+04
3.383858500511877537e+03 9.751889385579800562e-01 1.780873191749729467e-03 1.485544135250657928e+04
3.383867145070067181e+03 9.686225055444647181e-01 1.772074467575047042e-03 1.475490476562747790e+04
3.383875789628256825e+03 9.629787651778077828e-01 1.762449239016241178e-03 1.466842983713332433e+04
3.383884434186446015e+03 9.574444187966102415e-01 1.753194547705839469e-03 1.458362709276977330e+04
3.383893078744635659e+03 9.537872360485037948e-01 1.748475046269420789e-03 1.452742179462384775e+04
3.383901723302825303e+03 9.523274401582800808e-01 1.745672519127890827e-03 1.450468824112881339e+04
3.383910367861014947e+03 9.549739013954858802e-01 1.747003634603061083e-03 1.454449555841010260e+04
3.383919012419204591e+03 9.594237827926824780e-01 1.750426943623343981e-03 1.461176570565098882e+04
3.383927656977393781e+03 9.650343313110064658e-01 1.760948915349633357e-03 1.469670722937234495e+04
3.383936301535583425e+03 9.712042686022127613e-01 1.773011012842467225e-03 1.479016162804972919e+04
3.383944946093773069e+03 9.761177183036504612e-01 1.778532003793776911e-03 1.486447556891425120e+04
3.383953590651962713e+03 9.803142912588314051e-01 1.782389881906987867e-03 1.492786802379521396e+04
3.383962235210152357e+03 9.849881918133345238e-01 1.790287523307690582e-03 1.499852440146075605e+04
3.383970879768341547e+03 9.890672496511881961e-01 1.798416675910315512e-03 1.506011845711952265e+04
3.383979524326531191e+03 9.895728033358366371e-01 1.799280977708323263e-03 1.506729783908840182e+04
3.383988168884720835e+03 9.886967137591428090e-01 1.799057683078884645e-03 1.505344042786512364e+04
3.383996813442910479e+03 9.893489063138257711e-01 1.800327228185393761e-03 1.506285205322683760e+04
3.384005458001100124e+03 9.903812812176987501e-01 1.801203293976976144e-03 1.507805107799212965e+04
3.384014102559289313e+03 9.910737950286696574e-01 1.802950754158426892e-03 1.508807498681170182e+04
3.384022747117478957e+03 9.920897818432439230e-01 1.805182717695544715e-03 1.510302254289173288e+04
3.384031391675668601e+03 9.935306364909884946e-01 1.807884847685260581e-03 1.512443676310673254e+04
3.384040036233858245e+03 9.954370445754048280e-01 1.810878918325850399e-03 1.515293631198757976e+04
3.384048680792047435e+03 9.966655883217878653e-01 1.812226305048405270e-03 1.517111549934970026e+04
3.384057325350237079e+03 9.969016688688151495e-01 1.813254102587185312e-03 1.517418677206435677e+04
3.384065969908426723e+03 9.974564106377463713e-01 1.814656841800578240e-03 1.518210808364522200e+04
3.384074614466616367e+03 9.983350078917310189e-01 1.814470340491493392e-03 1.519495799145747515e+04
3.384083259024806011e+03 9.984397213138382909e-01 1.815050030199397580e-03 1.519602864024436712e+04
3.384091903582995201e+03 9.981133471318895944e-01 1.817825963125740312e-03 1.519053834851332067e+04
3.384100548141184845e+03 9.976862322711974596e-01 1.817412074331765373e-03 1.518351525380841485e+04
3.384109192699374489e+03 9.981307162271183531e-01 1.815422772169713933e-03 1.518975677519211240e+04
3.384117837257564133e+03 9.992785483161790161e-01 1.816448501363140478e-03 1.520670115761498528e+04
3.384126481815753777e+03 9.993014968045637048e-01 1.818369035314594366e-03 1.520652680797288849e+04
3.384135126373942967e+03 9.989220182649947155e-01 1.818630464177224985e-03 1.520022885025147116e+04
3.384143770932132611e+03 9.984002321746131559e-01 1.817069859731156641e-03 1.519176592309113039e+04
3.384152415490322255e+03 9.977364859737422043e-01 1.814634447389803455e-03 1.518114353668055628e+04
3.384161060048511899e+03 9.983791732186202417e-01 1.814388889562377864e-03 1.519039930943171566e+04
3.384169704606701544e+03 9.988589145656957546e-01 1.816757614666171484e-03 1.519717526244094734e+04
3.384178349164890733e+03 9.992517717548682343e-01 1.819919586625755705e-03 1.520262885608385113e+04
3.384186993723080377e+03 1.000492745761582425e+00 1.822652512368001885e-03 1.522098485348699614e+04
3.384195638281270021e+03 1.000648650556035246e+00 1.823013416411196170e-03 1.522283243106019654e+04
3.384204282839459665e+03 1.000707112089922468e+00 1.824355322963025407e-03 1.522319749545167724e+04
3.384212927397648855e+03 1.001064662006079020e+00 1.826499516247887412e-03 1.522811220612668694e+04
3.384221571955838499e+03 1.000429287539282397e+00 1.825459191319195708e-03 1.521792277940499844e+04
3.384230216514028143e+03 9.993672079383333351e-01 1.823705491736655852e-03 1.520124346267421788e+04
3.384238861072217787e+03 9.993991638732764304e-01 1.824654394896073947e-03 1.520120591664152198e+04
3.384247505630407431e+03 1.000328345067130531e+00 1.827349913309932921e-03 1.521481497262059020e+04
3.384256150188596621e+03 1.000730004030242037e+00 1.830567626702490859e-03 1.522039981266954055e+04
3.384264794746786265e+03 1.000287093748031264e+00 1.832229529317131898e-03 1.521313936987235138e+04
3.384273439304975909e+03 9.997715633598475149e-01 1.832000461400814335e-03 1.520477496653011804e+04
