3.302061488542092320e+03 1.001597112201321638e+00 2.276081870146360892e-03
3.302070716047046972e+03 1.000838332100799422e+00 2.277642978631707650e-03
3.302079943552001168e+03 9.999266562286345250e-01 2.278009528253527836e-03
3.302089171056955820e+03 9.988136190626585309e-01 2.278350593177607894e-03
3.302098398561910471e+03 9.982300654194536937e-01 2.278517847523450161e-03
3.302107626066865123e+03 9.986172656910377032e-01 2.277725288816828501e-03
3.302116853571819320e+03 9.996995585930643635e-01 2.276746001755501191e-03
3.302126081076773971e+03 1.000227930751478533e+00 2.277367155313137544e-03
3.302135308581728623e+03 1.001125215884979713e+00 2.282038834344590934e-03
3.302144536086683274e+03 1.001965631688628067e+00 2.285006086163824356e-03
3.302153763591637926e+03 1.001169804188632551e+00 2.281289291373419896e-03
3.302162991096592123e+03 1.000409627612267593e+00 2.278189936792086954e-03
3.302172218601546774e+03 1.000422784097966478e+00 2.277319333548121719e-03
3.302181446106501426e+03 1.000569182838284332e+00 2.275864974180160424e-03
3.302190673611456077e+03 1.001050589214630859e+00 2.276290282668809624e-03
3.302199901116410274e+03 1.001375202391480146e+00 2.276821941858609387e-03
3.302209128621364925e+03 1.000416922558608146e+00 2.273268624519554290e-03
3.302218356126319577e+03 9.994135817910743125e-01 2.269959444684230190e-03
3.302227583631274229e+03 9.994447546029966434e-01 2.270040007148747385e-03
3.302236811136228425e+03 9.993787165175017639e-01 2.269296473576984993e-03
3.302246038641183077e+03 9.985688495511748641e-01 2.264815467948847524e-03
3.302255266146137728e+03 9.979975849085183093e-01 2.261383779097338783e-03
3.302264493651092380e+03 9.981337775649020694e-01 2.262534245911072394e-03
3.302273721156046577e+03 9.983187077411406207e-01 2.263356321062908252e-03
3.302282948661001228e+03 9.992857298263935206e-01 2.263813442595585552e-03
3.302292176165955880e+03 9.999653899423568415e-01 2.263545467318925364e-03
3.302301403670910531e+03 9.997610727885443138e-01 2.261869464409919928e-03
3.302310631175865183e+03 9.996929411792537801e-01 2.260047551036617215e-03
3.302319858680819380e+03 9.985727799637348356e-01 2.252684882778732516e-03
3.302329086185774031e+03 9.974693468897639637e-01 2.246812433574893377e-03
3.302338313690728683e+03 9.971302710608032083e-01 2.246988843535583508e-03
3.302347541195683334e+03 9.966751169790213360e-01 2.246741666293446214e-03
3.302356768700637531e+03 9.963243012192872783e-01 2.247725285199046567e-03
3.302365996205592182e+03 9.960398047086800322e-01 2.248195324911982877e-03
3.302375223710546834e+03 9.935456609885455759e-01 2.242096725758281877e-03
3.302384451215501485e+03 9.906658020047865998e-01 2.235584767026942924e-03
3.302393678720455682e+03 9.887535751548315321e-01 2.231592541903592870e-03
3.302402906225410334e+03 9.862642925041958941e-01 2.226613149623900192e-03
3.302412133730364985e+03 9.796893758212625869e-01 2.215270680055057059e-03
3.302421361235319637e+03 9.715603482733373708e-01 2.202168741390510623e-03
3.302430588740273834e+03 9.512890629445532875e-01 2.168193213038211321e-03
3.302439816245228485e+03 9.241592050109869172e-01 2.121376571257685157e-03
3.302449043750183137e+03 8.673123735126709866e-01 2.012738194958136901e-03
3.302458271255137788e+03 7.993262732636298162e-01 1.884835774184015792e-03
3.302467498760092440e+03 7.043630908474282082e-01 1.702413189003344068e-03
3.302476726265046636e+03 6.079928966604826179e-01 1.517963151824190801e-03
3.302485953770001288e+03 5.258574650194738354e-01 1.356456197227421702e-03
3.302495181274955939e+03 4.526373485473252911e-01 1.210224143678324425e-03
3.302504408779910591e+03 4.250619875812743365e-01 1.156080142720996998e-03
3.302513636284864788e+03 4.226392138771945528e-01 1.147762813789080264e-03
3.302522863789819439e+03 5.068326010776668111e-01 1.307394562289619947e-03
3.302532091294774091e+03 6.146682783980171871e-01 1.507451320063030046e-03
3.302541318799728742e+03 7.464280418760463887e-01 1.759518403533825125e-03
3.302550546304682939e+03 8.682231195829670511e-01 1.993876870756150672e-03
3.302559773809637591e+03 9.293017831978463983e-01 2.106746151276582459e-03
3.302569001314592242e+03 9.716600780573708684e-01 2.189245649054067256e-03
3.302578228819546894e+03 9.851458661798501160e-01 2.215682610926215067e-03
3.302587456324501090e+03 9.937306612239691361e-01 2.233741829542166320e-03
3.302596683829455742e+03 9.959839607359379787e-01 2.235609666039671713e-03
3.302605911334410393e+03 9.967121871692676827e-01 2.234537610337752542e-03
3.302615138839365045e+03 9.963010086066055315e-01 2.233369290622421333e-03
3.302624366344319697e+03 9.960787167482293425e-01 2.233096347422414141e-03
3.302633593849273893e+03 9.971634819215579038e-01 2.234601404216871902e-03
3.302642821354228545e+03 9.983775069371458866e-01 2.235498174015499318e-03
3.302652048859183196e+03 9.983079802475381959e-01 2.235597310172488146e-03
3.302661276364137848e+03 9.977353415632994604e-01 2.235727652586034109e-03
3.302670503869092045e+03 9.976230412655721080e-01 2.237123487477414487e-03
3.302679731374046696e+03 9.978105764654675580e-01 2.239020010383365594e-03
3.302688958879001348e+03 9.979392818482446526e-01 2.238549375893275108e-03
3.302698186383955999e+03 9.981794112028111732e-01 2.237605542120356568e-03
3.302707413888910196e+03 9.984449940769302145e-01 2.238031999560543845e-03
3.302716641393864847e+03 9.990481150220777984e-01 2.239305670435319268e-03
3.302725868898819499e+03 9.999460120666313623e-01 2.239693142175327133e-03
3.302735096403774151e+03 9.999736753436844205e-01 2.239019644629419367e-03
3.302744323908728802e+03 9.989480232600146392e-01 2.238316785958529339e-03
3.302753551413682999e+03 9.980133199470886396e-01 2.236959421008531592e-03
3.302762778918637650e+03 9.977931450824681914e-01 2.233413336912485388e-03
3.302772006423592302e+03 9.980687717626444133e-01 2.230694666045815802e-03
3.302781233928546953e+03 9.989971939105604104e-01 2.233694252467552117e-03
3.302790461433501150e+03 9.997203920828514612e-01 2.237073926784134258e-03
3.302799688938455802e+03 1.000033828116761336e+00 2.236305865528496160e-03
3.302808916443410453e+03 1.000912996359603291e+00 2.235328267669951276e-03
3.302818143948365105e+03 1.000893333620286985e+00 2.233077712827401251e-03
3.302827371453319302e+03 9.997995317535893767e-01 2.231078457703150608e-03
3.302836598958273953e+03 1.000128841641571231e+00 2.233274031740010296e-03
3.302845826463228605e+03 1.001408707805207188e+00 2.234832381397349865e-03
3.302855053968183256e+03 1.001569112294574238e+00 2.232802951162102516e-03
3.302864281473137453e+03 1.000909842286669793e+00 2.230805965223720162e-03
3.302873508978092104e+03 1.001139214593541160e+00 2.231644351694552896e-03
3.302882736483046756e+03 1.001765060257147955e+00 2.232868880820950731e-03
3.302891963988001407e+03 1.001412686456222501e+00 2.232758110852586710e-03
3.302901191492956059e+03 1.000926989399667510e+00 2.232616704673401863e-03
3.302910418997910256e+03 1.001149083648421145e+00 2.232337728349543041e-03
3.302919646502864907e+03 1.002392961038249819e+00 2.233229042773330654e-03
3.302928874007819559e+03 1.003409405232116747e+00 2.234112861146695956e-03
3.302938101512774210e+03 1.002913365273681690e+00 2.232745298482054132e-03
3.302947329017728407e+03 1.002577603923327620e+00 2.232898226936280185e-03
3.302956556522683059e+03 1.002652363135728919e+00 2.233903540412572088e-03
3.302965784027637710e+03 1.001920112115847417e+00 2.231220565179077055e-03
3.302975011532592362e+03 1.001306704308387641e+00 2.228196860137718425e-03
3.302984239037546558e+03 1.000923327500531590e+00 2.225059833401825133e-03
3.302993466542501210e+03 9.998352714136674591e-01 2.221656059172270620e-03
3.303002694047455861e+03 9.985506350536669240e-01 2.219847188748448347e-03
3.303011921552410513e+03 9.975625961660601337e-01 2.217694274751188903e-03
3.303021149057364710e+03 9.936689019572825243e-01 2.209372068858221454e-03
3.303030376562319361e+03 9.870019867093721144e-01 2.197482938772951904e-03
3.303039604067274013e+03 9.761420173105813669e-01 2.177960840234348296e-03
3.303048831572228664e+03 9.628920555766175005e-01 2.154139806054058796e-03
3.303058059077183316e+03 9.322383641613084526e-01 2.092798014438076483e-03
3.303067286582137513e+03 8.928773318755385269e-01 2.017138453170611197e-03
3.303076514087092164e+03 8.349401662814308622e-01 1.907280258197806364e-03
3.303085741592046816e+03 7.726489498563003933e-01 1.791513632485317812e-03
3.303094969097001467e+03 7.070157627562926317e-01 1.666812094940035155e-03
3.303104196601955664e+03 6.440495334090675650e-01 1.544799667986560291e-03
3.303113424106910315e+03 6.075087143936858114e-01 1.473516453876952534e-03
3.303122651611864967e+03 5.890621273070354436e-01 1.432799039225294245e-03
3.303131879116819619e+03 6.415395516296382716e-01 1.530938615412357926e-03
3.303141106621773815e+03 7.190777063698933214e-01 1.670987016718481280e-03
3.303150334126728467e+03 8.145939850658906467e-01 1.845913742324051211e-03
3.303159561631683118e+03 9.075525819163108299e-01 2.019393132631510778e-03
3.303168789136637770e+03 9.547167967665241006e-01 2.103681101884505647e-03
3.303178016641591967e+03 9.857507348926923818e-01 2.162177766325486510e-03
3.303187244146546618e+03 9.983432783736182481e-01 2.185077955082501914e-03
3.303196471651501270e+03 1.003422743903207959e+00 2.195779830258210840e-03
3.303205699156455921e+03 1.004599907570022488e+00 2.195987194141237747e-03
3.303214926661410573e+03 1.006144602070566219e+00 2.195596074487589453e-03
3.303224154166364769e+03 1.006741277629369380e+00 2.197038226260168703e-03
3.303233381671319421e+03 1.006850682523662277e+00 2.198732374558791652e-03
3.303242609176274073e+03 1.007088343352236848e+00 2.198289912219912427e-03
3.303251836681228724e+03 1.006946418365473495e+00 2.196936142091163082e-03
3.303261064186182921e+03 1.006619028347756739e+00 2.196525481283969228e-03
3.303270291691137572e+03 1.006395461242944211e+00 2.196181592213137211e-03
3.303279519196092224e+03 1.006922505862630768e+00 2.196475571880909198e-03
3.303288746701046875e+03 1.007770296933064857e+00 2.197317613965497213e-03
3.303297974206001072e+03 1.008232835041258602e+00 2.198162588637593562e-03
3.303307201710955724e+03 1.008423431399931181e+00 2.198720551977422465e-03
3.303316429215910375e+03 1.007870155667627055e+00 2.196166065904941057e-03
3.303325656720865027e+03 1.007404709747073746e+00 2.193065595091987958e-03
3.303334884225819224e+03 1.008291457590679618e+00 2.193476742404811431e-03
3.303344111730773875e+03 1.009412412182679963e+00 2.194578602777162799e-03
3.303353339235728527e+03 1.009427986370294406e+00 2.194959392130829776e-03
3.303362566740683178e+03 1.008802722150548670e+00 2.194699890336995578e-03
3.303371794245637830e+03 1.009498201664053463e+00 2.193541951479973176e-03
3.303381021750592026e+03 1.011154577498795559e+00 2.193842642655392979e-03
3.303390249255546678e+03 1.010406698691445504e+00 2.192461164209957413e-03
3.303399476760501329e+03 1.008165222528109917e+00 2.188822321978965181e-03
3.303408704265455981e+03 1.008731541059786130e+00 2.187893281213135893e-03
3.303417931770410178e+03 1.010795276930096520e+00 2.188400320491610748e-03
3.303427159275364829e+03 1.010136382473403760e+00 2.184617810920781288e-03
3.303436386780319481e+03 1.008424061639588976e+00 2.180285817307292713e-03
3.303445614285274132e+03 1.009383953934189337e+00 2.182282858392281966e-03
3.303454841790228329e+03 1.010871649707897113e+00 2.184738900761190334e-03
3.303464069295182981e+03 1.010271729286637887e+00 2.183851262412811640e-03
3.303473296800137632e+03 1.009562015298477000e+00 2.182015387729715344e-03
3.303482524305092284e+03 1.011019116150808639e+00 2.182437997550101729e-03
3.303491751810046480e+03 1.012353939154233995e+00 2.184397501646161057e-03
3.303500979315001132e+03 1.011195846611147919e+00 2.184220097676594849e-03
5.889411643957697379e+03 1.001406644571656290e+00 7.398327586864834838e-04
5.889422536158228468e+03 1.001354082683131308e+00 7.410053133812123487e-04
5.889433428358760466e+03 1.001764761656913416e+00 7.419880423324754816e-04
5.889444320559292464e+03 1.002142236820305010e+00 7.416328993173768513e-04
5.889455212759824462e+03 1.002161282528332142e+00 7.413024095026067356e-04
5.889466104960355551e+03 1.001833075192646749e+00 7.409133896256050534e-04
5.889476997160887549e+03 1.001254643020004664e+00 7.404327302113621490e-04
5.889487889361419548e+03 1.001324257729428346e+00 7.415004197420521767e-04
5.889498781561951546e+03 1.001569811862684789e+00 7.425578694423073467e-04
5.889509673762482635e+03 1.001083567685034703e+00 7.429099221270709210e-04
5.889520565963014633e+03 1.000696514723229624e+00 7.432457660369991498e-04
5.889531458163546631e+03 1.000443356949287432e+00 7.431337134206669314e-04
5.889542350364078629e+03 1.000030489741889683e+00 7.425311519092390360e-04
5.889553242564609718e+03 1.000112137829828329e+00 7.412273971332716989e-04
5.889564134765141716e+03 1.000558579741233522e+00 7.413794501281183906e-04
5.889575026965673715e+03 1.000152636087444202e+00 7.418524717805540609e-04
5.889585919166205713e+03 9.994381789562886143e-01 7.400197511031769053e-04
5.889596811366736802e+03 9.996902794108269985e-01 7.395444626100675144e-04
5.889607703567268800e+03 1.000192776794122995e+00 7.413333752387520157e-04
5.889618595767800798e+03 1.000059580692359562e+00 7.418810290895820961e-04
5.889629487968332796e+03 9.994996514997328552e-01 7.409750099287076494e-04
5.889640380168863885e+03 9.987958907817773291e-01 7.416319663613670952e-04
5.889651272369395883e+03 9.985538828358477836e-01 7.430851259113854758e-04
5.889662164569927882e+03 9.991208127982453835e-01 7.423739818796374398e-04
5.889673056770459880e+03 9.994328651954111908e-01 7.405933765723869905e-04
5.889683948970990969e+03 9.990216779723840590e-01 7.398042013452063971e-04
5.889694841171522967e+03 9.992733837178588985e-01 7.413657564304809841e-04
5.889705733372054965e+03 9.997926519219995090e-01 7.430517384354157857e-04
5.889716625572586963e+03 9.991606219560555946e-01 7.433028923631308099e-04
5.889727517773118052e+03 9.983877102287445071e-01 7.441036196562237671e-04
5.889738409973650050e+03 9.983579627246778054e-01 7.447178632124131078e-04
5.889749302174182048e+03 9.983304339593965793e-01 7.437901125634320239e-04
5.889760194374714047e+03 9.982544098491673568e-01 7.432992926046040659e-04
5.889771086575246045e+03 9.984706056695674681e-01 7.435142885236367552e-04
5.889781978775777134e+03 9.982355207275314113e-01 7.425120719651073439e-04
5.889792870976309132e+03 9.970277062500986220e-01 7.411924787146779254e-04
5.889803763176841130e+03 9.951478724815294719e-01 7.407629950621849460e-04
5.889814655377373128e+03 9.939362629866789201e-01 7.403769438564856455e-04
5.889825547577904217e+03 9.938209139454066143e-01 7.398830078975980390e-04
5.889836439778436215e+03 9.935028851404671402e-01 7.390264462965353675e-04
5.889847331978968214e+03 9.922764993287688240e-01 7.380628318574050575e-04
5.889858224179500212e+03 9.905637954703637726e-01 7.358097737106433257e-04
5.889869116380031301e+03 9.885647220160672655e-01 7.329259328183162364e-04
5.889880008580563299e+03 9.855274347514663136e-01 7.313809400110821103e-04
5.889890900781095297e+03 9.822781715562897142e-01 7.301524838442986906e-04
5.889901792981627295e+03 9.797222499225431980e-01 7.305171728651621522e-04
5.889912685182158384e+03 9.768044210515453019e-01 7.311078789220139913e-04
5.889923577382690382e+03 9.734446246016226212e-01 7.298384754275149709e-04
5.889934469583222381e+03 9.691018242954199113e-01 7.274405537332974837e-04
5.889945361783754379e+03 9.622692451017790249e-01 7.254910225898472936e-04
5.889956253984285468e+03 9.541408404810186594e-01 7.236944605020313509e-04
5.889967146184817466e+03 9.455981548039551488e-01 7.194614248671890805e-04
5.889978038385349464e+03 9.370179305846497719e-01 7.142442569158041158e-04
5.889988930585881462e+03 9.293572252059968397e-01 7.107005159735265819e-04
5.889999822786412551e+03 9.225281183090824344e-01 7.075291220287832725e-04
5.890010714986944549e+03 9.159950390202129533e-01 7.024371581589001308e-04
5.890021607187476548e+03 9.096414053374743958e-01 6.975449750375638464e-04
5.890032499388008546e+03 9.028597296292303342e-01 6.942462077270016496e-04
5.890043391588539635e+03 8.940238505196688168e-01 6.908522635964076597e-04
5.890054283789071633e+03 8.793437451986522158e-01 6.844243240157306873e-04
5.890065175989603631e+03 8.535170751107105103e-01 6.711532495254864984e-04
5.890076068190135629e+03 8.065314794814683053e-01 6.453186592669274847e-04
5.890086960390666718e+03 7.351954104603513063e-01 6.061197923581838551e-04
5.890097852591198716e+03 6.243366632762135104e-01 5.444803733521708664e-04
5.890108744791730714e+03 4.885174089980045542e-01 4.664721234522005043e-04
5.890119636992262713e+03 3.392194382511937167e-01 3.741340897194947793e-04
5.890130529192793801e+03 2.046985379286702100e-01 2.823147191778645399e-04
5.890141421393325800e+03 1.105736415183798255e-01 2.055919048096318993e-04
5.890152313593857798e+03 4.967286380432210657e-02 1.479605589707974503e-04
5.890163205794389796e+03 2.448587150561196482e-02 1.179302645739210305e-04
5.890174097994921794e+03 1.348682616693715718e-02 1.030108865359384015e-04
5.890184990195452883e+03 1.041519222767687755e-02 9.832460609281252410e-05
5.890195882395984881e+03 9.300082950574323562e-03 9.655734778725056787e-05
5.890206774596516880e+03 9.084232295650928463e-03 9.625066319252999463e-05
5.890217666797048878e+03 9.605550406785859363e-03 9.715850105810924960e-05
5.890228558997579967e+03 1.269252875433850292e-02 1.020366206034410163e-04
5.890239451198111965e+03 2.174161390739787897e-02 1.147396032948603444e-04
5.890250343398643963e+03 4.750181408316812848e-02 1.458620807704218386e-04
5.890261235599175961e+03 9.485371842413772847e-02 1.933668489215762288e-04
5.890272127799707050e+03 1.881491522365624780e-01 2.679379817396168400e-04
5.890283020000239048e+03 3.132010130210823307e-01 3.560664489437812279e-04
5.890293912200771047e+03 4.741557673151018393e-01 4.542883865788819274e-04
5.890304804401303045e+03 6.342429791115129500e-01 5.469163172172455739e-04
5.890315696601834134e+03 7.541368301666424578e-01 6.133133017178366833e-04
5.890326588802366132e+03 8.394050079654064023e-01 6.603880094697842573e-04
5.890337481002898130e+03 8.738119873519628600e-01 6.801744395984977640e-04
5.890348373203430128e+03 8.887915467664869729e-01 6.893673252976713697e-04
5.890359265403961217e+03 8.960744771155226829e-01 6.946782645733750412e-04
5.890370157604493215e+03 9.049333543782953626e-01 7.003565978652437091e-04
5.890381049805025214e+03 9.193806179922171529e-01 7.066584641945630870e-04
5.890391942005557212e+03 9.353152207613236735e-01 7.137117826587514044e-04
5.890402834206088301e+03 9.498668268525016778e-01 7.215501624430612285e-04
5.890413726406620299e+03 9.628567649124619710e-01 7.292634091843863122e-04
5.890424618607152297e+03 9.719202061009355464e-01 7.350466744771080039e-04
5.890435510807684295e+03 9.782922913830518485e-01 7.386731074261411369e-04
5.890446403008215384e+03 9.819188170569284058e-01 7.399988362654840108e-04
5.890457295208747382e+03 9.840531602695304914e-01 7.409951566396950733e-04
5.890468187409279381e+03 9.832277323122469159e-01 7.412652552453200634e-04
5.890479079609811379e+03 9.804162455712835955e-01 7.405649918190549243e-04
5.890489971810342468e+03 9.759311326764129602e-01 7.394766634385471337e-04
5.890500864010874466e+03 9.715094020451195966e-01 7.379843955174505109e-04
5.890511756211406464e+03 9.679670412689382886e-01 7.353958223065930593e-04
5.890522648411938462e+03 9.674602917291841297e-01 7.350804088031545657e-04
5.890533540612470460e+03 9.726296961433921195e-01 7.385649307338475623e-04
5.890544432813001549e+03 9.789542259742389785e-01 7.412421050280210318e-04
5.890555325013533547e+03 9.849452065041675031e-01 7.435271600205160553e-04
5.890566217214065546e+03 9.897010396952884426e-01 7.466093777214167192e-04
5.890577109414597544e+03 9.928145481020194119e-01 7.484296886829241643e-04
5.890588001615128633e+03 9.949039642909253134e-01 7.486552337418391238e-04
5.890598893815660631e+03 9.953354301827520567e-01 7.476345865193289317e-04
5.890609786016192629e+03 9.960238375798202703e-01 7.463734544133949784e-04
5.890620678216724627e+03 9.973115118609775509e-01 7.460050082902755812e-04
5.890631570417255716e+03 9.979561835501298273e-01 7.460871993781788844e-04
5.890642462617787714e+03 9.977036433305707108e-01 7.446944988250454606e-04
5.890653354818319713e+03 9.979680440166308619e-01 7.439137705472374709e-04
5.890664247018851711e+03 9.989819004823362603e-01 7.462870051925563379e-04
5.890675139219382800e+03 9.997315171193748018e-01 7.490172801091256067e-04
5.890686031419914798e+03 9.996180155806569934e-01 7.500077253484969952e-04
5.890696923620446796e+03 9.996192152350645843e-01 7.511413634159512867e-04
5.890707815820978794e+03 9.995446662801901194e-01 7.525183749612084387e-04
5.890718708021509883e+03 9.993175270191979598e-01 7.533710261004294018e-04
5.890729600222041881e+03 9.995806240603160031e-01 7.545758835169170215e-04
5.890740492422573880e+03 9.996543802153821101e-01 7.547571700537702164e-04
5.890751384623105878e+03 9.998135889670889398e-01 7.532990332904394414e-04
5.890762276823636967e+03 1.000272354290503873e+00 7.530577214248194160e-04
5.890773169024168965e+03 1.000048056892174797e+00 7.538188016448712104e-04
5.890784061224700963e+03 9.995725274932060200e-01 7.540921936017739788e-04
5.890794953425232961e+03 9.998712328968435425e-01 7.549821261464027475e-04
5.890805845625764050e+03 1.000317602019182850e+00 7.558649657186241808e-04
5.890816737826296048e+03 1.000276231475230482e+00 7.554228380375510891e-04
5.890827630026828047e+03 1.000174703078713367e+00 7.552631928924115117e-04
5.890838522227360045e+03 1.000129996679918198e+00 7.565553548982146669e-04
5.890849414427891134e+03 1.000141599630389955e+00 7.575255053185861237e-04
5.890860306628423132e+03 1.000457620458392372e+00 7.567966618713817132e-04
5.890871198828955130e+03 1.000958943961854031e+00 7.558390672887340582e-04
5.890882091029487128e+03 1.001318621543312082e+00 7.568694873920794614e-04
5.890892983230018217e+03 1.001414417373856391e+00 7.583219994711919588e-04
5.890903875430550215e+03 1.001217561603622963e+00 7.578911656855857057e-04
5.890914767631082213e+03 1.000989317675255785e+00 7.574985753054096519e-04
5.895331304988924785e+03 1.000522291936259744e+00 8.213024392832133118e-04
5.895341826480618693e+03 1.000084012854335347e+00 8.220843779514260680e-04
5.895352347972313510e+03 9.995460519768140095e-01 8.222692374894917606e-04
5.895362869464007417e+03 9.992926066665278606e-01 8.223576739893822228e-04
5.895373390955701325e+03 1.000656497696159608e+00 8.218005791078970791e-04
5.895383912447396142e+03 1.001798418675231561e+00 8.213095522488015861e-04
5.895394433939090050e+03 1.001596156519483527e+00 8.225673842636596969e-04
5.895404955430783957e+03 1.001471640595916757e+00 8.239269022875032834e-04
5.895415476922477865e+03 1.000217044048483439e+00 8.231171636360480170e-04
5.895425998414172682e+03 9.986759342257971461e-01 8.219875783947492394e-04
5.895436519905866589e+03 9.985830457999590459e-01 8.210289545081395340e-04
5.895447041397560497e+03 9.988075863685423883e-01 8.202680814236969686e-04
5.895457562889255314e+03 9.993397796137858391e-01 8.225256320673596635e-04
5.895468084380949222e+03 9.998968596669076669e-01 8.252234041768063185e-04
5.895478605872643129e+03 9.999274165462944675e-01 8.243292183414165086e-04
5.895489127364337037e+03 9.999104494052836190e-01 8.227675051724580831e-04
5.895499648856031854e+03 1.000269697161784821e+00 8.222099744935889741e-04
5.895510170347725762e+03 1.000494605018991123e+00 8.218356307593753214e-04
5.895520691839419669e+03 1.000373308667446226e+00 8.232456934351530583e-04
5.895531213331113577e+03 1.000331814410198250e+00 8.250008255367074573e-04
5.895541734822808394e+03 1.000627037439573153e+00 8.246464531588383129e-04
5.895552256314502301e+03 1.001035231700775574e+00 8.238213483514175619e-04
5.895562777806196209e+03 1.000606002808787309e+00 8.243718967904439462e-04
5.895573299297891026e+03 1.000129140645106496e+00 8.253877495427498247e-04
5.895583820789584934e+03 1.000490108362316111e+00 8.269327135615579891e-04
5.895594342281278841e+03 1.000813836536910584e+00 8.285010214525076726e-04
5.895604863772972749e+03 1.000324053114532541e+00 8.269552304118818345e-04
5.895615385264667566e+03 9.994060085733196264e-01 8.244363903141202227e-04
5.895625906756361474e+03 9.988436126224273792e-01 8.244419262270458832e-04
5.895636428248055381e+03 9.986550777696568959e-01 8.253116172413630693e-04
5.895646949739749289e+03 9.993251312468147685e-01 8.263545709956957768e-04
5.895657471231444106e+03 1.000159216383459393e+00 8.271708262038411381e-04
5.895667992723138013e+03 1.000163397936266518e+00 8.271074156880318419e-04
5.895678514214831921e+03 1.000127306923058956e+00 8.271673628049004516e-04
5.895689035706526738e+03 1.000566527560744934e+00 8.265664760191153339e-04
5.895699557198220646e+03 1.000839497736797590e+00 8.255760066151388412e-04
5.895710078689914553e+03 1.000757360873190782e+00 8.263947187664512405e-04
5.895720600181608461e+03 1.000918990471354908e+00 8.278687263809239930e-04
5.895731121673303278e+03 1.000512277715534859e+00 8.281741231647436925e-04
5.895741643164997186e+03 9.993893510419544768e-01 8.279677996934933738e-04
5.895752164656691093e+03 9.985954566222235984e-01 8.283762879008122653e-04
5.895762686148385910e+03 9.983642021775128716e-01 8.291303644109524482e-04
5.895773207640079818e+03 9.988821148321513910e-01 8.292414546686595854e-04
5.895783729131773725e+03 9.992810401598125614e-01 8.287132781206170504e-04
5.895794250623467633e+03 9.988087866299876216e-01 8.293869360790204941e-04
5.895804772115162450e+03 9.983223657792800187e-01 8.307577564695737236e-04
5.895815293606856358e+03 9.975307308622419766e-01 8.308580382746044799e-04
5.895825815098550265e+03 9.966264177773465072e-01 8.306902810137303285e-04
5.895836336590244173e+03 9.957160292989321038e-01 8.294340990053410221e-04
5.895846858081938990e+03 9.945836278075684822e-01 8.270405042921704373e-04
5.895857379573632898e+03 9.936620658120701721e-01 8.267942756067066723e-04
5.895867901065326805e+03 9.926059388824320928e-01 8.278612712671619932e-04
5.895878422557021622e+03 9.909584431344390376e-01 8.274939615218789360e-04
5.895888944048715530e+03 9.890280894061783679e-01 8.262304600881528608e-04
5.895899465540409437e+03 9.863274829366653895e-01 8.246758281620764335e-04
5.895909987032103345e+03 9.834991434636141117e-01 8.232026465232146137e-04
5.895920508523798162e+03 9.801936349128730352e-01 8.205003600335475118e-04
5.895931030015492070e+03 9.762270521797290490e-01 8.171778408405613349e-04
5.895941551507185977e+03 9.723536265384528088e-01 8.159761146601012330e-04
5.895952072998879885e+03 9.688577913982128198e-01 8.154898225270854756e-04
5.895962594490574702e+03 9.647225792400540012e-01 8.140612022771194630e-04
5.895973115982268610e+03 9.603910014493045599e-01 8.125697050662036283e-04
5.895983637473962517e+03 9.574299291936905210e-01 8.110810858751145913e-04
5.895994158965657334e+03 9.550413332547608158e-01 8.091776013957952592e-04
5.896004680457351242e+03 9.514821498137303601e-01 8.069998123847296669e-04
5.896015201949045149e+03 9.469129323623998173e-01 8.049922698152692279e-04
5.896025723440739057e+03 9.372929366396638429e-01 7.991839493098778537e-04
5.896036244932433874e+03 9.230748067811591628e-01 7.898502223621085795e-04
5.896046766424127782e+03 8.909284604689524656e-01 7.706071214682748676e-04
5.896057287915821689e+03 8.419210202655708075e-01 7.426034690179462170e-04
5.896067809407515597e+03 7.578181118089288848e-01 6.918335541703467522e-04
5.896078330899210414e+03 6.440866307590542572e-01 6.220093052833639913e-04
5.896088852390904322e+03 5.052027868831955315e-01 5.324327838165043240e-04
5.896099373882598229e+03 3.513236359945036691e-01 4.289257210395483032e-04
5.896109895374293046e+03 2.197315024640425496e-01 3.289256052492854090e-04
5.896120416865986954e+03 1.156050935444238037e-01 2.370874655867111951e-04
5.896130938357680861e+03 5.476563369814215626e-02 1.752302371207179322e-04
5.896141459849374769e+03 2.624777940524255712e-02 1.374826571794258913e-04
5.896151981341069586e+03 1.387445350861156793e-02 1.202703469423408220e-04
5.896162502832763494e+03 1.103780004704051076e-02 1.155317985964211450e-04
5.896173024324457401e+03 9.881427098029844577e-03 1.136422106780557374e-04
5.896183545816152218e+03 9.928608883771101665e-03 1.138863814901165423e-04
5.896194067307846126e+03 1.226171307383244237e-02 1.179122158875139936e-04
5.896204588799540034e+03 1.722160026179345160e-02 1.261121578321621091e-04
5.896215110291233941e+03 3.648761743021382287e-02 1.519279415287910729e-04
5.896225631782928758e+03 7.198625220949031456e-02 1.956492737279971880e-04
5.896236153274622666e+03 1.409336623561532331e-01 2.617778966657976396e-04
5.896246674766316573e+03 2.480670519564615317e-01 3.503106639346615335e-04
5.896257196258010481e+03 3.868854304693334911e-01 4.525508593499019162e-04
5.896267717749705298e+03 5.507065809134000789e-01 5.618446373915182918e-04
5.896278239241399206e+03 6.984316070445282243e-01 6.564820928252029352e-04
5.896288760733093113e+03 8.161356103472349188e-01 7.298663617830115566e-04
5.896299282224787930e+03 8.905965695958135697e-01 7.752732957175972623e-04
5.896309803716481838e+03 9.241223950796204623e-01 7.948026514353445215e-04
5.896320325208175746e+03 9.399321257878995306e-01 8.037079183048361115e-04
5.896330846699869653e+03 9.437636999425677020e-01 8.065256384888559640e-04
5.896341368191564470e+03 9.488661369697221071e-01 8.106066692310474886e-04
5.896351889683258378e+03 9.559292414802477156e-01 8.156540970170721855e-04
5.896362411174952285e+03 9.638880606975306353e-01 8.213249176692578694e-04
5.896372932666646193e+03 9.722519714644807243e-01 8.264138479281300711e-04
5.896383454158341010e+03 9.794443926280312906e-01 8.302350423214485600e-04
5.896393975650034918e+03 9.853640948072412975e-01 8.345179398234206991e-04
5.896404497141728825e+03 9.894475157721835945e-01 8.378308856120969149e-04
5.896415018633423642e+03 9.918049533277805141e-01 8.387741493232268820e-04
5.896425540125117550e+03 9.932566093265685625e-01 8.390486919458319112e-04
5.896436061616811457e+03 9.935414463479671499e-01 8.394591140099131373e-04
5.896446583108505365e+03 9.928983209188207981e-01 8.394618081117546015e-04
5.896457104600200182e+03 9.899577909762335981e-01 8.378103081116927654e-04
5.896467626091894090e+03 9.875627900803084502e-01 8.362266110830026940e-04
5.896478147583587997e+03 9.864819097394562641e-01 8.349816554951861730e-04
5.896488669075282814e+03 9.853699899092549508e-01 8.345308816311178225e-04
5.896499190566976722e+03 9.853198039582741208e-01 8.364536377684328146e-04
5.896509712058670630e+03 9.866462340611669157e-01 8.382895495934401852e-04
5.896520233550364537e+03 9.906400824152367113e-01 8.398046434030607401e-04
5.896530755042059354e+03 9.943253661323036008e-01 8.413013454456583261e-04
5.896541276533753262e+03 9.963455956259404944e-01 8.426063228140030434e-04
5.896551798025447169e+03 9.975945839628395095e-01 8.445850620982349932e-04
5.896562319517141077e+03 9.977299944784694397e-01 8.459320927673911854e-04
5.896572841008835894e+03 9.977401174104865156e-01 8.453195954007610043e-04
5.896583362500529802e+03 9.981930207846276826e-01 8.443934865960270666e-04
5.896593883992223709e+03 9.992402559069327728e-01 8.443602013539400859e-04
5.896604405483918526e+03 9.999321710128165064e-01 8.445072565156494168e-04
5.896614926975612434e+03 9.999364519034180665e-01 8.448838829471426405e-04
5.896625448467306342e+03 9.995947394525868113e-01 8.452443645124822508e-04
5.896635969959000249e+03 9.992484351776322882e-01 8.444681231979058898e-04
5.896646491450695066e+03 9.995779984305876997e-01 8.437033053247858629e-04
5.896657012942388974e+03 1.000199392226692741e+00 8.445766976544139340e-04
5.896667534434082881e+03 9.999064652077015447e-01 8.452578634376628139e-04
5.896678055925776789e+03 9.995957472936334298e-01 8.451470076869971749e-04
5.896688577417471606e+03 9.998549666494712662e-01 8.455946665505656868e-04
5.896699098909165514e+03 9.998750095073533073e-01 8.458239917738289652e-04
5.896709620400859421e+03 9.997570938645734540e-01 8.455837245208883916e-04
5.896720141892554238e+03 9.998902191714649224e-01 8.454428947341004631e-04
5.896730663384248146e+03 9.998510175899814056e-01 8.449153750109177291e-04
5.896741184875942054e+03 9.995049865151427460e-01 8.444781175227934322e-04
5.896751706367635961e+03 9.993895018850710299e-01 8.446685496531160155e-04
5.896762227859330778e+03 9.997947069384767182e-01 8.459259939805370684e-04
5.896772749351024686e+03 1.000469808083638945e+00 8.474619010623256473e-04
5.896783270842718593e+03 1.000454986417440129e+00 8.480564327474760097e-04
5.896793792334413411e+03 1.000488681848584083e+00 8.487482785551759678e-04
5.896804313826107318e+03 1.001141741614818281e+00 8.502386706782549168e-04
5.896814835317801226e+03 1.001274206233971897e+00 8.516940746571399073e-04
5.896825356809495133e+03 1.001140671690391004e+00 8.519949034649723380e-04
5.896835878301189950e+03 1.000865777806143608e+00 8.511508163053867378e-04
5.896846399792883858e+03 1.000116937975896292e+00 8.502646091155995284e-04
5.896856921284577766e+03 9.995382500217737665e-01 8.501339808126414863e-04
5.896867442776271673e+03 9.995125295707121271e-01 8.498149370842806747e-04
5.896877964267966490e+03 9.998153899680950474e-01 8.490960718706450994e-04
5.896888485759660398e+03 1.000031305707643092e+00 8.506593525958729921e-04
