3.301488485754714020e+03 1.007660423004625105e+00 4.185393248279611206e-03 9.745637033398585118e+03
3.301497696456509857e+03 1.009414173866065356e+00 4.185244698685197662e-03 9.760778427412051315e+03
3.301506907158305239e+03 1.011168578893538506e+00 4.185104312349792119e-03 9.775919821424773545e+03
3.301516117860101076e+03 1.009734592238674455e+00 4.176149853472698424e-03 9.760235449782350770e+03
3.301525328561896913e+03 1.008249166749004777e+00 4.167104904691030023e-03 9.744059127231237653e+03
3.301534539263692295e+03 1.006896104664479319e+00 4.158272893361431889e-03 9.729167127284075832e+03
3.301543749965488132e+03 1.005547574003379019e+00 4.149528892306051514e-03 9.714323783657802778e+03
3.301552960667283969e+03 1.006567940066595668e+00 4.149713556122334134e-03 9.722366303800896276e+03
3.301562171369079806e+03 1.007766418024058197e+00 4.150569882609476610e-03 9.732125192898976820e+03
3.301571382070875188e+03 1.008344387610027759e+00 4.154872050078147784e-03 9.735888552608019381e+03
3.301580592772671025e+03 1.008840119662834933e+00 4.159532712414567950e-03 9.738855946540332297e+03
3.301589803474466862e+03 1.008860375104426943e+00 4.160818772600146341e-03 9.737232388206253745e+03
3.301599014176262244e+03 1.008805710655418686e+00 4.161619666670372635e-03 9.734885786515589643e+03
3.301608224878058081e+03 1.008110748192823980e+00 4.152724286796089480e-03 9.726361717352756386e+03
3.301617435579853918e+03 1.007299185863507196e+00 4.141910178769733775e-03 9.716715396485766178e+03
3.301626646281649300e+03 1.008425579609199874e+00 4.145587267304483292e-03 9.725762623746511963e+03
3.301635856983445137e+03 1.009978421207169408e+00 4.152460542651026723e-03 9.738917897237219222e+03
3.301645067685240974e+03 1.008430199091212787e+00 4.150682140728664121e-03 9.722170538471171312e+03
3.301654278387036356e+03 1.006124557699282107e+00 4.146812692938510111e-03 9.698127928309757408e+03
3.301663489088832193e+03 1.006333637167143191e+00 4.141043167580230576e-03 9.698328726101792199e+03
3.301672699790628030e+03 1.007303889766575367e+00 4.134900064704754956e-03 9.705863043346362247e+03
3.301681910492423867e+03 1.007433777173727174e+00 4.129283227292483531e-03 9.705298049432974949e+03
3.301691121194219249e+03 1.007284010231216387e+00 4.123851549606229010e-03 9.702038989900505840e+03
3.301700331896015086e+03 1.007942116639514607e+00 4.137494254061574971e-03 9.706560353164455591e+03
3.301709542597810923e+03 1.008925942809654419e+00 4.158879107055579553e-03 9.714215462267879047e+03
3.301718753299606306e+03 1.007952122366486902e+00 4.160784690251347236e-03 9.703021795265747642e+03
3.301727964001402142e+03 1.006111244004516125e+00 4.154093346327943082e-03 9.683486495656641637e+03
3.301737174703197979e+03 1.004530564832308626e+00 4.134554600863692489e-03 9.666461696284406571e+03
3.301746385404993362e+03 1.003056453024429251e+00 4.108285167740887735e-03 9.650467888388415304e+03
3.301755596106789199e+03 1.003302061834592029e+00 4.102890530754854659e-03 9.651021833570492163e+03
3.301764806808585035e+03 1.004496785268871317e+00 4.109075383334406112e-03 9.660702960528713447e+03
3.301774017510380418e+03 1.004038051132023046e+00 4.110795368151086426e-03 9.654480706082407778e+03
3.301783228212176255e+03 1.002584698058683443e+00 4.109830318379530285e-03 9.638697989579874047e+03
3.301792438913972092e+03 1.002021355926034030e+00 4.106922444095125087e-03 9.631475340291823159e+03
3.301801649615767928e+03 1.002086212099488227e+00 4.102754759798721458e-03 9.630291860832110615e+03
3.301810860317563311e+03 1.003370891234202311e+00 4.102036221027642246e-03 9.640828742899600911e+03
3.301820071019359148e+03 1.005496557704719462e+00 4.103581367914977372e-03 9.659440051846615461e+03
3.301829281721154985e+03 1.005696300162713941e+00 4.103660927159907303e-03 9.659545515661520767e+03
3.301838492422950367e+03 1.004338904846996616e+00 4.102508996467557276e-03 9.644697017806902295e+03
3.301847703124746204e+03 1.004063935198449276e+00 4.101808587522482244e-03 9.640246029868207188e+03
3.301856913826542041e+03 1.004704119655913441e+00 4.101080490930221825e-03 9.644580985957807570e+03
3.301866124528337423e+03 1.004531656325572397e+00 4.097182979222614881e-03 9.641114147894410053e+03
3.301875335230133260e+03 1.003567832325147569e+00 4.090333434302942384e-03 9.630054178883583518e+03
3.301884545931929097e+03 1.002884738780537743e+00 4.082976529509894578e-03 9.621691017795576045e+03
3.301893756633724479e+03 1.002508527956758710e+00 4.075093441963033997e-03 9.616274004121580219e+03
3.301902967335520316e+03 1.002383050677453813e+00 4.072481575729472100e-03 9.613262984282600883e+03
3.301912178037316153e+03 1.002536387292575881e+00 4.075794802213081325e-03 9.612925853368218668e+03
3.301921388739111990e+03 1.002851622824747047e+00 4.076573440715988879e-03 9.614140262398988853e+03
3.301930599440907372e+03 1.003390041137465882e+00 4.074131410231810260e-03 9.617492741388896320e+03
3.301939810142703209e+03 1.002860214321960708e+00 4.069184348703566018e-03 9.610606076188014413e+03
3.301949020844499046e+03 1.000841435466810481e+00 4.060596947948154518e-03 9.589455087072761671e+03
3.301958231546294428e+03 9.993509684731466391e-01 4.053863611590119258e-03 9.573372389095011386e+03
3.301967442248090265e+03 9.986589469584803425e-01 4.049901678924955166e-03 9.564942406604453936e+03
3.301976652949886102e+03 9.985085739505875635e-01 4.048184621025833867e-03 9.561701736929542676e+03
3.301985863651681484e+03 9.992239659723847200e-01 4.050061900930507046e-03 9.566750600191575359e+03
3.301995074353477321e+03 1.000020725106041120e+00 4.052846628805601911e-03 9.572575760281004477e+03
3.302004285055273158e+03 1.001016600462137252e+00 4.057481512204904293e-03 9.580303703660420069e+03
3.302013495757068540e+03 1.001798428754102854e+00 4.058331538065722277e-03 9.585979888308962472e+03
3.302022706458864377e+03 1.002039144731074582e+00 4.051332299799434780e-03 9.586476449288546064e+03
3.302031917160660214e+03 1.002135180890189492e+00 4.047083364411453200e-03 9.585588255874070455e+03
3.302041127862456051e+03 1.002152480969962012e+00 4.049512530801511155e-03 9.583946734518573066e+03
3.302050338564251433e+03 1.001765399165936765e+00 4.049248423759746994e-03 9.578438629671207309e+03
3.302059549266047270e+03 1.000451799460630342e+00 4.042675555636893181e-03 9.564074636089213527e+03
3.302068759967843107e+03 9.997200980715579277e-01 4.039756651149173025e-03 9.555277136081524077e+03
3.302077970669638489e+03 1.000434075337977013e+00 4.045871736991881081e-03 9.560297395844212588e+03
3.302087181371434326e+03 1.000649789120687361e+00 4.048356646783259245e-03 9.560554499019273862e+03
3.302096392073230163e+03 9.994234525935123958e-01 4.039958670522538278e-03 9.547035576584370574e+03
3.302105602775025545e+03 9.982766429570965050e-01 4.032227747157774225e-03 9.534280617262056694e+03
3.302114813476821382e+03 9.973645371915363933e-01 4.026719159063752405e-03 9.523770966044001398e+03
3.302124024178617219e+03 9.972047988044179245e-01 4.024935880656811682e-03 9.520447556060396892e+03
3.302133234880412601e+03 9.995447892079555308e-01 4.036119586064899206e-03 9.540985459841806005e+03
3.302142445582208438e+03 1.001152986623295549e+00 4.044268512216809067e-03 9.554531038572278703e+03
3.302151656284004275e+03 1.000104773874993747e+00 4.040649672002188594e-03 9.542724084191813745e+03
3.302160866985800112e+03 9.994927800563998543e-01 4.038088055512470929e-03 9.535082404148393834e+03
3.302170077687595494e+03 1.000551552677849010e+00 4.039921026452186932e-03 9.543378898762593963e+03
3.302179288389391331e+03 1.001273750760859116e+00 4.041659357375609538e-03 9.548461894370628215e+03
3.302188499091187168e+03 1.000633179904844017e+00 4.043076278871650213e-03 9.540548948912346532e+03
3.302197709792982550e+03 1.000103429839606983e+00 4.042355950312615138e-03 9.533694735828285047e+03
3.302206920494778387e+03 1.000010051422510537e+00 4.030895469022163606e-03 9.531001450155396014e+03
3.302216131196574224e+03 9.998192899375865084e-01 4.021555599145770765e-03 9.527380527988892936e+03
3.302225341898369606e+03 9.991501526593591365e-01 4.023898175549578925e-03 9.519202664338119575e+03
3.302234552600165443e+03 9.985732869121488608e-01 4.025408618442890933e-03 9.511906145881532211e+03
3.302243763301961280e+03 9.985362686541103816e-01 4.021862926894798941e-03 9.509753049588996873e+03
3.302252974003756663e+03 9.984447290054506707e-01 4.018957084731962850e-03 9.507080940105759510e+03
3.302262184705552500e+03 9.979443655614748110e-01 4.020944847691571705e-03 9.500517122661007306e+03
3.302271395407348336e+03 9.975559899959963728e-01 4.022529234441564634e-03 9.495021042057482191e+03
3.302280606109144173e+03 9.981624485829655447e-01 4.020409488285387779e-03 9.498993682044223533e+03
3.302289816810939556e+03 9.987311632525587290e-01 4.018568854317086832e-03 9.502605013793228864e+03
3.302299027512735393e+03 9.988796043039893657e-01 4.019646655843464589e-03 9.502216284450680178e+03
3.302308238214531229e+03 9.990055637686503509e-01 4.020587962997734452e-03 9.501613195818757958e+03
3.302317448916326612e+03 9.988601343808077848e-01 4.019654427936431192e-03 9.498428943553804856e+03
3.302326659618122449e+03 9.987219586187916498e-01 4.018952779345887419e-03 9.495314179336033703e+03
3.302335870319918286e+03 9.987054204429569593e-01 4.021749091166208073e-03 9.493356159192864652e+03
3.302345081021713668e+03 9.987330166651333663e-01 4.024309789924539194e-03 9.491817645780658495e+03
3.302354291723509505e+03 9.986721306792669672e-01 4.019348876308769317e-03 9.489438269975418734e+03
3.302363502425305342e+03 9.985523428490712394e-01 4.014619519429911063e-03 9.486499531337358349e+03
3.302372713127100724e+03 9.980935554845183910e-01 4.019933206368072644e-03 9.480341254717664924e+03
3.302381923828896561e+03 9.976266881893504079e-01 4.025154807004797594e-03 9.474107900349648844e+03
3.302391134530692398e+03 9.966455678141274976e-01 4.021171431370879588e-03 9.462993477211535719e+03
3.302400345232488235e+03 9.956700445175488134e-01 4.017140167145692026e-03 9.451935725518003892e+03
3.302409555934283617e+03 9.920408901033518356e-01 3.998005151043496075e-03 9.415695249815667921e+03
3.302418766636079454e+03 9.884017770089694732e-01 3.978890311206795261e-03 9.379373359465016620e+03
3.302427977337875291e+03 9.842274693378516570e-01 3.962047738130948515e-03 9.337986864060527296e+03
3.302437188039670673e+03 9.800511914150266124e-01 3.945244002727624211e-03 9.296596732728965435e+03
3.302446398741466510e+03 9.680071334445682352e-01 3.896127871393327818e-03 9.180603442718225779e+03
3.302455609443262347e+03 9.558640060630372304e-01 3.846403762843546986e-03 9.063714188334583014e+03
3.302464820145057729e+03 9.192964551692117681e-01 3.729090990155688786e-03 8.715314972361193213e+03
3.302474030846853566e+03 8.819801650378443769e-01 3.609298594184304990e-03 8.359950616494505084e+03
3.302483241548649403e+03 7.986110954206628865e-01 3.308761035276427086e-03 7.568287294027810276e+03
3.302492452250444785e+03 7.131385131222283125e-01 2.998725898199311197e-03 6.756993818597629797e+03
3.302501662952240622e+03 6.034679930902148159e-01 2.605934537537732930e-03 5.716776531847542174e+03
3.302510873654036459e+03 4.922898040537546094e-01 2.207614636420492365e-03 4.662675002588548523e+03
3.302520084355832296e+03 4.293248830201965571e-01 1.978289410121392838e-03 4.065534752976592245e+03
3.302529295057627678e+03 3.700483521319009594e-01 1.763365065425844024e-03 3.503542497114103753e+03
3.302538505759423515e+03 4.062968498543551576e-01 1.875318661263997936e-03 3.846003296087243598e+03
3.302547716461219352e+03 4.500241173315829846e-01 2.017078084067111185e-03 4.259113874377324464e+03
3.302556927163014734e+03 5.801422046051212256e-01 2.479975175142114067e-03 5.489530145419164000e+03
3.302566137864810571e+03 7.173806684338518425e-01 2.972587939935530076e-03 6.786840100633426118e+03
3.302575348566606408e+03 8.259442244685908374e-01 3.368570346939739509e-03 7.812425470774996938e+03
3.302584559268401790e+03 9.317336114485414988e-01 3.754790460590871903e-03 8.811384079881616344e+03
3.302593769970197627e+03 9.639866690836297325e-01 3.874542742613966331e-03 9.114662347952198616e+03
3.302602980671993464e+03 9.877668741281504516e-01 3.961423716079689843e-03 9.337727280117464034e+03
3.302612191373788846e+03 9.943105329438903794e-01 3.983078630186259218e-03 9.397794058781921194e+03
3.302621402075584683e+03 9.984992995340633559e-01 3.995338325215059064e-03 9.435584060560608123e+03
3.302630612777380520e+03 9.988141551474392088e-01 3.993886554199029860e-03 9.436758392144227400e+03
3.302639823479176357e+03 9.985858497335228234e-01 3.990359501812102035e-03 9.432800802808071239e+03
3.302649034180971739e+03 1.001161055634690600e+00 3.996163395235263413e-03 9.455321395629076505e+03
3.302658244882767576e+03 1.004051645959078032e+00 4.003207538130118537e-03 9.480810735734028640e+03
3.302667455584563413e+03 1.002536790034720848e+00 3.993963949082488495e-03 9.464698936175169365e+03
3.302676666286358795e+03 1.000364397302107244e+00 3.982051313156964242e-03 9.442386144712736495e+03
3.302685876988154632e+03 9.994744383331376492e-01 3.978565088438878496e-03 9.432183698868784631e+03
3.302695087689950469e+03 9.988546544774027369e-01 3.976744815034238822e-03 9.424533656583391348e+03
3.302704298391745851e+03 9.990701579147783784e-01 3.979324905496300566e-03 9.424765563190296234e+03
3.302713509093541688e+03 9.994245581411707047e-01 3.982863399460738474e-03 9.426306730228312517e+03
3.302722719795337525e+03 1.000413427001231925e+00 3.981199889680877950e-03 9.433829614669281000e+03
3.302731930497133362e+03 1.001501341062917216e+00 3.978461702354219899e-03 9.442282743844800279e+03
3.302741141198928744e+03 1.000813663498164807e+00 3.973592823601786346e-03 9.433994646379751430e+03
3.302750351900724581e+03 9.997439078234524601e-01 3.968199178528865681e-03 9.422108125415012182e+03
3.302759562602520418e+03 9.991717087243973117e-01 3.964946386972677435e-03 9.414913797819133833e+03
3.302768773304315800e+03 9.987863794463884837e-01 3.962465361486144054e-03 9.409482018490120026e+03
3.302777984006111637e+03 9.996718593131932451e-01 3.955793902844183078e-03 9.416021522817774894e+03
3.302787194707907474e+03 1.000718968091109273e+00 3.947738904234844234e-03 9.424079943326891225e+03
3.302796405409702857e+03 1.001302114087086137e+00 3.949089360567924721e-03 9.427766143319769981e+03
3.302805616111498693e+03 1.001827923558017863e+00 3.952656825238006974e-03 9.430910491334489052e+03
3.302814826813294530e+03 1.002867780639854933e+00 3.950348383378207012e-03 9.438891107784553242e+03
3.302824037515089913e+03 1.003989036225157561e+00 3.946552677489077732e-03 9.447633942054962972e+03
3.302833248216885750e+03 1.002104524977343258e+00 3.936648495096510721e-03 9.428093595932095923e+03
3.302842458918681587e+03 9.995107526302977607e-01 3.925096399502814824e-03 9.401888388018680416e+03
3.302851669620477423e+03 9.990559077242638919e-01 3.924998552519441512e-03 9.395808477752801991e+03
3.302860880322272806e+03 9.991315212256471900e-01 3.927864849330897808e-03 9.394718046770885849e+03
3.302870091024068643e+03 9.974943919997887321e-01 3.921097976475168209e-03 9.377525709768462548e+03
3.302879301725864480e+03 9.953648165432419370e-01 3.911516822527186417e-03 9.355710637611387938e+03
3.302888512427659862e+03 9.977318249262003835e-01 3.912239308429955702e-03 9.376159778962601195e+03
3.302897723129455699e+03 1.001256741007280793e+00 3.915748891288046117e-03 9.407479705003410345e+03
3.302906933831251536e+03 1.001535280961964869e+00 3.915334690517698925e-03 9.408290888408298997e+03
3.302916144533046918e+03 1.000919030590524894e+00 3.913806005355592414e-03 9.400697137942641348e+03
3.302925355234842755e+03 9.996563369266098231e-01 3.909115301427467520e-03 9.387035337662884558e+03
3.302934565936638592e+03 9.982348264390282777e-01 3.903524007521122843e-03 9.371887045669143845e+03
3.302943776638433974e+03 9.986594570946693006e-01 3.906066643434066583e-03 9.374072972163688974e+03
3.302952987340229811e+03 9.996240704537181498e-01 3.910991815691547240e-03 9.381325025670943432e+03
3.302962198042025648e+03 1.000279744348001376e+00 3.913349536224881332e-03 9.385674806124501629e+03
3.302971408743821485e+03 1.000743304295285352e+00 3.914765608938765469e-03 9.388219953706080560e+03
3.302980619445616867e+03 1.000561066720382142e+00 3.913003327640970745e-03 9.384706208070685534e+03
3.302989830147412704e+03 1.000215506129357168e+00 3.910337183610603125e-03 9.379661535080758767e+03
3.302999040849208541e+03 9.991728919914431017e-01 3.904699142963465042e-03 9.368082647495151832e+03
3.303008251551003923e+03 9.979361576640937148e-01 3.898154224381905012e-03 9.354687830497248797e+03
3.303017462252799760e+03 9.963877991192591210e-01 3.895309347987756243e-03 9.338376859229216279e+03
3.303026672954595597e+03 9.947204527974623511e-01 3.893547281441718261e-03 9.320956505296893738e+03
3.303035883656390979e+03 9.926004785618040005e-01 3.883474418849276483e-03 9.299301663018388354e+03
3.303045094358186816e+03 9.903526531003588040e-01 3.870740337780355020e-03 9.276456906208559303e+03
3.303054305059982653e+03 9.843089077494606709e-01 3.847047955703940605e-03 9.218071394582599169e+03
3.303063515761778035e+03 9.771437099588290431e-01 3.819949612489683538e-03 9.149207277098221311e+03
3.303072726463573872e+03 9.567090346722857408e-01 3.747801852570818021e-03 8.956147946096658416e+03
3.303081937165369709e+03 9.320537322733730701e-01 3.660896841193329691e-03 8.723658886118555529e+03
3.303091147867165546e+03 8.837362407530306996e-01 3.499442656202858722e-03 8.269832556684161318e+03
3.303100358568960928e+03 8.285135477637084467e-01 3.315398313759132173e-03 7.751575384677179500e+03
3.303109569270756765e+03 7.500454351932631658e-01 3.045087744144112357e-03 7.016075053566481984e+03
3.303118779972552602e+03 6.641707437024666483e-01 2.746166816023274965e-03 6.211588431004089216e+03
3.303127990674347984e+03 5.957449204252429631e-01 2.505484367023903987e-03 5.570568772208744122e+03
3.303137201376143821e+03 5.324491432881551800e-01 2.282741847820963198e-03 4.977755600783435511e+03
3.303146412077939658e+03 5.275213769194039282e-01 2.249471544460746302e-03 4.930735760922013469e+03
3.303155622779735040e+03 5.399538247622537313e-01 2.276657586070302171e-03 5.045968095942088439e+03
3.303164833481530877e+03 6.285400440283328560e-01 2.578398654760346610e-03 5.872689324145903811e+03
3.303174044183326714e+03 7.402602812970661139e-01 2.966929080381086863e-03 6.915199328434996460e+03
3.303183254885122096e+03 8.366207269425529613e-01 3.306934889229246315e-03 7.813849443590392184e+03
3.303192465586917933e+03 9.284204153511367297e-01 3.631706297882622819e-03 8.669563836833303867e+03
3.303201676288713770e+03 9.683194214217683005e-01 3.773649847113718162e-03 9.040393643630563020e+03
3.303210886990509607e+03 9.923385977485280618e-01 3.857263008031073734e-03 9.262851426183988224e+03
3.303220097692304989e+03 9.996784501632621778e-01 3.880644138726477722e-03 9.329561754724611092e+03
3.303229308394100826e+03 1.001730724984275511e+00 3.884033218227857503e-03 9.346908499048233352e+03
3.303238519095896663e+03 1.002754051361198107e+00 3.886933596561361476e-03 9.354648827208346120e+03
3.303247729797692045e+03 1.003579333324477352e+00 3.889761049676185301e-03 9.360538274408470897e+03
3.303256940499487882e+03 1.002329566376628733e+00 3.881183826814973981e-03 9.347074187739597619e+03
3.303266151201283719e+03 1.000425430032971796e+00 3.869013554834187414e-03 9.327513564177914304e+03
3.303275361903079101e+03 1.000656493333918151e+00 3.868773870921255083e-03 9.327863591706664010e+03
3.303284572604874938e+03 1.001617743320080578e+00 3.872735490741589272e-03 9.335018082653339661e+03
3.303293783306670775e+03 1.002114958392157584e+00 3.871741012757454539e-03 9.337845165881635694e+03
3.303302994008466158e+03 1.002428806972228026e+00 3.869001368240169644e-03 9.338962152445625179e+03
3.303312204710261994e+03 1.003737107671933693e+00 3.874783969857584134e-03 9.349340862746905259e+03
3.303321415412057831e+03 1.005327704094874708e+00 3.883095647468125158e-03 9.362343798387664719e+03
3.303330626113853668e+03 1.005101469599564590e+00 3.878369179545219404e-03 9.358424621145646597e+03
3.303339836815649051e+03 1.004327235925293937e+00 3.869455929654087595e-03 9.349404868490693843e+03
3.303349047517444887e+03 1.004309243196418011e+00 3.863460102474035318e-03 9.347426483611954609e+03
3.303358258219240724e+03 1.004542906218142351e+00 3.858539696207626945e-03 9.347789950198808583e+03
3.303367468921036107e+03 1.006462071800505953e+00 3.861067907458886825e-03 9.363834005798486032e+03
3.303376679622831944e+03 1.008782909787268478e+00 3.865508542411498234e-03 9.383607460838607949e+03
3.303385890324627781e+03 1.007638647789949493e+00 3.855721476503399994e-03 9.371146747470069386e+03
3.303395101026423163e+03 1.005592943969761288e+00 3.841925407200220965e-03 9.350308281022595111e+03
3.303404311728219000e+03 1.005025932956134183e+00 3.844097008489949941e-03 9.343223859946649100e+03
3.303413522430014837e+03 1.004976672688390416e+00 3.850860212661560891e-03 9.340953820031094438e+03
3.303422733131810219e+03 1.004810280142113932e+00 3.848425282042418002e-03 9.337595459907182885e+03
3.303431943833606056e+03 1.004477040162296664e+00 3.843339095409461018e-03 9.332687505159610737e+03
3.303441154535401893e+03 1.005260223652301610e+00 3.846974311306775463e-03 9.338151531071735008e+03
3.303450365237197730e+03 1.006297260105569968e+00 3.852781099363477950e-03 9.345970388146537516e+03
3.303459575938993112e+03 1.007817306475931485e+00 3.852410008536987646e-03 9.358270581704569850e+03
3.303468786640788949e+03 1.009441741991265351e+00 3.850362528698751848e-03 9.371534429748557159e+03
3.303477997342584786e+03 1.008291132254025335e+00 3.853741867862651039e-03 9.359034240624914673e+03
3.303487208044380168e+03 1.006614647078941882e+00 3.858635529686735895e-03 9.341657933661497736e+03
3.303496418746176005e+03 1.005175815946736551e+00 3.848666989072743131e-03 9.326492738191103854e+03
3.303505629447971842e+03 1.003720519271672940e+00 3.835297565196910206e-03 9.311179986145045405e+03
3.303514840149767224e+03 1.007195771825969866e+00 3.850053220306766735e-03 9.341602650137087039e+03
3.303524050851563061e+03 1.011671733658601191e+00 3.870644601211190982e-03 9.381292418461527632e+03
3.303533261553358898e+03 1.012162345520246198e+00 3.867860644604906219e-03 9.384016843120110934e+03
3.303542472255154280e+03 1.011937857049112210e+00 3.860713627064724790e-03 9.380110909234921564e+03
3.303551682956950117e+03 1.011718180493568875e+00 3.858763080026768062e-03 9.376250380059531381e+03
3.303560893658745954e+03 1.011356883491254743e+00 3.857573224391307176e-03 9.371078409660840407e+03
3.303570104360541791e+03 1.010965926615985833e+00 3.857707142903343822e-03 9.365632971812270625e+03
3.303579315062337173e+03 1.010731742408282674e+00 3.858230167203420633e-03 9.361641010079949410e+03
3.303588525764133010e+03 1.010702492397308472e+00 3.859116131078557405e-03 9.359547673275021225e+03
3.303597736465928847e+03 1.010635184555192634e+00 3.860163729582493600e-03 9.357102078393159900e+03
3.303606947167724229e+03 1.011794489058271518e+00 3.865843543461038208e-03 9.366011270243687250e+03
3.303616157869520066e+03 1.013158007036466968e+00 3.872292247469597166e-03 9.376806282910734808e+03
3.303625368571315903e+03 1.012011991641602604e+00 3.869559327700181940e-03 9.364375100374783869e+03
3.303634579273111285e+03 1.010606297732850711e+00 3.865724841979148365e-03 9.349545655043330044e+03
3.303643789974907122e+03 1.011216674530306836e+00 3.865150326494957728e-03 9.353369165283680559e+03
3.303653000676702959e+03 1.011914525292636702e+00 3.864590647555173758e-03 9.357999417499740957e+03
3.303662211378498341e+03 1.011962255599490046e+00 3.857071407197736144e-03 9.356616130943633834e+03
3.303671422080294178e+03 1.011934093856570627e+00 3.848817220940341146e-03 9.354531110227189856e+03
3.303680632782090015e+03 1.011010016195679206e+00 3.854367989530558657e-03 9.344165771764211968e+03
3.303689843483885852e+03 1.010100161104877436e+00 3.861472707169674723e-03 9.333935190876356501e+03
3.303699054185681234e+03 1.012053223396355950e+00 3.860229676547404648e-03 9.350157813648271258e+03
3.303708264887477071e+03 1.014117141860045868e+00 3.857800113676055319e-03 9.367397371386479790e+03
3.303717475589272908e+03 1.013935781616467580e+00 3.854865967971973263e-03 9.363893901137442299e+03
3.303726686291068290e+03 1.013660203093412537e+00 3.852075631899738641e-03 9.359521130690192877e+03
3.303735896992864127e+03 1.013158734664807881e+00 3.848476627636595020e-03 9.353064031499587145e+03
3.303745107694659964e+03 1.012634212264936995e+00 3.844597520812105627e-03 9.346395957526987331e+03
3.303754318396455346e+03 1.013084185034743845e+00 3.841773591473742096e-03 9.348722398774591056e+03
3.303763529098251183e+03 1.013498937166533942e+00 3.839002644912160780e-03 9.350722265414997310e+03
3.303772739800047020e+03 1.013445186025629940e+00 3.838022352059836540e-03 9.348398986231521121e+03
3.303781950501842402e+03 1.013459794461858632e+00 3.837136698785586358e-03 9.346706352038365367e+03
3.303791161203638239e+03 1.013777758363435755e+00 3.829701824930879708e-03 9.347810835926888103e+03
3.303800371905434076e+03 1.014097794335976355e+00 3.822065341347312753e-03 9.348933275514500565e+03
3.303809582607229913e+03 1.014868931924229223e+00 3.821154633139934361e-03 9.354212438128912254e+03
3.303818793309025295e+03 1.015585641495920788e+00 3.820341703800573478e-03 9.358987246074870200e+03
3.303828004010821132e+03 1.014403881740745916e+00 3.810898303552921144e-03 9.346267814360800912e+03
3.303837214712616969e+03 1.013238248810370390e+00 3.801301851252626967e-03 9.333701200690222322e+03
3.303846425414412352e+03 1.013188034151283556e+00 3.808436412806630571e-03 9.331411737738919328e+03
3.303855636116208188e+03 1.013144550381040121e+00 3.815785059365761362e-03 9.329184434890585180e+03
5.888390307818899601e+03 1.007611025513008629e+00 1.127112198130979064e-03 1.867204527637142746e+04
5.888401180837694483e+03 1.007232802900661639e+00 1.127368676572980486e-03 1.866510908678816122e+04
5.888412053856489365e+03 1.006240686340438284e+00 1.125728318339827474e-03 1.864679668205907001e+04
5.888422926875283338e+03 1.005707252296054843e+00 1.126055550761067333e-03 1.863698408160133113e+04
5.888433799894078220e+03 1.005250248784818945e+00 1.127856922878717021e-03 1.862858776085568024e+04
5.888444672912873102e+03 1.005087898348419495e+00 1.125529505587441383e-03 1.862565169814948968e+04
5.888455545931667984e+03 1.004796029300391469e+00 1.124125508637436113e-03 1.862031544588383986e+04
5.888466418950462867e+03 1.003669156521164174e+00 1.124960933170003445e-03 1.859950527129935654e+04
5.888477291969256839e+03 1.003586693975276667e+00 1.126192281705369787e-03 1.859804950843510596e+04
5.888488164988051722e+03 1.004356967466235373e+00 1.127279715326587372e-03 1.861239634331210618e+04
5.888499038006846604e+03 1.004597499535480054e+00 1.127821509720025725e-03 1.861692626608639330e+04
5.888509911025641486e+03 1.004636927201008056e+00 1.131173972334596376e-03 1.861772939721520743e+04
5.888520784044436368e+03 1.004937516185391955e+00 1.134536402783339242e-03 1.862337234188491129e+04
5.888531657063230341e+03 1.005049677716951084e+00 1.129353118758524973e-03 1.862552340309265128e+04
5.888542530082025223e+03 1.004817828991926509e+00 1.122435056245890727e-03 1.862129927717873943e+04
5.888553403100820105e+03 1.004558313472215580e+00 1.119036037176607615e-03 1.861656239436121541e+04
5.888564276119614988e+03 1.004408749498074904e+00 1.117501105278757194e-03 1.861386311367986127e+04
5.888575149138409870e+03 1.003870482934995589e+00 1.111922045312625394e-03 1.860396028501994442e+04
5.888586022157203843e+03 1.003152198781592785e+00 1.104059863100209909e-03 1.859072123804433795e+04
5.888596895175998725e+03 1.003236113042412336e+00 1.096423452530543869e-03 1.859234872997548518e+04
5.888607768194793607e+03 1.003539258558573177e+00 1.089826828511754114e-03 1.859803912585249054e+04
5.888618641213588489e+03 1.002862329262643293e+00 1.087911068256634502e-03 1.858556630927517836e+04
5.888629514232383372e+03 1.002199870223689393e+00 1.086915406899936418e-03 1.857336156641128764e+04
5.888640387251177344e+03 1.002581278692817657e+00 1.095182440114878452e-03 1.858050237418374309e+04
5.888651260269972227e+03 1.002647712645734490e+00 1.106244362742105384e-03 1.858180589725657046e+04
5.888662133288767109e+03 1.001944379523802553e+00 1.114914027365450236e-03 1.856884348399481678e+04
5.888673006307561991e+03 1.001471132040737011e+00 1.122475008127727172e-03 1.856014511898456840e+04
5.888683879326356873e+03 1.001392955915352490e+00 1.125047500144883521e-03 1.855876852457904170e+04
5.888694752345150846e+03 1.001259556327717792e+00 1.126651475180884873e-03 1.855636846108475584e+04
5.888705625363945728e+03 1.000492488704784355e+00 1.128275961055461322e-03 1.854222454705066775e+04
5.888716498382740610e+03 9.995076904216783076e-01 1.128668586545479059e-03 1.852404528315790230e+04
5.888727371401535493e+03 9.991708196192259361e-01 1.128486184905223453e-03 1.851787407364691171e+04
5.888738244420330375e+03 9.990482872687141969e-01 1.128523980226869925e-03 1.851567521728431166e+04
5.888749117439124348e+03 9.987038589982858428e-01 1.128129685569905817e-03 1.850936386056589981e+04
5.888759990457919230e+03 9.986551899715687686e-01 1.128358021788486041e-03 1.850853389564222380e+04
5.888770863476714112e+03 9.989947066559479172e-01 1.128684128091985176e-03 1.851489837522306698e+04
5.888781736495508994e+03 9.992200209092425567e-01 1.128051063963668704e-03 1.851914632136371074e+04
5.888792609514303876e+03 9.998756772042566299e-01 1.129667200401968889e-03 1.853137011923907266e+04
5.888803482533097849e+03 1.000551445074354451e+00 1.132603192605187480e-03 1.854396675453709395e+04
5.888814355551892731e+03 1.000063256863242156e+00 1.133074541162953832e-03 1.853499093652286319e+04
5.888825228570687614e+03 9.992037340657642375e-01 1.133099295269788045e-03 1.851913277344964808e+04
5.888836101589482496e+03 9.987885289842952652e-01 1.134487669072397741e-03 1.851150945440065698e+04
5.888846974608277378e+03 9.986139360683039534e-01 1.135060075743196889e-03 1.850834558973457024e+04
5.888857847627071351e+03 9.981629658622357404e-01 1.133187802377095014e-03 1.850005929359129368e+04
5.888868720645866233e+03 9.974512452592843026e-01 1.131368626202564846e-03 1.848694013780130990e+04
5.888879593664661115e+03 9.970519851745243134e-01 1.131397251938039356e-03 1.847961210111368200e+04
5.888890466683455998e+03 9.968328494177699506e-01 1.131137039140494823e-03 1.847562248938803532e+04
5.888901339702250880e+03 9.966442734386696811e-01 1.131238412043753840e-03 1.847219925305714060e+04
5.888912212721044853e+03 9.967377056837806171e-01 1.133310111134049883e-03 1.847400286185785444e+04
5.888923085739839735e+03 9.965620528687805235e-01 1.132092867822871848e-03 1.847081911635886354e+04
5.888933958758634617e+03 9.959570339597304534e-01 1.126268143998193725e-03 1.845967721155170148e+04
5.888944831777429499e+03 9.959815016645875430e-01 1.124588256776766666e-03 1.846020255502671716e+04
5.888955704796224381e+03 9.962593437719222678e-01 1.128191600481146320e-03 1.846542413483076234e+04
5.888966577815018354e+03 9.961124973658128656e-01 1.128723815910773068e-03 1.846277422598972771e+04
5.888977450833813236e+03 9.963239569193930167e-01 1.126085298464176094e-03 1.846676546129431517e+04
5.888988323852608119e+03 9.966977571765442967e-01 1.125444551829661577e-03 1.847376570761258699e+04
5.888999196871403001e+03 9.962304169310602919e-01 1.125853124875224320e-03 1.846517543094020584e+04
5.889010069890197883e+03 9.955771074245348684e-01 1.125570443440267144e-03 1.845313812484202572e+04
5.889020942908991856e+03 9.955034551497005113e-01 1.124479888202598119e-03 1.845184478088901960e+04
5.889031815927786738e+03 9.955883515016856755e-01 1.125174244568984258e-03 1.845349016652514547e+04
5.889042688946581620e+03 9.955678534405471014e-01 1.129558895432781216e-03 1.845318204382779368e+04
5.889053561965376502e+03 9.954644518307622647e-01 1.133038132842743590e-03 1.845133726728236797e+04
5.889064434984171385e+03 9.954047669041256041e-01 1.135651848513615165e-03 1.845030278542177621e+04
5.889075308002965357e+03 9.952916978024725081e-01 1.137064445115180305e-03 1.844827878991816760e+04
5.889086181021760240e+03 9.952668148671540704e-01 1.136030400272090325e-03 1.844788936353774625e+04
5.889097054040555122e+03 9.951534684510098261e-01 1.136112583608011413e-03 1.844586020155432561e+04
5.889107927059350004e+03 9.946771610205547010e-01 1.136063980944254734e-03 1.843710326273170358e+04
5.889118800078144886e+03 9.948763211726928679e-01 1.135412269306146100e-03 1.844086661307789473e+04
5.889129673096938859e+03 9.952767874429792050e-01 1.135488641440906936e-03 1.844836138433133601e+04
5.889140546115733741e+03 9.953571976666096832e-01 1.136440958520726829e-03 1.844992366005915028e+04
5.889151419134528624e+03 9.955389656238503582e-01 1.136971245982576180e-03 1.845336471988174162e+04
5.889162292153323506e+03 9.957154760509312474e-01 1.136022722936841020e-03 1.845670835168175108e+04
5.889173165172118388e+03 9.961534990027315351e-01 1.135556562682531667e-03 1.846489945713656562e+04
5.889184038190913270e+03 9.968635196159223444e-01 1.136600807103914715e-03 1.847813244817380473e+04
5.889194911209707243e+03 9.970116892852025625e-01 1.137700764812444448e-03 1.848095087970219174e+04
5.889205784228502125e+03 9.960554595094428532e-01 1.137552875510357145e-03 1.846329772576265896e+04
5.889216657247297007e+03 9.950726104358392776e-01 1.137590439257379123e-03 1.844515100558815175e+04
5.889227530266091890e+03 9.945827786884522403e-01 1.138750812036981065e-03 1.843614298868841070e+04
5.889238403284886772e+03 9.941207366882242047e-01 1.139819734035895033e-03 1.842765002943171930e+04
5.889249276303680745e+03 9.946473962480346653e-01 1.139289371173467973e-03 1.843748427158352570e+04
5.889260149322475627e+03 9.954538488772753935e-01 1.136952860050342243e-03 1.845250505117994180e+04
5.889271022341270509e+03 9.952737140704974728e-01 1.135176828874174051e-03 1.844923772561334772e+04
5.889281895360065391e+03 9.952166027276342364e-01 1.135518411304328127e-03 1.844825085020522965e+04
5.889292768378860274e+03 9.961593712249101618e-01 1.137179959911669347e-03 1.846579873159350609e+04
5.889303641397654246e+03 9.968823077176841574e-01 1.139455407824769987e-03 1.847927170893050061e+04
5.889314514416449128e+03 9.970838875632459519e-01 1.138669715682796586e-03 1.848308033112204066e+04
5.889325387435244011e+03 9.969119500625026609e-01 1.134354260923614056e-03 1.847996501334127242e+04
5.889336260454038893e+03 9.963939181527815547e-01 1.129764976348710762e-03 1.847043402145274740e+04
5.889347133472833775e+03 9.959711055999566076e-01 1.124127414219606037e-03 1.846266806967034790e+04
5.889358006491627748e+03 9.936965865955091903e-01 1.118833155186236541e-03 1.842057618697310681e+04
5.889368879510422630e+03 9.913722926729277019e-01 1.117186038336443876e-03 1.837756127372160699e+04
5.889379752529217512e+03 9.893182040362207275e-01 1.119072420167473983e-03 1.833955497441795524e+04
5.889390625548012395e+03 9.881264226604680179e-01 1.123262133192635178e-03 1.831753352176550834e+04
5.889401498566807277e+03 9.894093882330380341e-01 1.128295197168123704e-03 1.834138804777691985e+04
5.889412371585601250e+03 9.900572774242726304e-01 1.128719656242105828e-03 1.835346984888445513e+04
5.889423244604396132e+03 9.915256822475178033e-01 1.128022838989250261e-03 1.838076234577174182e+04
5.889434117623191014e+03 9.934694748132302244e-01 1.128526736878942335e-03 1.841686775928056522e+04
5.889444990641985896e+03 9.937336206419876694e-01 1.130022021742606471e-03 1.842183615812121570e+04
5.889455863660780778e+03 9.942696363752816513e-01 1.135549638381864752e-03 1.843184453959984603e+04
5.889466736679574751e+03 9.950061356151703729e-01 1.137856628524308794e-03 1.844556959104063571e+04
5.889477609698369633e+03 9.954515128260867929e-01 1.130301437941976309e-03 1.845389786488877508e+04
5.889488482717164516e+03 9.954458052022149284e-01 1.122735668082477717e-03 1.845386386112571199e+04
5.889499355735959398e+03 9.948738976854156757e-01 1.108248646654215247e-03 1.844333343740330747e+04
5.889510228754754280e+03 9.950060206117891104e-01 1.092410484799504400e-03 1.844585455386399190e+04
5.889521101773548253e+03 9.946992218226362592e-01 1.074610965558224236e-03 1.844023873598000864e+04
5.889531974792343135e+03 9.937309612849544171e-01 1.058688242372861051e-03 1.842236031269985688e+04
5.889542847811138017e+03 9.924227343103438903e-01 1.055705545928722032e-03 1.839817923042862094e+04
5.889553720829932900e+03 9.913864125965015095e-01 1.052773260373785153e-03 1.837903873591130468e+04
5.889564593848727782e+03 9.915999135477352455e-01 1.064780625525011109e-03 1.838306829904310143e+04
5.889575466867521754e+03 9.916071485241068073e-01 1.076992720849835475e-03 1.838327395531179354e+04
5.889586339886316637e+03 9.916217985843081006e-01 1.094536994193641378e-03 1.838361708041888414e+04
5.889597212905111519e+03 9.913164792280690918e-01 1.112524582404803789e-03 1.837802829072828536e+04
5.889608085923906401e+03 9.910662724675480817e-01 1.120146230686222761e-03 1.837346119404914134e+04
5.889618958942701283e+03 9.914623534404281013e-01 1.126965632467264496e-03 1.838087569067832374e+04
5.889629831961495256e+03 9.918884386671595887e-01 1.128341248855555456e-03 1.838884650017007880e+04
5.889640704980290138e+03 9.913391344870088329e-01 1.130096037130835871e-03 1.837873433359517730e+04
5.889651577999085021e+03 9.900255834283256950e-01 1.130258422945341380e-03 1.835445342993681697e+04
5.889662451017879903e+03 9.884382861607633464e-01 1.130220586511153152e-03 1.832509723399405266e+04
5.889673324036674785e+03 9.874375527720705703e-01 1.133178642138741796e-03 1.830661542013290091e+04
5.889684197055468758e+03 9.872756127813979710e-01 1.136114852117298514e-03 1.830368434697102930e+04
5.889695070074263640e+03 9.865485143170181770e-01 1.134808838502012786e-03 1.829027540371022405e+04
5.889705943093058522e+03 9.876341653048933411e-01 1.134087757014866360e-03 1.831047424734930246e+04
5.889716816111853404e+03 9.890780453358070101e-01 1.129892309970870114e-03 1.833731474445311324e+04
5.889727689130648287e+03 9.894304561829128097e-01 1.125060028588225746e-03 1.834391974457726974e+04
5.889738562149442259e+03 9.901672273288343318e-01 1.124182916569068302e-03 1.835765081623780861e+04
5.889749435168237142e+03 9.901770151767181893e-01 1.122833517551942656e-03 1.835790370780557714e+04
5.889760308187032024e+03 9.881363192714541777e-01 1.121752258262181988e-03 1.832014043885247156e+04
5.889771181205826906e+03 9.853063350391433328e-01 1.119602438907508352e-03 1.826774333862596541e+04
5.889782054224621788e+03 9.827825560284207951e-01 1.113748189760808537e-03 1.822102294795115449e+04
5.889792927243415761e+03 9.789383991876752233e-01 1.107257293549958376e-03 1.814982197809965874e+04
5.889803800262210643e+03 9.747084195423751929e-01 1.105572861385594559e-03 1.807146715119641522e+04
5.889814673281005525e+03 9.707753461680772578e-01 1.106958157541919081e-03 1.799861649136024062e+04
5.889825546299800408e+03 9.668317806948584225e-01 1.107219338999780719e-03 1.792557073506465895e+04
5.889836419318595290e+03 9.660995351284857868e-01 1.109050118134098954e-03 1.791206420492508187e+04
5.889847292337389263e+03 9.672700119820489828e-01 1.108975555458016496e-03 1.793383532004926019e+04
5.889858165356184145e+03 9.681527571485750716e-01 1.107975667990213683e-03 1.795027184465751998e+04
5.889869038374979027e+03 9.716133105263461411e-01 1.114360880738104846e-03 1.801450316315036980e+04
5.889879911393773909e+03 9.751914140678903387e-01 1.120193198246734580e-03 1.808091446527198423e+04
5.889890784412568792e+03 9.786831814804606289e-01 1.120356750505126665e-03 1.814572552890197039e+04
5.889901657431362764e+03 9.815329515569496399e-01 1.119894577015539483e-03 1.819863380316925759e+04
5.889912530450157647e+03 9.834194611051030321e-01 1.119959659002254040e-03 1.823368257486237417e+04
5.889923403468952529e+03 9.848323383145738408e-01 1.119597192725488516e-03 1.825994991806979669e+04
5.889934276487747411e+03 9.850942932738688818e-01 1.113567416443545866e-03 1.826487792984951739e+04
5.889945149506542293e+03 9.857252657077506530e-01 1.107452844017761803e-03 1.827664805067768975e+04
5.889956022525336266e+03 9.861755895241168801e-01 1.095620284323212817e-03 1.828506878559348479e+04
5.889966895544131148e+03 9.856420188322136955e-01 1.082841016932506797e-03 1.827524674014188349e+04
5.889977768562926030e+03 9.831880609199513676e-01 1.070791875465107934e-03 1.822981768725135043e+04
5.889988641581720913e+03 9.805580665356914416e-01 1.059362292580871530e-03 1.818112428089836612e+04
5.889999514600515795e+03 9.784632506678971886e-01 1.065477625538583609e-03 1.814235360452889290e+04
5.890010387619309768e+03 9.759383992097340199e-01 1.073053048908414022e-03 1.809560901212767567e+04
5.890021260638104650e+03 9.718066140459822311e-01 1.079425684610786640e-03 1.801906857125488750e+04
5.890032133656899532e+03 9.658573436950429469e-01 1.084431510168430137e-03 1.790882791016737610e+04
5.890043006675694414e+03 9.563087419016044199e-01 1.081480276456555896e-03 1.773184769631907329e+04
5.890053879694489297e+03 9.437163820765855915e-01 1.077643501871410840e-03 1.749842861622376222e+04
5.890064752713283269e+03 9.286320613723900719e-01 1.072221243820271419e-03 1.721880149688230813e+04
5.890075625732078151e+03 9.138676963134598763e-01 1.065274982070302419e-03 1.694510487847041441e+04
5.890086498750873034e+03 9.019296398352582012e-01 1.049484059393857721e-03 1.672381227353418217e+04
5.890097371769667916e+03 8.890493010531784757e-01 1.031548274341009515e-03 1.648504583655972237e+04
5.890108244788462798e+03 8.604296063514484949e-01 9.984629085527166586e-04 1.595443206908421962e+04
5.890119117807256771e+03 8.090194575246391073e-01 9.549825179132443538e-04 1.500122275558872207e+04
5.890129990826051653e+03 7.071340404836665705e-01 8.468552501530164471e-04 1.311206600464823350e+04
5.890140863844846535e+03 5.658906775355634355e-01 7.090564944863620225e-04 1.049309516388096017e+04
5.890151736863641418e+03 4.042155125451243336e-01 5.488992054424602892e-04 7.495243354013923636e+03
5.890162609882436300e+03 2.457168219108976925e-01 3.847903977180940614e-04 4.556268831264332221e+03
5.890173482901230273e+03 1.309572764739916351e-01 2.674791982071714246e-04 2.428319207208804073e+03
5.890184355920025155e+03 5.904354299871815426e-02 1.815441685186606233e-04 1.094838951591631030e+03
5.890195228938820037e+03 2.716071317322638415e-02 1.378233930822933030e-04 5.036405490493567640e+02
5.890206101957614919e+03 1.423822920388222169e-02 1.176578434374260366e-04 2.640202200753921034e+02
5.890216974976409801e+03 1.042568153097841316e-02 1.105701535255949945e-04 1.933247035585470144e+02
5.890227847995203774e+03 9.258751380758859298e-03 1.082931295085615641e-04 1.716868411614134970e+02
5.890238721013998656e+03 9.527065149928161392e-03 1.087908101288416219e-04 1.766629231854532804e+02
5.890249594032793539e+03 1.114962545649434561e-02 1.119935760349850888e-04 2.067512982084934663e+02
5.890260467051588421e+03 1.953023592940927172e-02 1.271839274386428432e-04 3.621572182841242693e+02
5.890271340070383303e+03 3.878004175199816633e-02 1.573028884415343502e-04 7.191171028166988890e+02
5.890282213089177276e+03 9.087839692567466210e-02 2.317547272983349780e-04 1.685208699440040164e+03
5.890293086107972158e+03 1.760433173507816307e-01 3.330610908270068872e-04 3.264481922558531551e+03
5.890303959126767040e+03 3.086224858071284216e-01 4.878983766013211560e-04 5.723003065819728363e+03
5.890314832145561923e+03 4.710844479181523492e-01 6.620820323998747019e-04 8.735683078951653442e+03
5.890325705164356805e+03 6.243603169329385860e-01 8.089684192223799792e-04 1.157804104210815967e+04
5.890336578183150777e+03 7.528560540279264357e-01 9.375404518631543687e-04 1.396090040115851480e+04
5.890347451201945660e+03 8.394331473783731568e-01 1.011950244408482561e-03 1.556643941152721891e+04
5.890358324220740542e+03 8.926889956388431857e-01 1.061808600264407430e-03 1.655407969187814160e+04
5.890369197239535424e+03 9.215254904226048982e-01 1.088458657079456864e-03 1.708889189966773847e+04
5.890380070258330306e+03 9.398448379216050030e-01 1.108316869285600999e-03 1.742867612363294757e+04
5.890390943277124279e+03 9.508085999601725291e-01 1.118902585527048032e-03 1.763205896911802120e+04
5.890401816295919161e+03 9.583428758128708091e-01 1.125684327261303186e-03 1.777184580383155844e+04
5.890412689314714044e+03 9.640404712180619118e-01 1.129305934864288348e-03 1.787757354777363071e+04
5.890423562333508926e+03 9.689358713687499236e-01 1.132052310776976998e-03 1.796842580831743544e+04
5.890434435352303808e+03 9.721541433224278883e-01 1.133848222170990173e-03 1.802817715973054874e+04
5.890445308371097781e+03 9.742309431474301951e-01 1.134629093269415691e-03 1.806676078729912115e+04
5.890456181389892663e+03 9.765936533535721775e-01 1.136246382495125894e-03 1.811064683980710470e+04
5.890467054408687545e+03 9.789184819942182703e-01 1.138666706322182367e-03 1.815383072777010238e+04
5.890477927427482427e+03 9.804108159425034552e-01 1.142075252952386025e-03 1.818157645774276898e+04
5.890488800446277310e+03 9.816348677447696014e-01 1.145811042828343571e-03 1.820434713015224042e+04
5.890499673465071282e+03 9.831064970663032643e-01 1.147822369906186576e-03 1.823170930407559354e+04
5.890510546483866165e+03 9.847648892091650508e-01 1.149366672290688370e-03 1.826253522017128125e+04
5.890521419502661047e+03 9.857542611120689857e-01 1.151114662740619285e-03 1.828095429911700558e+04
5.890532292521455929e+03 9.864399233234975028e-01 1.152699422053908617e-03 1.829374115905687358e+04
5.890543165540250811e+03 9.877141860073808122e-01 1.152272537341818585e-03 1.831744388310016075e+04
5.890554038559044784e+03 9.889151203547220659e-01 1.150710248382601263e-03 1.833978689058113014e+04
5.890564911577839666e+03 9.899196017291543859e-01 1.152534918441177258e-03 1.835848676604686989e+04
5.890575784596634549e+03 9.908451875638097928e-01 1.155986473194070422e-03 1.837572362885940311e+04
5.890586657615429431e+03 9.910059829892428063e-01 1.154658898639443704e-03 1.837877714625861699e+04
5.890597530634224313e+03 9.910909322435934588e-01 1.151151475112808251e-03 1.838042407042575360e+04
5.890608403653018286e+03 9.914676103340355207e-01 1.151689138136574239e-03 1.838748132834613716e+04
5.890619276671813168e+03 9.915593974348192452e-01 1.153998522174238574e-03 1.838925511135070337e+04
5.890630149690608050e+03 9.917461493453314514e-01 1.152510041713303421e-03 1.839279011212975456e+04
5.890641022709402932e+03 9.927806002191812418e-01 1.150308873742619115e-03 1.841204651145853131e+04
5.890651895728197815e+03 9.941950812780675495e-01 1.152731778274088993e-03 1.843835110332538898e+04
5.890662768746991787e+03 9.948995338668814581e-01 1.155717711912952533e-03 1.845148765351577094e+04
5.890673641765786670e+03 9.948899182795500895e-01 1.159913421987790461e-03 1.845138108736955837e+04
5.890684514784581552e+03 9.951638196894969646e-01 1.166140148018180800e-03 1.845653269002369416e+04
5.890695387803376434e+03 9.955069570696284398e-01 1.166212226793884692e-03 1.846296840310862899e+04
5.890706260822171316e+03 9.952154057722487623e-01 1.162642615933984561e-03 1.845763299474524683e+04
5.890717133840965289e+03 9.946864474305698867e-01 1.163325723612280982e-03 1.844789448834697396e+04
5.890728006859760171e+03 9.949152859536783966e-01 1.164871269045335321e-03 1.845221039588741405e+04
5.890738879878555053e+03 9.958981040384442540e-01 1.161020638311468806e-03 1.847051008341340275e+04
5.890749752897349936e+03 9.965034431241726054e-01 1.156666749208441151e-03 1.848180893868595012e+04
5.890760625916144818e+03 9.975643126936738492e-01 1.161434825684803549e-03 1.850155648241497329e+04
5.890771498934939700e+03 9.987132052929871273e-01 1.168410523645152998e-03 1.852293672495616920e+04
5.890782371953733673e+03 9.986598575410469136e-01 1.170464693374152114e-03 1.852201933198781262e+04
5.890793244972528555e+03 9.985377269209816387e-01 1.170987999699776372e-03 1.851982621911895694e+04
5.890804117991323437e+03 9.991065975640974761e-01 1.170445063684204604e-03 1.853044910222528779e+04
5.890814991010118320e+03 9.993362569982456867e-01 1.169564616934544356e-03 1.853478068617660392e+04
5.890825864028913202e+03 9.990997117114082116e-01 1.171563982547337143e-03 1.853046552815874747e+04
5.890836737047707174e+03 9.994520599600945632e-01 1.173583114180611975e-03 1.853707268307688719e+04
5.890847610066502057e+03 9.997449177574733170e-01 1.171788486878650240e-03 1.854257650112849296e+04
5.890858483085296939e+03 9.995587384166837452e-01 1.169442823875917279e-03 1.853919547772661826e+04
5.890869356104091821e+03 9.991649902011682238e-01 1.167852801700896680e-03 1.853196455375389633e+04
5.890880229122886703e+03 9.983353919204686067e-01 1.166277449689526570e-03 1.851664963343516501e+04
5.890891102141680676e+03 9.982524008231271617e-01 1.167785262956061399e-03 1.851518236193350094e+04
5.890901975160475558e+03 9.989849123917223794e-01 1.172098674387169696e-03 1.852884075137149557e+04
5.890912848179270441e+03 9.993026997005234335e-01 1.174587183747718803e-03 1.853480704858180616e+04
5.890923721198065323e+03 9.992246969143855351e-01 1.175152014012356217e-03 1.853343235115746938e+04
5.890934594216860205e+03 9.989837360840131408e-01 1.174050962691364610e-03 1.852903511547073504e+04
5.890945467235654178e+03 9.990239896270296516e-01 1.172483110588207200e-03 1.852985379706892491e+04
5.890956340254449060e+03 9.994093970173433261e-01 1.173396842594309156e-03 1.853707440801911434e+04
5.890967213273243942e+03 1.000225059411425921e+00 1.176128050156358693e-03 1.855227548786403713e+04
5.890978086292038824e+03 1.000916060301965338e+00 1.175225934715292591e-03 1.856516444222409700e+04
5.890988959310833707e+03 1.000702874178703849e+00 1.172273107043849414e-03 1.856128241371628246e+04
5.890999832329627679e+03 1.001075337540142440e+00 1.174769529176306494e-03 1.856826316701794713e+04
5.891010705348422562e+03 1.001515872880390123e+00 1.177142515367353556e-03 1.857650659963783255e+04
5.891021578367217444e+03 1.000570240873650318e+00 1.170584419520050981e-03 1.855903882382195297e+04
5.891032451386012326e+03 1.000102398031090134e+00 1.163776275121389042e-03 1.855043320007470902e+04
5.891043324404807208e+03 1.000811759572115989e+00 1.162024204295309185e-03 1.856366300912616498e+04
5.891054197423601181e+03 1.001205010073217272e+00 1.161305587493400779e-03 1.857102947858133120e+04
5.891065070442396063e+03 1.000496602831625559e+00 1.160967269823639072e-03 1.855796163041932959e+04
5.891075943461190946e+03 9.994969784576758220e-01 1.160171295598945267e-03 1.853949194518827426e+04
5.891086816479985828e+03 1.000042558123725112e+00 1.162057622370427741e-03 1.854968394251866630e+04
5.891097689498780710e+03 1.001269247095070147e+00 1.163997844785486522e-03 1.857250989236142777e+04
5.891108562517574683e+03 1.001328586463564374e+00 1.169110896704211216e-03 1.857368280609459543e+04
5.891119435536369565e+03 1.000798031751697126e+00 1.173955055976116284e-03 1.856391371765014628e+04
5.891130308555164447e+03 1.000810173143390269e+00 1.176675771158082777e-03 1.856421112204115707e+04
5.891141181573959329e+03 1.001468742778837795e+00 1.181221675786352102e-03 1.857649929064955359e+04
5.891152054592754212e+03 1.002247966362614262e+00 1.183769241917870382e-03 1.859102560385078323e+04
5.891162927611548184e+03 1.002297197751920166e+00 1.183573293716547008e-03 1.859201111264088831e+04
5.891173800630343067e+03 1.001733419625153276e+00 1.180484724213021674e-03 1.858162562591980532e+04
5.891184673649137949e+03 1.002080523450443073e+00 1.178744973317118541e-03 1.858813650247688201e+04
5.891195546667932831e+03 1.003055546714944235e+00 1.178260101607577371e-03 1.860629509350811713e+04
5.891206419686727713e+03 1.002932384081240968e+00 1.175647414113866829e-03 1.860408281941564201e+04
5.891217292705521686e+03 1.002184396335990879e+00 1.174354003943686156e-03 1.859028017160392119e+04
5.891228165724316568e+03 1.001414404742503539e+00 1.175171777436582370e-03 1.857606924818735570e+04
5.891239038743111450e+03 1.001164395483416847e+00 1.175015650582309119e-03 1.857150383628448981e+04
5.891249911761906333e+03 1.001525822904879126e+00 1.175355650981362238e-03 1.857828052439643943e+04
5.891260784780701215e+03 1.001552074766456579e+00 1.178389712412196031e-03 1.857883974169879730e+04
5.891271657799495188e+03 1.002400711267876998e+00 1.181724607665292316e-03 1.859465429721242253e+04
5.891282530818290070e+03 1.003715129658589555e+00 1.183683241934454069e-03 1.861910931907464692e+04
5.891293403837084952e+03 1.004031838341102212e+00 1.184316657065453623e-03 1.862505675100419103e+04
5.891304276855879834e+03 1.003471901762965413e+00 1.181001880951444271e-03 1.861474216342168802e+04
5.891315149874674717e+03 1.003699328319617390e+00 1.177678345082720139e-03 1.861903340351487714e+04
5.891326022893468689e+03 1.004415379017306487e+00 1.175877117305424357e-03 1.863238888949876127e+04
5.891336895912263572e+03 1.004830228367470601e+00 1.171811884202923586e-03 1.864015702703905117e+04
5.891347768931058454e+03 1.005966691677088187e+00 1.170508476414698065e-03 1.866131161492704268e+04
5.891358641949853336e+03 1.006464201113913770e+00 1.169444301247739163e-03 1.867061332651381235e+04
5.891369514968648218e+03 1.006348142599952311e+00 1.160346324296298182e-03 1.866853295192942460e+04
5.891380387987442191e+03 1.004569865213748248e+00 1.150943462322592077e-03 1.863561700067972924e+04
5.891391261006237073e+03 1.002551931000007501e+00 1.144097537623257064e-03 1.859825493961599568e+04
5.891402134025031955e+03 1.001243164676493436e+00 1.141699432403748150e-03 1.857404835133052984e+04
5.891413007043826838e+03 9.994415192767578393e-01 1.141157310446097280e-03 1.854069814562900865e+04
5.891423880062621720e+03 1.000312431736206875e+00 1.141315880389978752e-03 1.855692665012535872e+04
5.891434753081415693e+03 1.002215429962952431e+00 1.152016195674767252e-03 1.859230171266528487e+04
5.891445626100210575e+03 1.003078834909092443e+00 1.162956514006007391e-03 1.860839126895575100e+04
5.891456499119005457e+03 1.003712876397490072e+00 1.167005645803529399e-03 1.862022594869347085e+04
5.891467372137800339e+03 1.004073751773181700e+00 1.168364615089102993e-03 1.862699310082843658e+04
5.891478245156595221e+03 1.004614604275702705e+00 1.167624260182858033e-03 1.863709914913909597e+04
5.891489118175389194e+03 1.005667243638395547e+00 1.166839887026324381e-03 1.865669972190808767e+04
5.891499991194184076e+03 1.006102873092779681e+00 1.162221542901554832e-03 1.866485390354275296e+04
5.891510864212978959e+03 1.004893938569423328e+00 1.157255558102022542e-03 1.864249867771775826e+04
5.894363846689994716e+03 1.000817808008225063e+00 1.246736134519683611e-03 1.884272283697151579e+04
5.894374347037805819e+03 1.000919759501144979e+00 1.251155210242066700e-03 1.884490705185072511e+04
5.894384847385616013e+03 1.000834432411396469e+00 1.255002596000906034e-03 1.884356526671989559e+04
5.894395347733427116e+03 1.000640050477813459e+00 1.254550031690944032e-03 1.884017013885326014e+04
5.894405848081237309e+03 1.000593008564982789e+00 1.254397398348817451e-03 1.883954908260306911e+04
5.894416348429048412e+03 9.995529739084672016e-01 1.252005000766879227e-03 1.882023129044441157e+04
5.894426848776859515e+03 9.984678420269016419e-01 1.248638661906269209e-03 1.880006381639952087e+04
5.894437349124669709e+03 9.987212462445717032e-01 1.250364297022915497e-03 1.880509930170295411e+04
5.894447849472480812e+03 1.000024418713936658e+00 1.253564037612787648e-03 1.882990147112925115e+04
5.894458349820291915e+03 1.001083487580038289e+00 1.254023114826259121e-03 1.885010793080119038e+04
5.894468850168102108e+03 1.000683677497874680e+00 1.253661011653956978e-03 1.884284430290037199e+04
5.894479350515913211e+03 9.991287946411492316e-01 1.251709585231549791e-03 1.881383017151463719e+04
5.894489850863723404e+03 9.977352544588208305e-01 1.249063016121045814e-03 1.878785338078032873e+04
5.894500351211534507e+03 9.976571091200368002e-01 1.249703989806503915e-03 1.878664574295722196e+04
5.894510851559345610e+03 9.983423812345678661e-01 1.251721277219774824e-03 1.879981399974328087e+04
5.894521351907155804e+03 9.993769533219111212e-01 1.258074240630658496e-03 1.881956038922518928e+04
5.894531852254966907e+03 1.000615921230844751e+00 1.265451352756010069e-03 1.884315641769093418e+04
5.894542352602777100e+03 1.000792857143571579e+00 1.264280832936960294e-03 1.884675310388492653e+04
5.894552852950588203e+03 1.000272016035979483e+00 1.259725239091929582e-03 1.883720928636343524e+04
5.894563353298399306e+03 1.000069918226619281e+00 1.258081954755874707e-03 1.883366787903989098e+04
5.894573853646209500e+03 1.000360887624163864e+00 1.259480400024050447e-03 1.883941211000581461e+04
5.894584353994020603e+03 1.000630618225526014e+00 1.262985980079002219e-03 1.884475650719017358e+04
5.894594854341831706e+03 1.000361651629104953e+00 1.266287116818405048e-03 1.883995568481376176e+04
5.894605354689641899e+03 1.000077041025109859e+00 1.263254118016413161e-03 1.883486009015996024e+04
5.894615855037453002e+03 1.000114275998346791e+00 1.256523186509115285e-03 1.883582587951343157e+04
5.894626355385263196e+03 1.000112366722396562e+00 1.255988003814953544e-03 1.883605444819627155e+04
5.894636855733074299e+03 1.000428587722306917e+00 1.259257822304146171e-03 1.884227474594995147e+04
5.894647356080885402e+03 1.001192674758216938e+00 1.261568647497892997e-03 1.885693052911923223e+04
5.894657856428695595e+03 1.001540194028626596e+00 1.261938684692004257e-03 1.886374077441667396e+04
5.894668356776506698e+03 1.001639360029301651e+00 1.261348455788646435e-03 1.886587347067565861e+04
5.894678857124316892e+03 1.001412291000399746e+00 1.261706633536714651e-03 1.886186149758473402e+04
5.894689357472127995e+03 1.000963560487931447e+00 1.261665472075399527e-03 1.885367429393217390e+04
5.894699857819939098e+03 1.000324216606913064e+00 1.260755999837512601e-03 1.884189649959378949e+04
5.894710358167749291e+03 9.995362756533159310e-01 1.259197483314942415e-03 1.882731938454410920e+04
5.894720858515560394e+03 9.990574854973084395e-01 1.258427701943578680e-03 1.881856511560214494e+04
5.894731358863371497e+03 9.988886745923536425e-01 1.261721589742752399e-03 1.881564954330935871e+04
5.894741859211181691e+03 9.990436438889671589e-01 1.266962903013443267e-03 1.881883288003386406e+04
5.894752359558992794e+03 9.990182831508533923e-01 1.265899881825061123e-03 1.881861940165510168e+04
5.894762859906802987e+03 9.991108126280037194e-01 1.261789060173791003e-03 1.882062665224412558e+04
5.894773360254614090e+03 9.994910514867700879e-01 1.259145368880771991e-03 1.882805371785491297e+04
5.894783860602425193e+03 9.998278859102811555e-01 1.256086355000921246e-03 1.883466333595609103e+04
5.894794360950235387e+03 9.999903484402484777e-01 1.257308357211607899e-03 1.883798828484937985e+04
5.894804861298046490e+03 1.000232381629375222e+00 1.262165818947238571e-03 1.884281230634327949e+04
5.894815361645856683e+03 1.000678035394990006e+00 1.259491523221084900e-03 1.885147240264215725e+04
5.894825861993667786e+03 1.000742413518080465e+00 1.249700429861020983e-03 1.885294989674043609e+04
5.894836362341478889e+03 1.000549152985251489e+00 1.241862321952322918e-03 1.884957371148995662e+04
5.894846862689289082e+03 1.000308032859509311e+00 1.235744544838489204e-03 1.884529577355946458e+04
5.894857363037100185e+03 9.996979696672158022e-01 1.234777767195290206e-03 1.883406691032429080e+04
5.894867863384911288e+03 9.983733473957702165e-01 1.238486415440940560e-03 1.880937541589282409e+04
5.894878363732721482e+03 9.974307295836855047e-01 1.240479760009452568e-03 1.879188029404201006e+04
5.894888864080532585e+03 9.981322162667074505e-01 1.242335547576456627e-03 1.880536050745192915e+04
5.894899364428342778e+03 9.986185534982813250e-01 1.245655710523390150e-03 1.881478750091589245e+04
5.894909864776153881e+03 9.975348417807757828e-01 1.248707755044099234e-03 1.879463333446115939e+04
5.894920365123964984e+03 9.967170787263404108e-01 1.251951211581110116e-03 1.877948942499503391e+04
5.894930865471775178e+03 9.973568916158677133e-01 1.257162532298721847e-03 1.879180815833608358e+04
5.894941365819586281e+03 9.978041633676353328e-01 1.259805049741459775e-03 1.880049939445682321e+04
5.894951866167397384e+03 9.980227433151938055e-01 1.258187872520483619e-03 1.880488182474680798e+04
5.894962366515207577e+03 9.989603626047453000e-01 1.259825595843114656e-03 1.882281279904680559e+04
5.894972866863018680e+03 9.996523864622501865e-01 1.266161631850274815e-03 1.883611659650768343e+04
5.894983367210828874e+03 9.992573037894861843e-01 1.268188751430746140e-03 1.882893648664102147e+04
5.894993867558639977e+03 9.991009981272226392e-01 1.264420975889936176e-03 1.882625548968106887e+04
5.895004367906451080e+03 9.996097051850711956e-01 1.261054917753832516e-03 1.883610555066393863e+04
5.895014868254261273e+03 9.996918927856571768e-01 1.257327131706667631e-03 1.883791866558124093e+04
5.895025368602072376e+03 9.993006755238541539e-01 1.253030705121350660e-03 1.883081098793201454e+04
5.895035868949882570e+03 9.987002251273805475e-01 1.247873788951628241e-03 1.881976026109022860e+04
5.895046369297693673e+03 9.980389604410150328e-01 1.245451167989274684e-03 1.880756320062971645e+04
5.895056869645504776e+03 9.973799388503629126e-01 1.249057672019270341e-03 1.879540806101424459e+04
5.895067369993314969e+03 9.969415702163779702e-01 1.253354817737727285e-03 1.878741078812762862e+04
5.895077870341126072e+03 9.971389425479643132e-01 1.259133575806347868e-03 1.879139401990033002e+04
5.895088370688937175e+03 9.975425278052959532e-01 1.265134106727686157e-03 1.879926355745392357e+04
5.895098871036747369e+03 9.978336207510298816e-01 1.271667648867715831e-03 1.880501329633649584e+04
5.895109371384558472e+03 9.976727743323241526e-01 1.274701530170300719e-03 1.880224589247563563e+04
5.895119871732368665e+03 9.972035592488255329e-01 1.269983073349040953e-03 1.879366677371975311e+04
5.895130372080179768e+03 9.971739441219629185e-01 1.267646798791719929e-03 1.879337238625238751e+04
5.895140872427990871e+03 9.977184717031490901e-01 1.271308542636176734e-03 1.880389879247608769e+04
5.895151372775801065e+03 9.983901298613910846e-01 1.275265060034968352e-03 1.881682153746319455e+04
5.895161873123612168e+03 9.988768367813035676e-01 1.280334887113143303e-03 1.882625878269516397e+04
5.895172373471422361e+03 9.987031212497544663e-01 1.283264374171048635e-03 1.882324884642605321e+04
5.895182873819233464e+03 9.981199610251917376e-01 1.279328606275186454e-03 1.881252162249291723e+04
5.895193374167044567e+03 9.976977942424155588e-01 1.276175673991221393e-03 1.880482853004319986e+04
5.895203874514854760e+03 9.973263401611645040e-01 1.277107296084887059e-03 1.879809107188912822e+04
5.895214374862665863e+03 9.973006254730120146e-01 1.278069043462464263e-03 1.879787017262614245e+04
5.895224875210476966e+03 9.974242927377703349e-01 1.277543095668079052e-03 1.880046496235754603e+04
5.895235375558287160e+03 9.974748731467993901e-01 1.276712588494640114e-03 1.880168218297319254e+04
5.895245875906098263e+03 9.972858022774383491e-01 1.275928936404447647e-03 1.879838211314853106e+04
5.895256376253908456e+03 9.970092661810351364e-01 1.275529413927578700e-03 1.879343324056992788e+04
5.895266876601719559e+03 9.974782840225281388e-01 1.277382835758200576e-03 1.880253796748443347e+04
5.895277376949530662e+03 9.976421128853084630e-01 1.279077366429097343e-03 1.880589002741154036e+04
5.895287877297340856e+03 9.968084525790317230e-01 1.280010386469997109e-03 1.879043890318508056e+04
5.895298377645151959e+03 9.961056000974629621e-01 1.280958400269560779e-03 1.877745317873020394e+04
5.895308877992962152e+03 9.956653375209317813e-01 1.279860831079339964e-03 1.876941719903410194e+04
5.895319378340773255e+03 9.955870832196416220e-01 1.278651888419065318e-03 1.876820534742549353e+04
5.895329878688584358e+03 9.963218745406700050e-01 1.279746144724092094e-03 1.878232071363627256e+04
5.895340379036394552e+03 9.966839966010065943e-01 1.281020971243554451e-03 1.878941093597593863e+04
5.895350879384205655e+03 9.966741261108236216e-01 1.284932635447135797e-03 1.878948847620183005e+04
5.895361379732016758e+03 9.967157539025941482e-01 1.288232960106367071e-03 1.879053688014510772e+04
5.895371880079826951e+03 9.959724988142439894e-01 1.282740035602858647e-03 1.877678813092104247e+04
5.895382380427638054e+03 9.953293515969708904e-01 1.277757543342650194e-03 1.876492632040708850e+04
5.895392880775448248e+03 9.958269623250924907e-01 1.281831903753542692e-03 1.877457116037632659e+04
5.895403381123259351e+03 9.965094204914629605e-01 1.285594153068072253e-03 1.878770128678335095e+04
5.895413881471070454e+03 9.963941329557320925e-01 1.284442872611575885e-03 1.878579125586315786e+04
5.895424381818880647e+03 9.960867249296641024e-01 1.282507666710816334e-03 1.878025891655421947e+04
5.895434882166691750e+03 9.961529380083783414e-01 1.283028929629620538e-03 1.878177078068968331e+04
5.895445382514501944e+03 9.962513594593939148e-01 1.285224156808893953e-03 1.878388995482806422e+04
5.895455882862313047e+03 9.962518171024284941e-01 1.286841350646193878e-03 1.878416208974694018e+04
5.895466383210124150e+03 9.964803562527297931e-01 1.288004037439127681e-03 1.878873472406839210e+04
5.895476883557934343e+03 9.969469723370585346e-01 1.284272314667595297e-03 1.879779650616786239e+04
5.895487383905745446e+03 9.969491052267250852e-01 1.279992020915539461e-03 1.879810041326338251e+04
5.895497884253556549e+03 9.965816089802482791e-01 1.282240777867037522e-03 1.879143463462130603e+04
5.895508384601366743e+03 9.962274437711503561e-01 1.284559475932171716e-03 1.878502003369511658e+04
5.895518884949177846e+03 9.965280625913753854e-01 1.289028404482405040e-03 1.879095212837146028e+04
5.895529385296988039e+03 9.968249456419825405e-01 1.293089541422802512e-03 1.879681393784303509e+04
5.895539885644799142e+03 9.969811913267603298e-01 1.290338462251831029e-03 1.880002391266822815e+04
5.895550385992610245e+03 9.979278003580203116e-01 1.287693511236972588e-03 1.881813802085592397e+04
5.895560886340420439e+03 9.981407787293367084e-01 1.290340043148731396e-03 1.882241820544949951e+04
5.895571386688231541e+03 9.971348960340251644e-01 1.293227327915043518e-03 1.880371353404811452e+04
5.895581887036041735e+03 9.971665204446233943e-01 1.291827263581046695e-03 1.880457364724700892e+04
5.895592387383852838e+03 9.981034596028736106e-01 1.291360415090026447e-03 1.882250644886256123e+04
5.895602887731663941e+03 9.978738188103936091e-01 1.290566287475549594e-03 1.881843975562562628e+04
5.895613388079474134e+03 9.968659379637994089e-01 1.288080464271884216e-03 1.879969626666229669e+04
5.895623888427285237e+03 9.955180720418448370e-01 1.287704313110380481e-03 1.877454044375798549e+04
5.895634388775096340e+03 9.939892187905327026e-01 1.287038301229583926e-03 1.874597060808435344e+04
5.895644889122906534e+03 9.933947134414162772e-01 1.283272608211708009e-03 1.873502138612927956e+04
5.895655389470717637e+03 9.929485229354499953e-01 1.280562737861277132e-03 1.872686904669965588e+04
5.895665889818527830e+03 9.928065949566302617e-01 1.285694512813777756e-03 1.872445490004741441e+04
5.895676390166338933e+03 9.938687992171227892e-01 1.292150656174681370e-03 1.874475107943773037e+04
5.895686890514150036e+03 9.948214763061856702e-01 1.294594687498123141e-03 1.876298206682016826e+04
5.895697390861960230e+03 9.952937091547375825e-01 1.295440686801261395e-03 1.877215193926899883e+04
5.895707891209771333e+03 9.954622970163711226e-01 1.293637246216279178e-03 1.877559495834811241e+04
5.895718391557581526e+03 9.952116657881084905e-01 1.291637548071136862e-03 1.877113098842711770e+04
5.895728891905392629e+03 9.937660084322214038e-01 1.291961156905611875e-03 1.874412664919240706e+04
5.895739392253203732e+03 9.918039948691211860e-01 1.292495720717375595e-03 1.870738204739682260e+04
5.895749892601013926e+03 9.903218787832701597e-01 1.288424751936924004e-03 1.867968834880287613e+04
5.895760392948825029e+03 9.885460501624308005e-01 1.284524261547633156e-03 1.864645371234404956e+04
5.895770893296636132e+03 9.870930378470987865e-01 1.285206827430695900e-03 1.861930734568139451e+04
5.895781393644446325e+03 9.867729729683337725e-01 1.285684570689442146e-03 1.861353103513039605e+04
5.895791893992257428e+03 9.861389593125797770e-01 1.282663553767386406e-03 1.860183244612462659e+04
5.895802394340067622e+03 9.853044514330695502e-01 1.280163203037661948e-03 1.858635148653294527e+04
5.895812894687878725e+03 9.846855600800936692e-01 1.279082433115056368e-03 1.857493743821043245e+04
5.895823395035689828e+03 9.845105992864707778e-01 1.276888512711325113e-03 1.857189740890959365e+04
5.895833895383500021e+03 9.854795617605057734e-01 1.279667257064405310e-03 1.859043666209144067e+04
5.895844395731311124e+03 9.863785884242550761e-01 1.284418723703485872e-03 1.860765711537377501e+04
5.895854896079121318e+03 9.880376319117065709e-01 1.287351939593600787e-03 1.863921567373112339e+04
5.895865396426932421e+03 9.896786002301133367e-01 1.290826110063373689e-03 1.867043411895994359e+04
5.895875896774743524e+03 9.904314056461386295e-01 1.294169946186327384e-03 1.868489787196906036e+04
5.895886397122553717e+03 9.913782402320880927e-01 1.295594977144159596e-03 1.870302251502339641e+04
5.895896897470364820e+03 9.922635182443626523e-01 1.293956451274475873e-03 1.871998633617825908e+04
5.895907397818175923e+03 9.930704913013729263e-01 1.293524018795372049e-03 1.873547330815741589e+04
5.895917898165986117e+03 9.934144058241187736e-01 1.295554926365669263e-03 1.874222442645128103e+04
5.895928398513797219e+03 9.932167636418781642e-01 1.296297492369258503e-03 1.873875831937467228e+04
5.895938898861607413e+03 9.929339008619340046e-01 1.294929914750732845e-03 1.873368425069993100e+04
5.895949399209418516e+03 9.923849682754831703e-01 1.293684800006762682e-03 1.872359002288599368e+04
5.895959899557229619e+03 9.918487849168959869e-01 1.295021193052775304e-03 1.871373605112009318e+04
5.895970399905039812e+03 9.914271599942857671e-01 1.296875760812307753e-03 1.870604326066817885e+04
5.895980900252850915e+03 9.895119461134768146e-01 1.293806128849564040e-03 1.867016912358517220e+04
5.895991400600662018e+03 9.863698867733509124e-01 1.288978032303938689e-03 1.861114545716948851e+04
5.896001900948472212e+03 9.829497503952321358e-01 1.283833925283934174e-03 1.854687320774297405e+04
5.896012401296283315e+03 9.791275763856621683e-01 1.278567096518045711e-03 1.847501316058290104e+04
5.896022901644093508e+03 9.741790904716666200e-01 1.273596624109621725e-03 1.838189858116600226e+04
5.896033401991904611e+03 9.673297754855305630e-01 1.267588493699373531e-03 1.825291391637917695e+04
5.896043902339715714e+03 9.591612654138216287e-01 1.260250526611476083e-03 1.809903288496173627e+04
5.896054402687525908e+03 9.502771011050989980e-01 1.253903804524040926e-03 1.793164320152646542e+04
5.896064903035337011e+03 9.408324880679493907e-01 1.243473855891396316e-03 1.775367305320887681e+04
5.896075403383147204e+03 9.290276433172331982e-01 1.229045791110944339e-03 1.753115930059558741e+04
5.896085903730958307e+03 8.983503408873835250e-01 1.188112674977180984e-03 1.695250275363312903e+04
5.896096404078769410e+03 8.445132598329117002e-01 1.131837052829044645e-03 1.593678254160542383e+04
5.896106904426579604e+03 7.516581157163371163e-01 1.014497999395772140e-03 1.418471491776818220e+04
5.896117404774390707e+03 6.119245923580249880e-01 8.595380139452859754e-04 1.154793298989019604e+04
5.896127905122201810e+03 4.598250446972626526e-01 6.843446504052729668e-04 8.677708484732591387e+03
5.896138405470012003e+03 2.958834101522342941e-01 4.940884319085213751e-04 5.583919350416508678e+03
5.896148905817823106e+03 1.687980408730323789e-01 3.512702101587835400e-04 3.185605629161254456e+03
5.896159406165633300e+03 8.617285720533689186e-02 2.409904986601165713e-04 1.626301969541387507e+03
5.896169906513444403e+03 3.437950435969217705e-02 1.729299287944041500e-04 6.488381731877643688e+02
5.896180406861255506e+03 2.008033457914490047e-02 1.470371128743262138e-04 3.789778370705776069e+02
5.896190907209065699e+03 1.158941092080484347e-02 1.316057476954261873e-04 2.187309887726191846e+02
5.896201407556876802e+03 1.008003055198086577e-02 1.282870237741034136e-04 1.902465935155491934e+02
5.896211907904686996e+03 9.788099786998747179e-03 1.276199866759242447e-04 1.847393942260858921e+02
5.896222408252498099e+03 1.187712328681438632e-02 1.320855030783249495e-04 2.241705088766863128e+02
5.896232908600309202e+03 2.192432991001771331e-02 1.508474681382524342e-04 4.138087101288477356e+02
5.896243408948119395e+03 4.390611913923589404e-02 1.881459212375547960e-04 8.287135438578245612e+02
5.896253909295930498e+03 9.473066829667203814e-02 2.666023102375874709e-04 1.788035232642726896e+03
5.896264409643741601e+03 1.811927101248066441e-01 3.803672428458782255e-04 3.420048600924543280e+03
5.896274909991551795e+03 3.054983840281058072e-01 5.438121488337965955e-04 5.766423832305558790e+03
5.896285410339362898e+03 4.728931637332827731e-01 7.358753729039604072e-04 8.926203094764086927e+03
5.896295910687173091e+03 6.279247517184355365e-01 9.046848247682772208e-04 1.185270338462548898e+04
5.896306411034984194e+03 7.666452153617679954e-01 1.056671211920174680e-03 1.447139269798440000e+04
5.896316911382795297e+03 8.647329320321859303e-01 1.146663410957809255e-03 1.632315044106678943e+04
5.896327411730605490e+03 9.146096028565207092e-01 1.197241457669860490e-03 1.726489044025553085e+04
5.896337912078416593e+03 9.473221347137203985e-01 1.226533421449951681e-03 1.788264849292049621e+04
5.896348412426226787e+03 9.592416274986483860e-01 1.242275105110070971e-03 1.810790708631574307e+04
5.896358912774037890e+03 9.683388460030639688e-01 1.244366821376041406e-03 1.827989427584502482e+04
5.896369413121848993e+03 9.738321526188801203e-01 1.240342811453318348e-03 1.838385218863825867e+04
5.896379913469659186e+03 9.777403364097509986e-01 1.243067456913736057e-03 1.845788888550623960e+04
5.896390413817470289e+03 9.801699848010737570e-01 1.249300329569644858e-03 1.850401530591834671e+04
5.896400914165281392e+03 9.822384661814445028e-01 1.249548168487843100e-03 1.854332467025834194e+04
5.896411414513091586e+03 9.838054316880594508e-01 1.243984810560935274e-03 1.857316705941227337e+04
5.896421914860902689e+03 9.855457473086445264e-01 1.252855501330164432e-03 1.860628298327580706e+04
5.896432415208712882e+03 9.872298896692589532e-01 1.269721951918908196e-03 1.863833930853113998e+04
5.896442915556523985e+03 9.886866236140672282e-01 1.279928424171294498e-03 1.866610312287875058e+04
5.896453415904335088e+03 9.896057399564318624e-01 1.286677889900586990e-03 1.868371750860982502e+04
5.896463916252145282e+03 9.904857322503314299e-01 1.292606081149193882e-03 1.870059370970225427e+04
5.896474416599956385e+03 9.912662502868965220e-01 1.298436747632065883e-03 1.871559225361293647e+04
5.896484916947766578e+03 9.917343578904195267e-01 1.302342498636344190e-03 1.872469266581099873e+04
5.896495417295577681e+03 9.923174176433728899e-01 1.304876838771197632e-03 1.873596373932116330e+04
5.896505917643388784e+03 9.929840086866493776e-01 1.302141418489704628e-03 1.874881229921737031e+04
5.896516417991198978e+03 9.939774289789280459e-01 1.296808368542848788e-03 1.876783225379705982e+04
5.896526918339010081e+03 9.948668613216773426e-01 1.298292629051188245e-03 1.878488925295593799e+04
5.896537418686821184e+03 9.947766304052159114e-01 1.301230076256197328e-03 1.878344864580877766e+04
5.896547919034631377e+03 9.948139187985983733e-01 1.301780695674916105e-03 1.878441585404905709e+04
5.896558419382442480e+03 9.947192937968940551e-01 1.303167630705344979e-03 1.878289221338791322e+04
5.896568919730252674e+03 9.944391065444383448e-01 1.302294747768292012e-03 1.877786457477484510e+04
5.896579420078063777e+03 9.936992989894780637e-01 1.301857228857934137e-03 1.876415771586021219e+04
5.896589920425874880e+03 9.928289509781107469e-01 1.302847439251498662e-03 1.874798541804086562e+04
5.896600420773685073e+03 9.933312240785212577e-01 1.304710563091949745e-03 1.875773277526977108e+04
5.896610921121496176e+03 9.939405414811636197e-01 1.306310578073021506e-03 1.876950181511580013e+04
5.896621421469306370e+03 9.947200565171980813e-01 1.307776267157962496e-03 1.878448522219259030e+04
5.896631921817117473e+03 9.955480250404351583e-01 1.308996378839449816e-03 1.880038405943396356e+04
5.896642422164928576e+03 9.955799608983005866e-01 1.308440883020453322e-03 1.880125047932699454e+04
5.896652922512738769e+03 9.956139696296454344e-01 1.306774266032269044e-03 1.880215606230093908e+04
5.896663422860549872e+03 9.957265331113096529e-01 1.305763453780793039e-03 1.880454518941748393e+04
5.896673923208360975e+03 9.959246029689329260e-01 1.305025689355450349e-03 1.880854920804078210e+04
5.896684423556171168e+03 9.966371799776643225e-01 1.303276277667512594e-03 1.882227020014075970e+04
5.896694923903982271e+03 9.973344936491557178e-01 1.295080602595214282e-03 1.883570330512924556e+04
5.896705424251792465e+03 9.975366433261187993e-01 1.285476461999546498e-03 1.883978495894871230e+04
5.896715924599603568e+03 9.980671873037503250e-01 1.272986904626896652e-03 1.885006896269297067e+04
5.896726424947414671e+03 9.986201358669303252e-01 1.259379936856160499e-03 1.886077639886278484e+04
5.896736925295224864e+03 9.978762908087912553e-01 1.255976548021282661e-03 1.884699145392518039e+04
5.896747425643035967e+03 9.970710107494368257e-01 1.256520347613447044e-03 1.883204577010311186e+04
5.896757925990846161e+03 9.965836601674767925e-01 1.265008747780433252e-03 1.882310459499611170e+04
5.896768426338657264e+03 9.956278913520208995e-01 1.274851588587510567e-03 1.880531572736378803e+04
5.896778926686468367e+03 9.955689987899276616e-01 1.285314259702957998e-03 1.880446669644875146e+04
5.896789427034278560e+03 9.962511125651702937e-01 1.295773584544554317e-03 1.881761407675115697e+04
5.896799927382089663e+03 9.964859791558425828e-01 1.301416280652589394e-03 1.882231390484499207e+04
5.896810427729900766e+03 9.961404769062943698e-01 1.306631152800815559e-03 1.881605129705938452e+04
5.896820928077710960e+03 9.959854706878110697e-01 1.310059680913467023e-03 1.881338682759171206e+04
5.896831428425522063e+03 9.965341056467905689e-01 1.313007826307552913e-03 1.882401369393662026e+04
5.896841928773332256e+03 9.967763417779806900e-01 1.317777315097409764e-03 1.882885305412501111e+04
5.896852429121143359e+03 9.965200373598308570e-01 1.322987072985421821e-03 1.882427510567492573e+04
5.896862929468954462e+03 9.969940822560598992e-01 1.326385500110705256e-03 1.883349352186690157e+04
5.896873429816764656e+03 9.983034052137662595e-01 1.329390105094485370e-03 1.885849104298884777e+04
5.896883930164575759e+03 9.986777342937244173e-01 1.329296508102108774e-03 1.886582646959104022e+04
5.896894430512385952e+03 9.979949950714871454e-01 1.327482869670713102e-03 1.885319294331000492e+04
5.896904930860197055e+03 9.979818886492000107e-01 1.327501086316483503e-03 1.885320931283053869e+04
5.896915431208008158e+03 9.985772714544953743e-01 1.328445272517528872e-03 1.886472100967375445e+04
5.896925931555818352e+03 9.982640758210907794e-01 1.328145900534820735e-03 1.885906828197035429e+04
5.896936431903629455e+03 9.973556940263426096e-01 1.326881533053308332e-03 1.884217105566924874e+04
5.896946932251440558e+03 9.976036252077290500e-01 1.324736571431714633e-03 1.884711886699615934e+04
5.896957432599250751e+03 9.987465185080819374e-01 1.323181509461384851e-03 1.886897502147621708e+04
5.896967932947061854e+03 9.993874324023680478e-01 1.322727732666947832e-03 1.888134792322153226e+04
5.896978433294872048e+03 9.990545042249985297e-01 1.322432028528175386e-03 1.887532218499052760e+04
5.896988933642683151e+03 9.992177544860032512e-01 1.324853031275841694e-03 1.887867079321309575e+04
5.896999433990494254e+03 1.000659728482676813e+00 1.327850466301621225e-03 1.890617932911777825e+04
5.897009934338304447e+03 1.000872090358072564e+00 1.332439858884196335e-03 1.891045636209309305e+04
5.897020434686115550e+03 9.996227629050767893e-01 1.337088171771040048e-03 1.888711599316471984e+04
5.897030935033926653e+03 9.992094352489743203e-01 1.332546783459739349e-03 1.887957076828232675e+04
5.897041435381736846e+03 9.992873535616695335e-01 1.326242633327647750e-03 1.888130730562165263e+04
5.897051935729547949e+03 9.994494834931276772e-01 1.326960429144165591e-03 1.888463506583983690e+04
5.897062436077358143e+03 9.998294318258138524e-01 1.328965649955729522e-03 1.889207865620773737e+04
5.897072936425169246e+03 1.000082519304769102e+00 1.329528821179629897e-03 1.889712533992050885e+04
5.897083436772980349e+03 1.000133723258518570e+00 1.330200086714071602e-03 1.889835740062445257e+04
5.897093937120790542e+03 1.000067482705054633e+00 1.333737385153742220e-03 1.889737024583936363e+04
5.897104437468601645e+03 1.000388954198643932e+00 1.337703109057456624e-03 1.890370940226947278e+04
5.897114937816411839e+03 1.000706321613584970e+00 1.337493943181753981e-03 1.890997117552504642e+04
5.897125438164222942e+03 1.000890111641814295e+00 1.335547641898718286e-03 1.891370891967312491e+04
5.897135938512034045e+03 1.001284847396773481e+00 1.336292934310818374e-03 1.892143303473416745e+04
5.897146438859844238e+03 1.001839033829938552e+00 1.339535222460943968e-03 1.893217056465712812e+04
5.897156939207655341e+03 1.001472919269686290e+00 1.340902008388615910e-03 1.892551683215789672e+04
5.897167439555466444e+03 1.000384444806258211e+00 1.339336899712202742e-03 1.890521178713146583e+04
5.897177939903276638e+03 1.000122307038761704e+00 1.334705909836167827e-03 1.890052245159957602e+04
5.897188440251087741e+03 9.997312021165787321e-01 1.330186562221887881e-03 1.889339569477653640e+04
5.897198940598897934e+03 9.987849601782842202e-01 1.331823328472547113e-03 1.887577734089416481e+04
5.897209440946709037e+03 9.982755629710768908e-01 1.335665395510819394e-03 1.886641441701925214e+04
5.897219941294520140e+03 9.986163637949205807e-01 1.336609534716472376e-03 1.887311934501697397e+04
5.897230441642330334e+03 9.987279229972461092e-01 1.337194822287269408e-03 1.887549189357848809e+04
5.897240941990141437e+03 9.992332929847473899e-01 1.344168184829096007e-03 1.888530744546531787e+04
5.897251442337951630e+03 1.000982461419332559e+00 1.352315650373628634e-03 1.891863113314101429e+04
5.897261942685762733e+03 1.000843055063223908e+00 1.345006761382248200e-03 1.891626106491891551e+04
5.897272443033573836e+03 9.993435133134608295e-01 1.335781915181175495e-03 1.888818355942859489e+04
5.897282943381384030e+03 9.989568397802600641e-01 1.332674092640289158e-03 1.888113942264468642e+04
5.897293443729195133e+03 9.992937406445848714e-01 1.329749751464712800e-03 1.888777144822064656e+04
5.897303944077006236e+03 9.998393258953104379e-01 1.331766943654024132e-03 1.889834807595458187e+04
5.897314444424816429e+03 1.000241827854811527e+00 1.334293914253476595e-03 1.890622048207523403e+04
5.897324944772627532e+03 1.000216206472827052e+00 1.330800959547272840e-03 1.890600075052068496e+04
5.897335445120437726e+03 9.996636557139644275e-01 1.327324883653988041e-03 1.889582089225701566e+04
5.897345945468248829e+03 9.993683242165245506e-01 1.322868002114918531e-03 1.889050281413179619e+04
5.897356445816059932e+03 9.997559426465556509e-01 1.318179084071319836e-03 1.889809418251236639e+04
5.897366946163870125e+03 1.000428739134975986e+00 1.314557860158552726e-03 1.891107646880109678e+04
5.897377446511681228e+03 1.001124216967371527e+00 1.311433573339462581e-03 1.892448786180582465e+04
5.897387946859491421e+03 1.000979411527010532e+00 1.317571728991907441e-03 1.892201532701121323e+04
5.897398447207302524e+03 1.000063455331537954e+00 1.322999405342674406e-03 1.890496506256167777e+04
5.897408947555113627e+03 9.997873053669472654e-01 1.328612244891313240e-03 1.890000922976832953e+04
5.897419447902923821e+03 1.000003765088707031e+00 1.335008409379358045e-03 1.890436568948372224e+04
5.897429948250734924e+03 1.000026189229892504e+00 1.337259163054742815e-03 1.890505410662215218e+04
5.897440448598546027e+03 1.000259328091548161e+00 1.339555048031158347e-03 1.890972606022395848e+04
5.897450948946356220e+03 1.000772842788012262e+00 1.344159617000869169e-03 1.891969866698693295e+04
5.897461449294167323e+03 1.001043674543271367e+00 1.348113934132322235e-03 1.892508353884666576e+04
5.897471949641977517e+03 9.999744345329815154e-01 1.340173371454871695e-03 1.890513367042130267e+04
5.897482449989788620e+03 9.986739371830368750e-01 1.333246379551778415e-03 1.888081111251375842e+04
