9.999999509676053000e-01
9.999999501367166088e-01
9.999999490355138132e-01
9.999999477282155436e-01
9.999999462812622086e-01
9.999999447368597139e-01
9.999999431121996407e-01
9.999999414100319006e-01
9.999999396273198116e-01
9.999999377591270999e-01
9.999999357997595428e-01
9.999999337429685831e-01
9.999999315819344536e-01
9.999999293092056707e-01
9.999999269166263138e-01
9.999999243952502059e-01
9.999999217352444347e-01
9.999999189257767762e-01
9.999999159548866867e-01
9.999999128093343126e-01
9.999999094744258521e-01
9.999999059338080531e-01
9.999999021692277390e-01
9.999998981602467030e-01
9.999998938839038676e-01
9.999998893143130507e-01
9.999998844221773542e-01
9.999998791742050752e-01
9.999998735323984977e-01
9.999998674531825893e-01
9.999998608863280847e-01
9.999998537736125570e-01
9.999998460471335449e-01
9.999998376271681533e-01
9.999998284194181464e-01
9.999998183114164885e-01
9.999998071677330680e-01
9.999997948233150247e-01
9.999997810733033399e-01
9.999997656540950963e-01
9.999997481970346325e-01
9.999997280884689310e-01
9.999997040121513248e-01
9.999996724721786912e-01
9.999996232832580878e-01
9.999995267899761675e-01
9.999993005778650135e-01
9.999987303810589090e-01
9.999973000362274433e-01
9.999938642506742692e-01
9.999860946129058847e-01
9.999696803016674407e-01
9.999374144334283177e-01
9.998785592857450943e-01
9.997791829869808744e-01
9.996242883415995539e-01
9.994022208378836591e-01
9.991108699261349591e-01
9.987637728908529411e-01
9.983931134395617191e-01
9.980467405420654359e-01
9.977782584583844150e-01
9.976324278090514808e-01
9.976309565080982988e-01
9.977644304502841788e-01
9.979938964262803358e-01
9.982614923922837891e-01
9.985057664207720451e-01
9.986759265810862818e-01
9.987406857665419579e-01
9.986904117898480759e-01
9.985340938728257676e-01
9.982938987406264619e-01
9.979996987932056030e-01
9.976846848932081624e-01
9.973819463240851668e-01
9.971212007904644015e-01
9.969246661036788026e-01
9.968011988217029273e-01
9.967384373293818323e-01
9.966944676260081071e-01
9.965940232016684552e-01
9.963381033257726616e-01
9.958355951928729022e-01
9.950554373554554299e-01
9.940785480834946064e-01
9.931129633756561326e-01
9.924429542434799467e-01
9.923200448545339558e-01
9.928489607560870844e-01
9.939360300578301555e-01
9.953324609782832066e-01
9.967443887228706334e-01
9.979434941602669529e-01
9.988231512683647395e-01
9.993890131936855603e-01
9.997112776651710941e-01
9.998749733469477485e-01
9.999496829444928236e-01
9.999806143204635900e-01
9.999924141376279607e-01
9.999966809129036127e-01
9.999982202612562876e-01
9.999988203782945728e-01
9.999990954081047212e-01
9.999992486674725845e-01
9.999993493264335287e-01
9.999994232910152103e-01
9.999994816429240707e-01
9.999995297605684952e-01
9.999995705499955534e-01
9.999996057430551311e-01
9.999996364713193975e-01
9.999996635348578078e-01
9.999996875340063651e-01
9.999997089378444004e-01
9.999997281226935542e-01
9.999997453957885085e-01
9.999997610110844537e-01
9.999997751805042023e-01
9.999997880822943941e-01
9.999997998674120536e-01
9.999998106644947260e-01
9.999998205837828946e-01
9.999998297202452591e-01
9.999998381560922800e-01
9.999998459628123282e-01
9.999998532028339104e-01
9.999998599308905778e-01
9.999998661951481349e-01
9.999998720381424455e-01
9.999998774975613625e-01
9.999998826069030899e-01
9.999998873960291856e-01
9.999998918916357393e-01
9.999998961176517209e-01
9.999999000955808182e-01
9.999999038447942024e-01
9.999999073827825491e-01
9.999999107253728647e-01
9.999999138869175574e-01
9.999999168804580840e-01
9.999999197178672805e-01
9.999999224099742623e-01
9.999999249666744472e-01
9.999999273970239244e-01
9.999999297093262740e-01
9.999999319112058416e-01
9.999999340096741296e-01
9.999999360111888613e-01
9.999999379217061612e-01
9.999999397467267404e-01
9.999999414913374185e-01
9.999999431602485389e-01
9.999999447578270528e-01
9.999999462881266066e-01
9.999999477549139648e-01
9.999999491616935465e-01
9.999999505117286303e-01
9.999999518080624483e-01
9.999999530535345071e-01
9.999999542507976846e-01
9.999999554023324411e-01
9.999999565104606969e-01
9.999999575773572680e-01
9.999999586050615230e-01
9.999999595954873755e-01
9.999999605504320543e-01
9.999999614715850971e-01
9.999999623605362320e-01
9.999999632187815957e-01
9.999999640477308382e-01
9.999999648487132298e-01
9.999999656229831002e-01
9.999999663717243914e-01
9.999999670960557641e-01
9.999999677970350387e-01
9.999999684756630813e-01
9.999999691328866902e-01
9.999999697696034806e-01
9.999999703866637724e-01
9.999999709848741425e-01
9.999999715650000898e-01
9.999999721277680331e-01
9.999999726738681982e-01
9.999999732039568379e-01
9.999999737186578974e-01
9.999999742185630147e-01
9.999999747042216391e-01
9.999999751760634270e-01
9.999999756340309798e-01
9.999999760763580436e-01
9.999999764968571236e-01
9.999999768815764911e-01
9.999999772089371852e-01
9.999999774578332001e-01
9.999998758274208921e-01
9.999998738998228109e-01
9.999998713743565304e-01
9.999998683767490348e-01
9.999998650472261552e-01
9.999998614856262513e-01
9.999998577408690803e-01
9.999998538271369641e-01
9.999998497420901078e-01
9.999998454772367484e-01
9.999998410218728928e-01
9.999998363641231514e-01
9.999998314910866215e-01
9.999998263887721617e-01
9.999998210419880351e-01
9.999998154342127910e-01
9.999998095474469384e-01
9.999998033620455251e-01
9.999997968565266238e-01
9.999997900073526180e-01
9.999997827886798474e-01
9.999997751720691719e-01
9.999997671261533494e-01
9.999997586162499008e-01
9.999997496039110256e-01
9.999997400463980224e-01
9.999997298960634495e-01
9.999997190996225971e-01
9.999997075972898442e-01
9.999996953217480389e-01
9.999996821969138194e-01
9.999996681364473616e-01
9.999996530419414942e-01
9.999996368007064707e-01
9.999996192830374886e-01
9.999996003388138543e-01
9.999995797932270669e-01
9.999995574413538257e-01
9.999995330411621808e-01
9.999995063043025656e-01
9.999994768834655767e-01
9.999994443533593014e-01
9.999994081765730680e-01
9.999993676258530639e-01
9.999993215697646765e-01
9.999992678304563398e-01
9.999992012578584610e-01
9.999991081877293020e-01
9.999989514286837800e-01
9.999986323524512333e-01
9.999979022451661592e-01
9.999961715001198792e-01
9.999921343389859274e-01
9.999831012658685347e-01
9.999639426594550962e-01
9.999256457559718703e-01
9.998537263346498616e-01
9.997271223098538329e-01
9.995186220986782555e-01
9.991980827240741769e-01
9.987393081367653691e-01
9.981302308640163101e-01
9.973841205221261053e-01
9.965476814083558121e-01
9.957012772153859270e-01
9.949481189825790661e-01
9.943930686206630121e-01
9.941163569779847275e-01
9.941506984755661414e-01
9.944700581493792768e-01
9.949943781021197697e-01
9.956086076058481282e-01
9.961892520036657039e-01
9.966297142007953802e-01
9.968575064624262128e-01
9.968405807088236426e-01
9.965842600465460999e-01
9.961227107284338356e-01
9.955090370557275747e-01
9.948066027608344353e-01
9.940822700290425917e-01
9.934008166822987373e-01
9.928191250653011224e-01
9.923786340274993734e-01
9.920948201481966100e-01
9.919434666785496013e-01
9.918461421984423598e-01
9.916623032007552130e-01
9.912011353556848814e-01
9.902671907696640741e-01
9.887427317883097366e-01
9.866845775943380303e-01
9.843859527400669052e-01
9.823482431223190536e-01
9.811419823156393161e-01
9.812007946560736826e-01
9.826449033045348003e-01
9.852281064126064969e-01
9.884371892891570255e-01
9.916879113753371833e-01
9.945156331086490997e-01
9.966782725047742542e-01
9.981514772658572898e-01
9.990528075424154331e-01
9.995511834484693825e-01
9.998016642437642654e-01
9.999168620008238584e-01
9.999658151520463001e-01
9.999853511745755430e-01
9.999928862316154188e-01
9.999958353650351128e-01
9.999970903499140196e-01
9.999977100358028448e-01
9.999980726401781483e-01
9.999983172335517034e-01
9.999984994827091356e-01
9.999986444013175824e-01
9.999987645603095610e-01
9.999988669112183093e-01
9.999989556431473359e-01
9.999990334947382875e-01
9.999991023927237155e-01
9.999991637754569451e-01
9.999992187641153496e-01
9.999992682587957038e-01
9.999993129965611960e-01
9.999993535893121344e-01
9.999993905502118086e-01
9.999994243130925220e-01
9.999994552472166731e-01
9.999994836687728927e-01
9.999995098499732116e-01
9.999995340263383437e-01
9.999995564025861983e-01
9.999995771574263781e-01
9.999995964474934773e-01
9.999996144105949281e-01
9.999996311684040684e-01
9.999996468287102314e-01
9.999996614873061240e-01
9.999996752295781111e-01
9.999996881318530262e-01
9.999997002625438114e-01
9.999997116831274013e-01
9.999997224489829417e-01
9.999997326101122130e-01
9.999997422117632428e-01
9.999997512949683198e-01
9.999997598970131740e-01
9.999997680518437626e-01
9.999997757904244278e-01
9.999997831410494253e-01
9.999997901296180380e-01
9.999997967798763820e-01
9.999998031136307919e-01
9.999998091509371134e-01
9.999998149102683476e-01
9.999998204086637532e-01
9.999998256618617409e-01
9.999998306844182228e-01
9.999998354898130826e-01
9.999998400905443230e-01
9.999998444982147738e-01
9.999998487236071432e-01
9.999998527767542944e-01
9.999998566670011968e-01
9.999998604030613247e-01
9.999998639930671729e-01
9.999998674446173297e-01
9.999998707648175555e-01
9.999998739603195297e-01
9.999998770373553780e-01
9.999998800017688705e-01
9.999998828590446198e-01
9.999998856143350601e-01
9.999998882724834282e-01
9.999998908380463014e-01
9.999998933153144698e-01
9.999998957083305884e-01
9.999998980209068300e-01
9.999999002566403172e-01
9.999999024189281105e-01
9.999999045109798645e-01
9.999999065358305961e-01
9.999999084963517859e-01
9.999999103952622592e-01
9.999999122351375114e-01
9.999999140184187008e-01
9.999999157474219746e-01
9.999999174243441313e-01
9.999999190512726122e-01
9.999999206301894983e-01
9.999999221629795043e-01
9.999999236514349743e-01
9.999999250972614329e-01
9.999999265020826922e-01
9.999999278674460701e-01
9.999999291948247215e-01
9.999999304856249660e-01
9.999999317411867317e-01
9.999999329627877742e-01
9.999999341516339069e-01
9.999999353087869469e-01
9.999999364348095554e-01
9.999999375284849279e-01
9.999999385834779098e-01
9.999999395824585857e-01
9.999999404918087365e-01
9.999999412647754271e-01
9.999999418587934841e-01
9.999999258709890704e-01
9.999999245189004071e-01
9.999999227090259346e-01
9.999999205624086063e-01
9.999999181950601779e-01
9.999999156724312943e-01
9.999999130160439620e-01
9.999999102258305683e-01
9.999999072943430711e-01
9.999999042118370429e-01
9.999999009674058748e-01
9.999998975490718145e-01
9.999998939436829382e-01
9.999998901367690429e-01
9.999998861123756688e-01
9.999998818528674782e-01
9.999998773387049900e-01
9.999998725481802353e-01
9.999998674571093371e-01
9.999998620384695780e-01
9.999998562619710762e-01
9.999998500935480816e-01
9.999998434947496850e-01
9.999998364220104019e-01
9.999998288257649914e-01
9.999998206493729835e-01
9.999998118277986237e-01
9.999998022859801772e-01
9.999997919367953347e-01
9.999997806785028143e-01
9.999997683914862989e-01
9.999997549340685632e-01
9.999997401370525063e-01
9.999997237964960428e-01
9.999997056639171600e-01
9.999996854324156859e-01
9.999996627147653694e-01
9.999996369999354373e-01
9.999996075357264758e-01
9.999995729371983222e-01
9.999995298029302759e-01
9.999994679883816850e-01
9.999993555975394965e-01
9.999990954362576456e-01
9.999984107171566716e-01
9.999965761744233905e-01
9.999918576274606785e-01
9.999804955318158939e-01
9.999551529025438867e-01
9.999030662335107733e-01
9.998047498958643198e-01
9.996348309764854223e-01
9.993668741690744373e-01
9.989831065069590954e-01
9.984873645792965435e-01
9.979161599335466537e-01
9.973407085427938856e-01
9.968545847837704255e-01
9.965479089997714146e-01
9.964768497881717479e-01
9.966416659106576148e-01
9.969838169835478769e-01
9.974037283669082710e-01
9.977909502610525783e-01
9.980536818928787968e-01
9.981371947310286874e-01
9.980278856335791371e-01
9.977464804448388236e-01
9.973367421030023827e-01
9.968547431778149726e-01
9.963605742469623383e-01
9.959116380937286239e-01
9.955553962074199514e-01
9.953192986517491736e-01
9.951964311334078328e-01
9.951283310354929190e-01
9.949934192066727245e-01
9.946192316042443693e-01
9.938392915784037829e-01
9.925956282063932434e-01
9.910432195998903904e-01
9.895742248624637138e-01
9.886996548968767229e-01
9.888193960788960180e-01
9.900131282992983284e-01
9.919940839313925451e-01
9.942577712749268715e-01
9.963199907637760866e-01
9.978929740669951753e-01
9.989208806058528234e-01
9.995040370909777927e-01
9.997939832398703430e-01
9.999214408880252591e-01
9.999715361403793690e-01
9.999894689143713489e-01
9.999955235314073043e-01
9.999975817317264815e-01
9.999983606933028346e-01
9.999987211254848241e-01
9.999989283080321645e-01
9.999990685759749809e-01
9.999991739244675770e-01
9.999992581730453578e-01
9.999993281458425809e-01
9.999993876263233439e-01
9.999994389502393499e-01
9.999994837022144756e-01
9.999995230376070854e-01
9.999995578408281682e-01
9.999995888101993469e-01
9.999996165082550847e-01
9.999996413944800544e-01
9.999996638481769562e-01
9.999996841852061280e-01
9.999997026706068937e-01
9.999997195283021334e-01
9.999997349486606790e-01
9.999997490944592116e-01
9.999997621056248009e-01
9.999997741030397513e-01
9.999997851916166969e-01
9.999997954628028207e-01
9.999998049966314362e-01
9.999998138634138556e-01
9.999998221251421571e-01
9.999998298366585825e-01
9.999998370466354203e-01
9.999998437984001232e-01
9.999998501306334164e-01
9.999998560779616019e-01
9.999998616714615984e-01
9.999998669390945949e-01
9.999998719060770869e-01
9.999998765952020641e-01
9.999998810271153449e-01
9.999998852205569388e-01
9.999998891925711009e-01
9.999998929586874086e-01
9.999998965330825218e-01
9.999998999287199597e-01
9.999999031574738906e-01
9.999999062302378228e-01
9.999999091570219711e-01
9.999999119470370790e-01
9.999999146087726887e-01
9.999999171500620898e-01
9.999999195781444916e-01
9.999999218997182027e-01
9.999999241209883705e-01
9.999999262477108353e-01
9.999999282852306548e-01
9.999999302385171873e-01
9.999999321121957330e-01
9.999999339105751783e-01
9.999999356376747528e-01
9.999999372972470102e-01
9.999999388927983679e-01
9.999999404276093129e-01
9.999999419047507221e-01
9.999999433271005156e-01
9.999999446973582007e-01
9.999999460180576394e-01
9.999999472915792609e-01
9.999999485201614968e-01
9.999999497059105513e-01
9.999999508508097268e-01
9.999999519567283057e-01
9.999999530254289892e-01
9.999999540585751134e-01
9.999999550577380880e-01
9.999999560244022812e-01
9.999999569599716809e-01
9.999999578657750021e-01
9.999999587430697945e-01
9.999999595930479934e-01
9.999999604168385847e-01
9.999999612155042739e-01
9.999999619899819780e-01
9.999999627407009095e-01
9.999999634659637593e-01
9.999999641574580656e-01
9.999999647931687718e-01
9.999999653351049345e-01
9.999999657433078504e-01
9.999983997558126170e-01
9.999982887974092627e-01
9.999980917910493705e-01
9.999977069419627718e-01
9.999968584806471217e-01
9.999948467130241880e-01
9.999900236149279475e-01
9.999787871047267629e-01
9.999538476172465939e-01
9.999016030608127714e-01
9.997987894789557295e-01
9.996092528673536926e-01
9.992826430377214075e-01
9.987576692568043146e-01
9.979725350839252496e-01
9.968834755589075503e-01
9.954887066737845291e-01
9.938505554291039434e-01
9.921054033817737761e-01
9.904520639524740933e-01
9.891156022150928706e-01
9.882936881555115516e-01
9.881017804380960445e-01
9.885365914604711257e-01
9.894718169157795673e-01
9.906880385922666177e-01
9.919257899683533442e-01
9.929432345112598757e-01
9.935608427627702355e-01
9.936833130843718553e-01
9.932989641910965339e-01
9.924640229441022976e-01
9.912812509201652800e-01
9.898799482954235840e-01
9.884001142540363993e-01
9.869798779127446631e-01
9.857433382715334869e-01
9.847854333436318885e-01
9.841508542412775729e-01
9.838057802929089934e-01
9.836063177251246348e-01
9.832778766509451263e-01
9.824327800969832047e-01
9.806579141553188883e-01
9.776833042913544158e-01
9.735894318479781928e-01
9.689493167206146840e-01
9.647836812654621008e-01
9.622775039530622188e-01
9.623456191428764184e-01
9.652534843069634496e-01
9.704979729437838154e-01
9.770144653646608557e-01
9.835918585376399736e-01
9.892756570848906250e-01
9.935817356114271526e-01
9.964793889785342751e-01
9.982258726620203415e-01
9.991747288020236262e-01
9.996422103405675497e-01
9.998525904305459733e-01
9.999400081377514127e-01
9.999741577615983701e-01
9.999870855467274389e-01
9.999920383236970967e-01
9.999940353198095710e-01
9.999989866719263265e-01
9.999989534286113368e-01
9.999989087352283423e-01
9.999988538811184213e-01
9.999987903404030654e-01
9.999987188717101017e-01
9.999986392875372943e-01
9.999985506016668690e-01
9.999984510839518004e-01
9.999983377785177652e-01
9.999982045888429205e-01
9.999980362613831719e-01
9.999977908142442251e-01
9.999973514956592702e-01
9.999964045824073500e-01
9.999941518467632129e-01
9.999886883477833166e-01
9.999757730130621747e-01
9.999466332921030931e-01
9.998844806157300980e-01
9.997597422846016268e-01
9.995248157444778236e-01
9.991104448870340438e-01
9.984272387221289069e-01
9.973765021898028937e-01
9.958732000845889054e-01
9.938796936385986269e-01
9.914424601284375083e-01
9.887179419207896558e-01
9.859719306591379073e-01
9.835425933629209361e-01
9.817700605224559673e-01
9.809105772438547755e-01
9.810630629135304037e-01
9.821345298721566586e-01
9.838575874064248161e-01
9.858539369053792578e-01
9.877214399456446525e-01
9.891163849970807664e-01
9.898086569560879955e-01
9.897011615340673973e-01
9.888186358351076510e-01
9.872789004293132109e-01
9.852599406366824297e-01
9.829712486925074044e-01
9.806315552117638168e-01
9.784504216125913256e-01
9.766090180298312440e-01
9.752350862108368768e-01
9.743680660510910529e-01
9.739140128881269565e-01
9.735995367578123005e-01
9.729512320866953168e-01
9.713450829815113430e-01
9.681694190689874580e-01
9.631018390028829312e-01
9.564146518709091271e-01
9.491412888548383942e-01
9.429365738552546450e-01
9.395930674126333759e-01
9.403824025614808679e-01
9.455358550309730381e-01
9.541392448586951680e-01
9.644979358069020181e-01
9.747712673436050856e-01
9.835545700661414426e-01
9.901669841797717808e-01
9.946027504409482578e-01
9.972747444776234316e-01
9.987286870812981388e-01
9.994474254375124156e-01
9.997724201666055022e-01
9.999081989340751209e-01
9.999614996849475190e-01
9.999817449197883068e-01
9.999895571041594877e-01
9.999928332598704284e-01
9.999944227726380586e-01
9.999953343176117837e-01
9.999959378188622017e-01
9.999963813407668489e-01
9.999967310940967025e-01
9.999970198942844668e-01
9.999972655067637106e-01
9.999974783892631169e-01
9.999976652400009991e-01
9.999978307035749525e-01
9.999979782183594512e-01
9.999981104541912913e-01
9.999982295518957676e-01
9.999983372647744950e-01
9.999984350493547058e-01
9.999985241276292403e-01
9.999986055296652410e-01
9.999986801127233038e-01
9.999987485316350622e-01
9.999988111116477896e-01
9.999988676049882397e-01
9.999989169770302500e-01
9.999989575843315492e-01
9.999989879983144370e-01
