9.999999831127150962e-01
9.999999829474636170e-01
9.999999827302922251e-01
9.999999824756622413e-01
9.999999821982263892e-01
9.999999819073885909e-01
9.999999816073077419e-01
9.999999812992038661e-01
9.999999809831834341e-01
9.999999806590456064e-01
9.999999803265194886e-01
9.999999799853128701e-01
9.999999796351199954e-01
9.999999792756215644e-01
9.999999789064832889e-01
9.999999785273561148e-01
9.999999781378751118e-01
9.999999777376579191e-01
9.999999773263048564e-01
9.999999769033969255e-01
9.999999764684954773e-01
9.999999760211406574e-01
9.999999755608501850e-01
9.999999750871180204e-01
9.999999745994132549e-01
9.999999740971783346e-01
9.999999735798272837e-01
9.999999730467443726e-01
9.999999724972816750e-01
9.999999719307577362e-01
9.999999713464550188e-01
9.999999707436175722e-01
9.999999701214484782e-01
9.999999694791077420e-01
9.999999688157085176e-01
9.999999681303144428e-01
9.999999674219364199e-01
9.999999666895283967e-01
9.999999659319841472e-01
9.999999651481326080e-01
9.999999643367325497e-01
9.999999634964691353e-01
9.999999626259468144e-01
9.999999617236844385e-01
9.999999607881082664e-01
9.999999598175450810e-01
9.999999588102140846e-01
9.999999577642195714e-01
9.999999566775402693e-01
9.999999555480203473e-01
9.999999543733577578e-01
9.999999531510923578e-01
9.999999518785924746e-01
9.999999505530403621e-01
9.999999491714157696e-01
9.999999477304784001e-01
9.999999462267475936e-01
9.999999446564808991e-01
9.999999430156499836e-01
9.999999412999127646e-01
9.999999395045845452e-01
9.999999376246033744e-01
9.999999356544935214e-01
9.999999335883231755e-01
9.999999314196573730e-01
9.999999291415057057e-01
9.999999267462621466e-01
9.999999242256383258e-01
9.999999215705874800e-01
9.999999187712182991e-01
9.999999158166961166e-01
9.999999126951323314e-01
9.999999093934551775e-01
9.999999058972632859e-01
9.999999021906569308e-01
9.999998982560422967e-01
9.999998940739058817e-01
9.999998896225510414e-01
9.999998848777909011e-01
9.999998798125884214e-01
9.999998743966318493e-01
9.999998685958337852e-01
9.999998623717336610e-01
9.999998556807849770e-01
9.999998484734978765e-01
9.999998406934009765e-01
9.999998322757774893e-01
9.999998231461141307e-01
9.999998132181810995e-01
9.999998023916316647e-01
9.999997905489654837e-01
9.999997775515997445e-01
9.999997632345775100e-01
9.999997473987917163e-01
9.999997297975669053e-01
9.999997101080355666e-01
9.999996878582375626e-01
9.999996622247295797e-01
9.999996314639139072e-01
9.999995913593699992e-01
9.999995311816363142e-01
9.999994237659228791e-01
9.999992026479654905e-01
9.999987128606993014e-01
9.999976125352848522e-01
9.999951911621343115e-01
9.999900623069565286e-01
9.999796945289193273e-01
9.999597805702916675e-01
9.999235280997518238e-01
9.998610890713033328e-01
9.997595013571557443e-01
9.996036221569731817e-01
9.993784744294447187e-01
9.990730913730039298e-01
9.986852824506257109e-01
9.982258466678624043e-01
9.977199117995698696e-01
9.972028544884927737e-01
9.967095915685151297e-01
9.962598694704603020e-01
9.958479207271675460e-01
9.954481301966147111e-01
9.950418260813784777e-01
9.946517710906177534e-01
9.943534235937909749e-01
9.942389082793704480e-01
9.943476307986391927e-01
9.946162544527252791e-01
9.948965207435187530e-01
9.950370719513370599e-01
9.949726081961602908e-01
9.947600129058418172e-01
9.945447100568363119e-01
9.944873136764944554e-01
9.946954727099909244e-01
9.951901127999822627e-01
9.959107720662272456e-01
9.967477092446983544e-01
9.975824912371049624e-01
9.983211088699259772e-01
9.989107560878358605e-01
9.993397039419789074e-01
9.996258566436094783e-01
9.998016651567076529e-01
9.999014584005070372e-01
9.999539268218655685e-01
9.999795428857205515e-01
9.999911924072234504e-01
9.999961534744191693e-01
9.999981535345627837e-01
9.999989359151078006e-01
9.999992493648132141e-01
9.999993908141402432e-01
9.999994698058661813e-01
9.999995244700070618e-01
9.999995677341004807e-01
9.999996041775562894e-01
9.999996357065551456e-01
9.999996633427066239e-01
9.999996877669252715e-01
9.999997094902797201e-01
9.999997289167369408e-01
9.999997463732498426e-01
9.999997621281133675e-01
9.999997764037522607e-01
9.999997893861609644e-01
9.999998012320638896e-01
9.999998120744342245e-01
9.999998220268038196e-01
9.999998311866646894e-01
9.999998396381790666e-01
9.999998474543588811e-01
9.999998546988314585e-01
9.999998614272800346e-01
9.999998676886294735e-01
9.999998735260258176e-01
9.999998789776509689e-01
9.999998840774051434e-01
9.999998888554795240e-01
9.999998933388409839e-01
9.999998975516426469e-01
9.999999015155751625e-01
9.999999052501653551e-01
9.999999087730332414e-01
9.999999121001077462e-01
9.999999152457572649e-01
9.999999182225607353e-01
9.999999210395651428e-01
9.999999236960368520e-01
9.999999261672083417e-01
9.999999283865098620e-01
9.999999302465261142e-01
9.999999316432985896e-01
9.999999565312326366e-01
9.999999561377057589e-01
9.999999556259054900e-01
9.999999550250342484e-01
9.999999543668577351e-01
9.999999536740291628e-01
9.999999529581548030e-01
9.999999522235085703e-01
9.999999514710149473e-01
9.999999507004626587e-01
9.999999499113364498e-01
9.999999491030422405e-01
9.999999482749529767e-01
9.999999474264145150e-01
9.999999465567457335e-01
9.999999456652357566e-01
9.999999447511447315e-01
9.999999438136997210e-01
9.999999428520955913e-01
9.999999418654910155e-01
9.999999408530082512e-01
9.999999398137302542e-01
9.999999387466989020e-01
9.999999376509123294e-01
9.999999365253231520e-01
9.999999353688358017e-01
9.999999341803031960e-01
9.999999329585246288e-01
9.999999317022421064e-01
9.999999304101372388e-01
9.999999290808280206e-01
9.999999277128645003e-01
9.999999263047250064e-01
9.999999248548122610e-01
9.999999233614476069e-01
9.999999218228671216e-01
9.999999202372161777e-01
9.999999186025430031e-01
9.999999169167932411e-01
9.999999151778029560e-01
9.999999133832917497e-01
9.999999115308549902e-01
9.999999096179554847e-01
9.999999076419145982e-01
9.999999055999025943e-01
9.999999034889283100e-01
9.999999013058279429e-01
9.999998990472526161e-01
9.999998967096551672e-01
9.999998942892760478e-01
9.999998917821275590e-01
9.999998891839768644e-01
9.999998864903275608e-01
9.999998836963995830e-01
9.999998807971071102e-01
9.999998777870351407e-01
9.999998746604124022e-01
9.999998714110832632e-01
9.999998680324759803e-01
9.999998645175685041e-01
9.999998608588499538e-01
9.999998570482790949e-01
9.999998530772384875e-01
9.999998489364829712e-01
9.999998446160835996e-01
9.999998401053659114e-01
9.999998353928398753e-01
9.999998304661231741e-01
9.999998253118561609e-01
9.999998199156058254e-01
9.999998142617595454e-01
9.999998083334050714e-01
9.999998021121971892e-01
9.999997955782065073e-01
9.999997887097498150e-01
9.999997814831982357e-01
9.999997738727599561e-01
9.999997658502336462e-01
9.999997573847275723e-01
9.999997484423395200e-01
9.999997389857895325e-01
9.999997289739989137e-01
9.999997183616049501e-01
9.999997070983996927e-01
9.999996951286790337e-01
9.999996823904848675e-01
9.999996688147182455e-01
9.999996543240980973e-01
9.999996388319327689e-01
9.999996222406632995e-01
9.999996044401266992e-01
9.999995853054741701e-01
9.999995646946591155e-01
9.999995424453871351e-01
9.999995183713817903e-01
9.999994922577712941e-01
9.999994638553195703e-01
9.999994328730583693e-01
9.999993989685045381e-01
9.999993617336020435e-01
9.999993206715109828e-01
9.999992751505547561e-01
9.999992242967119527e-01
9.999991667186922673e-01
9.999990997873888787e-01
9.999990177769467747e-01
9.999989072405203183e-01
9.999987360343609577e-01
9.999984286072025608e-01
9.999978134523230811e-01
9.999965179569081375e-01
9.999937712443554005e-01
9.999880596636776531e-01
9.999765700589617889e-01
9.999543675396230791e-01
9.999133080562717657e-01
9.998408022233642445e-01
9.997187313218571791e-01
9.995230399641190644e-01
9.992247108467844363e-01
9.987928326370223431e-01
9.982001528316473138e-01
9.974307643366885356e-01
9.964884372635047782e-01
9.954027985438247406e-01
9.942295605029791705e-01
9.930411504600860084e-01
9.919066455123961568e-01
9.908659121561542715e-01
9.899111435793113145e-01
9.889937499212806404e-01
9.880663853512221539e-01
9.871448020714601590e-01
9.863457855241949401e-01
9.858551100973967918e-01
9.858219197747755125e-01
9.862401786752553745e-01
9.869066492814781988e-01
9.875011076265254317e-01
9.877471557529180490e-01
9.875542690707053151e-01
9.870594601057612882e-01
9.865574528642760965e-01
9.863712769573533823e-01
9.867320313348130201e-01
9.877131500648501650e-01
9.892291890519873121e-01
9.910832690592668026e-01
9.930363320800729143e-01
9.948721634543242764e-01
9.964403011555513778e-01
9.976704394823003863e-01
9.985625645516015281e-01
9.991633743921299882e-01
9.995403142398127105e-01
9.997611610856721454e-01
9.998822463325482968e-01
9.999444992787100972e-01
9.999745878314096892e-01
9.999883148066197602e-01
9.999942723247108312e-01
9.999967729412435613e-01
9.999978243077376483e-01
9.999982970869127907e-01
9.999985448615744676e-01
9.999987032466131076e-01
9.999988222166475982e-01
9.999989201345445000e-01
9.999990042365642928e-01
9.999990779030094590e-01
9.999991431084016558e-01
9.999992012295513266e-01
9.999992533235946279e-01
9.999993002388574137e-01
9.999993426707097788e-01
9.999993811963685530e-01
9.999994162994473301e-01
9.999994483883063445e-01
9.999994778101503057e-01
9.999995048620347049e-01
9.999995297995619703e-01
9.999995528438210268e-01
9.999995741869756039e-01
9.999995939967987191e-01
9.999996124203817116e-01
9.999996295871869112e-01
9.999996456115773924e-01
9.999996605949241779e-01
9.999996746273721593e-01
9.999996877893273517e-01
9.999997001527152207e-01
9.999997117820507153e-01
9.999997227353497609e-01
9.999997330649135208e-01
9.999997428180003034e-01
9.999997520374064308e-01
9.999997607619706130e-01
9.999997690270091555e-01
9.999997768646922136e-01
9.999997843043199053e-01
9.999997913722586951e-01
9.999997980904637984e-01
9.999998044703611866e-01
9.999998104962048995e-01
9.999998160951921733e-01
9.999998211102185675e-01
9.999998253165405249e-01
9.999998285128304243e-01
9.999999744842406058e-01
9.999999742157832383e-01
9.999999738597719068e-01
9.999999734432689635e-01
9.999999729917865565e-01
9.999999725200173772e-01
9.999999720335253084e-01
9.999999715335377015e-01
9.999999710199170000e-01
9.999999704922155619e-01
9.999999699499176886e-01
9.999999693924779276e-01
9.999999688193258462e-01
9.999999682298625903e-01
9.999999676234611057e-01
9.999999669994632523e-01
9.999999663571789155e-01
9.999999656958835637e-01
9.999999650148160280e-01
9.999999643131768368e-01
9.999999635901253292e-01
9.999999628447771016e-01
9.999999620762017871e-01
9.999999612834193918e-01
9.999999604653975194e-01
9.999999596210480401e-01
9.999999587492230946e-01
9.999999578487112073e-01
9.999999569182329573e-01
9.999999559564369811e-01
9.999999549618934225e-01
9.999999539330901577e-01
9.999999528684260230e-01
9.999999517662047088e-01
9.999999506246277647e-01
9.999999494417870505e-01
9.999999482156564090e-01
9.999999469440832289e-01
9.999999456247784524e-01
9.999999442553058060e-01
9.999999428330708096e-01
9.999999413553073424e-01
9.999999398190646538e-01
9.999999382211912646e-01
9.999999365583193134e-01
9.999999348268453492e-01
9.999999330229111250e-01
9.999999311423800608e-01
9.999999291808137070e-01
9.999999271334447659e-01
9.999999249951461167e-01
9.999999227603983964e-01
9.999999204232524752e-01
9.999999179772884883e-01
9.999999154155696512e-01
9.999999127305915225e-01
9.999999099142236059e-01
9.999999069576461785e-01
9.999999038512770166e-01
9.999999005846900157e-01
9.999998971465240416e-01
9.999998935243774589e-01
9.999998897046915580e-01
9.999998856726156626e-01
9.999998814118540302e-01
9.999998769044915470e-01
9.999998721307925553e-01
9.999998670689711489e-01
9.999998616949241637e-01
9.999998559819237576e-01
9.999998499002595853e-01
9.999998434168206884e-01
9.999998364946076634e-01
9.999998290921573441e-01
9.999998211628642331e-01
9.999998126541744803e-01
9.999998035066244295e-01
9.999997936526882070e-01
9.999997830153848355e-01
9.999997715065898074e-01
9.999997590249667390e-01
9.999997454534224062e-01
9.999997306559417209e-01
9.999997144736207932e-01
9.999996967196342901e-01
9.999996771727592826e-01
9.999996555688268618e-01
9.999996315888303178e-01
9.999996048403719806e-01
9.999995748221893743e-01
9.999995408381855411e-01
9.999995017528867658e-01
9.999994552576116913e-01
9.999993957005945955e-01
9.999993079680894459e-01
9.999991512757473444e-01
9.999988191626274503e-01
9.999980480265124871e-01
9.999962245578835063e-01
9.999920151371815003e-01
9.999827207379275995e-01
9.999632787031185188e-01
9.999249332962284464e-01
9.998538229813976885e-01
9.997300809792337706e-01
9.995284103344310722e-01
9.992212331247432022e-01
9.987850971025014069e-01
9.982097980798687598e-01
9.975076864741674321e-01
9.967184196488105830e-01
9.959032801319049888e-01
9.951253969372120256e-01
9.944204684226142232e-01
9.937760942320428281e-01
9.931457130260836763e-01
9.925062102609427672e-01
9.919226564243990296e-01
9.915487189566627446e-01
9.915262330611278596e-01
9.918479895864400486e-01
9.923120015499227176e-01
9.926314011548403871e-01
9.926226503130317624e-01
9.923248804399515954e-01
9.919708179327593189e-01
9.918503634675359670e-01
9.921671406915719693e-01
9.929627927981250490e-01
9.941252984415638316e-01
9.954545427095502497e-01
9.967435949130737383e-01
9.978406715443491892e-01
9.986746945400781783e-01
9.992469011289021319e-01
9.996035069418762742e-01
9.998062878661295727e-01
9.999118581313056753e-01
9.999623289489052436e-01
9.999845638646761570e-01
9.999936411354705124e-01
9.999971154284630348e-01
9.999983970075497774e-01
9.999988825305859974e-01
9.999990944005762161e-01
9.999992127253831686e-01
9.999992957996600706e-01
9.999993621245546471e-01
9.999994180450095804e-01
9.999994662787278221e-01
9.999995083762387438e-01
9.999995454166040743e-01
9.999995782223207730e-01
9.999996074442758509e-01
9.999996336072769498e-01
9.999996571398259704e-01
9.999996783953685187e-01
9.999996976680376459e-01
9.999997152045543292e-01
9.999997312133589444e-01
9.999997458717033716e-01
9.999997593312215383e-01
9.999997717223474414e-01
9.999997831578508745e-01
9.999997937356907007e-01
9.999998035413342201e-01
9.999998126496567608e-01
9.999998211265062054e-01
9.999998290300001758e-01
9.999998364116082783e-01
9.999998433170576018e-01
9.999998497870971059e-01
9.999998558581423280e-01
9.999998615628222787e-01
9.999998669304103194e-01
9.999998719869036545e-01
9.999998767533661015e-01
9.999998812376380553e-01
9.999998854104625856e-01
9.999998891672374768e-01
9.999998923161188547e-01
9.999998946562193014e-01
9.999991304376179002e-01
9.999991026877745881e-01
9.999990654499738563e-01
9.999990200267988572e-01
9.999989678833560713e-01
9.999989098729861192e-01
9.999988460914921440e-01
9.999987760868431774e-01
9.999986990717300017e-01
9.999986140036934978e-01
9.999985195296663409e-01
9.999984137542522467e-01
9.999982936082343343e-01
9.999981531656472189e-01
9.999979792546569435e-01
9.999977404469376774e-01
9.999973607572543166e-01
9.999966601780129194e-01
9.999952279527126731e-01
9.999921690396205154e-01
9.999856300928812169e-01
9.999719762204617446e-01
9.999444743322964957e-01
9.998913803944077250e-01
9.997934765513933897e-01
9.996214036127040181e-01
9.993335834293584075e-01
9.988760278727484287e-01
9.981856610857114953e-01
9.971986072822811575e-01
9.958638874190181012e-01
9.941609755319202879e-01
9.921169031245944403e-01
9.898157778517284733e-01
9.873920665964071031e-01
9.850010540728533215e-01
9.827684505761131728e-01
9.807372692239343381e-01
9.788473902982919306e-01
9.769838453145240909e-01
9.750943115243571047e-01
9.733108285970053508e-01
9.719665925455169830e-01
9.714411003188807570e-01
9.718976530333933717e-01
9.730956554465011177e-01
9.744419266801169766e-01
9.752795729896831523e-01
9.752356340000267743e-01
9.744116523719430489e-01
9.733225099159872329e-01
9.726513831709655555e-01
9.729705382328793783e-01
9.745531338164146185e-01
9.773247624727212646e-01
9.809356105032720485e-01
9.848993173016669100e-01
9.887393011932883446e-01
9.920970434320277587e-01
9.947805172123038719e-01
9.967557098328461151e-01
9.981014922311208792e-01
9.989532854676267393e-01
9.994554555334613788e-01
9.997318250081764779e-01
9.998741165946700704e-01
9.999428276914387181e-01
9.999740699238888197e-01
9.999875459736023986e-01
9.999931481866408678e-01
9.999954705320928117e-01
9.999964953475017904e-01
9.999970216619703534e-01
9.999973527119392358e-01
9.999975981501616484e-01
9.999977958946012491e-01
9.999979574618658162e-01
9.999980845232920856e-01
9.999981765601966277e-01
9.999987228721574084e-01
9.999986775336712208e-01
9.999986164704058877e-01
9.999985414515922821e-01
9.999984544911193485e-01
9.999983565970715915e-01
9.999982474235888930e-01
9.999981253431844408e-01
9.999979871310764601e-01
9.999978263197049078e-01
9.999976283930638310e-01
9.999973584370537294e-01
9.999969312746257444e-01
9.999961430910702109e-01
9.999945236101738244e-01
9.999910353388570261e-01
9.999835000160146592e-01
9.999675786149156975e-01
9.999350918689173806e-01
9.998714878817414053e-01
9.997524094225838098e-01
9.995396588805671723e-01
9.991774376962081483e-01
9.985904767610410682e-01
9.976863299397418228e-01
9.963642468787273776e-01
9.945321636683696065e-01
9.921310824992903843e-01
9.891625038438043305e-01
9.857103086332673625e-01
9.819450279776540391e-01
9.780982953333346996e-01
9.744022290641696227e-01
9.710061980559208106e-01
9.679098116012443409e-01
9.649697878853612520e-01
9.620196961830677074e-01
9.590672204334873552e-01
9.564379574342811718e-01
9.547096016274534414e-01
9.543981915919782510e-01
9.555657295770018100e-01
9.576380871093708169e-01
9.596125196634917032e-01
9.605578491941686448e-01
9.600975007783498771e-01
9.585903273123379531e-01
9.569421302588552170e-01
9.561992349782618694e-01
9.571494847889148172e-01
9.600889393652580761e-01
9.647967225152616066e-01
9.706727034142824673e-01
9.769544568042178856e-01
9.829299904218600226e-01
9.880859474913437079e-01
9.921657236454050066e-01
9.951464049980345283e-01
9.971662605912340327e-01
9.984399285940765978e-01
9.991891237173302631e-01
9.996010557794240414e-01
9.998131780239216670e-01
9.999157052144945768e-01
9.999623713968339711e-01
9.999824941695814040e-01
9.999908196919105041e-01
9.999942183069416846e-01
9.999956673564505127e-01
9.999963724668883280e-01
9.999967929563071678e-01
9.999970956819375090e-01
9.999973401396922146e-01
9.999975483363026107e-01
9.999977291458310713e-01
9.999978859230855832e-01
9.999980186136355753e-01
9.999981250364091689e-01
9.999982031884969702e-01
