9.999851824272347756e-01
9.999846487580221766e-01
9.999839401659964544e-01
9.999830694586493429e-01
9.999820537623278494e-01
9.999809025043017163e-01
9.999796109308795033e-01
9.999781563587017974e-01
9.999764890915319171e-01
9.999745055712319086e-01
9.999719813820940884e-01
9.999684184030201983e-01
9.999627140878191156e-01
9.999524777348147708e-01
9.999326807391378802e-01
9.998931183769914632e-01
9.998138770482992710e-01
9.996576786316162533e-01
9.993577210998829674e-01
9.987996701662054111e-01
9.977971241113710033e-01
9.960615921600123324e-01
9.931711205180103752e-01
9.885460775201109218e-01
9.814453432182401738e-01
9.709991837585454366e-01
9.562934689782087716e-01
9.365108814469477183e-01
9.111178553096608290e-01
8.800648328694258282e-01
8.439500094022904797e-01
8.040918629640803061e-01
7.624655011380954139e-01
7.214690379899826311e-01
6.834745629046758975e-01
6.500951549763023252e-01
6.212058088995557892e-01
5.942406382120393182e-01
5.650433756939881036e-01
5.314423593229168352e-01
4.983163818773963527e-01
4.793925607649004439e-01
4.912828296260914884e-01
5.421033690597649723e-01
6.241522122019491636e-01
7.178079110322406198e-01
8.031570779968904006e-01
8.692365541418904940e-01
9.150973336722038054e-01
9.452248516645298526e-01
9.648242958820354431e-01
9.776979325740645654e-01
9.861736484740724062e-01
9.916701633915835368e-01
9.951336695380164077e-01
9.972402603332690685e-01
9.984747254674801731e-01
9.991721056624023323e-01
9.995526498821100114e-01
9.997539108791339002e-01
9.998576780910364281e-01
9.999103740696548837e-01
9.999372116022119394e-01
9.999513246919417009e-01
9.999592932213963170e-01
9.999642990688342170e-01
9.999678363697175332e-01
9.999705937110164866e-01
9.999728885977468007e-01
9.999748723486427959e-01
9.999766229687224728e-01
9.999781858343216312e-01
9.999795910866354776e-01
9.999808610195546343e-01
9.999820132976086073e-01
9.999830624613477159e-01
9.999840207080608057e-01
9.999848982935370945e-01
9.999857035619003076e-01
9.999864423732522933e-01
9.999871166780210929e-01
9.999877225821991455e-01
9.999882495571795760e-01
9.999886832636695200e-01
9.999890127049456678e-01
9.999940557435089694e-01
9.999938685386233761e-01
9.999936220545212473e-01
9.999933216750079845e-01
9.999929746543474440e-01
9.999925862353913342e-01
9.999921579729686982e-01
9.999916879707020367e-01
9.999911717181210191e-01
9.999906024795879311e-01
9.999899706475181560e-01
9.999892612897799404e-01
9.999884479179588226e-01
9.999874777072590426e-01
9.999862376177059975e-01
9.999844794302272799e-01
9.999816602257548537e-01
9.999766168840305003e-01
9.999669307556002806e-01
9.999477443513631325e-01
9.999096641415794462e-01
9.998352361828013457e-01
9.996933571435737687e-01
9.994309687009483856e-01
9.989616146874273905e-01
9.981510884586832777e-01
9.968016111211683850e-01
9.946377772639923842e-01
9.912996242835503402e-01
9.863499625128817616e-01
9.793034893724517076e-01
9.696830165244596511e-01
9.571026242534087514e-01
9.413691450971645169e-01
9.225840714051892766e-01
9.012207810739281122e-01
8.781485499575687470e-01
8.545713890489767817e-01
8.318356061055072193e-01
8.110348550414264723e-01
7.923697637838493790e-01
7.744663367663486842e-01
7.543984516603789992e-01
7.294819364980493770e-01
7.008690363130873902e-01
6.763923805129253841e-01
6.686806050020712711e-01
6.877544353238678188e-01
7.334068421539684524e-01
7.943805958875880258e-01
8.552785234656846702e-01
9.049407582691677554e-01
9.399023199459077826e-01
9.623459817759258961e-01
9.762645942531831267e-01
9.849878890441483570e-01
9.905879050556063437e-01
9.942168560421936752e-01
9.965403016583976870e-01
9.979887429719060954e-01
9.988621875589231980e-01
9.993707968270555408e-01
9.996569576024224579e-01
9.998128326287928358e-01
9.998953292536627568e-01
9.999380188139250780e-01
9.999598609073685473e-01
9.999711265409751970e-01
9.999771640863566180e-01
9.999806574033864859e-01
9.999829091977089357e-01
9.999845349159321994e-01
9.999858207433840462e-01
9.999869003146092394e-01
9.999878383998609399e-01
9.999886690666256461e-01
9.999894125299684244e-01
9.999900824283918244e-01
9.999906889517997666e-01
9.999912402214936602e-01
9.999917429354774345e-01
9.999922026693861543e-01
9.999926239214323997e-01
9.999930098224825148e-01
9.999933614204054022e-01
9.999936767559178818e-01
9.999939505711948895e-01
9.999941758175949769e-01
9.999943472182921678e-01
