3.933522558164899237e+03 9.988808925299729191e-01 2.127398513962865719e-03 9.854072701890880126e+03
3.933531654484910632e+03 9.995328837656328735e-01 2.127602149966502029e-03 9.860032378365827753e+03
3.933540750804922482e+03 9.993716403296527551e-01 2.126696009535660858e-03 9.857994488027899934e+03
3.933549847124933876e+03 9.992026331718757426e-01 2.125750833994159792e-03 9.855903892287184135e+03
3.933558943444945271e+03 9.988912559731140117e-01 2.128155390329599436e-03 9.852431718827028817e+03
3.933568039764957120e+03 9.985509638306274693e-01 2.130789547419408101e-03 9.848695926378932199e+03
3.933577136084968515e+03 9.985101680433983162e-01 2.131482302185026215e-03 9.847934327054546884e+03
3.933586232404980365e+03 9.985175796799091730e-01 2.132030478594119666e-03 9.847667113314568269e+03
3.933595328724991759e+03 9.992538302675757489e-01 2.130759656994526356e-03 9.854605406865890473e+03
3.933604425045003154e+03 1.000045636072106392e+00 2.129233333059171295e-03 9.862108229038720310e+03
3.933613521365015004e+03 9.991819740241504322e-01 2.131838457835087165e-03 9.853303037267118270e+03
3.933622617685026398e+03 9.981101693294778254e-01 2.135025144107875403e-03 9.842464059842995994e+03
3.933631714005038248e+03 9.974650706569105907e-01 2.134152868238605848e-03 9.835852177290063992e+03
3.933640810325049642e+03 9.968900942211014193e-01 2.132634667858103895e-03 9.829951519597780134e+03
3.933649906645061037e+03 9.972940062955600871e-01 2.132386907150639332e-03 9.833723432121623773e+03
3.933659002965072887e+03 9.978157552886812720e-01 2.132348979755462580e-03 9.838677789569679589e+03
3.933668099285084281e+03 9.970377002237953423e-01 2.134540325112089902e-03 9.830837177328736288e+03
3.933677195605095676e+03 9.960693447950679236e-01 2.137049245843341584e-03 9.821142422069675376e+03
3.933686291925107525e+03 9.957833245205262029e-01 2.135652882313865235e-03 9.818198155328329449e+03
3.933695388245118920e+03 9.955837953905594118e-01 2.133468477375937734e-03 9.816129899393050437e+03
3.933704484565130770e+03 9.924258519778691445e-01 2.130307129939120782e-03 9.784916703603219503e+03
3.933713580885142164e+03 9.888381969580049002e-01 2.127257307538741021e-03 9.749491496352313334e+03
3.933722677205153559e+03 9.854371824492595966e-01 2.123830442747534977e-03 9.715931630727904121e+03
3.933731773525165409e+03 9.819956767665504183e-01 2.120167985109990168e-03 9.681998041818504134e+03
3.933740869845176803e+03 9.769373181243257154e-01 2.110380638465465634e-03 9.632148880118800662e+03
3.933749966165188653e+03 9.715522951066239976e-01 2.099288368431575982e-03 9.579104961595232453e+03
3.933759062485200047e+03 9.581841760449236745e-01 2.078366208199980154e-03 9.447376540070084957e+03
3.933768158805211442e+03 9.432637170461044551e-01 2.055519034460001268e-03 9.300367001805829204e+03
3.933777255125223292e+03 9.202252988346822926e-01 2.014278346574759331e-03 9.073338745467648550e+03
3.933786351445234686e+03 8.953010000724824780e-01 1.968755243746744561e-03 8.827735781174273143e+03
3.933795447765246536e+03 8.579783787679438056e-01 1.905314411129963156e-03 8.459899972076513222e+03
3.933804544085257930e+03 8.179127799969435619e-01 1.837939145170568080e-03 8.065027676484420226e+03
3.933813640405269325e+03 7.725418607715797137e-01 1.752549261882250858e-03 7.617847174250347962e+03
3.933822736725281175e+03 7.258321338277610169e-01 1.662547040686126023e-03 7.157464501738862054e+03
3.933831833045292569e+03 6.898055014411159647e-01 1.597260426250529317e-03 6.802426848200977474e+03
3.933840929365304419e+03 6.562406682879500242e-01 1.537746406469229794e-03 6.471665287113759405e+03
3.933850025685315813e+03 6.323800412310888186e-01 1.495831994191976558e-03 6.236604939987866601e+03
3.933859122005327208e+03 6.109943526359760124e-01 1.458446999178828179e-03 6.025956178809572521e+03
3.933868218325339058e+03 5.781732479900741906e-01 1.395538996853466513e-03 5.702522489831351777e+03
3.933877314645350452e+03 5.421357957240932057e-01 1.325420855373338029e-03 5.347353716160233489e+03
3.933886410965362302e+03 5.118153523989428244e-01 1.264258180003265423e-03 5.048560391967845135e+03
3.933895507285373697e+03 4.833021590326596062e-01 1.205974564572741704e-03 4.767580439994595508e+03
3.933904603605385091e+03 5.064146764668927547e-01 1.245463772129963521e-03 4.995883259354106485e+03
3.933913699925396941e+03 5.436374395620797717e-01 1.311990067270490468e-03 5.363443922252827178e+03
3.933922796245408335e+03 6.216167844362328054e-01 1.457200823336189882e-03 6.133201276177698674e+03
3.933931892565420185e+03 7.114415500218689292e-01 1.625524286266517805e-03 7.019974715684003968e+03
3.933940988885431580e+03 7.906196168712325001e-01 1.773817461252971813e-03 7.801848474462964077e+03
3.933950085205442974e+03 8.663482310971538647e-01 1.915520157747192028e-03 8.549836587500471069e+03
3.933959181525454824e+03 9.087282858200257385e-01 1.994089022154968503e-03 8.968846333960895208e+03
3.933968277845466218e+03 9.413280590349817345e-01 2.054097890078196865e-03 9.291430942870230865e+03
3.933977374165478068e+03 9.579509948313301715e-01 2.087264588458849057e-03 9.456399867120209819e+03
3.933986470485489463e+03 9.696168094862536169e-01 2.111853490147092092e-03 9.572502944150393887e+03
3.933995566805500857e+03 9.767979873818274372e-01 2.126481434525229978e-03 9.644392883549202452e+03
3.934004663125512707e+03 9.826822041453339152e-01 2.138234329766168940e-03 9.703534382550602459e+03
3.934013759445524101e+03 9.859465263530513557e-01 2.145283150511196387e-03 9.736859889075691171e+03
3.934022855765535951e+03 9.883950314636431589e-01 2.150805650512801603e-03 9.762180271997720411e+03
3.934031952085547346e+03 9.900326121866946938e-01 2.154534564080621238e-03 9.779541995250352556e+03
3.934041048405558740e+03 9.914018441100537204e-01 2.157722128711438581e-03 9.794303226716903737e+03
3.934050144725570590e+03 9.940813289758521076e-01 2.165266727422113756e-03 9.822061216344583954e+03
3.934059241045581985e+03 9.971334915141619737e-01 2.174140336024078975e-03 9.853557050308176258e+03
3.934068337365593834e+03 9.983473075479710745e-01 2.177151241114668595e-03 9.866941138042082457e+03
3.934077433685605229e+03 9.989986801332261246e-01 2.178178728195590864e-03 9.874818547258808394e+03
3.934086530005616623e+03 1.000692995425995546e+00 2.180605531349647831e-03 9.893058749350606377e+03
3.934095626325628473e+03 1.002606118007703273e+00 2.183363347499884567e-03 9.913518448807823006e+03
3.934104722645639868e+03 1.001702798563970376e+00 2.184786832410166597e-03 9.906182955685424531e+03
3.934113818965651717e+03 9.999566306636507029e-01 2.185910632308625708e-03 9.890560082871419581e+03
3.934122915285663112e+03 1.000028091465804625e+00 2.186022270381136022e-03 9.892965289649509941e+03
3.934132011605674506e+03 1.000548715620835027e+00 2.185620522191477223e-03 9.899868278315847419e+03
3.934141107925686356e+03 1.001033285949298302e+00 2.189613153703919360e-03 9.906470291445029943e+03
3.934150204245697751e+03 1.001690959012182969e+00 2.195388515678779566e-03 9.914842092570121167e+03
3.934159300565709600e+03 1.000980762470651930e+00 2.191516148627531847e-03 9.909729725638089803e+03
3.934168396885720995e+03 9.997224378492451935e-01 2.184427722334732029e-03 9.899242911900748368e+03
3.934177493205732389e+03 9.994745612605869800e-01 2.183819401006622477e-03 9.898814991252747859e+03
3.934186589525744239e+03 9.995487915695873138e-01 2.185409971051476778e-03 9.901633915580632674e+03
3.934195685845755634e+03 9.996274857105320599e-01 2.185649409315890222e-03 9.904555052321418771e+03
3.934204782165767483e+03 9.997493368017178472e-01 2.185442703940519271e-03 9.907962535619275513e+03
3.934213878485778878e+03 1.000706760755870617e+00 2.192378230309846316e-03 9.919712283861601463e+03
3.934222974805790273e+03 1.001870811923020632e+00 2.201638867894552785e-03 9.933574745947156771e+03
3.934232071125802122e+03 1.002581786235357653e+00 2.199706774901279051e-03 9.943009643082095863e+03
3.934241167445813517e+03 1.003250520493339071e+00 2.194433758604639583e-03 9.952089934677576821e+03
3.934250263765825366e+03 1.003253605068555654e+00 2.196251540928173540e-03 9.954630375245265896e+03
3.934259360085836761e+03 1.003015103881488734e+00 2.200037846298159329e-03 9.954835393695921084e+03
3.934268456405848156e+03 1.002821066796700356e+00 2.202263404251247371e-03 9.955543485691616297e+03
3.934277552725860005e+03 1.002641150723013297e+00 2.204051309961512460e-03 9.956454278899187557e+03
3.934286649045871400e+03 1.002462674193330017e+00 2.203060193170850584e-03 9.957442515792115955e+03
3.968293074381826500e+03 1.003061139558895531e+00 2.470170422993990360e-03 5.535485234125001625e+03
3.968302108847323325e+03 1.002353807882510495e+00 2.473488186846698085e-03 5.523781936695639160e+03
3.968311143312820150e+03 1.001318318601818858e+00 2.476285128452595727e-03 5.510280082403911365e+03
3.968320177778316520e+03 9.996981433386964433e-01 2.472638991799371889e-03 5.493577351519797048e+03
3.968329212243813345e+03 9.980983876987404857e-01 2.468605901336230930e-03 5.477007597775911563e+03
3.968338246709310170e+03 9.990769246970200301e-01 2.473531537939924543e-03 5.474586288605459231e+03
3.968347281174806994e+03 1.000243902078335800e+00 2.479218440053909157e-03 5.473175887860843432e+03
3.968356315640303819e+03 1.000301077525771465e+00 2.479260871217510518e-03 5.465678016156465674e+03
3.968365350105800189e+03 1.000256512819674981e+00 2.478675533170872098e-03 5.457618564340551529e+03
3.968374384571297014e+03 1.001069300927527550e+00 2.482928849651048434e-03 5.454225127857365806e+03
3.968383419036793839e+03 1.001892352402078634e+00 2.487575076312475118e-03 5.450868614832398634e+03
3.968392453502290664e+03 9.982151934969873963e-01 2.481306836247017776e-03 5.423044222707194422e+03
3.968401487967787489e+03 9.940080186295366937e-01 2.473629872621992219e-03 5.392395371508728203e+03
3.968410522433283859e+03 9.975245872515788870e-01 2.482483526609397754e-03 5.403645371366788822e+03
3.968419556898780684e+03 1.002065144187252121e+00 2.493665953332595102e-03 5.420371698809045483e+03
3.968428591364277509e+03 1.001243806354231269e+00 2.494197729863573305e-03 5.408057490620474709e+03
3.968437625829774333e+03 9.997332809679971843e-01 2.493303464358704799e-03 5.392031020014996102e+03
3.968446660295271158e+03 9.989045197055348435e-01 2.492878814767335218e-03 5.379691669528148850e+03
3.968455694760767528e+03 9.981564510956173475e-01 2.492504351998898766e-03 5.367790650950179042e+03
3.968464729226264353e+03 9.991828008390469806e-01 2.499078274013359809e-03 5.365420747218106953e+03
3.968473763691761178e+03 1.000533489626467265e+00 2.506897022748462954e-03 5.364764401434820684e+03
3.968482798157258003e+03 9.972199253589970613e-01 2.503141780706558822e-03 5.339104809191330787e+03
3.968491832622754373e+03 9.928611516109410173e-01 2.496803332810366635e-03 5.307900768244830033e+03
3.968500867088251198e+03 9.932889240008286880e-01 2.499755415694422667e-03 5.302308402198657859e+03
3.968509901553748023e+03 9.947179045590883728e-01 2.504680035884108633e-03 5.302037688209265070e+03
3.968518936019244848e+03 9.944899601468534245e-01 2.505209500528830183e-03 5.292917982147726434e+03
3.968527970484741672e+03 9.939859843768885650e-01 2.504935044994314498e-03 5.282327738470792610e+03
3.968537004950238043e+03 9.912056082511004895e-01 2.504586093307078262e-03 5.259659420555449287e+03
3.968546039415734867e+03 9.878319190873661171e-01 2.504015605814477203e-03 5.233885529526099162e+03
3.968555073881231692e+03 9.826485571053534818e-01 2.496292611689655307e-03 5.198585774937046153e+03
3.968564108346728517e+03 9.770731201109356112e-01 2.486926711412169606e-03 5.161292328500823714e+03
3.968573142812225342e+03 9.694203120522487671e-01 2.474172712613741196e-03 5.113126176465549179e+03
3.968582177277721712e+03 9.611080584421405337e-01 2.460258064427276771e-03 5.061605053417213639e+03
3.968591211743218537e+03 9.460164285864659517e-01 2.432843250777407592e-03 4.974564083334867973e+03
3.968600246208715362e+03 9.291130561674096899e-01 2.401815851515622189e-03 4.878248701972830531e+03
3.968609280674212187e+03 9.038020950260854391e-01 2.356445277154351967e-03 4.738124683366580939e+03
3.968618315139709011e+03 8.761920602314825501e-01 2.307108784515370190e-03 4.586369068707793303e+03
3.968627349605205382e+03 8.528175620677556079e-01 2.263995306982968976e-03 4.457190341965590051e+03
3.968636384070702206e+03 8.306585421755628973e-01 2.222597171395369452e-03 4.334727391688267744e+03
3.968645418536199031e+03 8.105603672073632415e-01 2.185414270722676588e-03 4.223356225788291340e+03
3.968654453001695856e+03 7.911670050459019832e-01 2.149760702877091725e-03 4.115973151131094710e+03
3.968663487467192681e+03 7.723211397502877107e-01 2.116915121089577197e-03 4.011744477922372425e+03
3.968672521932689051e+03 7.536246667161974333e-01 2.084813706933523903e-03 3.908592694132156794e+03
3.968681556398185876e+03 7.254755508668588870e-01 2.030494324741502227e-03 3.756791510867682064e+03
3.968690590863682701e+03 6.942236474022086545e-01 1.968915044398892450e-03 3.589399406733820342e+03
3.968699625329179526e+03 6.781108379445947021e-01 1.936610297400493189e-03 3.500662532052323513e+03
3.968708659794676350e+03 6.667748513688666057e-01 1.913712003290272707e-03 3.436806593166201765e+03
3.968717694260172721e+03 6.932473903752356392e-01 1.963833187575324095e-03 3.567710672200429144e+03
3.968726728725669545e+03 7.332829722583913412e-01 2.040265249272206483e-03 3.767885584325661512e+03
3.968735763191166370e+03 7.911089074652041253e-01 2.155826849068212016e-03 4.058694480665773881e+03
3.968744797656663195e+03 8.552924773823471494e-01 2.285536628630502158e-03 4.381148918293200950e+03
3.968753832122160020e+03 9.003054682345427162e-01 2.373679303166488508e-03 4.604535896891307857e+03
3.968762866587656390e+03 9.383995191928282686e-01 2.446747071321126940e-03 4.791877840240153091e+03
3.968771901053153215e+03 9.601814209665617827e-01 2.488974271321125857e-03 4.895450455711044924e+03
3.968780935518650040e+03 9.763395130049113968e-01 2.520492034754667071e-03 4.970053688168861299e+03
3.968789969984146865e+03 9.838617637769009328e-01 2.538438452604264463e-03 5.000513947913295851e+03
3.968799004449643235e+03 9.884774906330630051e-01 2.551774425503861021e-03 5.016111980642343042e+03
3.968808038915140060e+03 9.904591056078209110e-01 2.557804577129852916e-03 5.018297916384823111e+03
3.968817073380636884e+03 9.913771218200807533e-01 2.561020641651150405e-03 5.015079816018966085e+03
3.968826107846133709e+03 9.929170792162131942e-01 2.566025406935708211e-03 5.014996777516179463e+03
3.968835142311630534e+03 9.946573593242522549e-01 2.571637768957007759e-03 5.015908359770426614e+03
3.968844176777126904e+03 9.976499289447117169e-01 2.579213110777953122e-03 5.023106912804203603e+03
3.968853211242623729e+03 1.001124530263261203e+00 2.587597946296379438e-03 5.032691161323481538e+03
3.968862245708120554e+03 1.000266836253958846e+00 2.589661376383353350e-03 5.020486444701829896e+03
3.968871280173617379e+03 9.980748260284082463e-01 2.589846869233759438e-03 5.001619441714681670e+03
3.968880314639114204e+03 1.000024627824903201e+00 2.594379668073100702e-03 5.003521348459013097e+03
3.968889349104610574e+03 1.003155699122201261e+00 2.599909198886228741e-03 5.011305424125272111e+03
3.968898383570107399e+03 1.002788313009075116e+00 2.599492694361928320e-03 5.001603358928998205e+03
3.968907418035604223e+03 1.001234071154058380e+00 2.597050903482037935e-03 4.986009411826499672e+03
3.968916452501101048e+03 1.001121159256471049e+00 2.600909573880738276e-03 4.977619343301203116e+03
3.968925486966597873e+03 1.001600777745421000e+00 2.607172411416942663e-03 4.972186172425979748e+03
3.968934521432094243e+03 9.995926565545140141e-01 2.606808095773911760e-03 4.954429322150301232e+03
3.968943555897591068e+03 9.966389484872764104e-01 2.603976281360578099e-03 4.932038936657294471e+03
3.968952590363087893e+03 9.971133023518008454e-01 2.604765990576178147e-03 4.926647225305312531e+03
3.968961624828584718e+03 9.988275812258301523e-01 2.606873739786118218e-03 4.927380426399082353e+03
3.968970659294081543e+03 9.997954253236220890e-01 2.609330736541631487e-03 4.924426599152760900e+03
3.968979693759577913e+03 1.000505543551736487e+00 2.611975045272923318e-03 4.920206909877513681e+03
3.968988728225074738e+03 1.001260936794552858e+00 2.614534229905720285e-03 4.916215575875272407e+03
3.968997762690571562e+03 1.002086650504602883e+00 2.617197817571381181e-03 4.912574848814125289e+03
3.969006797156068387e+03 1.000750191107142362e+00 2.618299844152504989e-03 4.898356278190847661e+03
3.969015831621565212e+03 9.985490813451062264e-01 2.618600738871835251e-03 4.879951008098940292e+03
3.969024866087061582e+03 9.996873558021379669e-01 2.622861040562041342e-03 4.877892457396969803e+03
3.969033900552558407e+03 1.002035761251897306e+00 2.628571911075347229e-03 4.881731468134765237e+03
3.969042935018055232e+03 1.001382818094798788e+00 2.629058487925286635e-03 4.870955447079841178e+03
3.969051969483552057e+03 9.997018100466806834e-01 2.627688990937827006e-03 4.855216699481225078e+03
3.969061003949048882e+03 9.991836521072952060e-01 2.629914587906006986e-03 4.845162940030284517e+03
3.969070038414545252e+03 9.990050773932951378e-01 2.633437744389619580e-03 4.836782368457186749e+03
3.969079072880042077e+03 9.977901374426739745e-01 2.631713483427702751e-03 4.823416314807893286e+03
3.969088107345538901e+03 9.963042348682972227e-01 2.628218844972109083e-03 4.808782801389852466e+03
