3.065534647983660761e+03 1.006385861750896282e+00 8.401885679436980198e-03 1.817401677464468230e+04
3.065543035496054927e+03 1.002361017639905372e+00 8.366301845866230824e-03 1.810295835539279506e+04
3.065551423008449547e+03 9.982839749892796766e-01 8.331480132546807346e-03 1.803094407922890605e+04
3.065559810520843712e+03 9.959867746456778637e-01 8.333799759696725040e-03 1.799106687205411072e+04
3.065568198033237877e+03 9.943217946060854961e-01 8.336438990331441687e-03 1.796260339082821156e+04
3.065576585545632497e+03 9.944133226195456254e-01 8.296388197184685273e-03 1.796586899499393257e+04
3.065584973058026662e+03 9.942445792371878976e-01 8.256398605953403635e-03 1.796443220210236177e+04
3.065593360570421282e+03 9.961317303725727434e-01 8.304478037835861734e-03 1.800014496806539682e+04
3.065601748082815448e+03 9.978094190203479208e-01 8.356084202530584051e-03 1.803207851678537554e+04
3.065610135595209613e+03 1.000751696688001235e+00 8.374782567273232614e-03 1.808687278570320996e+04
3.065618523107604233e+03 1.004469955826722050e+00 8.393640152498719337e-03 1.815570238857808727e+04
3.065626910619998398e+03 1.001897364824236636e+00 8.359660609532677464e-03 1.811082730907474615e+04
3.065635298132392563e+03 9.982102196797496552e-01 8.317679121237530129e-03 1.804579481047359150e+04
3.065643685644787183e+03 9.993918789259135238e-01 8.332769734778887327e-03 1.806877722964470740e+04
3.065652073157181349e+03 1.001330836712590822e+00 8.356466979462066902e-03 1.810545649282006343e+04
3.065660460669575968e+03 9.999314419582508995e-01 8.335868693908402710e-03 1.808177456609287037e+04
3.065668848181970134e+03 9.976584410016007265e-01 8.306312323988056592e-03 1.804228925225957209e+04
3.065677235694364299e+03 9.975709488296673477e-01 8.284485662320378516e-03 1.804232424135470501e+04
3.065685623206758919e+03 9.987022177825775060e-01 8.266520797859862671e-03 1.806440374915233406e+04
3.065694010719153084e+03 1.001046696045984508e+00 8.301669583267589844e-03 1.810843327364586730e+04
3.065702398231547249e+03 1.003020484927092060e+00 8.347505153036850409e-03 1.814576421364055204e+04
3.065710785743941869e+03 1.004271185002387101e+00 8.365688045838075987e-03 1.817001889460521488e+04
3.065719173256336035e+03 1.005743549568918205e+00 8.376623369118957330e-03 1.819828850850621166e+04
3.065727560768730655e+03 1.003212463353778672e+00 8.351137501209171185e-03 1.815411651576318400e+04
3.065735948281124820e+03 9.991082911243238662e-01 8.313776907294831431e-03 1.808146722691861214e+04
3.065744335793518985e+03 9.995139137590057787e-01 8.313652854661353342e-03 1.809042842819953512e+04
3.065752723305913605e+03 1.001685144721734089e+00 8.326467881604670065e-03 1.813134995158556558e+04
3.065761110818307770e+03 1.002115542785152691e+00 8.297881647845438760e-03 1.814076514204282284e+04
3.065769498330701936e+03 1.002115703407618907e+00 8.252208536660777041e-03 1.814239267075465614e+04
3.065777885843096556e+03 1.000277142489154558e+00 8.255296849130911926e-03 1.811072883919938613e+04
3.065786273355490721e+03 9.970397432780745417e-01 8.278411003239408150e-03 1.805372981671248999e+04
3.065794660867885341e+03 9.986301136365900444e-01 8.303426374837691304e-03 1.808414615130673337e+04
3.065803048380279506e+03 1.002374369088231632e+00 8.329060096245476108e-03 1.815357573904200399e+04
3.065811435892673671e+03 1.003003638795954000e+00 8.333363939010138624e-03 1.816659823555780167e+04
3.065819823405068291e+03 1.002612186022064034e+00 8.327159545357176729e-03 1.816113359223542284e+04
3.065828210917462457e+03 1.000743311491699039e+00 8.294009598563413868e-03 1.812890353726108879e+04
3.065836598429856622e+03 9.966744517959489347e-01 8.242304148865793600e-03 1.805681016094784718e+04
3.065844985942251242e+03 9.954672358013459954e-01 8.232048296037609847e-03 1.803655279977992177e+04
3.065853373454645407e+03 9.978198402918493359e-01 8.252263550543136386e-03 1.808079654553426008e+04
3.065861760967040027e+03 1.001201844657004791e+00 8.281842260286140928e-03 1.814370262448121139e+04
3.065870148479434192e+03 1.005208973552786045e+00 8.317367179419981466e-03 1.821794914116465225e+04
3.065878535991828358e+03 1.003945089409100433e+00 8.308245923884422651e-03 1.819667066800831526e+04
3.065886923504222977e+03 9.980375343807895705e-01 8.263338669858023497e-03 1.809121326633331773e+04
3.065895311016617143e+03 9.988331821620635154e-01 8.251943468470916004e-03 1.810725510321756883e+04
3.065903698529011308e+03 1.004635522717245655e+00 8.268143250043788126e-03 1.821407100429865022e+04
3.065912086041405928e+03 1.008527187082739029e+00 8.277871192408950765e-03 1.828626200678413443e+04
3.065920473553800093e+03 1.011554488359179382e+00 8.283505331506686720e-03 1.834279189720125214e+04
3.065928861066194713e+03 1.007611479456662629e+00 8.239838505762344528e-03 1.827292577807767520e+04
3.065937248578588878e+03 9.965584753013726482e-01 8.146296570135241888e-03 1.807409634855687182e+04
3.065945636090983044e+03 9.941030702991878742e-01 8.128729623811415186e-03 1.803117549336067168e+04
3.065954023603377664e+03 1.000573803971136266e+00 8.187548767979490119e-03 1.815016465428717856e+04
3.065962411115771829e+03 1.002239804569907022e+00 8.198009698792889030e-03 1.818201032086889609e+04
3.065970798628165994e+03 9.976312111199722166e-01 8.151336778949294301e-03 1.810002143964786228e+04
3.065979186140560614e+03 9.978293827863661258e-01 8.159752596800599542e-03 1.810523453997269098e+04
3.065987573652954779e+03 1.004160324397939785e+00 8.234963298574496382e-03 1.822173500276364211e+04
3.065995961165349399e+03 1.005789469380247825e+00 8.248980723340728835e-03 1.825292843676222037e+04
3.066004348677743565e+03 1.001138498293264067e+00 8.186533385814693739e-03 1.817014629237460758e+04
3.066012736190137730e+03 9.960245010181624226e-01 8.135318372715423518e-03 1.807894463111415826e+04
3.066021123702532350e+03 9.921754296403768603e-01 8.104183450734785479e-03 1.801068824093599687e+04
3.066029511214926515e+03 9.904961546100705672e-01 8.083333166806270023e-03 1.798181060577968674e+04
3.066037898727320680e+03 9.890651656721354268e-01 8.071689051685412841e-03 1.795743540009533899e+04
3.066046286239715300e+03 9.888919505966731194e-01 8.086923657075589453e-03 1.795589369556379825e+04
3.066054673752109466e+03 9.932620579114184167e-01 8.147849287353197203e-03 1.803685457607145872e+04
3.066063061264504086e+03 9.973689805545199460e-01 8.178505667369585785e-03 1.811304997366890893e+04
3.066071448776898251e+03 9.999049950119822672e-01 8.154624382873391919e-03 1.816072714191551859e+04
3.066079836289292416e+03 9.996418671420542745e-01 8.132955010878455127e-03 1.815756870492034795e+04
3.066088223801687036e+03 9.939235390741663068e-01 8.112547983033261897e-03 1.805531191154390035e+04
3.066096611314081201e+03 9.898782722341269436e-01 8.088106493886547399e-03 1.798343160957551663e+04
3.066104998826475367e+03 9.878268180218386929e-01 8.054101417272927291e-03 1.794776364818651928e+04
3.066113386338869987e+03 9.854998766791543963e-01 8.029039237250283623e-03 1.790708328014684957e+04
3.066121773851264152e+03 9.842378676167045093e-01 8.023647601077172481e-03 1.788574750815802690e+04
3.066130161363658317e+03 9.833668702656628291e-01 8.025920902457375078e-03 1.787151381328654315e+04
3.066138548876052937e+03 9.852679660442937859e-01 8.051081585920450909e-03 1.790766125730237036e+04
3.066146936388447102e+03 9.873739479409113784e-01 8.067773133653045534e-03 1.794753908925287760e+04
3.066155323900841722e+03 9.868281837904299136e-01 8.058883502620094175e-03 1.793921854766962133e+04
3.066163711413235887e+03 9.848127263940800180e-01 8.040886733979102016e-03 1.790417679330987448e+04
3.066172098925630053e+03 9.805988679452842804e-01 7.999289431013620333e-03 1.782915738067376151e+04
3.066180486438024673e+03 9.774979221982778022e-01 7.967897019600671607e-03 1.777436098453931118e+04
3.066188873950418838e+03 9.769493665899136037e-01 7.964870456305310140e-03 1.776597012980064756e+04
3.066197261462813003e+03 9.766013874800058003e-01 7.960546974673916865e-03 1.776122533518656564e+04
3.066205648975207623e+03 9.759846547956022578e-01 7.950426458803104904e-03 1.775159121700143442e+04
3.066214036487601788e+03 9.748408537469044344e-01 7.935145238291320055e-03 1.773236771878006402e+04
3.066222423999996408e+03 9.739108591674385806e-01 7.908674726427426110e-03 1.771703000097621771e+04
3.066230811512390574e+03 9.737304404250840539e-01 7.885903684473503580e-03 1.771532649234287237e+04
3.066239199024784739e+03 9.739530093418602430e-01 7.873275891345791339e-03 1.772095470940680025e+04
3.066247586537179359e+03 9.730102911412695788e-01 7.856344902633313060e-03 1.770537950379848189e+04
3.066255974049573524e+03 9.671014690800729952e-01 7.818417193254831657e-03 1.759942749316391564e+04
3.066264361561967689e+03 9.618839263365990266e-01 7.795401088542768149e-03 1.750603742776179934e+04
3.066272749074362309e+03 9.659986178940473955e-01 7.847084017881613555e-03 1.758248981288832874e+04
3.066281136586756475e+03 9.713238915650127536e-01 7.884630347873422887e-03 1.768099174437519832e+04
3.066289524099151095e+03 9.717184950523884979e-01 7.844619918941232728e-03 1.768975004609319149e+04
3.066297911611545260e+03 9.704950518480796040e-01 7.811476583497229190e-03 1.766905110542038528e+04
3.066306299123939425e+03 9.702790528292337680e-01 7.822430914607008193e-03 1.766669158647577206e+04
3.066314686636334045e+03 9.700812407592150910e-01 7.827403126942788017e-03 1.766466254182814009e+04
3.066323074148728210e+03 9.680250474291123286e-01 7.798893585607744039e-03 1.762878971039316457e+04
3.066331461661122376e+03 9.666935568505280463e-01 7.774826554697794948e-03 1.760610901274553544e+04
3.066339849173516996e+03 9.695306553418473472e-01 7.775409773625912083e-03 1.765935205810332263e+04
3.066348236685911161e+03 9.736505377730033661e-01 7.778190311476629142e-03 1.773597143305643112e+04
3.066356624198305781e+03 9.805375928276096609e-01 7.788252804061797895e-03 1.786301533596409718e+04
3.066365011710699946e+03 9.858820506159912123e-01 7.800920012338646847e-03 1.796197668993351181e+04
3.066373399223094111e+03 9.844957384523777000e-01 7.828739244321166954e-03 1.793831525490833519e+04
3.066381786735488731e+03 9.829451611744686179e-01 7.848371776530825572e-03 1.791165601427623915e+04
3.066390174247882896e+03 9.821506602745190273e-01 7.818218813622049984e-03 1.789877052578902294e+04
3.066398561760277062e+03 9.815818888014596899e-01 7.799972482135401550e-03 1.788999653332823800e+04
3.066406949272671682e+03 9.837526370402326359e-01 7.863436765767150768e-03 1.793115474518326664e+04
3.066415336785065847e+03 9.854191641803118351e-01 7.919942358225613363e-03 1.796312858860679262e+04
3.066423724297460467e+03 9.828954323494766276e-01 7.906683350779729336e-03 1.791871714049161528e+04
3.066432111809854632e+03 9.822688297685238101e-01 7.899853751456742401e-03 1.790888628086309473e+04
3.066440499322248797e+03 9.895311413628606889e-01 7.955065946581865721e-03 1.804289815508456377e+04
3.066448886834643417e+03 9.955897427908733111e-01 8.006658864282815286e-03 1.815498343258814566e+04
3.066457274347037583e+03 9.939849680869204951e-01 8.007847036257035797e-03 1.812733115347156127e+04
3.066465661859431748e+03 9.916511814688673265e-01 8.006523381947057080e-03 1.808637747890154060e+04
3.066474049371826368e+03 9.885433900294314791e-01 7.987647416500140429e-03 1.803129818050569156e+04
3.066482436884220533e+03 9.868175055003157725e-01 7.969586437250299193e-03 1.800141740073230176e+04
3.066490824396615153e+03 9.875283550328627369e-01 7.939312117343378522e-03 1.801598561261252689e+04
3.066499211909009318e+03 9.882394886004277623e-01 7.911777027954635180e-03 1.803056131159532015e+04
3.066507599421403484e+03 9.923787116732643021e-01 7.920682755243850168e-03 1.810769082430182243e+04
3.066515986933798104e+03 9.951899374062642689e-01 7.926535902774948725e-03 1.816059996344177489e+04
3.066524374446192269e+03 9.924959059264449879e-01 7.904986618245898183e-03 1.811304729011793825e+04
3.066532761958586434e+03 9.910272258118855149e-01 7.886649982799320141e-03 1.808785052696389539e+04
3.066541149470981054e+03 9.924816225646962975e-01 7.901870364499199995e-03 1.811600462353452531e+04
3.066549536983375219e+03 9.934487600252646100e-01 7.915169207418224634e-03 1.813526858537989756e+04
3.066557924495769839e+03 9.933542224765465889e-01 7.895467740592816003e-03 1.813515323262455058e+04
3.066566312008164005e+03 9.936539909847835750e-01 7.877129262624968722e-03 1.814223685391991603e+04
3.066574699520558170e+03 9.969995060023183475e-01 7.898547020017684245e-03 1.820493593821167451e+04
3.066583087032952790e+03 9.998047845488883256e-01 7.918843212145238938e-03 1.825778042518998700e+04
3.066591474545346955e+03 9.946766396183160941e-01 7.892096467685474903e-03 1.816574616065653390e+04
3.066599862057741120e+03 9.895167025532538574e-01 7.865742954539525766e-03 1.807311459848865343e+04
3.066608249570135740e+03 9.904847407796467662e-01 7.876112161864710220e-03 1.809240118261136013e+04
3.066616637082529905e+03 9.921449239991489977e-01 7.886831932107634530e-03 1.812433489261308569e+04
3.066625024594924071e+03 9.964052580041455887e-01 7.894797745698766897e-03 1.820377731365277941e+04
3.066633412107318691e+03 1.000614943791338085e+00 7.903472753333813661e-03 1.828230815106571390e+04
3.066641799619712856e+03 1.003602993284936851e+00 7.933146318600330441e-03 1.833853005213247525e+04
3.066650187132107476e+03 1.005986927206765413e+00 7.961661866680404612e-03 1.838372184343302797e+04
3.066658574644501641e+03 1.003781575576703444e+00 7.946073370137434269e-03 1.834504787513463816e+04
3.066666962156895806e+03 1.001146936537254284e+00 7.930603401131006494e-03 1.829852043104901531e+04
3.066675349669290426e+03 9.961264861900083201e-01 7.911439401828767454e-03 1.820837377387575179e+04
3.066683737181684592e+03 9.922528661249403470e-01 7.892546061832312124e-03 1.813917581306459761e+04
3.066692124694078757e+03 9.934400039409569949e-01 7.871096996916826169e-03 1.816248819767663372e+04
3.066700512206473377e+03 9.932945202109124683e-01 7.848834860921487591e-03 1.816143872312869644e+04
3.066708899718867542e+03 9.921349322556831662e-01 7.852189979924390634e-03 1.814184520856726158e+04
3.066717287231262162e+03 9.917476490718306614e-01 7.856307745869223896e-03 1.813637129116031429e+04
3.066725674743656327e+03 9.931217876450421089e-01 7.894323277188350363e-03 1.816311059421790560e+04
3.066734062256050493e+03 9.946855271157463152e-01 7.932889729589739577e-03 1.819332225304752137e+04
3.066742449768445113e+03 9.938498231222919754e-01 7.887655962769879806e-03 1.817964800726780959e+04
3.066750837280839278e+03 9.938827745539958736e-01 7.841498362582740439e-03 1.818186203362957895e+04
3.066759224793233443e+03 9.983176288086668126e-01 7.859327753954471057e-03 1.826461069719464649e+04
3.066767612305628063e+03 1.000836249049871007e+00 7.877581941481137662e-03 1.831231238442144240e+04
3.066775999818022228e+03 9.988897150187328045e-01 7.863112224586223109e-03 1.827831601992317155e+04
3.066784387330416848e+03 9.980494574922949003e-01 7.849409367839149665e-03 1.826455848494631209e+04
3.066792774842811014e+03 9.986607770696195319e-01 7.899217092272901170e-03 1.827736480838323405e+04
3.066801162355205179e+03 9.988400541225372908e-01 7.949238125578912684e-03 1.828226522520913568e+04
3.066809549867599799e+03 9.988471662125260053e-01 7.914686378394633973e-03 1.828401472344725698e+04
3.066817937379993964e+03 9.990514204090941153e-01 7.878780296296713018e-03 1.828937327377188922e+04
3.066826324892388129e+03 9.995282814816837114e-01 7.865540812210625871e-03 1.829972347115416778e+04
3.066834712404782749e+03 1.000343009326909893e+00 7.853821638972330321e-03 1.831626154890834005e+04
3.066843099917176914e+03 9.976641852631555896e-01 7.837826584154409734e-03 1.826882973533944460e+04
3.066851487429571534e+03 9.941193001346414482e-01 7.820219347631825885e-03 1.820552886621036669e+04
3.066859874941965700e+03 9.927732380736877804e-01 7.825292526196086021e-03 1.818248760605544521e+04
3.066868262454359865e+03 9.923152603344183031e-01 7.831666916001310541e-03 1.817570854757539200e+04
3.066876649966754485e+03 9.957877230887864917e-01 7.827090307043075082e-03 1.824092615510695032e+04
3.066885037479148650e+03 9.985774976138884762e-01 7.821562715263448082e-03 1.829364837253724545e+04
3.066893424991542815e+03 9.982967198213476001e-01 7.842262033607848293e-03 1.829012303505505406e+04
3.066901812503937435e+03 9.989653654898490442e-01 7.865123793651580125e-03 1.830399302634338528e+04
3.066910200016331601e+03 1.003884464095682549e+00 7.895544647512563532e-03 1.839575291556042066e+04
3.066918587528726221e+03 1.007329700534404182e+00 7.924772167195651487e-03 1.846051847189612454e+04
3.066926975041120386e+03 1.004767467519434021e+00 7.896652509672481834e-03 1.841519141530618072e+04
3.066935362553514551e+03 1.003362490343839619e+00 7.868147197994520767e-03 1.839106789706616109e+04
3.066943750065909171e+03 1.003620800512032396e+00 7.873028136502863497e-03 1.839742963769249036e+04
3.066952137578303336e+03 1.003135482592718786e+00 7.878532516729690877e-03 1.839015952177987492e+04
3.066960525090697502e+03 1.004233759055773278e+00 7.913804671996602438e-03 1.841192192505699495e+04
3.066968912603092122e+03 1.005463156506840150e+00 7.949363545379863755e-03 1.843609211332743871e+04
3.066977300115486287e+03 1.002993299941846272e+00 7.921180218849646626e-03 1.839243106446383172e+04
3.066985687627880907e+03 9.998919451457720653e-01 7.891269368884745034e-03 1.833718085870680079e+04
3.066994075140275072e+03 9.987302194350561324e-01 7.895833468467620270e-03 1.831749491465648316e+04
3.067002462652669237e+03 9.983955154232824203e-01 7.902148318018305598e-03 1.831297477069100569e+04
3.067010850165063857e+03 9.983679542229262349e-01 7.894720610972651847e-03 1.831408777722638115e+04
3.067019237677458023e+03 9.984169813506482694e-01 7.886908721743636844e-03 1.831660575684877404e+04
3.067027625189852188e+03 9.999589515653352079e-01 7.893333370771899934e-03 1.834651532303249405e+04
3.067036012702246808e+03 1.000240864869045065e+00 7.899288322677288504e-03 1.835330924367244006e+04
3.067044400214640973e+03 9.957359705760854274e-01 7.871410835649267357e-03 1.827226371373024449e+04
3.067052787727035593e+03 9.933730514640729536e-01 7.844975009979734612e-03 1.823051338850979300e+04
3.067061175239429758e+03 9.987561827375064372e-01 7.856703308327630392e-03 1.833092449896042672e+04
3.067069562751823923e+03 1.002713351367038763e+00 7.867438995100003302e-03 1.840517898536343273e+04
3.067077950264218543e+03 1.001808306564453410e+00 7.882213182571352894e-03 1.839019067185831227e+04
3.067086337776612709e+03 1.000121948955521978e+00 7.896665759654432001e-03 1.836085560144924239e+04
3.067094725289006874e+03 1.000139462039810079e+00 7.905133243576263277e-03 1.836279853463624022e+04
3.067103112801401494e+03 1.001861500578866693e+00 7.914896688207245790e-03 1.839603978095869752e+04
3.067111500313795659e+03 1.002378327061163921e+00 7.911477581774919998e-03 1.840715472285351279e+04
3.067119887826190279e+03 1.002264271716311050e+00 7.907573596845587915e-03 1.840668513167467972e+04
3.067128275338584444e+03 1.000021036265941854e+00 7.904485932989667452e-03 1.836710911001733621e+04
3.067136662850978610e+03 9.982456926451895862e-01 7.901741632572538074e-03 1.833612021298358377e+04
3.067145050363373230e+03 1.000542423189326513e+00 7.873091128784436704e-03 1.837992942000255425e+04
3.067153437875767395e+03 1.003021877802484196e+00 7.844896322871719452e-03 1.842710300490564987e+04
3.072157036859016898e+03 1.003012263341324095e+00 6.992182305396881827e-03 1.991722317626954100e+04
3.072164862997659384e+03 9.989588536145443953e-01 6.963528344985487305e-03 1.984316529411320880e+04
3.072172689136301415e+03 9.954619753870576071e-01 6.936012152324372813e-03 1.978002824992029491e+04
3.072180515274943900e+03 9.972029988654848021e-01 6.950381078405266054e-03 1.982087336016717745e+04
3.072188341413586386e+03 9.993851584052995118e-01 6.966260894880069512e-03 1.987042696904831973e+04
3.072196167552228417e+03 9.994362562052163668e-01 6.976437503107265313e-03 1.987753961572184198e+04
3.072203993690870902e+03 9.983005869991254944e-01 6.983599574307521735e-03 1.986095952178546577e+04
3.072211819829513388e+03 9.976529942864368339e-01 6.974859132497263081e-03 1.985399681856061216e+04
3.072219645968155419e+03 9.980594514459053546e-01 6.966656601966544210e-03 1.986792764561596050e+04
3.072227472106797904e+03 1.000104721256960705e+00 6.966122455655569638e-03 1.991441511186749631e+04
3.072235298245440390e+03 1.001112292072414922e+00 6.965122947803006025e-03 1.994017699584351431e+04
3.072243124384082421e+03 9.988900730977731124e-01 6.957254841627153776e-03 1.990152162716230669e+04
3.072250950522724906e+03 9.973339454611217514e-01 6.950383169665140526e-03 1.987603752985012397e+04
3.072258776661367392e+03 9.972731627482421812e-01 6.963941328012587979e-03 1.988026769816654996e+04
3.072266602800009423e+03 9.968876579464832632e-01 6.978894058582031830e-03 1.987794518709045224e+04
3.072274428938651909e+03 9.965805825269571372e-01 7.000949759517319931e-03 1.987710653330141940e+04
3.072282255077294394e+03 9.972334725425189283e-01 7.026429805117169816e-03 1.989534087785612792e+04
3.072290081215936425e+03 9.974926342778027699e-01 7.012490248790122747e-03 1.990564994680951349e+04
3.072297907354578911e+03 9.963138387290940701e-01 6.988153214286876858e-03 1.988718469692559302e+04
3.072305733493221396e+03 9.958013785623750502e-01 6.974712839983576718e-03 1.988193801125290338e+04
3.072313559631863427e+03 9.960040840655789429e-01 6.963656915154937434e-03 1.989089588699147862e+04
3.072321385770505913e+03 9.979489552495016680e-01 6.978112040954123629e-03 1.993458446113551690e+04
3.072329211909148398e+03 1.000393812354674061e+00 7.002168120365522691e-03 1.998821023776027505e+04
3.072337038047790429e+03 1.000044836414835325e+00 7.001947661511955141e-03 1.998595342270346009e+04
3.072344864186432915e+03 9.988975898521817998e-01 6.992444601515109860e-03 1.996766597367708891e+04
3.072352690325075400e+03 9.967798427377398962e-01 6.975435654149643623e-03 1.992989410178399703e+04
3.072360516463717431e+03 9.945060906414017188e-01 6.955181734539637832e-03 1.988891455346137082e+04
3.072368342602359917e+03 9.938842314815315993e-01 6.960765550867753157e-03 1.988089018191703508e+04
3.072376168741002402e+03 9.938193904176648719e-01 6.976293996746580836e-03 1.988393800499674035e+04
3.072383994879644433e+03 9.966626592011164076e-01 6.981538734741808867e-03 1.994511586605037519e+04
3.072391821018286919e+03 9.998805500198723051e-01 6.983885463281391988e-03 2.001375081779162065e+04
3.072399647156929404e+03 1.001269196010484475e+00 7.000023204826045196e-03 2.004572559005470976e+04
3.072407473295571435e+03 1.002560858911390573e+00 7.021611688914251685e-03 2.007570526139806316e+04
3.072415299434213921e+03 1.002636353363201671e+00 7.025007585331232048e-03 2.008127352690517728e+04
3.072423125572856407e+03 1.001426494059538763e+00 7.017865978187576813e-03 2.006103037032784778e+04
3.072430951711498892e+03 1.000672743527322162e+00 7.014478723090995273e-03 2.004985396749911160e+04
3.072438777850140923e+03 1.000899378572497112e+00 7.012955858485033465e-03 2.005825716367377026e+04
3.072446603988783409e+03 9.991702966956024223e-01 7.011783724347014392e-03 2.002740064744911069e+04
3.072454430127425894e+03 9.961873240713089439e-01 7.013454884755062312e-03 1.997133320815027400e+04
3.072462256266067925e+03 9.960017452309193331e-01 7.015507812801907196e-03 1.997127614621422981e+04
3.072470082404710411e+03 9.973627817808372598e-01 7.017281922674095326e-03 2.000217662743597975e+04
3.072477908543352896e+03 9.973991758742795088e-01 7.013259895449374358e-03 2.000645842345078927e+04
3.072485734681994927e+03 9.970183552322251508e-01 7.005314849991315512e-03 2.000231301725699450e+04
3.072493560820637413e+03 1.000556413664292155e+00 7.015143492923578417e-03 2.007674302593107859e+04
3.072501386959279898e+03 1.004262071919361121e+00 7.034674063929284918e-03 2.015450478133042634e+04
3.072509213097921929e+03 1.001994853382832895e+00 7.047364465363790444e-03 2.011234656101084329e+04
3.072517039236564415e+03 1.000256366466221625e+00 7.064259799817567027e-03 2.008073327476228224e+04
3.072524865375206900e+03 1.002613110740405045e+00 7.084422865758310470e-03 2.013128220285418865e+04
3.072532691513848931e+03 1.004665130958898978e+00 7.100115000166312869e-03 2.017567348262473752e+04
3.072540517652491417e+03 1.001605035493847939e+00 7.086534323243216284e-03 2.011734760856191133e+04
3.072548343791133902e+03 9.951800554745057203e-01 7.042594945921304937e-03 1.999135658273120134e+04
3.072556169929775933e+03 9.937000658654545626e-01 7.033161762169522387e-03 1.996462646623718319e+04
3.072563996068418419e+03 9.961398578529097048e-01 7.066094441102607759e-03 2.001660226451425115e+04
3.072571822207060904e+03 9.958101081074611782e-01 7.075245575336250835e-03 2.001288331444310825e+04
3.072579648345702935e+03 9.945697876954545658e-01 7.055494720505182255e-03 1.999081135536553484e+04
3.072587474484345421e+03 9.963272103788075595e-01 7.064286107139019361e-03 2.002894740689899481e+04
3.072595300622987907e+03 9.999182436461195866e-01 7.108549302057049976e-03 2.010391177655351930e+04
3.072603126761629937e+03 1.002445059079499101e+00 7.124456026864314090e-03 2.015744957508873267e+04
3.072610952900272423e+03 1.001293475955469026e+00 7.091686341614888110e-03 2.013697875218769332e+04
3.072618779038914909e+03 9.972281472505486466e-01 7.065236764092895638e-03 2.005785050318457070e+04
3.072626605177556939e+03 9.952601459054405408e-01 7.063670302823884216e-03 2.002084675380126646e+04
3.072634431316199425e+03 9.930729436546882338e-01 7.049653054112895931e-03 1.997937914740385895e+04
3.072642257454841911e+03 9.877015028123424800e-01 7.006568081842501003e-03 1.987378674152314488e+04
3.072650083593483942e+03 9.867600816810376818e-01 6.990984903596233861e-03 1.985727412647824531e+04
3.072657909732126427e+03 9.906714714780908704e-01 7.026511897991054821e-03 1.993838400434225332e+04
3.072665735870768913e+03 9.882582611766611569e-01 7.033844526040788220e-03 1.989216719750125048e+04
3.072673562009410944e+03 9.805024655839345016e-01 6.993058444285473775e-03 1.973834833935655115e+04
3.072681388148053429e+03 9.770695298480588376e-01 6.969865056412099386e-03 1.967148741790090571e+04
3.072689214286695915e+03 9.770165136070706469e-01 6.969495686803555898e-03 1.967262886838100894e+04
3.072697040425337946e+03 9.754086567394508744e-01 6.966838570626594090e-03 1.964242192677903222e+04
3.072704866563980431e+03 9.734572361796266504e-01 6.968729215494468519e-03 1.960525199804182921e+04
3.072712692702622917e+03 9.724897121052582527e-01 6.971430710009358413e-03 1.958785539785541187e+04
3.072720518841264948e+03 9.719912908356330705e-01 6.971990509595930516e-03 1.957986921998889011e+04
3.072728344979907433e+03 9.720789197623801448e-01 6.966622845876021576e-03 1.958365322130780260e+04
3.072736171118549919e+03 9.717827228008465434e-01 6.943668716867607872e-03 1.957967047928715328e+04
3.072743997257191950e+03 9.689525164536808566e-01 6.918396941986195044e-03 1.952459272254198731e+04
3.072751823395834435e+03 9.609085929745480037e-01 6.883288669949540715e-03 1.936440370255529342e+04
3.072759649534476921e+03 9.538702327817603077e-01 6.848639027786685395e-03 1.922441814844319379e+04
3.072767475673118952e+03 9.510054550765245640e-01 6.823065153275715590e-03 1.916849798148305490e+04
3.072775301811761437e+03 9.486679289182707864e-01 6.804793744016599151e-03 1.912316565037706823e+04
3.072783127950403923e+03 9.481506799587552381e-01 6.813414886222077770e-03 1.911449210785298055e+04
3.072790954089045954e+03 9.475626164848087729e-01 6.809756414092351696e-03 1.910436077278869925e+04
3.072798780227688439e+03 9.430390949469000805e-01 6.753823195587495797e-03 1.901484773924185720e+04
3.072806606366330925e+03 9.373389379041053848e-01 6.706210383131748325e-03 1.890156495295822970e+04
3.072814432504972956e+03 9.331069885656073648e-01 6.703862525324899568e-03 1.881784554256225601e+04
3.072822258643615442e+03 9.318189505779390647e-01 6.704068476037475591e-03 1.879346099880672773e+04
3.072830084782257927e+03 9.331547605752422703e-01 6.702658141841013120e-03 1.882197140869878785e+04
3.072837910920899958e+03 9.320055851955784121e-01 6.698957314190789880e-03 1.880033562577745397e+04
3.072845737059542444e+03 9.292569071894620780e-01 6.701518223328443470e-03 1.874640537713511367e+04
3.072853563198184929e+03 9.277581456525776371e-01 6.705927166759874554e-03 1.871766115783232090e+04
3.072861389336826960e+03 9.285888472515241299e-01 6.713546132222323291e-03 1.873589148854390805e+04
3.072869215475469446e+03 9.299677763744969017e-01 6.716883173461209687e-03 1.876516574094698444e+04
3.072877041614111931e+03 9.260660244633549532e-01 6.675090831657343529e-03 1.868786063142211424e+04
3.072884867752753962e+03 9.203024906987382625e-01 6.636836427347612283e-03 1.857295069568094914e+04
3.072892693891396448e+03 9.186035110101214984e-01 6.642381832410958892e-03 1.854003882987334509e+04
3.072900520030038933e+03 9.184591277099611872e-01 6.648310069360146256e-03 1.853848224080106229e+04
3.072908346168680964e+03 9.188575693889297069e-01 6.647011082843306412e-03 1.854786507891614383e+04
3.072916172307323450e+03 9.188340090708491115e-01 6.645385529201328773e-03 1.854871316657744683e+04
3.072923998445965935e+03 9.196807041496236623e-01 6.652733512831283599e-03 1.856711426895008481e+04
3.072931824584607966e+03 9.226678437522635168e-01 6.663679547053221776e-03 1.862871790345443151e+04
3.072939650723250452e+03 9.271841241485954122e-01 6.684025934325038033e-03 1.872119049803625239e+04
3.072947476861892937e+03 9.304258343748385007e-01 6.704823203212779449e-03 1.878792403257530532e+04
3.072955303000534968e+03 9.332099819690806708e-01 6.738108060696611397e-03 1.884541256247440469e+04
3.072963129139177454e+03 9.369706224446524567e-01 6.773374565813905686e-03 1.892261627018494619e+04
3.072970955277819940e+03 9.419178373166813278e-01 6.809017407634429357e-03 1.902378259381569660e+04
3.072978781416462425e+03 9.476046894958837230e-01 6.845023950996570114e-03 1.913988943434620160e+04
3.072986607555104456e+03 9.522237856490979313e-01 6.853498367986721358e-03 1.923443176302043867e+04
3.072994433693746942e+03 9.553616765215698914e-01 6.859757426621336529e-03 1.929905390595897188e+04
3.073002259832389427e+03 9.598513861777948630e-01 6.904726463145929513e-03 1.939098362360464307e+04
3.073010085971031458e+03 9.630792332304954906e-01 6.947277978432916251e-03 1.945742156816641000e+04
3.073017912109673944e+03 9.622332181086147296e-01 6.938199211830629355e-03 1.944154814151671962e+04
3.073025738248316429e+03 9.629298094810707642e-01 6.931087091352279746e-03 1.945683419850790233e+04
3.073033564386958460e+03 9.673659202502293830e-01 6.963252902897659920e-03 1.954767951351126248e+04
3.073041390525600946e+03 9.728181951900395363e-01 6.999176463042615717e-03 1.965906415368698072e+04
3.073049216664243431e+03 9.781088534309390070e-01 7.021202624978043101e-03 1.976719000954733201e+04
3.073057042802885462e+03 9.811527806240073479e-01 7.039079413298059140e-03 1.982991518136739251e+04
3.073064868941527948e+03 9.820143032675080486e-01 7.046341628838301112e-03 1.984853218376930818e+04
3.073072695080170433e+03 9.853555206163091551e-01 7.056936634963397598e-03 1.991726999881865777e+04
3.073080521218812464e+03 9.890925261258490808e-01 7.065486520717355681e-03 1.999401325162211288e+04
3.073088347357454950e+03 9.880001912672035091e-01 7.066962132701653035e-03 1.997313432619335799e+04
3.073096173496097435e+03 9.829566849041008192e-01 7.037064805632640453e-03 1.987237018317022012e+04
3.073103999634739466e+03 9.829634607012902592e-01 7.012623522905226878e-03 1.987369986091705141e+04
3.073111825773381952e+03 9.906278398976571253e-01 7.072408077756429413e-03 2.002986081084090256e+04
3.073119651912024437e+03 9.947850616187867701e-01 7.130801203515680850e-03 2.011512373445642152e+04
3.073127478050666468e+03 9.893924023956105485e-01 7.107575412901280532e-03 2.000728191480242822e+04
3.073135304189308954e+03 9.856832018550715224e-01 7.084433656624637698e-03 1.993347310470221782e+04
3.073143130327951440e+03 9.887474924188329739e-01 7.093828034921288890e-03 1.999664605451154057e+04
3.073150956466593470e+03 9.936019350481913870e-01 7.105344271777184507e-03 2.009603601078973588e+04
3.073158782605235956e+03 9.950306494854229689e-01 7.092904084330324543e-03 2.012615042470786284e+04
3.073166608743878442e+03 9.934402324081322844e-01 7.078640771881395365e-03 2.009520203032087011e+04
3.073174434882520472e+03 9.925519125931906439e-01 7.087207093508244432e-03 2.007845758720113372e+04
3.073182261021162958e+03 9.926465980313369242e-01 7.094967722983613716e-03 2.008160325589647618e+04
3.073190087159805444e+03 9.935382881725423054e-01 7.087654392508615543e-03 2.010088030772416460e+04
3.073197913298447475e+03 9.944911528890985064e-01 7.081924642358507389e-03 2.012140449452501343e+04
3.073205739437089960e+03 9.955786846981701244e-01 7.096505941717795238e-03 2.014466383049068099e+04
3.073213565575732446e+03 9.952301202284479231e-01 7.108090290294787408e-03 2.013887454146844175e+04
3.073221391714374477e+03 9.912799338157062268e-01 7.103116260952500524e-03 2.006020881687002839e+04
3.073229217853016962e+03 9.901972204834070812e-01 7.102178485387136524e-03 2.003957473068404943e+04
3.073237043991659448e+03 9.944256141004202965e-01 7.116138310575167297e-03 2.012644139181775608e+04
3.073244870130301479e+03 9.961401852176422489e-01 7.127165860554801440e-03 2.016244929546635831e+04
3.073252696268943964e+03 9.974743732133258822e-01 7.154026241337610448e-03 2.019077417969092130e+04
3.073260522407586450e+03 1.002118763264655765e+00 7.184902518250477210e-03 2.028612467135185580e+04
3.073268348546228481e+03 1.005432860981843035e+00 7.187746195136572765e-03 2.035457005974774802e+04
3.073276174684870966e+03 1.004055201747328985e+00 7.185036378287203325e-03 2.032804976865250865e+04
3.073284000823513452e+03 9.984339032459907948e-01 7.166771545072741015e-03 2.021561842996786436e+04
3.073291826962155483e+03 9.955218860860661767e-01 7.149463459812085975e-03 2.015804669380033738e+04
3.073299653100797968e+03 9.977591370300948892e-01 7.179529996956808373e-03 2.020475652794420603e+04
3.073307479239440454e+03 9.996395058708871240e-01 7.213647695869305869e-03 2.024426241363152803e+04
3.073315305378082485e+03 9.975711846454319298e-01 7.191342820125725885e-03 2.020381870793899361e+04
3.073323131516724970e+03 9.959805847083930130e-01 7.164900060937674266e-03 2.017306350468854725e+04
3.073330957655367456e+03 9.969688626998914893e-01 7.168379427186762423e-03 2.019456046420982602e+04
3.073338783794009487e+03 9.967755827311559624e-01 7.172278976827138088e-03 2.019214494574755736e+04
3.073346609932651972e+03 9.971867491034134279e-01 7.168239482127376945e-03 2.020199495252808993e+04
3.073354436071294458e+03 1.000060459333338647e+00 7.166513925896986908e-03 2.026176003428543845e+04
3.073362262209936489e+03 1.001269049527724775e+00 7.156751839827855954e-03 2.028781736058464230e+04
3.073370088348578975e+03 9.994170420242634023e-01 7.143257734458668441e-03 2.025188235217179317e+04
3.073377914487221460e+03 1.001475253016970379e+00 7.163328137789265297e-03 2.029520672853527140e+04
3.073385740625863491e+03 1.004720839657308629e+00 7.186928130346366059e-03 2.036262657706456230e+04
3.073393566764505977e+03 1.004777626744086216e+00 7.173299710996431169e-03 2.036544968463908663e+04
3.073401392903148462e+03 1.004014796208694271e+00 7.156196545485118965e-03 2.035168488310611428e+04
3.073409219041790493e+03 1.001388007841479633e+00 7.146580057367344849e-03 2.030015778444058378e+04
3.073417045180432979e+03 1.000219673143157406e+00 7.139194027489027296e-03 2.027821707599277579e+04
3.073424871319075464e+03 1.001065377747205165e+00 7.120256840857895619e-03 2.029713579698231115e+04
3.073432697457717495e+03 1.000876093063645333e+00 7.098922623756595551e-03 2.029509926023632579e+04
3.073440523596359981e+03 9.990818294697234592e-01 7.076181718252746305e-03 2.026054365848774614e+04
3.073448349735002466e+03 9.967597109946843004e-01 7.052257561202160407e-03 2.021530591144729624e+04
3.073456175873644497e+03 9.945476837341442611e-01 7.056379602610774425e-03 2.017232297695369562e+04
3.073464002012286983e+03 9.928915198084239391e-01 7.063660774970196773e-03 2.014063839321678824e+04
3.073471828150929468e+03 9.939817970128372870e-01 7.057403454842574482e-03 2.016469569413561112e+04
3.073479654289571499e+03 9.971139624646425670e-01 7.052807791550820896e-03 2.023021727172514875e+04
3.073487480428213985e+03 1.000356129817946416e+00 7.055970138513866126e-03 2.029801680813157145e+04
3.073495306566856470e+03 1.000839938244548755e+00 7.056885030675683936e-03 2.030988880899055584e+04
3.073503132705498501e+03 9.992621212914520878e-01 7.065080189265974912e-03 2.027995720092031115e+04
3.073510958844140987e+03 9.991816822605912307e-01 7.074360325630789717e-03 2.028044690006890596e+04
3.073518784982783473e+03 9.992694723958930325e-01 7.065248933569545989e-03 2.028438747077359221e+04
3.073526611121425958e+03 9.981597220067085496e-01 7.054405356906393032e-03 2.026405366670709191e+04
3.073534437260067989e+03 9.967477009078840045e-01 7.061641927130477871e-03 2.023761542157171789e+04
3.073542263398710475e+03 9.958965026831995138e-01 7.071141145162194303e-03 2.022259716655262309e+04
3.073550089537352960e+03 9.963901909834563808e-01 7.080148491864528791e-03 2.023492628439158216e+04
3.073557915675994991e+03 9.969820855279527549e-01 7.087820426357876839e-03 2.024929206350361346e+04
3.073565741814637477e+03 9.993461638212230991e-01 7.121069255729671650e-03 2.029969944905463854e+04
3.073573567953279962e+03 1.001934706558866628e+00 7.156231444084330817e-03 2.035471960420288087e+04
3.073581394091921993e+03 9.982385276667712359e-01 7.108714334311651631e-03 2.028210226480536949e+04
3.073589220230564479e+03 9.940685500308514833e-01 7.056230325879697500e-03 2.019988131593677826e+04
3.073597046369206964e+03 9.954846930784745362e-01 7.068017413693869315e-03 2.023120892625572742e+04
3.073604872507848995e+03 9.961823713982282946e-01 7.084175199375286960e-03 2.024798458076203679e+04
3.073612698646491481e+03 9.962920680153914965e-01 7.093121217298357234e-03 2.025285594976952416e+04
3.073620524785133966e+03 9.981364365549210138e-01 7.100682738441792610e-03 2.029304078323072099e+04
3.073628350923775997e+03 9.972753031122755241e-01 7.081767157850324922e-03 2.027826903981505893e+04
3.073636177062418483e+03 9.956509761703243866e-01 7.064635843563952730e-03 2.024801872249383450e+04
3.073644003201060968e+03 9.956475831028335222e-01 7.071340136080782671e-03 2.025077540195161782e+04
3.073651829339702999e+03 9.934018115328699938e-01 7.075690329089866400e-03 2.020796536393478891e+04
3.073659655478345485e+03 9.901090527469581515e-01 7.080325273433625728e-03 2.014388994923195423e+04
3.073667481616987970e+03 9.908178363305233383e-01 7.086080241646110917e-03 2.016126817664393820e+04
3.073675307755630001e+03 9.950950226714283531e-01 7.098643165002895862e-03 2.025132181042886441e+04
3.073683133894272487e+03 9.994728306932441075e-01 7.114211009795851255e-03 2.034350069419320062e+04
3.073690960032914973e+03 1.002343340633721436e+00 7.113152051636463524e-03 2.040507412817628938e+04
3.073698786171557003e+03 1.002860862824855870e+00 7.109611294511319034e-03 2.041881036126836261e+04
3.073706612310199489e+03 1.004064140264826932e+00 7.133613621650748693e-03 2.044656803067263900e+04
3.073714438448841975e+03 1.003603228684849080e+00 7.153016336184921803e-03 2.044049315563699929e+04
3.073722264587484005e+03 9.985346218983063293e-01 7.130398857376603339e-03 2.034060932687821332e+04
3.073730090726126491e+03 9.964734306854086121e-01 7.112053636774025127e-03 2.030201932251981634e+04
3.073737916864768977e+03 9.956415762467496489e-01 7.118430751163522252e-03 2.028852176125375991e+04
3.073745743003411008e+03 9.939171173707954665e-01 7.126439769344993999e-03 2.025688301010301802e+04
3.073753569142053493e+03 9.954874566388338675e-01 7.130971858977833144e-03 2.029245189210912213e+04
3.073761395280695979e+03 9.995209627091973248e-01 7.135337581365726670e-03 2.037830941380787408e+04
3.073769221419338010e+03 1.001733360103115977e+00 7.138378861710204838e-03 2.042711990643562240e+04
3.073777047557980495e+03 1.000436013248441780e+00 7.137215237656872185e-03 2.040442365337115189e+04
3.228347066117044051e+03 1.002143669089255118e+00 5.249965456251139834e-03 3.238323367852849333e+04
3.228356484540772271e+03 1.000141836126638539e+00 5.226244035035085625e-03 3.232011147037280170e+04
3.228365902964500492e+03 9.980779754085397082e-01 5.202588918812455117e-03 3.225497844085114775e+04
3.228375321388229167e+03 9.982691126832393680e-01 5.214362561655409845e-03 3.226271746017316036e+04
3.228384739811957388e+03 1.000492462888846967e+00 5.227831704183287694e-03 3.233613865101514239e+04
3.228394158235685609e+03 1.002620556197180601e+00 5.235061015765619767e-03 3.240648792659645551e+04
3.228403576659413829e+03 1.002837196075728521e+00 5.240380772748908476e-03 3.241505928067921195e+04
3.228412995083142050e+03 1.000684566856818725e+00 5.218459622158315263e-03 3.234704488740898887e+04
3.228422413506870726e+03 9.986258998439708767e-01 5.195406709780171772e-03 3.228206122505963503e+04
3.228431831930598946e+03 9.981639557863745127e-01 5.200725000502266424e-03 3.226869005299422861e+04
3.228441250354327167e+03 9.984913776258205198e-01 5.208241908229283186e-03 3.228083732729064286e+04
3.228450668778055388e+03 9.993930111907032288e-01 5.193357006844204898e-03 3.231155056615131980e+04
3.228460087201783608e+03 1.000132399076858913e+00 5.177338236873726442e-03 3.233702077929315055e+04
3.228469505625512284e+03 9.999026779862307812e-01 5.180953418000416692e-03 3.233115784139049356e+04
3.228478924049240504e+03 9.989730201415294442e-01 5.185288461812622568e-03 3.230266112111296388e+04
3.228488342472968725e+03 9.982605142602610782e-01 5.170434143514708591e-03 3.228118362882925794e+04
3.228497760896696946e+03 9.983689539205814478e-01 5.152672218445092378e-03 3.228625246372605761e+04
3.228507179320425166e+03 9.993443121491063508e-01 5.163082126777567005e-03 3.231935827306008287e+04
3.228516597744153842e+03 1.000873535236946665e+00 5.181210124066476172e-03 3.237038030308103407e+04
3.228526016167882062e+03 1.000877991978578185e+00 5.183340686928162612e-03 3.237209054407313306e+04
3.228535434591610283e+03 9.999470955244227355e-01 5.180104475797272720e-03 3.234354655879083293e+04
3.228544853015338504e+03 9.992719033682342378e-01 5.183214483982495797e-03 3.232327088184890818e+04
3.228554271439066724e+03 9.984953686663956551e-01 5.187817427713185998e-03 3.229971482401598769e+04
3.228563689862795400e+03 9.983234026802130234e-01 5.182061572749563014e-03 3.229571410495457530e+04
3.228573108286523620e+03 9.985439377486136081e-01 5.172919102936569639e-03 3.230441085214561099e+04
3.228582526710251841e+03 9.987938222417486189e-01 5.161781093718423481e-03 3.231405783381835863e+04
3.228591945133980062e+03 9.989235901310642429e-01 5.150789567269738363e-03 3.231981926728232429e+04
3.228601363557708737e+03 9.972864127498385356e-01 5.141736227901243933e-03 3.226840945310720053e+04
3.228610781981436958e+03 9.951938844421306385e-01 5.132757630874616381e-03 3.220226037237207856e+04
3.228620200405165178e+03 9.966367748566345997e-01 5.129370014192657749e-03 3.225050856072945317e+04
3.228629618828893399e+03 9.986826224305596078e-01 5.128740824501285510e-03 3.231827350392084190e+04
3.228639037252621620e+03 9.970809995814005067e-01 5.101712004175631629e-03 3.226800369822551147e+04
3.228648455676350295e+03 9.942194129563322047e-01 5.060562133729958750e-03 3.217695136922955862e+04
3.228657874100078516e+03 9.950576433525747388e-01 5.048677343690527973e-03 3.220563687990986000e+04
3.228667292523806736e+03 9.974430443749540132e-01 5.052724499600229867e-03 3.228440253909392777e+04
3.228676710947534957e+03 9.976340701116671594e-01 5.062105885011775573e-03 3.229214652506241691e+04
3.228686129371263178e+03 9.972974025048958469e-01 5.073658760260522926e-03 3.228280952048620748e+04
3.228695547794991853e+03 9.961743971311248780e-01 5.066794092931582900e-03 3.224801624769601767e+04
3.228704966218720074e+03 9.951181732166530791e-01 5.050156831427937872e-03 3.221538140493311948e+04
3.228714384642448294e+03 9.953046841555136526e-01 5.044940735985531562e-03 3.222297678220159287e+04
3.228723803066176515e+03 9.951604834654859122e-01 5.045720423857495175e-03 3.221986544079809391e+04
3.228733221489904736e+03 9.943264481052163095e-01 5.035117955060848527e-03 3.219441810044244630e+04
3.228742639913633411e+03 9.937364286430037108e-01 5.017549361215914439e-03 3.217686930713421316e+04
3.228752058337361632e+03 9.940076948276618252e-01 5.008382149104743768e-03 3.218720817020939285e+04
3.228761476761089853e+03 9.943797646677164925e-01 5.004646114565190415e-03 3.220081218794118467e+04
3.228770895184818073e+03 9.953758496844821169e-01 5.003922805385583802e-03 3.223462571211950126e+04
3.228780313608546294e+03 9.963050294124818906e-01 5.005316308088102011e-03 3.226627556278750853e+04
3.228789732032274969e+03 9.945738075355382568e-01 5.006526178115149224e-03 3.221176454996678876e+04
3.228799150456003190e+03 9.919656952937430106e-01 5.008703937451796512e-03 3.212884645585818362e+04
3.228808568879731411e+03 9.916069949423824692e-01 4.997782017587149711e-03 3.211878007893405447e+04
3.228817987303459631e+03 9.917374334496726895e-01 4.973802921003347630e-03 3.212455686299961963e+04
3.228827405727187852e+03 9.902147508897873873e-01 4.959530245952106960e-03 3.207678324106637228e+04
3.228836824150916527e+03 9.878910442749148091e-01 4.952921234308333039e-03 3.200305541615417314e+04
3.228846242574644748e+03 9.870943440914590195e-01 4.953029349187170784e-03 3.197879058442105452e+04
3.228855660998372969e+03 9.880756586600530911e-01 4.962746417563403643e-03 3.201212819656287320e+04
3.228865079422101189e+03 9.881748145667768046e-01 4.961632642380500897e-03 3.201688691857130470e+04
3.228874497845829410e+03 9.868486742090644137e-01 4.946089943970460694e-03 3.197546408864847399e+04
3.228883916269558085e+03 9.859870598128397390e-01 4.931374596016750364e-03 3.194908921427332461e+04
3.228893334693286306e+03 9.854112859180453876e-01 4.917612267402736263e-03 3.193197422418094357e+04
3.228902753117014527e+03 9.838867163724899223e-01 4.901885175694335739e-03 3.188411049270997682e+04
3.228912171540742747e+03 9.811108794068471584e-01 4.883818179852322111e-03 3.179569110727084626e+04
3.228921589964470968e+03 9.789584849774771724e-01 4.871211473056841386e-03 3.172746844072215026e+04
3.228931008388199643e+03 9.789944641271929315e-01 4.866864426895345722e-03 3.173016636253581237e+04
3.228940426811927864e+03 9.786733542951472353e-01 4.859056989105003249e-03 3.172129023567737750e+04
3.228949845235656085e+03 9.764579944367702824e-01 4.844840943329229398e-03 3.165101268326741774e+04
3.228959263659384305e+03 9.735244555441846526e-01 4.830707011328938712e-03 3.155744794308250857e+04
3.228968682083112526e+03 9.708028994320265781e-01 4.818783991129740006e-03 3.147074591817480541e+04
3.228978100506841201e+03 9.695314434872084330e-01 4.812726365408344018e-03 3.143104588347466051e+04
3.228987518930569422e+03 9.690963142021984389e-01 4.814595378994221929e-03 3.141845588508788933e+04
3.228996937354297643e+03 9.672322271133838578e-01 4.807205867853752562e-03 3.135953495599056623e+04
3.229006355778025863e+03 9.638033602750993856e-01 4.785210788589198093e-03 3.124987256634349251e+04
3.229015774201754539e+03 9.608658235730571651e-01 4.765200844248360275e-03 3.115613085478917128e+04
3.229025192625482759e+03 9.581787958231802182e-01 4.747478922920515473e-03 3.107050310983960298e+04
3.229034611049210980e+03 9.559824609879578050e-01 4.732652456009889957e-03 3.100077923818663112e+04
3.229044029472939201e+03 9.555856485057492300e-01 4.726042834505081967e-03 3.098940655864618748e+04
3.229053447896667421e+03 9.546518808463261285e-01 4.719584312695322519e-03 3.096061847333829792e+04
3.229062866320396097e+03 9.532943727229126196e-01 4.713242681464150166e-03 3.091808434118562582e+04
3.229072284744124318e+03 9.526001957715838353e-01 4.705839025567630333e-03 3.089706074064343557e+04
3.229081703167852538e+03 9.516877408128663340e-01 4.694046834703547930e-03 3.086895489965859088e+04
3.229091121591580759e+03 9.508484606743814460e-01 4.681506240426565151e-03 3.084321981702801713e+04
3.229100540015308979e+03 9.499649226908625232e-01 4.667884228177791514e-03 3.081604642141773729e+04
3.229109958439037655e+03 9.483909604746668665e-01 4.656459811989955254e-03 3.076647241120402759e+04
3.229119376862765876e+03 9.463087269016046132e-01 4.650624630751042446e-03 3.070040399833896663e+04
3.229128795286494096e+03 9.446809576709178646e-01 4.644369251154746060e-03 3.064907363560739032e+04
3.229138213710222317e+03 9.451808161070346381e-01 4.640611432434349828e-03 3.066676991013197403e+04
3.229147632133950538e+03 9.466340536681195905e-01 4.639699679686646976e-03 3.071540200804064807e+04
3.229157050557679213e+03 9.482181762159437310e-01 4.641865490523757257e-03 3.076828567917161854e+04
3.229166468981407434e+03 9.504493910456406347e-01 4.647961893693347557e-03 3.084217251340748044e+04
3.229175887405135654e+03 9.540054103522567219e-01 4.666330739191685076e-03 3.095905843349234419e+04
3.229185305828863875e+03 9.573249607416284279e-01 4.680612530991150148e-03 3.106828130325515303e+04
3.229194724252592096e+03 9.597891690521653807e-01 4.682160038506646103e-03 3.114975461501743121e+04
3.229204142676320771e+03 9.621552331222391619e-01 4.687613540959653137e-03 3.122805023425587569e+04
3.229213561100048992e+03 9.653244987898075280e-01 4.706007118897283410e-03 3.133242350964061188e+04
3.229222979523777212e+03 9.678468013185623775e-01 4.724426116104530823e-03 3.141580661420858451e+04
3.229232397947505433e+03 9.702425477041245472e-01 4.745203009095536745e-03 3.149508946722383553e+04
3.229241816371233654e+03 9.732261198682939929e-01 4.760110513661894825e-03 3.159346217794740005e+04
3.229251234794962329e+03 9.742595409396013206e-01 4.749306538012744612e-03 3.162853417537671703e+04
3.229260653218690550e+03 9.751982774265467446e-01 4.739242321359018670e-03 3.166053540158813121e+04
3.229270071642418770e+03 9.770571513272201525e-01 4.733749902770094560e-03 3.172241394891693926e+04
3.229279490066146991e+03 9.789630043130452819e-01 4.732273308250629397e-03 3.178582367136854009e+04
3.229288908489875212e+03 9.818698623217675392e-01 4.751954012100827358e-03 3.188174242753056024e+04
3.229298326913603887e+03 9.842809440821822520e-01 4.769519142321610936e-03 3.196157143392295620e+04
3.229307745337332108e+03 9.853608746933982809e-01 4.778889102587293401e-03 3.199818076184328675e+04
3.229317163761060328e+03 9.860988773647734185e-01 4.787899338867912871e-03 3.202368931503143904e+04
3.229326582184788549e+03 9.868663544196560888e-01 4.792489227697996346e-03 3.205015740832232405e+04
3.229336000608516770e+03 9.882208343627232328e-01 4.796919366806507226e-03 3.209569273554662141e+04
3.229345419032245445e+03 9.889034571993190470e-01 4.798436448847680051e-03 3.211941050080615241e+04
3.229354837455973666e+03 9.884701188281778128e-01 4.795701541299379755e-03 3.210688243221840821e+04
3.229364255879701886e+03 9.865524125786900855e-01 4.770025332493353816e-03 3.204613635443126987e+04
3.229373674303430107e+03 9.853493616439467084e-01 4.749922462842733929e-03 3.200859950902260243e+04
3.229383092727158328e+03 9.871413028180603400e-01 4.765033482311080947e-03 3.206835446145661990e+04
3.229392511150887003e+03 9.901777366365493993e-01 4.776518808779431011e-03 3.216854566052438167e+04
3.229401929574615224e+03 9.917381762530341760e-01 4.751517581184323130e-03 3.222079247251390916e+04
3.229411347998343444e+03 9.913092996130972168e-01 4.726429687152893487e-03 3.220840973626517007e+04
3.229420766422071665e+03 9.901406958581216999e-01 4.717790711416210148e-03 3.217199019140361270e+04
3.229430184845800341e+03 9.897093663072075165e-01 4.711436427768452874e-03 3.215952390872466276e+04
3.229439603269528561e+03 9.908001307631759680e-01 4.719894525810877997e-03 3.219651743868281119e+04
3.229449021693256782e+03 9.916836073210247848e-01 4.727354834968471552e-03 3.222677813979717030e+04
3.229458440116985003e+03 9.913319282514294617e-01 4.725858819121194800e-03 3.221690077582461890e+04
3.229467858540713223e+03 9.916151849100396376e-01 4.726099427413924664e-03 3.222765782766913617e+04
3.229477276964441899e+03 9.939106051955278742e-01 4.743258118203045638e-03 3.230381456574248296e+04
3.229486695388170119e+03 9.964690035136972712e-01 4.760757804075023587e-03 3.238852613984347045e+04
3.229496113811898340e+03 9.975200660479406345e-01 4.765783101373650792e-03 3.242424998187263918e+04
3.229505532235626561e+03 9.970435519956103443e-01 4.767641552644273639e-03 3.241032105999911437e+04
3.229514950659354781e+03 9.945097768760395862e-01 4.757016210952947147e-03 3.232951322605190944e+04
3.229524369083083457e+03 9.927865207810028236e-01 4.747735208597827702e-03 3.227504707482463346e+04
3.229533787506811677e+03 9.949214116502815841e-01 4.754212507125193249e-03 3.234600820502999704e+04
3.229543205930539898e+03 9.971648723283830229e-01 4.760786497165341372e-03 3.242050591211087522e+04
3.229552624354268119e+03 9.958098316558517960e-01 4.749275762105568607e-03 3.237800807376379089e+04
3.229562042777996339e+03 9.945063703010672551e-01 4.738466488325061149e-03 3.233718313832934655e+04
3.229571461201725015e+03 9.954064479727893211e-01 4.741303189574860681e-03 3.236800743457694625e+04
3.229580879625453235e+03 9.967600377024277147e-01 4.743897317108008646e-03 3.241358228007709840e+04
3.229590298049181456e+03 9.982294884289117931e-01 4.742632819011739602e-03 3.246292921994993958e+04
3.229599716472909677e+03 9.992713556409299480e-01 4.741496063285778953e-03 3.249837485660773382e+04
3.229609134896637897e+03 9.988436335469323968e-01 4.736378020721441345e-03 3.248602736518923120e+04
3.229618553320366573e+03 9.975193690377437417e-01 4.730396656707500438e-03 3.244451831267576927e+04
3.229627971744094793e+03 9.984837209915744527e-01 4.742404611191970709e-03 3.247744640823383452e+04
3.229637390167823014e+03 1.000604313624268604e+00 4.754669169045286879e-03 3.254798810095835142e+04
3.229646808591551235e+03 9.982491613172065348e-01 4.729011869773502331e-03 3.247294091474027300e+04
3.229656227015279455e+03 9.952062741253466793e-01 4.702523101028387165e-03 3.237551333812194207e+04
3.229665645439008131e+03 9.960458533987164298e-01 4.696728072319818377e-03 3.240438461737896432e+04
3.229675063862736351e+03 9.970641366136276940e-01 4.691304067574982375e-03 3.243907258347484458e+04
3.229684482286464572e+03 9.975919746624131168e-01 4.690897938973698569e-03 3.245780653658051233e+04
3.229693900710192793e+03 9.988194014073598082e-01 4.691426767720508970e-03 3.249930516204515880e+04
3.229703319133921013e+03 9.994980362658943962e-01 4.692831591003913949e-03 3.252295033370473539e+04
3.229712737557649689e+03 9.989837878353398093e-01 4.692444987869568741e-03 3.250778019461181611e+04
3.229722155981377909e+03 9.975671351553088151e-01 4.677409992661976483e-03 3.246324203412743373e+04
3.229731574405106130e+03 9.964483527241713157e-01 4.663124857273341119e-03 3.242839332313757404e+04
3.229740992828834351e+03 9.961041884377824784e-01 4.668622778801644578e-03 3.241875147893901158e+04
3.229750411252562571e+03 9.961826459285275659e-01 4.674457335279008467e-03 3.242286367410975072e+04
3.229759829676291247e+03 9.990386514537823448e-01 4.680288394047122519e-03 3.251738161539944122e+04
3.229769248100019468e+03 1.001807026319858629e+00 4.685405981755643053e-03 3.260905609570376328e+04
3.229778666523747688e+03 9.990767429843988578e-01 4.667959788764613691e-03 3.252174800818448421e+04
3.229788084947475909e+03 9.957754518243938646e-01 4.650344600567043844e-03 3.241584314943317804e+04
3.229797503371204130e+03 9.950533494951918634e-01 4.638505270285552852e-03 3.239389327423114810e+04
3.229806921794932805e+03 9.949564500994831917e-01 4.626997353047204199e-03 3.239229555596425780e+04
3.229816340218661026e+03 9.971576656551490725e-01 4.636793520395418762e-03 3.246551970029426593e+04
3.229825758642389246e+03 9.995818795920099475e-01 4.647698203733951171e-03 3.254601147696447151e+04
3.229835177066117467e+03 9.995307155861029580e-01 4.638524424751685853e-03 3.254590958846532158e+04
3.229844595489846142e+03 9.989502074978676704e-01 4.628676782359039503e-03 3.252857063830689003e+04
3.229854013913574363e+03 9.989941652430543995e-01 4.626234473659215918e-03 3.253156517639229423e+04
3.229863432337302584e+03 9.990602106326155196e-01 4.623884860904117940e-03 3.253527915571095946e+04
3.229872850761030804e+03 9.998151067686444904e-01 4.623743512768790573e-03 3.256142745323818599e+04
3.229882269184759025e+03 1.000502650431340346e+00 4.623032758421316210e-03 3.258538450955221560e+04
3.229891687608487700e+03 1.000412915372683065e+00 4.613595972158227032e-03 3.258402729996386188e+04
3.229901106032215921e+03 1.000965072099167852e+00 4.605118932656851113e-03 3.260357760065600087e+04
3.229910524455944142e+03 1.001797657016106458e+00 4.596767585956024020e-03 3.263226421524861871e+04
3.229919942879672362e+03 1.001785412194599711e+00 4.587477171184568651e-03 3.263343287635705201e+04
3.229929361303400583e+03 9.992400208638617665e-01 4.569908186794273755e-03 3.255207959742186722e+04
3.229938779727129258e+03 9.973122695670095794e-01 4.553429879645990060e-03 3.249084007814379220e+04
3.229948198150857479e+03 9.989867191961527837e-01 4.558716636778908232e-03 3.254695411251646874e+04
3.229957616574585700e+03 1.000305064989523984e+00 4.563746760133017763e-03 3.259147097866073454e+04
3.229967034998313920e+03 1.001231927004728961e+00 4.578388500464686262e-03 3.262323621689378342e+04
3.229976453422042141e+03 1.002522925314171864e+00 4.593311692010354497e-03 3.266686961338463880e+04
3.229985871845770816e+03 1.002006237725521443e+00 4.580169735937594973e-03 3.265160138937138981e+04
3.229995290269499037e+03 1.001084674620617010e+00 4.566341149338994966e-03 3.262313754994628835e+04
3.230004708693227258e+03 1.000438872698010240e+00 4.561351935620282586e-03 3.260365770563270780e+04
3.230014127116955478e+03 9.998602377612560987e-01 4.557020791171585011e-03 3.258636487416492309e+04
3.230023545540683699e+03 9.997758343078562149e-01 4.546063132089795192e-03 3.258517846388665203e+04
3.230032963964412374e+03 9.996999866263872603e-01 4.534850259863610657e-03 3.258427065672396566e+04
3.230042382388140595e+03 9.993617938820084090e-01 4.536108394471089107e-03 3.257481131378506689e+04
3.230051800811868816e+03 9.991406416554193815e-01 4.537274589594603169e-03 3.256916610316840524e+04
3.241308723869778078e+03 9.997815729775028082e-01 2.989328458120080797e-03 3.087242768308472296e+04
3.241317096818268965e+03 9.994848377907246118e-01 2.988097133292460291e-03 3.086421449887651397e+04
3.241325469766760307e+03 9.986132169100836453e-01 2.984204052005713387e-03 3.083806845245652221e+04
3.241333842715251194e+03 9.988406802673358564e-01 2.990768898000307780e-03 3.084568510698218961e+04
3.241342215663742081e+03 9.998021416334381684e-01 3.001387571470536149e-03 3.087579348732735889e+04
3.241350588612232968e+03 1.001431429254581618e+00 3.004637197301227546e-03 3.092635222935171259e+04
3.241358961560723856e+03 1.002825481759956894e+00 3.004295649190212580e-03 3.096947418552575618e+04
3.241367334509215198e+03 1.001403026425164322e+00 2.997343477828975141e-03 3.092544517432146677e+04
3.241375707457706085e+03 9.989212788465429149e-01 2.987582864875577750e-03 3.084853457892135339e+04
3.241384080406196972e+03 9.982993417221176502e-01 2.986707239720082663e-03 3.082889226324763513e+04
3.241392453354687859e+03 9.986882088127603252e-01 2.990543873017184173e-03 3.084029985172361921e+04
3.241400826303178746e+03 9.988809150008380877e-01 2.989822970510142355e-03 3.084548593904431618e+04
3.241409199251670088e+03 9.991996354270140657e-01 2.986940767945152776e-03 3.085440111074826200e+04
3.241417572200160976e+03 1.000187796026126730e+00 2.994728546534547540e-03 3.088382652986355606e+04
3.241425945148651863e+03 1.000907849331591937e+00 3.008191366338244799e-03 3.090481283973151949e+04
3.241434318097142750e+03 1.000506387496236771e+00 3.011931820618922451e-03 3.089101316091440822e+04
3.241442691045633637e+03 1.000234970482287711e+00 3.009747653542113339e-03 3.088107458656825474e+04
3.241451063994124979e+03 1.000652803164266524e+00 3.010858878152834241e-03 3.089226221704130512e+04
3.241459436942615866e+03 1.000967322150024819e+00 3.013632557982940264e-03 3.090010744595872529e+04
3.241467809891106754e+03 1.001351074066282765e+00 3.015923348585674429e-03 3.090993866748145956e+04
3.241476182839597641e+03 1.001555778783024042e+00 3.017887289565914562e-03 3.091409360991357607e+04
3.241484555788088528e+03 1.001049905028268405e+00 3.020206516507892118e-03 3.089617003698470944e+04
3.241492928736579870e+03 1.000729337262423524e+00 3.023358213858294216e-03 3.088382300826286155e+04
3.241501301685070757e+03 1.000492001831417177e+00 3.023209695543338862e-03 3.087390318677234609e+04
3.241509674633561644e+03 9.996832817084086997e-01 3.019095221220320993e-03 3.084621292160038138e+04
3.241518047582052532e+03 9.993881996230093989e-01 3.018226719403092808e-03 3.083423531531476328e+04
3.241526420530543419e+03 9.997449826323285826e-01 3.021242353413132898e-03 3.084223212801000773e+04
3.241534793479034761e+03 9.992305307415848548e-01 3.020530335142466299e-03 3.082321607982910791e+04
3.241543166427525648e+03 9.977444682220298899e-01 3.015053153833685117e-03 3.077410139561096730e+04
3.241551539376016535e+03 9.958552299007717989e-01 3.007110534241004204e-03 3.071243065378244864e+04
3.241559912324507422e+03 9.942615917565956751e-01 2.997856408722382026e-03 3.065975842363118863e+04
3.241568285272998310e+03 9.938698924932500844e-01 2.992044467434932034e-03 3.064402909835859464e+04
3.241576658221489652e+03 9.939236616245487044e-01 2.988859313011824753e-03 3.064190991422338266e+04
3.241585031169980539e+03 9.925591323769942242e-01 2.983451752203240478e-03 3.059594631570319689e+04
3.241593404118471426e+03 9.899226597016000939e-01 2.976233483240364828e-03 3.051066809270182421e+04
3.241601777066962313e+03 9.871319033884851102e-01 2.966224839901322047e-03 3.042053642244013463e+04
3.241610150015453200e+03 9.840805879118876831e-01 2.951752768828958592e-03 3.032228132847757661e+04
3.241618522963944542e+03 9.816158741611071825e-01 2.943946829201534061e-03 3.024200864446585183e+04
3.241626895912435430e+03 9.806050757760034209e-01 2.946908764104509953e-03 3.020642981399462224e+04
3.241635268860926317e+03 9.785491229011068492e-01 2.943573262617063188e-03 3.013855774344158999e+04
3.241643641809417204e+03 9.747296359278010414e-01 2.929296375918875091e-03 3.001628727266933493e+04
3.241652014757908091e+03 9.718549023597145009e-01 2.917331017761668008e-03 2.992303365571681206e+04
3.241660387706398978e+03 9.695213110111451371e-01 2.907903622740890415e-03 2.984636073678777029e+04
3.241668760654890320e+03 9.667322563474827213e-01 2.900289713539792695e-03 2.975558782523449190e+04
3.241677133603381208e+03 9.636827762457323976e-01 2.897720913298720835e-03 2.965672661818460256e+04
3.241685506551872095e+03 9.611621455144395698e-01 2.893427028999093990e-03 2.957406907272892204e+04
3.241693879500362982e+03 9.588540378225682836e-01 2.880443976915701004e-03 2.949787789607722880e+04
3.241702252448853869e+03 9.551445353784965286e-01 2.867001020273951453e-03 2.937851085170669830e+04
3.241710625397345211e+03 9.507387041795318794e-01 2.861177570289643972e-03 2.923767643133894671e+04
3.241718998345836098e+03 9.461837419111691627e-01 2.852691202142132541e-03 2.909221391516268341e+04
3.241727371294326986e+03 9.413508192098201111e-01 2.836090404094624828e-03 2.893816846755911683e+04
3.241735744242817873e+03 9.365985988377129035e-01 2.821521769257320615e-03 2.878657151842956227e+04
3.241744117191308760e+03 9.312700330391763259e-01 2.810876294715892228e-03 2.861723402247444756e+04
3.241752490139800102e+03 9.260252706755164320e-01 2.799521847493294854e-03 2.845045127661256265e+04
3.241760863088290989e+03 9.217724908463668099e-01 2.786901469366332307e-03 2.831412135969258088e+04
3.241769236036781876e+03 9.173806911944222264e-01 2.773593780311361511e-03 2.817349471161784459e+04
3.241777608985272764e+03 9.117411064471089288e-01 2.756774655830664979e-03 2.799453261762835245e+04
3.241785981933763651e+03 9.053892631150111114e-01 2.740364685744008794e-03 2.779370140135920519e+04
3.241794354882254993e+03 8.994039680305652151e-01 2.727873009375471770e-03 2.760412819739767292e+04
3.241802727830745880e+03 8.934628118443134204e-01 2.714676457352180067e-03 2.741591576292827085e+04
3.241811100779236767e+03 8.866536952759437318e-01 2.698204444766632865e-03 2.720108448892405431e+04
3.241819473727727654e+03 8.815046919406618331e-01 2.685512773817424342e-03 2.703719497930530633e+04
3.241827846676218542e+03 8.783076145031876170e-01 2.685046982125734866e-03 2.693316485363540050e+04
3.241836219624709884e+03 8.750336426690074054e-01 2.681507332375213364e-03 2.682675703819096816e+04
3.241844592573200771e+03 8.721026367235675814e-01 2.662884001642043617e-03 2.673084450739509339e+04
3.241852965521691658e+03 8.693972043998374755e-01 2.645962999759787510e-03 2.664182489307352807e+04
3.241861338470182545e+03 8.662312379023316966e-01 2.636026712997841404e-03 2.653867528490295081e+04
3.241869711418673432e+03 8.624720646388861489e-01 2.624991008867020963e-03 2.641734387794130453e+04
3.241878084367164774e+03 8.588753750892524907e-01 2.613845699969305665e-03 2.630098682729386201e+04
3.241886457315655662e+03 8.560276955282924982e-01 2.604080886679795929e-03 2.620755949406349100e+04
3.241894830264146549e+03 8.542279463812556539e-01 2.597047833011689039e-03 2.614619691798639178e+04
3.241903203212637436e+03 8.520803563390472180e-01 2.590701201809163072e-03 2.607416643635463333e+04
3.241911576161128323e+03 8.515308485513998216e-01 2.593835045337355896e-03 2.605100954083931720e+04
3.241919949109619665e+03 8.511159307378473038e-01 2.597321064818681330e-03 2.603193025535644119e+04
3.241928322058110552e+03 8.514592821206589113e-01 2.603768187994419739e-03 2.603599802580838150e+04
3.241936695006601440e+03 8.543406436544594973e-01 2.611545103803899343e-03 2.611760463582014199e+04
3.241945067955092327e+03 8.583302497841840406e-01 2.612853004567494003e-03 2.623299554012675071e+04
3.241953440903583214e+03 8.633083685810156727e-01 2.616026452895276865e-03 2.637848776393829758e+04
3.241961813852074556e+03 8.700316186660460582e-01 2.628330649429892144e-03 2.657717195457954949e+04
3.241970186800565443e+03 8.757650638440964697e-01 2.640457009863382814e-03 2.674548435442311893e+04
3.241978559749056330e+03 8.833188194640795299e-01 2.664408659251985521e-03 2.696924655348281158e+04
3.241986932697547218e+03 8.911944279367043364e-01 2.689012170910935751e-03 2.720267763337259385e+04
3.241995305646038105e+03 8.992718557963589321e-01 2.714387609284965325e-03 2.744210764659706547e+04
3.242003678594528992e+03 9.066892010958880199e-01 2.738356231451089147e-03 2.766123755351561704e+04
3.242012051543020334e+03 9.129490146472923895e-01 2.752098947635658443e-03 2.784491168901557467e+04
3.242020424491511221e+03 9.185738973998385237e-01 2.766352231580190921e-03 2.800909386008611909e+04
3.242028797440002108e+03 9.227058742083446008e-01 2.786515028919433513e-03 2.812764599477639058e+04
3.242037170388492996e+03 9.272443540463026768e-01 2.805669367410443434e-03 2.825849138123489320e+04
3.242045543336983883e+03 9.313042778619369244e-01 2.813920969065584858e-03 2.837465568595606601e+04
3.242053916285475225e+03 9.360483259852819815e-01 2.822823418934462987e-03 2.851156651519622028e+04
3.242062289233966112e+03 9.424167676833467011e-01 2.835705949124187660e-03 2.869784084410421201e+04
3.242070662182456999e+03 9.488427283928414502e-01 2.849001959640083421e-03 2.888573944029467748e+04
3.242079035130947887e+03 9.547376253578372385e-01 2.865107569125232168e-03 2.905734863846681401e+04
3.242087408079438774e+03 9.595243156185347955e-01 2.881071286002064719e-03 2.919512229103295249e+04
3.242095781027930116e+03 9.630034044142056215e-01 2.888176498174055504e-03 2.929302392223415518e+04
3.242104153976421003e+03 9.663868432821008936e-01 2.894393193081741013e-03 2.938794302700833941e+04
3.242112526924911890e+03 9.695267071775295342e-01 2.906070785435585242e-03 2.947538631235252979e+04
3.242120899873402777e+03 9.719198418928494121e-01 2.917201703670763927e-03 2.954006876622453274e+04
3.242129272821893665e+03 9.731284469253249636e-01 2.928943547606154690e-03 2.956870794417770958e+04
3.242137645770385006e+03 9.744996711482397656e-01 2.940279189799814390e-03 2.960225724078420899e+04
3.242146018718875894e+03 9.749709751883310904e-01 2.939288335251897828e-03 2.960844648768920160e+04
3.242154391667366781e+03 9.760164613658510735e-01 2.939136062765225054e-03 2.963205392227315315e+04
3.242162764615857668e+03 9.763310625426918632e-01 2.941595346603596058e-03 2.963345565881078801e+04
3.242171137564348555e+03 9.766527115005571025e-01 2.944016833833137774e-03 2.963506316602038714e+04
3.242179510512839897e+03 9.779725508498957609e-01 2.945213813983090911e-03 2.966694443261326160e+04
3.242187883461330784e+03 9.794968545169697727e-01 2.946630814252291456e-03 2.970500498761418203e+04
3.242196256409821672e+03 9.816766300483105168e-01 2.949409941957360694e-03 2.976291527725115520e+04
3.242204629358312559e+03 9.834441380891316697e-01 2.951662814225375787e-03 2.980829732730352771e+04
3.242213002306803446e+03 9.847613697873766059e-01 2.953762908873124298e-03 2.984001146570698620e+04
3.242221375255294788e+03 9.864444352808817706e-01 2.956561383221029474e-03 2.988279348422714247e+04
3.242229748203785675e+03 9.890740481882843715e-01 2.976893019825019651e-03 2.995422298587964542e+04
3.242238121152276562e+03 9.911741645669206457e-01 2.996362221651789615e-03 3.000958825307302322e+04
3.242246494100767450e+03 9.910618964841628742e-01 2.995224730100563230e-03 2.999796578371480064e+04
3.242254867049258337e+03 9.915208332219074272e-01 2.994708788380896596e-03 3.000364441432486637e+04
3.242263239997749679e+03 9.938301451983121426e-01 3.003909829508525590e-03 3.006530911777673828e+04
3.242271612946240566e+03 9.954253590320379930e-01 3.012530702674702954e-03 3.010535667159390869e+04
3.242279985894731453e+03 9.961048517125646873e-01 3.012159794301694660e-03 3.011771040580450062e+04
3.242288358843222341e+03 9.970805246962721746e-01 3.011738965506455517e-03 3.013902718586296032e+04
3.242296731791713228e+03 9.968590624851063620e-01 3.006318755392700659e-03 3.012417489062106324e+04
3.242305104740204570e+03 9.963879414703603610e-01 3.000190182164494661e-03 3.010180878133032456e+04
3.242313477688695457e+03 9.983226582940983862e-01 3.005944910604327596e-03 3.015214010918391068e+04
3.242321850637186344e+03 1.000440687413054697e+00 3.012965890821197885e-03 3.020800360468568397e+04
3.242330223585677231e+03 9.998778498571695428e-01 3.011771751438231844e-03 3.018293685186976290e+04
3.242338596534168119e+03 9.992431621497503968e-01 3.009545626551233827e-03 3.015574289211980431e+04
3.242346969482659006e+03 9.995154358807510908e-01 3.002329157750052366e-03 3.015595645268224689e+04
3.242355342431150348e+03 9.994601960353219905e-01 2.994845745152444408e-03 3.014632254241396367e+04
3.242363715379641235e+03 9.990444010448250589e-01 2.999095678025303670e-03 3.012585437674993227e+04
3.242372088328132122e+03 9.987241588200378439e-01 3.003879104222060333e-03 3.010831241901968315e+04
3.242380461276623009e+03 9.982298473429251917e-01 2.999555560820958786e-03 3.008556999740723404e+04
3.242388834225113897e+03 9.980258641961334831e-01 2.995231847831943215e-03 3.007162571091127757e+04
3.242397207173605238e+03 9.987231020886992994e-01 2.997336677598025616e-03 3.008487660370071899e+04
3.242405580122096126e+03 9.994852369569395822e-01 2.999784327675457211e-03 3.010011709893183433e+04
3.242413953070587013e+03 9.993618648518602932e-01 2.998454104459577496e-03 3.008873283668872318e+04
3.242422326019077900e+03 9.989682782776944103e-01 2.996396967659622698e-03 3.006926643220496771e+04
3.242430698967568787e+03 9.990869841544927077e-01 2.993742622395786143e-03 3.006527353673542166e+04
3.242439071916060129e+03 9.987643442620786072e-01 2.990539079311797539e-03 3.004805385348478740e+04
3.242447444864551017e+03 9.982428278964134982e-01 2.992904213382478144e-03 3.002491196651878636e+04
3.242455817813041904e+03 9.988280181872808416e-01 2.996814277332905761e-03 3.003511333630508670e+04
3.242464190761532791e+03 9.997319458679944093e-01 2.996712940043181218e-03 3.005494648992450675e+04
3.242472563710023678e+03 9.998579553119255614e-01 2.995481812329222910e-03 3.005144553809668287e+04
3.242480936658515020e+03 1.001033759998592121e+00 2.997150150844186175e-03 3.007954928738218950e+04
3.242489309607005907e+03 1.002431713407165415e+00 2.999484620009741209e-03 3.011437334923257731e+04
3.242497682555496795e+03 1.001276879670850883e+00 2.997764121932414670e-03 3.007257193084583923e+04
3.242506055503987682e+03 1.000062616632947599e+00 2.995187166051619786e-03 3.002906944923517585e+04
3.242514428452478569e+03 9.995001238834861912e-01 2.986799378924375435e-03 3.000521903209120501e+04
3.242522801400969911e+03 9.985521714285372497e-01 2.978263869699830473e-03 2.996987796603207971e+04
3.242531174349460798e+03 9.984457965853731354e-01 2.984212062419822759e-03 2.995987487391220566e+04
3.242539547297951685e+03 9.988543583173543627e-01 2.991190075815219028e-03 2.996539510404483372e+04
3.242547920246442573e+03 9.998574303589171652e-01 2.997494280141262905e-03 2.998881673444595071e+04
3.242556293194933460e+03 1.001207515785111246e+00 3.003956305984198816e-03 3.002270827909083891e+04
3.242564666143424802e+03 1.001075622021290190e+00 2.996867267116514084e-03 3.001223177150346601e+04
3.383086392304529909e+03 1.000201095473160828e+00 2.039821293916412297e-03 2.249449378017159324e+04
3.383095035852980345e+03 1.000638137304974640e+00 2.039864258106406647e-03 2.250269297514141363e+04
3.383103679401431236e+03 1.001812223776548993e+00 2.043172461569695442e-03 2.252746445803473762e+04
3.383112322949882127e+03 1.001634804001893198e+00 2.042535538531886023e-03 2.252184338377960012e+04
3.383120966498333019e+03 1.000114123742163574e+00 2.039403512770263712e-03 2.248602174967957399e+04
3.383129610046783910e+03 9.998114566342138909e-01 2.040633484567775692e-03 2.247758823041824871e+04
3.383138253595234346e+03 1.001041943047893845e+00 2.045026731934876559e-03 2.250362129218617338e+04
3.383146897143685237e+03 1.001768733505751907e+00 2.046151452980230975e-03 2.251832798097243722e+04
3.383155540692136128e+03 1.001489599527618291e+00 2.044493069885622554e-03 2.251042219837754237e+04
3.383164184240587019e+03 1.000730536683374972e+00 2.044231995021651965e-03 2.249173077422656206e+04
3.383172827789037910e+03 9.999750979342953983e-01 2.045680101326903273e-03 2.247312326960038990e+04
3.383181471337488347e+03 9.999718997340024673e-01 2.044805585669701772e-03 2.247142261622625301e+04
3.383190114885939238e+03 1.000468493683419391e+00 2.041876292304228759e-03 2.248095251541778998e+04
3.383198758434390129e+03 1.000474605182772203e+00 2.039212339440367623e-03 2.247946024655368456e+04
3.383207401982841020e+03 1.000230639920288489e+00 2.037197961051823332e-03 2.247234944125554830e+04
3.383216045531291456e+03 1.000264155204201311e+00 2.040603845901071186e-03 2.247147318068936147e+04
3.383224689079742348e+03 1.000467937004959174e+00 2.048481585097879434e-03 2.247442166264705884e+04
3.383233332628193239e+03 1.000460041102026798e+00 2.051984872380861746e-03 2.247261471666323632e+04
3.383241976176644130e+03 9.998798596667900496e-01 2.051449755842579825e-03 2.245795389003246237e+04
3.383250619725095021e+03 9.992833334693090874e-01 2.052264347307575752e-03 2.244292786602907290e+04
3.383259263273545457e+03 9.995429741211312447e-01 2.055046469721007792e-03 2.244713106213836727e+04
3.383267906821996348e+03 9.997952980284655622e-01 2.055410464882940873e-03 2.245116910932883184e+04
3.383276550370447239e+03 9.988146819370513629e-01 2.052363223526761093e-03 2.242752173086134280e+04
3.383285193918898131e+03 9.979196446519673636e-01 2.051715425296100816e-03 2.240579900574649946e+04
3.383293837467349022e+03 9.983231983846907465e-01 2.054663834492814669e-03 2.241323370664917456e+04
3.383302481015799458e+03 9.982113194264717881e-01 2.054532871919262024e-03 2.240909601529357315e+04
3.383311124564250349e+03 9.968426222957287308e-01 2.050151962208394615e-03 2.237674610948008922e+04
3.383319768112701240e+03 9.951481956660319650e-01 2.046796269323020515e-03 2.233708934037674408e+04
3.383328411661152131e+03 9.934474738666819738e-01 2.045080428345445820e-03 2.229729680003860267e+04
3.383337055209603022e+03 9.915641934486094655e-01 2.041780921504479911e-03 2.225341268530363595e+04
3.383345698758053459e+03 9.895158268830829273e-01 2.036533857144884243e-03 2.220582998982680874e+04
3.383354342306504350e+03 9.864643253951745905e-01 2.031669082976958907e-03 2.213574414357492788e+04
3.383362985854955241e+03 9.824045540939922994e-01 2.027255484011520909e-03 2.204304483243283175e+04
3.383371629403406132e+03 9.783895248445968473e-01 2.022055785178849055e-03 2.195136258911050754e+04
3.383380272951857023e+03 9.747573014307293615e-01 2.015596811230694306e-03 2.186828151774447178e+04
3.383388916500307460e+03 9.702305496049411504e-01 2.007407441997312563e-03 2.176514535672759666e+04
3.383397560048758351e+03 9.653816712663162436e-01 1.997012377535070746e-03 2.165479821503692074e+04
3.383406203597209242e+03 9.618157876347074309e-01 1.988361763570061034e-03 2.157324406165213441e+04
3.383414847145660133e+03 9.588483541220504947e-01 1.982419475571509278e-03 2.150512360931645890e+04
3.383423490694110569e+03 9.557850689541776967e-01 1.975589418239650629e-03 2.143486321176603815e+04
3.383432134242561460e+03 9.513963373375898813e-01 1.966139618696296013e-03 2.133488989767742169e+04
3.383440777791012351e+03 9.471165623299034886e-01 1.957914463661904279e-03 2.123737403520468433e+04
3.383449421339463242e+03 9.436965488859672124e-01 1.952267414163807785e-03 2.115914931069005979e+04
3.383458064887914134e+03 9.390992982935856270e-01 1.945269346879931150e-03 2.105454215088160709e+04
3.383466708436364570e+03 9.340824422112875558e-01 1.936432395472044519e-03 2.094054312432362349e+04
3.383475351984815461e+03 9.286838562006251019e-01 1.926544504348695922e-03 2.081800332552499822e+04
3.383483995533266352e+03 9.224890186675364090e-01 1.915028356472236321e-03 2.067763309950865369e+04
3.383492639081717243e+03 9.155027284699962520e-01 1.903371965932825751e-03 2.051954389593706583e+04
3.383501282630168134e+03 9.074871034978077011e-01 1.890104875438730712e-03 2.033840821889202925e+04
3.383509926178618571e+03 9.002584671177865649e-01 1.876022713151224682e-03 2.017493519323895453e+04
3.383518569727069462e+03 8.928124034372825202e-01 1.859551253856767724e-03 2.000661348975916189e+04
3.383527213275520353e+03 8.843229564024208678e-01 1.843893012150013078e-03 1.981493705526423582e+04
3.383535856823971244e+03 8.760028427053558886e-01 1.831985222169544647e-03 1.962708223594080482e+04
3.383544500372422135e+03 8.674127934994788625e-01 1.818537770541903565e-03 1.943320698171194817e+04
3.383553143920872571e+03 8.583167057367285802e-01 1.800179310515116499e-03 1.922802342766516813e+04
3.383561787469323463e+03 8.492793325517655756e-01 1.782507963576824249e-03 1.902418473466371506e+04
3.383570431017774354e+03 8.405823742062412673e-01 1.767481785144815699e-03 1.882800035151254997e+04
3.383579074566225245e+03 8.330270926601256454e-01 1.753012448464044519e-03 1.865741458161700575e+04
3.383587718114676136e+03 8.262774798079826066e-01 1.740140021077776506e-03 1.850489677689308155e+04
3.383596361663126572e+03 8.197150304094447115e-01 1.727657795906839848e-03 1.835659227418006049e+04
3.383605005211577463e+03 8.132865454348560119e-01 1.715186789200076872e-03 1.821130891337757930e+04
3.383613648760028354e+03 8.076678911192594068e-01 1.703321453829577479e-03 1.808417909911115930e+04
3.383622292308479246e+03 8.032974412837934342e-01 1.693154747068364519e-03 1.798501361866584921e+04
3.383630935856930137e+03 7.992319320796447135e-01 1.684047039282222588e-03 1.789268918984917036e+04
3.383639579405380573e+03 7.964479962279773506e-01 1.682990674109041251e-03 1.782906695549143842e+04
3.383648222953831464e+03 7.929008633061838118e-01 1.680367239522378162e-03 1.774837031250877408e+04
3.383656866502282355e+03 7.885347145991508100e-01 1.669196998270316848e-03 1.764935362959368649e+04
3.383665510050733246e+03 7.846498148132035055e-01 1.659064200791656113e-03 1.756112192513327682e+04
3.383674153599183683e+03 7.816948244887410580e-01 1.652700723193286725e-03 1.749371351647780830e+04
3.383682797147634574e+03 7.786984752690969680e-01 1.646448390596867142e-03 1.742538922205842391e+04
3.383691440696085465e+03 7.775439359931757277e-01 1.644931448322711071e-03 1.739828694231309782e+04
3.383700084244536356e+03 7.785777952077866937e-01 1.645256710634623951e-03 1.742015236195945181e+04
3.383708727792987247e+03 7.819060155140938884e-01 1.651785150145920235e-03 1.749334545649652500e+04
3.383717371341437683e+03 7.878441797205628649e-01 1.659740301625926102e-03 1.762491493875018932e+04
3.383726014889888575e+03 7.942465148179382872e-01 1.667244413540138132e-03 1.776684831860976919e+04
3.383734658438339466e+03 8.017733719650677049e-01 1.675979469604825913e-03 1.793391393675153813e+04
3.383743301986790357e+03 8.125718224095956899e-01 1.692907109077391439e-03 1.817412808138679247e+04
3.383751945535241248e+03 8.231137251550157963e-01 1.710109534741729650e-03 1.840856947419149947e+04
3.383760589083691684e+03 8.364920243479212481e-01 1.737060601648955172e-03 1.870640664023815043e+04
3.383769232632142575e+03 8.484368754386505396e-01 1.762991811508198958e-03 1.897214646995611838e+04
3.383777876180593466e+03 8.587337165914308290e-01 1.780593049084854039e-03 1.920099843702656290e+04
3.383786519729044358e+03 8.682386992665179770e-01 1.797331911631480693e-03 1.941211245993283956e+04
3.383795163277495249e+03 8.761516732328613610e-01 1.810103391052744629e-03 1.958760392336477162e+04
3.383803806825945685e+03 8.841151144611510970e-01 1.823446517494454458e-03 1.976419779359213135e+04
3.383812450374396576e+03 8.917250954577868871e-01 1.841203273198354804e-03 1.993286477217490756e+04
3.383821093922847467e+03 8.993767636606500027e-01 1.858697408376456866e-03 2.010243873259192333e+04
3.383829737471298358e+03 9.069305471250744821e-01 1.871018715260963422e-03 2.026980005320822966e+04
3.383838381019749249e+03 9.154084520539542691e-01 1.883809874401532695e-03 2.045778927623294658e+04
3.383847024568199686e+03 9.227197106683050487e-01 1.893689376371531429e-03 2.061968026226989241e+04
3.383855668116650577e+03 9.306961982723757076e-01 1.904066505367140328e-03 2.079641197645624925e+04
3.383864311665101468e+03 9.397462227824594505e-01 1.919176852727303567e-03 2.099710414587805644e+04
3.383872955213552359e+03 9.466990514367961129e-01 1.933110524945169835e-03 2.115091181181065622e+04
3.383881598762002795e+03 9.528197008108890698e-01 1.945300903142065975e-03 2.128610584342921356e+04
3.383890242310453687e+03 9.579258386795092006e-01 1.956952980244879708e-03 2.139861728046633652e+04
3.383898885858904578e+03 9.615988949323915902e-01 1.963892773317361604e-03 2.147910153763421113e+04
3.383907529407355469e+03 9.640424856654918884e-01 1.969964287562979768e-03 2.153211343056794431e+04
3.383916172955806360e+03 9.647411389567418505e-01 1.974724768671556278e-03 2.154614662120235516e+04
3.383924816504256796e+03 9.668820325019987783e-01 1.980673246897721087e-03 2.159238560951275576e+04
3.383933460052707687e+03 9.683069341374045402e-01 1.980816589669366114e-03 2.162262927616840170e+04
3.383942103601158578e+03 9.692556623641056524e-01 1.980131085409391357e-03 2.164223595942882821e+04
3.383950747149609469e+03 9.693427705116902660e-01 1.982717978552025161e-03 2.164260208407606842e+04
3.383959390698060361e+03 9.696950058828356367e-01 1.985889503033664866e-03 2.164888701216545451e+04
3.383968034246510797e+03 9.702463191938407450e-01 1.985504162262311575e-03 2.165961497510547633e+04
3.383976677794961688e+03 9.711638147310779345e-01 1.984778762863668479e-03 2.167851513579238235e+04
3.383985321343412579e+03 9.745359651384831734e-01 1.993193927564289574e-03 2.175220161198266214e+04
3.383993964891863470e+03 9.786868301070915654e-01 2.002619564188610948e-03 2.184325719008425949e+04
3.384002608440314361e+03 9.817433348296767948e-01 2.006372237568062634e-03 2.190987606289322866e+04
3.384011251988764798e+03 9.840068187396194821e-01 2.009548220859084383e-03 2.195878817444627930e+04
3.384019895537215689e+03 9.870986305404571004e-01 2.016782155622745109e-03 2.202617626911402476e+04
3.384028539085666580e+03 9.896792112097979599e-01 2.023900841714592908e-03 2.208214748324335960e+04
3.384037182634117471e+03 9.904225153290845407e-01 2.028607811107835390e-03 2.209711918012316892e+04
3.384045826182568362e+03 9.910904711068633244e-01 2.032886286954231451e-03 2.211040749649160352e+04
3.384054469731018798e+03 9.921468363508121335e-01 2.031581252521766270e-03 2.213235809771817003e+04
3.384063113279469690e+03 9.939228789221202787e-01 2.030546906136544965e-03 2.217035831829306699e+04
3.384071756827920581e+03 9.964497573670761943e-01 2.039816237878331467e-03 2.222509961063761875e+04
3.384080400376371472e+03 9.978113691520378303e-01 2.049382151663041701e-03 2.225384412935739601e+04
3.384089043924822363e+03 9.977671479237487651e-01 2.048019916290280944e-03 2.225123269161406643e+04
3.384097687473272799e+03 9.984585888315521407e-01 2.046039502426310122e-03 2.226502622125597554e+04
3.384106331021723690e+03 9.996650001092912685e-01 2.050335108635959087e-03 2.229030018926159391e+04
3.384114974570174581e+03 1.000219590246645751e+00 2.054731890113865606e-03 2.230103713107602380e+04
3.384123618118625473e+03 1.000029110302429469e+00 2.051440072916829987e-03 2.229516129213912791e+04
3.384132261667075909e+03 9.998765889436648235e-01 2.047982977021400690e-03 2.229013228004095072e+04
3.384140905215526800e+03 9.993290421586776828e-01 2.048818309773393562e-03 2.227629815243653502e+04
3.384149548763977691e+03 9.993654656687350757e-01 2.049934242605190495e-03 2.227548228791356087e+04
3.384158192312428582e+03 9.997657201043874675e-01 2.051410990455738298e-03 2.228277536731267173e+04
3.384166835860879473e+03 9.994186796036809151e-01 2.052707662091494446e-03 2.227341265273827958e+04
3.384175479409329910e+03 9.991303756670352199e-01 2.052724352074623924e-03 2.226535999771999923e+04
3.384184122957780801e+03 9.991462241433156644e-01 2.052742853987649021e-03 2.226408574372809380e+04
3.384192766506231692e+03 9.992896547025927889e-01 2.053333958744457156e-03 2.226565415595519517e+04
3.384201410054682583e+03 9.999923378110520122e-01 2.054077187799833483e-03 2.227968216545344330e+04
3.384210053603133474e+03 1.000220085000702142e+00 2.052116763168528035e-03 2.228312715704717994e+04
3.384218697151583910e+03 9.992611059279563612e-01 2.049423503059634184e-03 2.226013518612436746e+04
3.384227340700034802e+03 9.993508084027203919e-01 2.056926233814961036e-03 2.226050568545922943e+04
3.384235984248485693e+03 1.000714519505843114e+00 2.066305243424903983e-03 2.228925231683771563e+04
3.384244627796936584e+03 1.000725982269555780e+00 2.063983067988071473e-03 2.228787762454097538e+04
3.384253271345387475e+03 9.996225846766748635e-01 2.059879855744863996e-03 2.226167486564482533e+04
3.384261914893837911e+03 9.987602029805742188e-01 2.060799219474024335e-03 2.224084275194377551e+04
3.384270558442288802e+03 9.987276868314647338e-01 2.062864256460141509e-03 2.223849191623564184e+04
3.384279201990739693e+03 9.996912958318256992e-01 2.064562789364095177e-03 2.225832010562063442e+04
3.384287845539190585e+03 1.000223576430604444e+00 2.065670978806749981e-03 2.226854224815743873e+04
3.384296489087641476e+03 1.000448719593291180e+00 2.066756544627112394e-03 2.227192518282264427e+04
