9.999999604696638844e-01
9.999999597777098348e-01
9.999999588599807199e-01
9.999999577702933795e-01
9.999999565641428667e-01
9.999999552765892474e-01
9.999999539217908628e-01
9.999999525019460656e-01
9.999999510145123338e-01
9.999999494554128177e-01
9.999999478199688152e-01
9.999999461030667502e-01
9.999999442991478471e-01
9.999999424021654981e-01
9.999999404055317509e-01
9.999999383020576893e-01
9.999999360838865980e-01
9.999999337424150259e-01
9.999999312682065211e-01
9.999999286508902685e-01
9.999999258790466250e-01
9.999999229400746703e-01
9.999999198200404393e-01
9.999999165034995086e-01
9.999999129732936032e-01
9.999999092103117881e-01
9.999999051932115801e-01
9.999999008980913207e-01
9.999998962981034856e-01
9.999998913629974950e-01
9.999998860585717075e-01
9.999998803460208308e-01
9.999998741811471081e-01
9.999998675134027515e-01
9.999998602847235407e-01
9.999998524280915291e-01
9.999998438657535793e-01
9.999998345069910366e-01
9.999998242453023156e-01
9.999998129548004488e-01
9.999998004855477074e-01
9.999997866574101835e-01
9.999997712517691983e-01
9.999997539999141427e-01
9.999997345657062331e-01
9.999997125168013090e-01
9.999996872687264560e-01
9.999996579516939876e-01
9.999996230135936859e-01
9.999995787934312652e-01
9.999995139254060916e-01
9.999993877914710172e-01
9.999990549646147198e-01
9.999980351088926245e-01
9.999949261221767749e-01
9.999862035035729235e-01
9.999644062324378746e-01
9.999166148550495681e-01
9.998254892268190197e-01
9.996754549912945098e-01
9.994636720730128987e-01
9.992093020637102807e-01
9.989506780576680178e-01
9.987254943948695729e-01
9.985434058074345032e-01
9.983708336419206963e-01
9.981416210509390652e-01
9.977880288575431411e-01
9.972723887564327594e-01
9.966027262044561130e-01
9.958296941132804836e-01
9.950326508704352424e-01
9.943032590979097307e-01
9.937302812406086927e-01
9.933860431197761853e-01
9.933151477167552201e-01
9.935272848731635520e-01
9.939961693720789082e-01
9.946653097183553172e-01
9.954593084967497951e-01
9.962977889082913485e-01
9.971084942705914500e-01
9.978367168780342134e-01
9.984496117361834067e-01
9.989355384173201902e-01
9.992997919229804626e-01
9.995586219576552134e-01
9.997333030845136914e-01
9.998454417550877160e-01
9.999140041531430212e-01
9.999539732236333300e-01
9.999762146294817189e-01
9.999880448304589997e-01
9.999940713911563694e-01
9.999970215248461525e-01
9.999984179459022737e-01
9.999990649341594651e-01
9.999993653553445050e-01
9.999995110616852756e-01
9.999995891876006793e-01
9.999996376605546633e-01
9.999996724447852703e-01
9.999997001538942776e-01
9.999997235780402338e-01
9.999997439859966697e-01
9.999997620418608069e-01
9.999997781578524592e-01
9.999997926283661354e-01
9.999998056823850012e-01
9.999998175060205163e-01
9.999998282539379613e-01
9.999998380562937772e-01
9.999998470235520465e-01
9.999998552500966031e-01
9.999998628170401194e-01
9.999998697944553205e-01
9.999998762431694388e-01
9.999998822162174950e-01
9.999998877600335678e-01
9.999998929154281235e-01
9.999998977183998106e-01
9.999999022008105865e-01
9.999999063909515984e-01
9.999999103140191359e-01
9.999999139925175307e-01
9.999999174466015495e-01
9.999999206943678276e-01
9.999999237521048912e-01
9.999999266345080962e-01
9.999999293548651469e-01
9.999999319252157459e-01
9.999999343564918153e-01
9.999999366586381777e-01
9.999999388407189160e-01
9.999999409110096327e-01
9.999999428770793841e-01
9.999999447458621793e-01
9.999999465237208174e-01
9.999999482165023990e-01
9.999999498295880640e-01
9.999999513679371788e-01
9.999999528361269707e-01
9.999999542383870565e-01
9.999999555786311944e-01
9.999999568604852618e-01
9.999999580873123461e-01
9.999999592622355049e-01
9.999999603881581933e-01
9.999999614677823612e-01
9.999999625036255502e-01
9.999999634980354379e-01
9.999999644532036047e-01
9.999999653711778569e-01
9.999999662538739953e-01
9.999999671030850301e-01
9.999999679204908398e-01
9.999999687076673860e-01
9.999999694660933747e-01
9.999999701971578059e-01
9.999999709021667460e-01
9.999999715823486568e-01
9.999999722388601686e-01
9.999999728727915205e-01
9.999999734851698907e-01
9.999999740769653922e-01
9.999999746490930708e-01
9.999999752024182342e-01
9.999999757377585619e-01
9.999999762558877681e-01
9.999999767575381560e-01
9.999999772434036149e-01
9.999999777141413970e-01
9.999999781703751145e-01
9.999999786126962942e-01
9.999999790416667089e-01
9.999999794578198209e-01
9.999999798616625579e-01
9.999999802536770899e-01
9.999999806343224940e-01
9.999999810040349768e-01
9.999999813632304280e-01
9.999999817123051971e-01
9.999999820516368709e-01
9.999999823815854949e-01
9.999999827024947940e-01
9.999999830146915070e-01
9.999999833184797238e-01
9.999999836140922582e-01
9.999999839014638292e-01
9.999999841794630084e-01
9.999999844441688213e-01
9.999999846867141384e-01
9.999999848933200930e-01
9.999999850504426302e-01
9.999998970419071709e-01
9.999998953649656963e-01
9.999998931654794365e-01
9.999998905531879423e-01
9.999998876501634548e-01
9.999998845427880978e-01
9.999998812729090636e-01
9.999998778522521947e-01
9.999998742783453576e-01
9.999998705434739454e-01
9.999998666380391921e-01
9.999998625514332495e-01
9.999998582721594254e-01
9.999998537877794469e-01
9.999998490848212018e-01
9.999998441486752654e-01
9.999998389634741081e-01
9.999998335119593129e-01
9.999998277753302522e-01
9.999998217330727801e-01
9.999998153627654984e-01
9.999998086398597108e-01
9.999998015374282900e-01
9.999997940258779083e-01
9.999997860726205223e-01
9.999997776416948980e-01
9.999997686933290719e-01
9.999997591834356436e-01
9.999997490630229136e-01
9.999997382775103194e-01
9.999997267659244127e-01
9.999997144599539478e-01
9.999997012828337750e-01
9.999996871480161253e-01
9.999996719575875437e-01
9.999996556003636350e-01
9.999996379495890153e-01
9.999996188601372182e-01
9.999995981650786625e-01
9.999995756714404882e-01
9.999995511549200078e-01
9.999995243532288081e-01
9.999994949576116454e-01
9.999994626018824384e-01
9.999994268479591719e-01
9.999993871661865263e-01
9.999993429071842854e-01
9.999992932581707183e-01
9.999992371664576662e-01
9.999991731819802832e-01
9.999990990652609657e-01
9.999990106092467856e-01
9.999988975929003931e-01
9.999987292556569152e-01
9.999984040248084405e-01
9.999975907275702180e-01
9.999952871126950305e-01
9.999887707556117666e-01
9.999715427895652375e-01
9.999302130763074725e-01
9.998414913687959649e-01
9.996724239230898590e-01
9.993881409569288499e-01
9.989687318155729967e-01
9.984290978955056017e-01
9.978271231316506729e-01
9.972458623146174261e-01
9.967505136280954137e-01
9.963424718706810346e-01
9.959415190416317509e-01
9.954117065030222422e-01
9.946176140756650685e-01
9.934796223109300106e-01
9.920027530843609220e-01
9.902741923502837995e-01
9.884408411953985452e-01
9.866807643069750444e-01
9.851760219396410445e-01
9.840883725456966991e-01
9.835379982588305925e-01
9.835870668562025632e-01
9.842312732750291282e-01
9.854018283486284391e-01
9.869780308973571392e-01
9.888078300168472445e-01
9.907318281882786515e-01
9.926056330324211086e-01
9.943163751526664651e-01
9.957911241787519296e-01
9.969971476354728690e-01
9.979357769730921035e-01
9.986326305101652645e-01
9.991270062385628759e-01
9.994626171173164320e-01
9.996808726035730785e-01
9.998169750793448607e-01
9.998984331644360513e-01
9.999452700172426489e-01
9.999711724845109506e-01
9.999849743280559977e-01
9.999920798603705308e-01
9.999956321362530876e-01
9.999973729314438620e-01
9.999982238494746767e-01
9.999986514252153791e-01
9.999988821504282033e-01
9.999990218406706877e-01
9.999991183490107849e-01
9.999991928503291216e-01
9.999992547011933297e-01
9.999993081807641016e-01
9.999993554223167713e-01
9.999993976428034337e-01
9.999994356456787248e-01
9.999994700255854241e-01
9.999995012544667938e-01
9.999995297211744516e-01
9.999995557525100942e-01
9.999995796263076997e-01
9.999996015806257299e-01
9.999996218206933518e-01
9.999996405243694042e-01
9.999996578465222274e-01
9.999996739225861520e-01
9.999996888714764998e-01
9.999997027979969921e-01
9.999997157948385951e-01
9.999997279442498499e-01
9.999997393194405282e-01
9.999997499857652405e-01
9.999997600017296318e-01
9.999997694198438092e-01
9.999997782873566443e-01
9.999997866468820495e-01
9.999997945369418773e-01
9.999998019924329906e-01
9.999998090450341603e-01
9.999998157235590046e-01
9.999998220542655192e-01
9.999998280611244184e-01
9.999998337660579439e-01
9.999998391891472549e-01
9.999998443488171684e-01
9.999998492619981416e-01
9.999998539442711554e-01
9.999998584099959453e-01
9.999998626724240225e-01
9.999998667438014799e-01
9.999998706354592537e-01
9.999998743578948357e-01
9.999998779208452149e-01
9.999998813333521586e-01
9.999998846038218314e-01
9.999998877400775310e-01
9.999998907494084266e-01
9.999998936386120807e-01
9.999998964140347502e-01
9.999998990816065803e-01
9.999999016468745783e-01
9.999999041150313683e-01
9.999999064909428359e-01
9.999999087791722197e-01
9.999999109840028710e-01
9.999999131094583493e-01
9.999999151593210733e-01
9.999999171371505291e-01
9.999999190462973697e-01
9.999999208899195136e-01
9.999999226709941347e-01
9.999999243923307635e-01
9.999999260565823889e-01
9.999999276662555614e-01
9.999999292237204962e-01
9.999999307312192887e-01
9.999999321908745742e-01
9.999999336046974108e-01
9.999999349745933852e-01
9.999999363023703847e-01
9.999999375897430376e-01
9.999999388383400412e-01
9.999999400497083801e-01
9.999999412253182118e-01
9.999999423665677512e-01
9.999999434747874894e-01
9.999999445512435248e-01
9.999999455971422258e-01
9.999999466136324511e-01
9.999999476018097688e-01
9.999999485627193430e-01
9.999999494973575986e-01
9.999999504066765521e-01
9.999999512915849209e-01
9.999999521529512325e-01
9.999999529916050456e-01
9.999999538083401696e-01
9.999999546039159970e-01
9.999999553790586138e-01
9.999999561344635746e-01
9.999999568707960140e-01
9.999999575886850955e-01
9.999999582886811567e-01
9.999999589710446557e-01
9.999999596349733455e-01
9.999999602765621276e-01
9.999999608851647404e-01
9.999999614400469916e-01
9.999999619122287298e-01
9.999999622751765127e-01
9.999998861314108867e-01
9.999998830918930270e-01
9.999998789798634213e-01
9.999998740358984062e-01
9.999998684905859747e-01
9.999998624642578715e-01
9.999998559802945053e-01
9.999998490125345807e-01
9.999998415150150866e-01
9.999998334319812887e-01
9.999998246993104800e-01
9.999998152435227716e-01
9.999998049801092082e-01
9.999997938114177920e-01
9.999997816240266957e-01
9.999997682854575576e-01
9.999997536400231368e-01
9.999997375035231117e-01
9.999997196563921165e-01
9.999996998347141508e-01
9.999996777182375007e-01
9.999996529139870693e-01
9.999996249329619058e-01
9.999995931546483696e-01
9.999995567662283147e-01
9.999995146378548583e-01
9.999994649983873218e-01
9.999994043479303318e-01
9.999993230532826516e-01
9.999991864313761969e-01
9.999988580990534226e-01
9.999978279501856582e-01
9.999944064389070242e-01
9.999838210005861372e-01
9.999548827037356702e-01
9.998864961071981527e-01
9.997484108756287124e-01
9.995122494385839662e-01
9.991730882455567286e-01
9.987677491669304519e-01
9.983666541752560519e-01
9.980304409258990983e-01
9.977569169684310513e-01
9.974630893467648640e-01
9.970228952542904421e-01
9.963348414352908300e-01
9.953735040161927339e-01
9.942004522616905149e-01
9.929430131478058641e-01
9.917614884062896374e-01
9.908173373964486164e-01
9.902449961284576219e-01
9.901283029614580400e-01
9.904852886002843970e-01
9.912659236133443130e-01
9.923644211469601073e-01
9.936429309897661932e-01
9.949597785682904316e-01
9.961944907857094300e-01
9.972637947354776600e-01
9.981264093460509024e-01
9.987781115443105096e-01
9.992409032566291760e-01
9.995506205026774005e-01
9.997463472801670914e-01
9.998633326753552097e-01
9.999295563549782662e-01
9.999651109975036256e-01
9.999832453819076372e-01
9.999920539224855798e-01
9.999961464463472671e-01
9.999979808014718419e-01
9.999987880140189800e-01
9.999991490096419300e-01
9.999993229108081749e-01
9.999994194493303512e-01
9.999994830795930767e-01
9.999995312940270775e-01
9.999995709902662622e-01
9.999996050568229489e-01
9.999996348843651628e-01
9.999996612829729070e-01
9.999996848100857205e-01
9.999997058904664948e-01
9.999997248645775549e-01
9.999997420112136659e-01
9.999997575560647389e-01
9.999997716583945984e-01
9.999997843545649356e-01
9.999997954641093312e-01
9.999998045678306635e-01
9.999998112235366499e-01
9.999992975915235061e-01
9.999992748424630928e-01
9.999992443174516854e-01
9.999992070684469159e-01
9.999991642839793915e-01
9.999991166582056223e-01
9.999990642689422504e-01
9.999990067473603084e-01
9.999989434554732437e-01
9.999988735669644857e-01
9.999987960702976242e-01
9.999987097286452409e-01
9.999986130069236090e-01
9.999985039484192706e-01
9.999983799388143524e-01
9.999982371649466240e-01
9.999980690977241515e-01
9.999978614526814358e-01
9.999975739255358986e-01
9.999970743455341982e-01
9.999959181769277894e-01
9.999926922576181099e-01
9.999833334194343504e-01
9.999575403016737196e-01
9.998927193356599297e-01
9.997468848476991354e-01
9.994560000704358904e-01
9.989450061597086039e-01
9.981590805048490278e-01
9.971072642687550669e-01
9.958901262188513126e-01
9.946766221849099310e-01
9.936211418358558145e-01
9.927600100251492421e-01
9.919562969694714072e-01
9.909382036911904557e-01
9.894134230128817098e-01
9.871933454232675320e-01
9.842652661206779952e-01
9.807945819881299654e-01
9.770790472038755059e-01
9.734869376013087772e-01
9.703978988145598450e-01
9.681508070964797152e-01
9.669987134442921128e-01
9.670741167633062352e-01
9.683708894384904786e-01
9.707480647309969513e-01
9.739559303107532262e-01
9.776791179906839657e-01
9.815871496707424537e-01
9.853816085969573368e-01
9.888309271744232243e-01
9.917878451044579435e-01
9.941893959841789918e-01
9.960432847752975771e-01
9.974066893791621036e-01
9.983636223923657571e-01
9.990055135974058587e-01
9.994174861559523837e-01
9.996707336904023800e-01
9.998199844526605151e-01
9.999044039051415700e-01
9.999502928403781743e-01
9.999743135024872220e-01
9.999864627275859563e-01
9.999924371606997431e-01
9.999953272971675577e-01
9.999967327173913123e-01
9.999974450172995910e-01
9.999978397899093041e-01
9.999980886207683328e-01
9.999982675476769556e-01
9.999984097210042888e-01
9.999985297403219953e-01
9.999986343952947943e-01
9.999987272138319838e-01
9.999988103243631077e-01
9.999988852041159504e-01
9.999989529825624723e-01
9.999990145717159162e-01
9.999990707289676539e-01
9.999991220912456402e-01
9.999991691898484358e-01
9.999992124340084665e-01
9.999992520315270639e-01
9.999992878287662368e-01
9.999993191585608843e-01
9.999993449392711176e-01
9.999993642122586568e-01
9.999990211083373826e-01
9.999989870320702412e-01
9.999989412218515117e-01
9.999988850559827780e-01
9.999988201181291281e-01
9.999987472767613017e-01
9.999986664745182940e-01
9.999985769413176628e-01
9.999984774264458753e-01
9.999983662818170416e-01
9.999982413959287442e-01
9.999980999711571839e-01
9.999979379894790021e-01
9.999977487565625545e-01
9.999975182319309486e-01
9.999972083975010584e-01
9.999966968930524835e-01
9.999955693146392877e-01
9.999924738410658209e-01
9.999833694459085986e-01
9.999574925183295493e-01
9.998897814869927014e-01
9.997301434129286513e-01
9.993946779110922662e-01
9.987706143817629556e-01
9.977486363382424006e-01
9.962836501136921319e-01
9.944565790071024924e-01
9.924850783568753831e-01
9.906429520751151019e-01
9.891074352320119445e-01
9.878211516827390959e-01
9.864667354977054714e-01
9.845839494608930043e-01
9.817644159190186404e-01
9.778171004817282075e-01
9.728346682736992435e-01
9.671616151254638361e-01
9.613091243226279392e-01
9.558599817647075447e-01
9.513830363984390193e-01
9.483594557588383989e-01
9.471211406366255581e-01
9.478071050494443206e-01
9.503465360534903983e-01
9.544741243830395794e-01
9.597760772772050419e-01
9.657576528184519393e-01
9.719180336701658263e-01
9.778173901180984284e-01
9.831241036527792465e-01
9.876360955666035890e-01
9.912769859829594354e-01
9.940732958872771086e-01
9.961217065991424535e-01
9.975552457594150102e-01
9.985149359516481971e-01
9.991301935572990400e-01
9.995082919206688121e-01
9.997312213858691177e-01
9.998574497554113538e-01
9.999261683270950218e-01
9.999621960306522839e-01
9.999804361610389325e-01
9.999893979173108960e-01
9.999937111512080534e-01
9.999957811103676875e-01
9.999968031699318916e-01
9.999973469702337914e-01
9.999976736749146555e-01
9.999978991511513371e-01
9.999980736919560353e-01
9.999982191108798268e-01
9.999983452271370421e-01
9.999984568888022896e-01
9.999985568585124662e-01
9.999986469698360914e-01
9.999987285891509536e-01
9.999988028070605495e-01
9.999988705258330279e-01
9.999989325059974732e-01
9.999989893956005016e-01
9.999990417509577734e-01
9.999990900524561299e-01
9.999991347170329448e-01
9.999991761082200892e-01
9.999992145443261649e-01
9.999992503051315929e-01
9.999992836372324501e-01
9.999993147572896479e-01
9.999993438491803222e-01
9.999993710426487992e-01
9.999993963507209926e-01
9.999994195556269894e-01
9.999994401057155091e-01
9.999994571846760882e-01
9.999994700707912632e-01
