9.999999791088803880e-01
9.999999789008131579e-01
9.999999786273343627e-01
9.999999783065702808e-01
9.999999779569105351e-01
9.999999775901673438e-01
9.999999772115659713e-01
9.999999768226315311e-01
9.999999764234848154e-01
9.999999760138558180e-01
9.999999755933851597e-01
9.999999751616855947e-01
9.999999747183507814e-01
9.999999742629555044e-01
9.999999737950553413e-01
9.999999733141845537e-01
9.999999728198553095e-01
9.999999723115566841e-01
9.999999717887529949e-01
9.999999712508824690e-01
9.999999706973554670e-01
9.999999701275529285e-01
9.999999695408248179e-01
9.999999689364880151e-01
9.999999683138240947e-01
9.999999676720772168e-01
9.999999670104517957e-01
9.999999663281100570e-01
9.999999656241693735e-01
9.999999648976982680e-01
9.999999641477148593e-01
9.999999633731818660e-01
9.999999625730040531e-01
9.999999617460234580e-01
9.999999608910148385e-01
9.999999600066818983e-01
9.999999590916511805e-01
9.999999581444668495e-01
9.999999571635842521e-01
9.999999561473640330e-01
9.999999550940643633e-01
9.999999540018329469e-01
9.999999528686983608e-01
9.999999516925612841e-01
9.999999504711837295e-01
9.999999492021773850e-01
9.999999478829917354e-01
9.999999465109001839e-01
9.999999450829848424e-01
9.999999435961199890e-01
9.999999420469537492e-01
9.999999404318877794e-01
9.999999387470543954e-01
9.999999369882921485e-01
9.999999351511172918e-01
9.999999332306929167e-01
9.999999312217942027e-01
9.999999291187697814e-01
9.999999269154977721e-01
9.999999246053363766e-01
9.999999221810693673e-01
9.999999196348428043e-01
9.999999169580946479e-01
9.999999141414731563e-01
9.999999111747466252e-01
9.999999080466969170e-01
9.999999047449995571e-01
9.999999012560849554e-01
9.999998975649782018e-01
9.999998936551136586e-01
9.999998895081172456e-01
9.999998851035550862e-01
9.999998804186347456e-01
9.999998754278541790e-01
9.999998701025845094e-01
9.999998644105720924e-01
9.999998583153377751e-01
9.999998517754539185e-01
9.999998447436581062e-01
9.999998371657667917e-01
9.999998289793261552e-01
9.999998201119220109e-01
9.999998104790375208e-01
9.999997999813046157e-01
9.999997885009204168e-01
9.999997758968741657e-01
9.999997619983165276e-01
9.999997465943872843e-01
9.999997294147565663e-01
9.999997100787265669e-01
9.999996879277939232e-01
9.999996614357657965e-01
9.999996261928536523e-01
9.999995685004601231e-01
9.999994467937982634e-01
9.999991429800801912e-01
9.999983484245378307e-01
9.999963279253867299e-01
9.999914962534208751e-01
9.999807830380470497e-01
9.999589024213013655e-01
9.999179024311124486e-01
9.998476574236148107e-01
9.997380401590207910e-01
9.995830475767142342e-01
9.993860336290152357e-01
9.991638257353684383e-01
9.989468113001858107e-01
9.987729457268087474e-01
9.986757901845824126e-01
9.986683465468058074e-01
9.987245899871066701e-01
9.987640407159890099e-01
9.986598346869699494e-01
9.983038467531463178e-01
9.977212925749663341e-01
9.971244381772972343e-01
9.967779475575105907e-01
9.967476165338573502e-01
9.968033115382296527e-01
9.966079849346942687e-01
9.959953105959250541e-01
9.950755782199296462e-01
9.941396234459305425e-01
9.934954213090863018e-01
9.933383455381792349e-01
9.936780169301140386e-01
9.943243200884639421e-01
9.949425992694445053e-01
9.951821302868588681e-01
9.948513457440633090e-01
9.940615289068616134e-01
9.932270946097216946e-01
9.928666330907054416e-01
9.933012057113970172e-01
9.944629803177967853e-01
9.959591473323201605e-01
9.973252544086230742e-01
9.982631168957463164e-01
9.987184374650527330e-01
9.988121016470719038e-01
9.987265875860564801e-01
9.986232088720810030e-01
9.986046544565120309e-01
9.987078765489674215e-01
9.989148489051973279e-01
9.991751222759396311e-01
9.994326681144799496e-01
9.996468945029221009e-01
9.998010015609595236e-01
9.998983104762642071e-01
9.999527263790503051e-01
9.999798405340740715e-01
9.999919416499163383e-01
9.999968102604357423e-01
9.999985976317113945e-01
9.999992146483460687e-01
9.999994309820832150e-01
9.999995208031688954e-01
9.999995715171550170e-01
9.999996086188347455e-01
9.999996393062222655e-01
9.999996658377285907e-01
9.999996891759310724e-01
9.999997098993503863e-01
9.999997284281956222e-01
9.999997450902906593e-01
9.999997601488226362e-01
9.999997738185718577e-01
9.999997862769909318e-01
9.999997976722230231e-01
9.999998081290645269e-01
9.999998177534890065e-01
9.999998266361291854e-01
9.999998348549974381e-01
9.999998424776344041e-01
9.999998495628250605e-01
9.999998561619826143e-01
9.999998623202738246e-01
9.999998680775425974e-01
9.999998734690714874e-01
9.999998785262158574e-01
9.999998832769334545e-01
9.999998877462309421e-01
9.999998919565391553e-01
9.999998959280268496e-01
9.999998996788006522e-01
9.999999032246666975e-01
9.999999065770872608e-01
9.999999097357867850e-01
9.999999126718979170e-01
9.999999153070129321e-01
9.999999175144500541e-01
9.999999191717265923e-01
9.999999483087627095e-01
9.999999478420720234e-01
9.999999472351716046e-01
9.999999465226395712e-01
9.999999457421113735e-01
9.999999449204479696e-01
9.999999440714264498e-01
9.999999432001276389e-01
9.999999423076524341e-01
9.999999413937507020e-01
9.999999404578090445e-01
9.999999394991203605e-01
9.999999385169376920e-01
9.999999375104819954e-01
9.999999364789406986e-01
9.999999354214672564e-01
9.999999343371785976e-01
9.999999332251533479e-01
9.999999320844301653e-01
9.999999309140052972e-01
9.999999297128301379e-01
9.999999284798090082e-01
9.999999272137969353e-01
9.999999259135960994e-01
9.999999245779538359e-01
9.999999232055583054e-01
9.999999217950368280e-01
9.999999203449507768e-01
9.999999188537920247e-01
9.999999173199800584e-01
9.999999157418564266e-01
9.999999141176801887e-01
9.999999124456235844e-01
9.999999107237658169e-01
9.999999089500880567e-01
9.999999071224670022e-01
9.999999052386678855e-01
9.999999032963378109e-01
9.999999012929977615e-01
9.999998992260349384e-01
9.999998970926924358e-01
9.999998948900612472e-01
9.999998926150686085e-01
9.999998902644675614e-01
9.999998878348237419e-01
9.999998853225032791e-01
9.999998827236575849e-01
9.999998800342082550e-01
9.999998772498297495e-01
9.999998743659310740e-01
9.999998713776357961e-01
9.999998682797597294e-01
9.999998650667876188e-01
9.999998617328456074e-01
9.999998582716740358e-01
9.999998546765946905e-01
9.999998509404768310e-01
9.999998470556992203e-01
9.999998430141070482e-01
9.999998388069666344e-01
9.999998344249138027e-01
9.999998298578973710e-01
9.999998250951163126e-01
9.999998201249488128e-01
9.999998149348759968e-01
9.999998095113938890e-01
9.999998038399168232e-01
9.999997979046685304e-01
9.999997916885603466e-01
9.999997851730527687e-01
9.999997783380015770e-01
9.999997711614811990e-01
9.999997636195860906e-01
9.999997556862042503e-01
9.999997473327579822e-01
9.999997385279084661e-01
9.999997292372151403e-01
9.999997194227436825e-01
9.999997090426112623e-01
9.999996980504599620e-01
9.999996863948397152e-01
9.999996740184861066e-01
9.999996608574692747e-01
9.999996468401842753e-01
9.999996318861485989e-01
9.999996159045601019e-01
9.999995987925544005e-01
9.999995804330867877e-01
9.999995606923327562e-01
9.999995394164713503e-01
9.999995164276648252e-01
9.999994915189746036e-01
9.999994644478455985e-01
9.999994349275911354e-01
9.999994026158840477e-01
9.999993670979470117e-01
9.999993278575263211e-01
9.999992842116081082e-01
9.999992351237582122e-01
9.999991786077931932e-01
9.999991098138554246e-01
9.999990151749170719e-01
9.999988557381608301e-01
9.999985234773886011e-01
9.999977367479327972e-01
9.999958137148186044e-01
9.999912323907697020e-01
9.999808778163326028e-01
9.999589407810129948e-01
9.999156310723575913e-01
9.998362279593673296e-01
9.997014176012232189e-01
9.994900818939700393e-01
9.991852982353088830e-01
9.987830083344495513e-01
9.983008543356788334e-01
9.977830149850803743e-01
9.972968081988187183e-01
9.969189979157662140e-01
9.967130177654186518e-01
9.967000676107541368e-01
9.968268315100518029e-01
9.969381901891478659e-01
9.967859954259443711e-01
9.961275088779707465e-01
9.949210384512449101e-01
9.934797467865776888e-01
9.923554371311628097e-01
9.919259734004730600e-01
9.920316188277797931e-01
9.920498433573228247e-01
9.913619818424703745e-01
9.897801237944675590e-01
9.876218593247060307e-01
9.854931328583056427e-01
9.840029345735116229e-01
9.835449473375895701e-01
9.841711692633948738e-01
9.855588649524865685e-01
9.870858795714649858e-01
9.880259266971584964e-01
9.878396322822772246e-01
9.864680105469951776e-01
9.844649856841674040e-01
9.828214851167855759e-01
9.825001137310243049e-01
9.839306426826150975e-01
9.867959821198517556e-01
9.902460538368726972e-01
9.933649018279164800e-01
9.955679490642599383e-01
9.967281328885682079e-01
9.970610737151800462e-01
9.969256833133517404e-01
9.966658367774001714e-01
9.965280751055507480e-01
9.966360949265331559e-01
9.969990978246390245e-01
9.975429144241352297e-01
9.981550822616331864e-01
9.987298060870235528e-01
9.991979675583808618e-01
9.995352808110421483e-01
9.997525919638550196e-01
9.998786341740628636e-01
9.999447732658837129e-01
9.999763045485596802e-01
9.999900303696753756e-01
9.999955333143175640e-01
9.999976049800751721e-01
9.999983727637513642e-01
9.999986830051743603e-01
9.999988400553502244e-01
9.999989441400731760e-01
9.999990263469171747e-01
9.999990964127927207e-01
9.999991578903746348e-01
9.999992125302020751e-01
9.999992614705733862e-01
9.999993055660040264e-01
9.999993454954125838e-01
9.999993818116074129e-01
9.999994149713030689e-01
9.999994453560127061e-01
9.999994732874148973e-01
9.999994990389575733e-01
9.999995228447793316e-01
9.999995449066672037e-01
9.999995653995485956e-01
9.999995844758791108e-01
9.999996022691773900e-01
9.999996188969029198e-01
9.999996344628142575e-01
9.999996490589199150e-01
9.999996627670987293e-01
9.999996756604574433e-01
9.999996878044736803e-01
9.999996992579627264e-01
9.999997100739005385e-01
9.999997203001254054e-01
9.999997299799341377e-01
9.999997391525314860e-01
9.999997478530442407e-01
9.999997561107871746e-01
9.999997639418516382e-01
9.999997713288696355e-01
9.999997781847068667e-01
9.999997843194923242e-01
9.999997894611569738e-01
9.999997933663600236e-01
9.999999691888550313e-01
9.999999688630952788e-01
9.999999684310972858e-01
9.999999679256043050e-01
9.999999673775188391e-01
9.999999668046625212e-01
9.999999662137915024e-01
9.999999656063935927e-01
9.999999649822934877e-01
9.999999643409348549e-01
9.999999636816786497e-01
9.999999630038480802e-01
9.999999623067342691e-01
9.999999615895929228e-01
9.999999608516442207e-01
9.999999600920688181e-01
9.999999593100071804e-01
9.999999585045555861e-01
9.999999576747640173e-01
9.999999568196340505e-01
9.999999559381145264e-01
9.999999550290988859e-01
9.999999540914212837e-01
9.999999531238530359e-01
9.999999521250980683e-01
9.999999510937886971e-01
9.999999500284808551e-01
9.999999489276482079e-01
9.999999477896773792e-01
9.999999466128609571e-01
9.999999453953914985e-01
9.999999441353537577e-01
9.999999428307170257e-01
9.999999414793266928e-01
9.999999400788947002e-01
9.999999386269895485e-01
9.999999371210253063e-01
9.999999355582489535e-01
9.999999339357277250e-01
9.999999322503346777e-01
9.999999304987322590e-01
9.999999286773548768e-01
9.999999267823901361e-01
9.999999248097573012e-01
9.999999227550840919e-01
9.999999206136807040e-01
9.999999183805114988e-01
9.999999160501625850e-01
9.999999136168078451e-01
9.999999110741688568e-01
9.999999084154710394e-01
9.999999056333965797e-01
9.999999027200274782e-01
9.999998996667860407e-01
9.999998964643656008e-01
9.999998931026526927e-01
9.999998895706398994e-01
9.999998858563261539e-01
9.999998819466047184e-01
9.999998778271337319e-01
9.999998734821913260e-01
9.999998688945055392e-01
9.999998640450632470e-01
9.999998589128857862e-01
9.999998534747714940e-01
9.999998477049960588e-01
9.999998415749609126e-01
9.999998350527834479e-01
9.999998281028124048e-01
9.999998206850543303e-01
9.999998127544894588e-01
9.999998042602539217e-01
9.999997951446515376e-01
9.999997853419544391e-01
9.999997747769351353e-01
9.999997633630550720e-01
9.999997510002074375e-01
9.999997375718774340e-01
9.999997229415285016e-01
9.999997069479403811e-01
9.999996893991107694e-01
9.999996700641201608e-01
9.999996486619583402e-01
9.999996248451359371e-01
9.999995981712836990e-01
9.999995680355053818e-01
9.999995334483011700e-01
9.999994921972361617e-01
9.999994377097112253e-01
9.999993481538280715e-01
9.999991521968207842e-01
9.999986330481955843e-01
9.999971913865798312e-01
9.999933366416403624e-01
9.999837617096876130e-01
9.999619844088371012e-01
9.999169395477893740e-01
9.998325815398343419e-01
9.996901545907783682e-01
9.994745258711223990e-01
9.991841050823859760e-01
9.988406483913863099e-01
9.984926110309033653e-01
9.982063665284933718e-01
9.980441370256847300e-01
9.980320983148942560e-01
9.981231554615583867e-01
9.981666973291765110e-01
9.979328586357083530e-01
9.972623516097507412e-01
9.962913696650915751e-01
9.954688783157350507e-01
9.951697812272595201e-01
9.952570987346344156e-01
9.951618345558410628e-01
9.944221554842902489e-01
9.930710996816372038e-01
9.915641882885941616e-01
9.904637198983006208e-01
9.901549975692587324e-01
9.906815845649791230e-01
9.917081095772617427e-01
9.926313984490090503e-01
9.928476897262483725e-01
9.921067435981292260e-01
9.907589074136406992e-01
9.896508509682483412e-01
9.896252211879675853e-01
9.909547259207595049e-01
9.931792688473071173e-01
9.954686448871061799e-01
9.971579570997594066e-01
9.980296410580802302e-01
9.982457910383812916e-01
9.981251538827733416e-01
9.979619984235155172e-01
9.979420100801552618e-01
9.981262150675751510e-01
9.984739970737448456e-01
9.988904951440733537e-01
9.992800037600244600e-01
9.995828295091444549e-01
9.997839625516460327e-01
9.998997490311564151e-01
9.999580361293251007e-01
9.999838645096439382e-01
9.999940092961863147e-01
9.999975833446097528e-01
9.999987464420687644e-01
9.999991253773384825e-01
9.999992725692399276e-01
9.999993531943254244e-01
9.999994118783315233e-01
9.999994602954267453e-01
9.999995019658457496e-01
9.999995384261666231e-01
9.999995706335098600e-01
9.999995992915109433e-01
9.999996249481155619e-01
9.999996480407242760e-01
9.999996689240893133e-01
9.999996878895982544e-01
9.999997051791924552e-01
9.999997209956590360e-01
9.999997355103897867e-01
9.999997488693208592e-01
9.999997611975468548e-01
9.999997726029461464e-01
9.999997831790650160e-01
9.999997930074304708e-01
9.999998021594247444e-01
9.999998106978160717e-01
9.999998186780169052e-01
9.999998261491238605e-01
9.999998331547383934e-01
9.999998397332802158e-01
9.999998459160265307e-01
9.999998517166289735e-01
9.999998571007379100e-01
9.999998619374502740e-01
9.999998659846149884e-01
9.999998689889395553e-01
9.999975301617483048e-01
9.999968663344447339e-01
9.999951637278123862e-01
9.999908855937413854e-01
9.999805835621013994e-01
9.999571876269122139e-01
9.999075464113069689e-01
9.998096561836011809e-01
9.996308654173255981e-01
9.993292839039544795e-01
9.988609532181058626e-01
9.981941028825531692e-01
9.973285296873711792e-01
9.963136496351974181e-01
9.952555634413482455e-01
9.943044528731197484e-01
9.936194895330415777e-01
9.933154698232988800e-01
9.933977127575175370e-01
9.936924295906494065e-01
9.938021643203156508e-01
9.931758149022387183e-01
9.914023352383095622e-01
9.886507242248105953e-01
9.858350641616242527e-01
9.840834368227067142e-01
9.837763035161323222e-01
9.840903405235600365e-01
9.835936628810362237e-01
9.813314668776613736e-01
9.774328553068815095e-01
9.729246437791838620e-01
9.691396051631691044e-01
9.671589629623944528e-01
9.674477775290357684e-01
9.696892231769427273e-01
9.728339359254972729e-01
9.754018759106248826e-01
9.760299069280836681e-01
9.741324565062128293e-01
9.703686582894370805e-01
9.665425319936900017e-01
9.648038012491590987e-01
9.665211760250840278e-01
9.715485358741723365e-01
9.783845614719194339e-01
9.850626144555278962e-01
9.901084791830909726e-01
9.929963176735248087e-01
9.940229890045317873e-01
9.938988066422633771e-01
9.933714395872328407e-01
9.930103295726562251e-01
9.931283736688480968e-01
9.937869470523955640e-01
9.948548043412183128e-01
9.961018839946456094e-01
9.972987198670799636e-01
9.982875530886232696e-01
9.990063667901852851e-01
9.994716501072746784e-01
9.997418295841782321e-01
9.998833063108112373e-01
9.999504082265449068e-01
9.999793841430235641e-01
9.999908767421914479e-01
9.999951472887860238e-01
9.999967075723854570e-01
9.999973277348646050e-01
9.999976307280047383e-01
9.999978132759637095e-01
9.999979319249862053e-01
9.999990629138690856e-01
9.999990371332736494e-01
9.999990027571739049e-01
9.999989610749113744e-01
9.999989135490550130e-01
9.999988611033649999e-01
9.999988039785664418e-01
9.999987419239957376e-01
9.999986744074549350e-01
9.999986007198449212e-01
9.999985199921948009e-01
9.999984311619032340e-01
9.999983328865544863e-01
9.999982233189230740e-01
9.999980994055928107e-01
9.999979545595497621e-01
9.999977711082350673e-01
9.999974972296270526e-01
9.999969817487879276e-01
9.999958050410946431e-01
9.999928796614843129e-01
9.999855983613513688e-01
9.999682110926202405e-01
9.999291149083843200e-01
9.998470233589125122e-01
9.996867502407384976e-01
9.993966306284707279e-01
9.989109799020132741e-01
9.981613954398311783e-01
9.970987638007635656e-01
9.957228852595215729e-01
9.941099839937650451e-01
9.924236777712472923e-01
9.908964362030477924e-01
9.897771788772449231e-01
9.892511325499528940e-01
9.893417313891015308e-01
9.898045694133752459e-01
9.900528076874971495e-01
9.892395591800569044e-01
9.866674309956473543e-01
9.824568306984549082e-01
9.778943447881862649e-01
9.747738655917590478e-01
9.739505864476636354e-01
9.744362787963820605e-01
9.740571248365090806e-01
9.710887073507489253e-01
9.653899432694771354e-01
9.583268341436012028e-01
9.519329659119231124e-01
9.480206874095318259e-01
9.475661179715337834e-01
9.503927778754273081e-01
9.551590084643319933e-01
9.597042507529931488e-01
9.617779760155501512e-01
9.600219983284380421e-01
9.548235054397034016e-01
9.484774871035772659e-01
9.442981950508582134e-01
9.449803880380185372e-01
9.511739332556288229e-01
9.612189517718388032e-01
9.721707565368307158e-01
9.813276159115289499e-01
9.872714370090791558e-01
9.900002222480106528e-01
9.904223226384152312e-01
9.897257315182566018e-01
9.889407777042188430e-01
9.887385352234989710e-01
9.893881458637789894e-01
9.908114203869666792e-01
9.927044766335657577e-01
9.946915550423884866e-01
9.964604500920216656e-01
9.978368769366429136e-01
9.987877226832749811e-01
9.993761789999273670e-01
9.997043725761514121e-01
9.998700443442594121e-01
9.999460387872457501e-01
9.999778736155067183e-01
9.999901657715029035e-01
9.999946372019739016e-01
9.999962559032962162e-01
9.999969113537399146e-01
9.999972537898081937e-01
9.999974879393330740e-01
9.999976733375861571e-01
9.999978251124705952e-01
9.999979451202430925e-01
9.999980325987011254e-01
