9.999998180818445714e-01
9.999998160714660411e-01
9.999998134251941728e-01
9.999998103160843144e-01
9.999998069198923201e-01
9.999998033491575011e-01
9.999997996531289068e-01
9.999997958455526526e-01
9.999997919266896407e-01
9.999997878930263484e-01
9.999997837401291001e-01
9.999997794632317083e-01
9.999997750573130784e-01
9.999997705170923235e-01
9.999997658370136655e-01
9.999997610112278945e-01
9.999997560335749380e-01
9.999997508975632110e-01
9.999997455963467452e-01
9.999997401227027627e-01
9.999997344690056966e-01
9.999997286271997687e-01
9.999997225887693464e-01
9.999997163447064130e-01
9.999997098854762623e-01
9.999997032009790843e-01
9.999996962805088874e-01
9.999996891127096443e-01
9.999996816855256654e-01
9.999996739861490846e-01
9.999996660009625726e-01
9.999996577154754984e-01
9.999996491142557620e-01
9.999996401808536328e-01
9.999996308977197046e-01
9.999996212461144118e-01
9.999996112060065556e-01
9.999996007559659450e-01
9.999995898730407173e-01
9.999995785326241116e-01
9.999995667083069195e-01
9.999995543717137281e-01
9.999995414923210646e-01
9.999995280372556694e-01
9.999995139710693426e-01
9.999994992554885886e-01
9.999994838491330640e-01
9.999994677072019389e-01
9.999994507811196254e-01
9.999994330181388724e-01
9.999994143608914587e-01
9.999993947468801547e-01
9.999993741079026277e-01
9.999993523693950781e-01
9.999993294496839491e-01
9.999993052591285014e-01
9.999992796991353794e-01
9.999992526610221866e-01
9.999992240247015385e-01
9.999991936571510642e-01
9.999991614106249482e-01
9.999991271205528331e-01
9.999990906030552518e-01
9.999990516519787764e-01
9.999990100353027822e-01
9.999989654906709102e-01
9.999989177195358625e-01
9.999988663787721110e-01
9.999988110669747465e-01
9.999987512986029392e-01
9.999986864493464189e-01
9.999986156334110809e-01
9.999985374230836443e-01
9.999984492143114689e-01
9.999983458272156955e-01
9.999982165203442630e-01
9.999980388590482550e-01
9.999977666326369530e-01
9.999973070649234019e-01
9.999964797750552359e-01
9.999949464117232623e-01
9.999920961706494360e-01
9.999868698525782307e-01
9.999775060593136811e-01
9.999612007895914978e-01
9.999336894990566993e-01
9.998887906384534840e-01
9.998179899616239652e-01
9.997101872015958790e-01
9.995517547414207726e-01
9.993270488280441288e-01
9.990194445740099294e-01
9.986128243375387292e-01
9.980932478432285038e-01
9.974503201077499215e-01
9.966776339769672921e-01
9.957716996883734240e-01
9.947290669159003507e-01
9.935419103605376279e-01
9.921930938761162055e-01
9.906524339005917668e-01
9.888762478799673072e-01
9.868119996650512871e-01
9.844087794963389815e-01
9.816325836624338885e-01
9.784833209504211204e-01
9.750088750231338253e-01
9.713111655153812141e-01
9.675404994935502545e-01
9.638775561123291702e-01
9.605063587589792728e-01
9.575852274398559683e-01
9.552244517883755615e-01
9.534781730571004754e-01
9.523535929207112005e-01
9.518343230562981150e-01
9.519087514994972743e-01
9.525913533277838852e-01
9.539266743066547871e-01
9.559721158342461278e-01
9.587643309241334899e-01
9.622813843142030699e-01
9.664155696959391140e-01
9.709685938719812004e-01
9.756730110573639259e-01
9.802345728706559624e-01
9.843832305885142908e-01
9.879183454184747859e-01
9.907365288583322993e-01
9.928367455358177995e-01
9.943042069823087026e-01
9.952798291774236361e-01
9.959244235209898655e-01
9.963863642360336614e-01
9.967790207139742842e-01
9.971707983820359278e-01
9.975871616991772717e-01
9.980213066904788377e-01
9.984487565377812013e-01
9.988412652388313218e-01
9.991767771946363785e-01
9.994441699488503250e-01
9.996433425105504256e-01
9.997823353119607015e-01
9.998734061776094473e-01
9.999295429237519128e-01
9.999621600282566636e-01
9.999800648208208020e-01
9.999893814433145067e-01
9.999940033332790357e-01
9.999962140786191611e-01
9.999972569828142754e-01
9.999977633566757840e-01
9.999980333974975988e-01
9.999982014025647903e-01
9.999983242848700105e-01
9.999984251902513943e-01
9.999985134007459697e-01
9.999985927922094842e-01
9.999986652002550436e-01
9.999987316849545671e-01
9.999987929862257374e-01
9.999988496860550136e-01
9.999989022695017216e-01
9.999989511514575380e-01
9.999989966913581663e-01
9.999990392030349007e-01
9.999990789621022724e-01
9.999991162118024857e-01
9.999991511677412959e-01
9.999991840217803407e-01
9.999992149452658907e-01
9.999992440917302439e-01
9.999992715991665726e-01
9.999992975919540505e-01
9.999993221825020928e-01
9.999993454726540110e-01
9.999993675548990435e-01
9.999993885134159655e-01
9.999994084249811399e-01
9.999994273597578864e-01
9.999994453819871509e-01
9.999994625505927992e-01
9.999994789197139688e-01
9.999994945391710299e-01
9.999995094548487229e-01
9.999995237087677680e-01
9.999995373374803709e-01
9.999995503631398108e-01
9.999995627625362093e-01
9.999995743967913242e-01
9.999995849232776735e-01
9.999995937984599292e-01
9.999996004930005178e-01
9.999995285141629608e-01
9.999995236756586969e-01
9.999995173731722753e-01
9.999995099595495596e-01
9.999995018197447294e-01
9.999994932278721826e-01
9.999994843233492858e-01
9.999994751561374073e-01
9.999994657352690997e-01
9.999994560558251866e-01
9.999994461090370157e-01
9.999994358850200493e-01
9.999994253733144323e-01
9.999994145629452769e-01
9.999994034424035672e-01
9.999993919996166269e-01
9.999993802219131478e-01
9.999993680959878839e-01
9.999993556078627943e-01
9.999993427428446324e-01
9.999993294854813142e-01
9.999993158195127352e-01
9.999993017278199225e-01
9.999992871923695237e-01
9.999992721941528551e-01
9.999992567131230636e-01
9.999992407281234064e-01
9.999992242168139756e-01
9.999992071555889872e-01
9.999991895194895175e-01
9.999991712821076906e-01
9.999991524154836497e-01
9.999991328899933141e-01
9.999991126742269199e-01
9.999990917348550168e-01
9.999990700364864704e-01
9.999990475415088120e-01
9.999990242099179305e-01
9.999989999991295564e-01
9.999989748637746478e-01
9.999989487554732381e-01
9.999989216225886324e-01
9.999988934099548477e-01
9.999988640585790733e-01
9.999988335053120458e-01
9.999988016824843395e-01
9.999987685175054652e-01
9.999987339324186708e-01
9.999986978434071139e-01
9.999986601602454117e-01
9.999986207856886855e-01
9.999985796147901063e-01
9.999985365341388377e-01
9.999984914210049425e-01
9.999984441423790393e-01
9.999983945538910568e-01
9.999983424985897651e-01
9.999982878055595492e-01
9.999982302883519969e-01
9.999981697431983285e-01
9.999981059469684741e-01
9.999980386548291689e-01
9.999979675975516624e-01
9.999978924783996526e-01
9.999978129695170637e-01
9.999977287077130850e-01
9.999976392895100208e-01
9.999975442652623281e-01
9.999974431320528545e-01
9.999973353248410302e-01
9.999972202048018621e-01
9.999970970425202665e-01
9.999969649906865765e-01
9.999968230339197905e-01
9.999966698875143445e-01
9.999965037823992375e-01
9.999963220011848231e-01
9.999961198842508558e-01
9.999958887433074706e-01
9.999956116012730378e-01
9.999952547687094295e-01
9.999947517602048030e-01
9.999939737051637412e-01
9.999926770022296019e-01
9.999904144574317533e-01
9.999863908792252509e-01
9.999792391248388812e-01
9.999666899616496130e-01
9.999451120616562605e-01
9.999089111597196933e-01
9.998498040447550972e-01
9.997560259227784574e-01
9.996115865432113612e-01
9.993957515976976680e-01
9.990829722402301272e-01
9.986434897867937366e-01
9.980447747477694254e-01
9.972537977692097488e-01
9.962398765904618703e-01
9.949775370933726659e-01
9.934485511575352756e-01
9.916421874295202610e-01
9.895528573200947919e-01
9.871748413957870394e-01
9.844946321139399492e-01
9.814824863001414545e-01
9.780857643634175425e-01
9.742271666640271999e-01
9.698106878952541532e-01
9.647367712350949365e-01
9.589258242386561326e-01
9.523464169576064675e-01
9.450419384216468544e-01
9.371482197197067432e-01
9.288954373454206825e-01
9.205907320815722716e-01
9.125828737624182008e-01
9.052156863396813025e-01
8.987811330284004585e-01
8.934843790926254581e-01
8.894308850574579317e-01
8.866397745916920758e-01
8.850797214799588364e-01
8.847157932399141167e-01
8.855508759340168234e-01
8.876457006852249698e-01
8.911076657141527857e-01
8.960489580181376645e-01
9.025254641949693735e-01
9.104756332816835718e-01
9.196799177669660041e-01
9.297560167980447599e-01
9.401946745322280474e-01
9.504287711056458310e-01
9.599188407931658062e-01
9.682339586941194343e-01
9.751091698180514022e-01
9.804680631928586187e-01
9.844088700626866251e-01
9.871613602550683986e-01
9.890274488958132881e-01
9.903199324113690638e-01
9.913116594294596462e-01
9.922030109115973495e-01
9.931102861713336782e-01
9.940727373544010481e-01
9.950725000848879009e-01
9.960600803809679382e-01
9.969784690737507615e-01
9.977809613185173454e-01
9.984405599047496693e-01
9.989515041316898714e-01
9.993252573356538049e-01
9.995839050611569077e-01
9.997535202111338393e-01
9.998590892310884604e-01
9.999215560086582855e-01
9.999567695869053807e-01
9.999757402441717957e-01
9.999855606347221038e-01
9.999904957489396118e-01
9.999929510043301661e-01
9.999942035648857752e-01
9.999948939681787552e-01
9.999953267924934774e-01
9.999956400805167789e-01
9.999958940261421958e-01
9.999961143529615404e-01
9.999963122325032927e-01
9.999964929087599153e-01
9.999966592393569886e-01
9.999968130868595040e-01
9.999969558511605516e-01
9.999970886751488042e-01
9.999972125303213666e-01
9.999973282585059575e-01
9.999974365966781686e-01
9.999975381943045916e-01
9.999976336266502841e-01
9.999977234054582276e-01
9.999978079877149817e-01
9.999978877829347468e-01
9.999979631592686991e-01
9.999980344486643080e-01
9.999981019512504954e-01
9.999981659390845268e-01
9.999982266593716584e-01
9.999982843372432484e-01
9.999983391781654962e-01
9.999983913700331017e-01
9.999984410850016880e-01
9.999984884810899644e-01
9.999985337035910415e-01
9.999985768863166591e-01
9.999986181526965279e-01
9.999986576167547714e-01
9.999986953839774539e-01
9.999987315520819653e-01
9.999987662116760490e-01
9.999987994466070784e-01
9.999988313327985434e-01
9.999988619303661341e-01
9.999988912533442909e-01
9.999989191883040807e-01
9.999989453481870072e-01
9.999989689376993507e-01
9.999989888305469421e-01
9.999990040083585052e-01
9.999997155055121434e-01
9.999997120643173698e-01
9.999997074917544859e-01
9.999997021282260867e-01
9.999996962953390245e-01
9.999996901776144753e-01
9.999996838436280289e-01
9.999996773067687528e-01
9.999996705629572435e-01
9.999996636039920617e-01
9.999996564206289351e-01
9.999996490030484964e-01
9.999996413408784868e-01
9.999996334231611161e-01
9.999996252383127615e-01
9.999996167740802244e-01
9.999996080174938795e-01
9.999995989548151609e-01
9.999995895714817173e-01
9.999995798520466828e-01
9.999995697801122851e-01
9.999995593382583481e-01
9.999995485079637980e-01
9.999995372695218432e-01
9.999995256019449386e-01
9.999995134828649768e-01
9.999995008884193792e-01
9.999994877931286386e-01
9.999994741697624256e-01
9.999994599891894875e-01
9.999994452202154438e-01
9.999994298294014872e-01
9.999994137808656536e-01
9.999993970360607776e-01
9.999993795535311314e-01
9.999993612886397543e-01
9.999993421932653614e-01
9.999993222154663908e-01
9.999993012991024166e-01
9.999992793834135973e-01
9.999992564025470543e-01
9.999992322850244086e-01
9.999992069531430383e-01
9.999991803222978426e-01
9.999991523002145222e-01
9.999991227860779430e-01
9.999990916695404852e-01
9.999990588295866178e-01
9.999990241332359364e-01
9.999989874340462492e-01
9.999989485703908443e-01
9.999989073634589776e-01
9.999988636149320653e-01
9.999988171042661911e-01
9.999987675855017688e-01
9.999987147834964452e-01
9.999986583894506786e-01
9.999985980555494702e-01
9.999985333884757743e-01
9.999984639414027932e-01
9.999983892037349609e-01
9.999983085869743604e-01
9.999982214027045568e-01
9.999981268222916109e-01
9.999980237913512759e-01
9.999979108308471032e-01
9.999977855589561315e-01
9.999976435476929382e-01
9.999974756592742153e-01
9.999972620664880907e-01
9.999969593945604585e-01
9.999964743391549504e-01
9.999956121758246663e-01
9.999939814539084981e-01
9.999908272827898736e-01
9.999847569559205951e-01
9.999733176826290926e-01
9.999523943273351811e-01
9.999154247679544749e-01
9.998524899788256981e-01
9.997494258008705614e-01
9.995872082424810401e-01
9.993419461176860086e-01
9.989858144323161548e-01
9.984891137576331621e-01
9.978233061460359821e-01
9.969643879877772008e-01
9.958954499178839237e-01
9.946069814214766325e-01
9.930936823596480112e-01
9.913474429136652777e-01
9.893477129354659727e-01
9.870523235190276079e-01
9.843932344289829661e-01
9.812817960526634131e-01
9.776262725130646647e-01
9.733605439212853483e-01
9.684780005947730697e-01
9.630604630554840950e-01
9.572906526397179094e-01
9.514398220042759036e-01
9.458295584312406135e-01
9.407763769341631610e-01
9.365358285273985839e-01
9.332655355758265880e-01
9.310214502880802545e-01
9.297893907183624185e-01
9.295387702363950844e-01
9.302740391300264866e-01
9.320579036267355733e-01
9.349911507855788173e-01
9.391531452277936953e-01
9.445261452863451535e-01
9.509362201017252936e-01
9.580387494610260735e-01
9.653592685412504260e-01
9.723786794331534811e-01
9.786352515934373386e-01
9.838110373827652078e-01
9.877781152331620573e-01
9.905956862098315163e-01
9.924652830577789242e-01
9.936622903134200158e-01
9.944651925922245450e-01
9.951003809254255206e-01
9.957126524235668796e-01
9.963627144639851663e-01
9.970455604527356241e-01
9.977192908784831005e-01
9.983335721408841401e-01
9.988499435778238622e-01
9.992509468731988198e-01
9.995394870736713511e-01
9.997324064300903146e-01
9.998525675905729493e-01
9.999224550121404986e-01
9.999605063238388158e-01
9.999799648912466310e-01
9.999893623065514436e-01
9.999936947948709909e-01
9.999956450689020393e-01
9.999965420495193769e-01
9.999969961657401152e-01
9.999972688349016980e-01
9.999974652661569596e-01
9.999976258687266473e-01
9.999977659614911474e-01
9.999978916877043655e-01
9.999980059411206490e-01
9.999981104380158969e-01
9.999982064119817826e-01
9.999982948482090128e-01
9.999983765707751715e-01
9.999984522831002476e-01
9.999985225920686727e-01
9.999985880250900072e-01
9.999986490431874708e-01
9.999987060514012871e-01
9.999987594072046182e-01
9.999988094273914996e-01
9.999988563937683983e-01
9.999989005578902024e-01
9.999989421450323768e-01
9.999989813575402842e-01
9.999990183776731323e-01
9.999990533700282569e-01
9.999990864836190152e-01
9.999991178536646874e-01
9.999991476031366844e-01
9.999991758441002521e-01
9.999992026788834254e-01
9.999992282010833344e-01
9.999992524962819651e-01
9.999992756412530159e-01
9.999992976948257617e-01
9.999993186562758929e-01
9.999993383469707453e-01
9.999993562204998465e-01
9.999993713007366836e-01
9.999993825622884858e-01
9.999934352716762787e-01
9.999932337546273420e-01
9.999929623675751778e-01
9.999926285796165715e-01
9.999922382054606818e-01
9.999917863279543795e-01
9.999912489736646481e-01
9.999905698816777821e-01
9.999896332189184278e-01
9.999882100344503755e-01
9.999858603549447444e-01
9.999817634141430212e-01
9.999744367222398456e-01
9.999612928495245079e-01
9.999379751525133697e-01
9.998974171251352461e-01
9.998285940134126193e-01
9.997149898181023620e-01
9.995328944329787690e-01
9.992497713834930240e-01
9.988230765678407508e-01
9.982000206621557403e-01
9.973187897842187288e-01
9.961115996816163332e-01
9.945096049233662638e-01
9.924491171236446974e-01
9.898778950511385455e-01
9.867596493633629118e-01
9.830746321965638801e-01
9.788145430469672448e-01
9.739711599794176333e-01
9.685200548150783018e-01
9.624031126143184345e-01
9.555156690281347842e-01
9.477050195247676001e-01
9.387860059052921535e-01
9.285759194925642390e-01
9.169454255936662079e-01
9.038759359237275026e-01
8.895089574378332031e-01
8.741716843100471035e-01
8.583668806129102213e-01
8.427236252703537156e-01
8.279165514639327261e-01
8.145713662633684571e-01
8.031802465596942220e-01
7.940499357231166622e-01
7.872976248259757615e-01
7.828965506707769029e-01
7.807579608501930002e-01
7.808231975040186290e-01
7.831338401513308067e-01
7.878522885205367920e-01
7.952196889539856484e-01
8.054585640648055378e-01
8.186470598875159599e-01
8.346035611113951092e-01
8.528203482580816175e-01
8.724726866732515074e-01
8.925087038089488667e-01
9.118018288946228012e-01
9.293288007014234298e-01
9.443285896212560981e-01
9.564037551619153366e-01
9.655434262093762765e-01
9.720696253503982032e-01
9.765281436757298206e-01
9.795558760650819874e-01
9.817568358919207538e-01
9.836111112532492928e-01
9.854288136575026780e-01
9.873486052977619165e-01
9.893706164410109860e-01
9.914081268732986008e-01
9.933417171851948169e-01
9.950630162589887417e-01
9.965010711375750230e-01
9.976306542815300826e-01
9.984666159642255900e-01
9.990506383649405686e-01
9.994364877619188459e-01
9.996779629111935961e-01
9.998213588075821612e-01
9.999023258409363013e-01
9.999459264691910043e-01
9.999684334012071130e-01
9.999796784003824879e-01
9.999852182779380705e-01
9.999880028850296476e-01
9.999895082449574701e-01
9.999904331578903793e-01
9.999910922868788798e-01
9.999916215411882581e-01
9.999920778494824081e-01
9.999924839284424216e-01
9.999928462037485088e-01
9.999931611647084884e-01
9.999934193521519132e-01
9.999936118359884496e-01
9.999947335306667018e-01
9.999946097979325321e-01
9.999944457918237273e-01
9.999942485342138143e-01
9.999940259252118047e-01
9.999937832672463056e-01
9.999935226143028544e-01
9.999932437770016058e-01
9.999929454091587289e-01
9.999926255668941666e-01
9.999922818150660531e-01
9.999919110273343126e-01
9.999915088286702725e-01
9.999910683457987615e-01
9.999905774868109720e-01
9.999900131547883042e-01
9.999893292889736607e-01
9.999884329441366404e-01
9.999871381034842743e-01
9.999850797673488501e-01
9.999815602974346795e-01
9.999752856914296828e-01
9.999639322257332097e-01
9.999434666894242429e-01
9.999071324491835000e-01
9.998440190419017881e-01
9.997371686699985105e-01
9.995612535813788169e-01
9.992799937278248334e-01
9.988436704258133458e-01
9.981873009007271591e-01
9.972302104378203413e-01
9.958777823791256090e-01
9.940259767251897749e-01
9.915687043983228977e-01
9.884073212258959185e-01
9.844604866389801145e-01
9.796716932687554724e-01
9.740113133375201127e-01
9.674704441346961836e-01
9.600454454409154126e-01
9.517148078783106424e-01
9.424133906558757046e-01
9.320121786724617774e-01
9.203132778084175403e-01
9.070686605244844269e-01
8.920264864453476550e-01
8.750010393581654222e-01
8.559532761321875238e-01
8.350617565420712651e-01
8.127616692636685514e-01
7.897348738263578749e-01
7.668458075806692253e-01
7.450333608138584029e-01
7.251823717080262410e-01
7.080056914053636241e-01
6.939665050163155158e-01
6.832611379542709029e-01
6.758672902798201765e-01
6.716449858404545115e-01
6.704616422662085240e-01
6.723031064846015648e-01
6.773331815376012477e-01
6.858765277494710544e-01
6.983213023026131339e-01
7.149623450343883801e-01
7.358257136243038232e-01
7.605249960555924282e-01
7.881960813065636007e-01
8.175399491115756812e-01
8.469755458480708876e-01
8.748734282136203522e-01
8.998151892109251815e-01
9.208135783065085622e-01
9.374388657359750132e-01
9.498251986716865769e-01
9.585657012619214212e-01
9.645338531649494396e-01
9.686822625221029881e-01
9.718667157239897492e-01
9.747280238586443213e-01
9.776440053906739758e-01
9.807454284175829429e-01
9.839769062762802054e-01
9.871781534011595527e-01
9.901623442889473381e-01
9.927748843319590399e-01
9.949250596348426789e-01
9.965918416132464319e-01
9.978112035993604856e-01
9.986545819074827968e-01
9.992069847090807588e-01
9.995501405383325766e-01
9.997526288344057432e-01
9.998663333154270694e-01
9.999272536853820448e-01
9.999585343762975587e-01
9.999740557853523670e-01
9.999816205969842553e-01
9.999853552451511973e-01
9.999873193325030662e-01
9.999884863332099139e-01
9.999892939330283781e-01
9.999899307855878439e-01
9.999904760503435242e-01
9.999909630918648595e-01
9.999914068732653760e-01
9.999918151079965067e-01
9.999921925885870699e-01
9.999925428005435046e-01
9.999928684620316144e-01
9.999931715019412248e-01
9.999934524608160569e-01
9.999937092760611268e-01
9.999939361570899798e-01
9.999941243420314985e-01
9.999942660604160816e-01
