9.999996379654074730e-01
9.999996328983064009e-01
9.999996262051455975e-01
9.999996183015238405e-01
9.999996096130236989e-01
9.999996004112255976e-01
9.999995908116381393e-01
9.999995808413092435e-01
9.999995704930473295e-01
9.999995597495000554e-01
9.999995485902399839e-01
9.999995369931748979e-01
9.999995249346637083e-01
9.999995123894147575e-01
9.999994993303449320e-01
9.999994857284226768e-01
9.999994715524946898e-01
9.999994567690912994e-01
9.999994413422145234e-01
9.999994252330985933e-01
9.999994083999457217e-01
9.999993907976296725e-01
9.999993723773654697e-01
9.999993530863380276e-01
9.999993328672862614e-01
9.999993116580326857e-01
9.999992893909563918e-01
9.999992659923917504e-01
9.999992413819507320e-01
9.999992154717487480e-01
9.999991881655236892e-01
9.999991593576254001e-01
9.999991289318566068e-01
9.999990967601375402e-01
9.999990627009605060e-01
9.999990265975948756e-01
9.999989882759960924e-01
9.999989475423547436e-01
9.999989041802130885e-01
9.999988579470531214e-01
9.999988085702378182e-01
9.999987557421539108e-01
9.999986991143582360e-01
9.999986382904717530e-01
9.999985728174807242e-01
9.999985021749706604e-01
9.999984257615943672e-01
9.999983428775593985e-01
9.999982527005114585e-01
9.999981542478069141e-01
9.999980463042530410e-01
9.999979272513755957e-01
9.999977946081941571e-01
9.999976437469630941e-01
9.999974643615623382e-01
9.999972311743348108e-01
9.999968808391623831e-01
9.999962581142400886e-01
9.999949988528853417e-01
9.999922939707326375e-01
9.999864503585074171e-01
9.999741440938421100e-01
9.999492746183060721e-01
9.999014149717968536e-01
9.998140497551821770e-01
9.996631001406832695e-01
9.994165733338818969e-01
9.990363523298594339e-01
9.984828963936043245e-01
9.977227471024310290e-01
9.967372839176331656e-01
9.955296246315263886e-01
9.941257742498033068e-01
9.925669694519640984e-01
9.908929820232408314e-01
9.891202677281052402e-01
9.872226222267290741e-01
9.851234341750201295e-01
9.827063953056215384e-01
9.798458671254981489e-01
9.764509199526567595e-01
9.725111830120947154e-01
9.681305362852667962e-01
9.635372775028814285e-01
9.590657379091813706e-01
9.551120468357806592e-01
9.520732316570634790e-01
9.502822148664227253e-01
9.499509074385772411e-01
9.511301026651697299e-01
9.536899944381524996e-01
9.573217582610729082e-01
9.615618821493424617e-01
9.658469080179501454e-01
9.696093543774559897e-01
9.724118579681906294e-01
9.740805366725986403e-01
9.747630717049536875e-01
9.748476831235863838e-01
9.747577072865341030e-01
9.747348167814918751e-01
9.747503071557779286e-01
9.745976446299192686e-01
9.740882889858581972e-01
9.732105592959882090e-01
9.721615993283827528e-01
9.712639860525569269e-01
9.708418918788646046e-01
9.711256654886917250e-01
9.722109448574075552e-01
9.740631152745506949e-01
9.765466624046831301e-01
9.794633554071321413e-01
9.825903398559074908e-01
9.857133882416226900e-01
9.886522314166994452e-01
9.912760435678165116e-01
9.935086861619266685e-01
9.953250301684379853e-01
9.967410060507013725e-01
9.978005927661850460e-01
9.985627107789911694e-01
9.990901649960388653e-01
9.994417426119794889e-01
9.996676251299073668e-01
9.998076168494887117e-01
9.998913759248997390e-01
9.999398038328473071e-01
9.999668986655927405e-01
9.999815994334297908e-01
9.999893630738578842e-01
9.999933806032902384e-01
9.999954425281996073e-01
9.999965144187654698e-01
9.999970975710770205e-01
9.999974430861969799e-01
9.999976727120968301e-01
9.999978439061154578e-01
9.999979833301738674e-01
9.999981033761404792e-01
9.999982099978043104e-01
9.999983062874807649e-01
9.999983940572457763e-01
9.999984745213197357e-01
9.999985485879470115e-01
9.999986169866053043e-01
9.999986803270328739e-01
9.999987391299300921e-01
9.999987938454066860e-01
9.999988448656116358e-01
9.999988925341893875e-01
9.999989371537315597e-01
9.999989789918124483e-01
9.999990182859566090e-01
9.999990552477644457e-01
9.999990900663677795e-01
9.999991229113398550e-01
9.999991539351605896e-01
9.999991832753145626e-01
9.999992110560862457e-01
9.999992373901009923e-01
9.999992623796543079e-01
9.999992861178634840e-01
9.999993086896666883e-01
9.999993301726952666e-01
9.999993506380364661e-01
9.999993701509013455e-01
9.999993887712147478e-01
9.999994065541331079e-01
9.999994235505051954e-01
9.999994398072786783e-01
9.999994553678623888e-01
9.999994702724489537e-01
9.999994845583035641e-01
9.999994982600208804e-01
9.999995114097571802e-01
9.999995240374373040e-01
9.999995361709421715e-01
9.999995478362773138e-01
9.999995590577248628e-01
9.999995698579817738e-01
9.999995802582848370e-01
9.999995902785232538e-01
9.999995999373425537e-01
9.999996092522357438e-01
9.999996182396062583e-01
9.999996269146471661e-01
9.999996352901200369e-01
9.999996433703026710e-01
9.999996511304592994e-01
9.999996584706145608e-01
9.999996651578558771e-01
9.999996708278735547e-01
9.999996751243784843e-01
9.999990906824354209e-01
9.999990790619208703e-01
9.999990638814888477e-01
9.999990459493419692e-01
9.999990261554225768e-01
9.999990051332301455e-01
9.999989832002202927e-01
9.999989604620067585e-01
9.999989369260208205e-01
9.999989125652104516e-01
9.999988873420122548e-01
9.999988612148117406e-01
9.999988341391267133e-01
9.999988060676212598e-01
9.999987769499103507e-01
9.999987467323196988e-01
9.999987153576201937e-01
9.999986827647358023e-01
9.999986488884222702e-01
9.999986136589150698e-01
9.999985770015391573e-01
9.999985388362797600e-01
9.999984990773069793e-01
9.999984576324492114e-01
9.999984144026095034e-01
9.999983692811147407e-01
9.999983221529940014e-01
9.999982728941692045e-01
9.999982213705540524e-01
9.999981674370396201e-01
9.999981109363590415e-01
9.999980516978062006e-01
9.999979895357908877e-01
9.999979242482026631e-01
9.999978556145536768e-01
9.999977833938675786e-01
9.999977073222654500e-01
9.999976271102035685e-01
9.999975424392988366e-01
9.999974529586667105e-01
9.999973582806809258e-01
9.999972579760449953e-01
9.999971515680359246e-01
9.999970385257510586e-01
9.999969182561455616e-01
9.999967900945885280e-01
9.999966532935978814e-01
9.999965070093097541e-01
9.999963502850994779e-01
9.999961820315581562e-01
9.999960010016546441e-01
9.999958057590991878e-01
9.999955946358212167e-01
9.999953656684474890e-01
9.999951164859268715e-01
9.999948440694554908e-01
9.999945441652056122e-01
9.999942097630578619e-01
9.999938271520160127e-01
9.999933659884162607e-01
9.999927553781526868e-01
9.999918292235494555e-01
9.999902083227905081e-01
9.999870612458579000e-01
9.999806503333551477e-01
9.999675291014458178e-01
9.999412308150288364e-01
9.998903097592501954e-01
9.997957162677419962e-01
9.996277512776210461e-01
9.993432648629256843e-01
9.988842557771002717e-01
9.981793883534419987e-01
9.971498522179792490e-01
9.957201357482672321e-01
9.938325636797356033e-01
9.914621925763381638e-01
9.886267093882091794e-01
9.853854919903888288e-01
9.818239181080699041e-01
9.780234725131444762e-01
9.740241036748167325e-01
9.697904635020413444e-01
9.651956844629960841e-01
9.600335759788747314e-01
9.540626552797415449e-01
9.470753546231407416e-01
9.389765240979928151e-01
9.298504740659644385e-01
9.199973108562942148e-01
9.099268381962906105e-01
9.003091602179511543e-01
8.918915628287527042e-01
8.853980285920103332e-01
8.814293405876166831e-01
8.803785956811582825e-01
8.823709329666622470e-01
8.872300528399690300e-01
8.944709045258297797e-01
9.033209593240885127e-01
9.127821066155333840e-01
9.217539449860012724e-01
9.292305067185469003e-01
9.345420747633659264e-01
9.375532494226677116e-01
9.386962657594827286e-01
9.387696188543853681e-01
9.385650720817098058e-01
9.385144168983814428e-01
9.385584056824582966e-01
9.383048335432910836e-01
9.373580471219464805e-01
9.356098867836636357e-01
9.333402373895074433e-01
9.311166081469631761e-01
9.295913147852226111e-01
9.293120257178761889e-01
9.306105175398876606e-01
9.335744225102448057e-01
9.380750455561702728e-01
9.438219888437084926e-01
9.504256093438213648e-01
9.574576252576747493e-01
9.645045393574478432e-01
9.712098733645950777e-01
9.773021604118572458e-01
9.826073850381046304e-01
9.870468804112308980e-01
9.906238341903095268e-01
9.934028627625183239e-01
9.954873209230654663e-01
9.969982522211868758e-01
9.980575431754339366e-01
9.987763773598294925e-01
9.992488563803696433e-01
9.995498567407712365e-01
9.997358477943076860e-01
9.998474130857510911e-01
9.999124534328860392e-01
9.999493697522789937e-01
9.999698290478935547e-01
9.999809554336367423e-01
9.999869444769990956e-01
9.999901824447259280e-01
9.999919818582789777e-01
9.999930419938545256e-01
9.999937245133438957e-01
9.999942116240650991e-01
9.999945932729366049e-01
9.999949134197367862e-01
9.999951937193632956e-01
9.999954452346464517e-01
9.999956740498138208e-01
9.999958838884438483e-01
9.999960773101328471e-01
9.999962562535066324e-01
9.999964222863141350e-01
9.999965767264414884e-01
9.999967207060793672e-01
9.999968552101639041e-01
9.999969811023661226e-01
9.999970991443553059e-01
9.999972100109273399e-01
9.999973143022834465e-01
9.999974125541817305e-01
9.999975052464282754e-01
9.999975928100337530e-01
9.999976756332822347e-01
9.999977540669080511e-01
9.999978284285280239e-01
9.999978990064568585e-01
9.999979660630022860e-01
9.999980298373232213e-01
9.999980905479173288e-01
9.999981483947926186e-01
9.999982035613708131e-01
9.999982562161586763e-01
9.999983065142222793e-01
9.999983545984889588e-01
9.999984006009000614e-01
9.999984446434365681e-01
9.999984868390304760e-01
9.999985272923790358e-01
9.999985661006725035e-01
9.999986033542459518e-01
9.999986391371656902e-01
9.999986735277553995e-01
9.999987065990708635e-01
9.999987384193290696e-01
9.999987690522960104e-01
9.999987985576375138e-01
9.999988269912383210e-01
9.999988544054914108e-01
9.999988808495623438e-01
9.999989063696284042e-01
9.999989310090987571e-01
9.999989548088148439e-01
9.999989778072332358e-01
9.999990000405940549e-01
9.999990215430728524e-01
9.999990423468996248e-01
9.999990624823071883e-01
9.999990819764985606e-01
9.999991008481776689e-01
9.999991190873451785e-01
9.999991366016458549e-01
9.999991531206087192e-01
9.999991681076931815e-01
9.999991808099849555e-01
9.999991905423265548e-01
9.999994375082819076e-01
9.999994289139890746e-01
9.999994174499535760e-01
9.999994039274908708e-01
9.999993891182232808e-01
9.999993734615764129e-01
9.999993571129340841e-01
9.999993400908637753e-01
9.999993223693657285e-01
9.999993039106656045e-01
9.999992846727139284e-01
9.999992646101797389e-01
9.999992436743081470e-01
9.999992218126133592e-01
9.999991989685244054e-01
9.999991750809898994e-01
9.999991500840362812e-01
9.999991239062728798e-01
9.999990964703375784e-01
9.999990676922723143e-01
9.999990374808201965e-01
9.999990057366319185e-01
9.999989723513651452e-01
9.999989372066634408e-01
9.999989001729933102e-01
9.999988611083150403e-01
9.999988198565603614e-01
9.999987762458836249e-01
9.999987300866424178e-01
9.999986811690622091e-01
9.999986292605207439e-01
9.999985741023793562e-01
9.999985154062692727e-01
9.999984528497172231e-01
9.999983860709671379e-01
9.999983146628179664e-01
9.999982381652436914e-01
9.999981560565014416e-01
9.999980677423379039e-01
9.999979725427867727e-01
9.999978696758746732e-01
9.999977582372963081e-01
9.999976371746908121e-01
9.999975052542504628e-01
9.999973610149456293e-01
9.999972026977065331e-01
9.999970281097880775e-01
9.999968342939351551e-01
9.999966165858461542e-01
9.999963658028482305e-01
9.999960600313135828e-01
9.999956418520766777e-01
9.999949592466648163e-01
9.999936232822712601e-01
9.999906919753189793e-01
9.999840267894117840e-01
9.999691026633887869e-01
9.999370345019700235e-01
9.998717051580756632e-01
9.997462537230041857e-01
9.995198586756941506e-01
9.991365831685297128e-01
9.985285861027355381e-01
9.976255366830212301e-01
9.963700041044687428e-01
9.947350542872617218e-01
9.927366235295311814e-01
9.904318478646406687e-01
9.878976574144524569e-01
9.851919495133664162e-01
9.823098383753899876e-01
9.791547307418895230e-01
9.755433043280634653e-01
9.712531357678421129e-01
9.661049832287287309e-01
9.600557390895338994e-01
9.532703827447568390e-01
9.461457917888285163e-01
9.392741789364688065e-01
9.333527648478743277e-01
9.290615367695026494e-01
9.269375248368518783e-01
9.272709960290281828e-01
9.300391087426433945e-01
9.348817236608093495e-01
9.411204146263982828e-01
9.478312620775168895e-01
9.539964486293555090e-01
9.587478453057457495e-01
9.616473698318898089e-01
9.628537696142500657e-01
9.630139882001051976e-01
9.628754091708195961e-01
9.628522121326564820e-01
9.628576620871571734e-01
9.625133390491523722e-01
9.615417419088255757e-01
9.600338534572492311e-01
9.584379516377437014e-01
9.573482599331041287e-01
9.572706590440926977e-01
9.584838882778365932e-01
9.610118221128860494e-01
9.646668019703770192e-01
9.691220281575396722e-01
9.739881799569509724e-01
9.788819361138318964e-01
9.834790142769911370e-01
9.875469135782852792e-01
9.909559753673049531e-01
9.936714879827384106e-01
9.957328235373457126e-01
9.972268983797768493e-01
9.982624856441849603e-01
9.989497659406292307e-01
9.993869632567267125e-01
9.996537964343810145e-01
9.998101993750629912e-01
9.998983411508967079e-01
9.999461727508123232e-01
9.999712276599966865e-01
9.999839497004203714e-01
9.999902612026350113e-01
9.999933661995918932e-01
9.999949217082443331e-01
9.999957486510042681e-01
9.999962377146394132e-01
9.999965682963675162e-01
9.999968205087252926e-01
9.999970296725152474e-01
9.999972116005683143e-01
9.999973738205457652e-01
9.999975203617920139e-01
9.999976537322163850e-01
9.999977757201913287e-01
9.999978877229236396e-01
9.999979908887650648e-01
9.999980861866393234e-01
9.999981744458219524e-01
9.999982563824074688e-01
9.999983326187933397e-01
9.999984036988507352e-01
9.999984701000803611e-01
9.999985322435146484e-01
9.999985905018635712e-01
9.999986452062732400e-01
9.999986966519684994e-01
9.999987451029916929e-01
9.999987907962069045e-01
9.999988339446970187e-01
9.999988747406632905e-01
9.999989133579065825e-01
9.999989499539649884e-01
9.999989846719574693e-01
9.999990176421826860e-01
9.999990489835095531e-01
9.999990788045914902e-01
9.999991072049279062e-01
9.999991342757970081e-01
9.999991601010780329e-01
9.999991847579752235e-01
9.999992083176594271e-01
9.999992308458390822e-01
9.999992524032644825e-01
9.999992730461813029e-01
9.999992928267320558e-01
9.999993117933183573e-01
9.999993299909245570e-01
9.999993474614079503e-01
9.999993642437616792e-01
9.999993803743503218e-01
9.999993958871241650e-01
9.999994108138107185e-01
9.999994251840815807e-01
9.999994390255950716e-01
9.999994523631394738e-01
9.999994652125762107e-01
9.999994775545467673e-01
9.999994892605670316e-01
9.999994999749799440e-01
9.999995090758648786e-01
9.999995159083336915e-01
9.999924745261241643e-01
9.999922543361257077e-01
9.999919595638380176e-01
9.999916009712583875e-01
9.999911906192695543e-01
9.999907356762649524e-01
9.999902371820779123e-01
9.999896914955992422e-01
9.999890913012272620e-01
9.999884242186007910e-01
9.999876667330851454e-01
9.999867676621420065e-01
9.999856070712683787e-01
9.999838998688268532e-01
9.999809824230632138e-01
9.999753688657864181e-01
9.999638881787060729e-01
9.999401228646920270e-01
9.998917996423843935e-01
9.997968050711274479e-01
9.996177251326414659e-01
9.992953537283295606e-01
9.987425218610948008e-01
9.978407133669462414e-01
9.964428038272166166e-01
9.943851601337184709e-01
9.915105199561017324e-01
9.876992567703020143e-01
9.829015680950099476e-01
9.771587658940741328e-01
9.706008750054988532e-01
9.634122909828390924e-01
9.557674246389226136e-01
9.477513412323932407e-01
9.392913620941177877e-01
9.301289940237925657e-01
9.198540112270051639e-01
9.080047183547279577e-01
8.942156502341336299e-01
8.783746249693802355e-01
8.607433954119900754e-01
8.420042352329761837e-01
8.232160856649113345e-01
8.056899140486445399e-01
7.908134063547767045e-01
7.798630161825790275e-01
7.738359652481217044e-01
7.733208476504302986e-01
7.784103071497233683e-01
7.886499274920037994e-01
8.030201571964370455e-01
8.199665149401782482e-01
8.375218674968605281e-01
8.535781296695770237e-01
8.663228419191207896e-01
8.747406209631507501e-01
8.789475072147575618e-01
8.801070785973816868e-01
8.798642352980410308e-01
8.795476452694899194e-01
8.795932979997216350e-01
8.795297110410509323e-01
8.784961997904029429e-01
8.759267553804368500e-01
8.719803637348271241e-01
8.675322852166027499e-01
8.638354422627256834e-01
8.621009463885762614e-01
8.631946153575311698e-01
8.675116287722289821e-01
8.749912848505035923e-01
8.852060643909177573e-01
8.974767481753087583e-01
9.109899070618556749e-01
9.249074940620595209e-01
9.384613080303075838e-01
9.510248364758698836e-01
9.621563417007814589e-01
9.716110674523483759e-01
9.793257132623260919e-01
9.853828261714886461e-01
9.899650443318085413e-01
9.933088051907902338e-01
9.956647788228460971e-01
9.972689945558570468e-01
9.983254792412521450e-01
9.989989350260655154e-01
9.994147964120848604e-01
9.996637857709107511e-01
9.998085046427326317e-01
9.998903033489177083e-01
9.999353934514776387e-01
9.999597517627555332e-01
9.999727578773647263e-01
9.999797231952189946e-01
9.999835530382943372e-01
9.999857850811695315e-01
9.999872085507914843e-01
9.999882176662546751e-01
9.999890052176354516e-01
9.999896645042755106e-01
9.999902410471869230e-01
9.999907579150772996e-01
9.999912277331064470e-01
9.999916582204464444e-01
9.999920546926343023e-01
9.999924211849759992e-01
9.999927609656968919e-01
9.999930767833817846e-01
9.999933709984153429e-01
9.999936456609586077e-01
9.999939025550772520e-01
9.999941431876853137e-01
9.999943686238070839e-01
9.999945789696145226e-01
9.999947723879631933e-01
9.999949441518130033e-01
9.999950871560379095e-01
9.999951950071410689e-01
9.999922496891923140e-01
9.999920473719006164e-01
9.999917781904268388e-01
9.999914526806121806e-01
9.999910827884930242e-01
9.999906762697188256e-01
9.999902355716758784e-01
9.999897593740763035e-01
9.999892442793922864e-01
9.999886856597460794e-01
9.999880777422415212e-01
9.999874130587197429e-01
9.999866808112738426e-01
9.999858624786941430e-01
9.999849202125012937e-01
9.999837672193548910e-01
9.999821956202568085e-01
9.999797099276731549e-01
9.999751644257701688e-01
9.999660211348886385e-01
9.999469288899111019e-01
9.999071905940886129e-01
9.998265917246798029e-01
9.996691223572696794e-01
9.993745038202397346e-01
9.988482954861399588e-01
9.979527489956663278e-01
9.965022376022447670e-01
9.942683160725735991e-01
9.909991701247726770e-01
9.864553137761111756e-01
9.804575680997533738e-01
9.729358279036574020e-01
9.639608855396639697e-01
9.537405394722220375e-01
9.425682944631396110e-01
9.307280303751419570e-01
9.183769229059079997e-01
9.054444308308994271e-01
8.915897309309717134e-01
8.762489097668515470e-01
8.587773982469091294e-01
8.386599570541707349e-01
8.157322659905517082e-01
7.903474284540135120e-01
7.634340997932547168e-01
7.364265030019037095e-01
7.110864158869834029e-01
6.892662933782367496e-01
6.726699514409064662e-01
6.626528911720370729e-01
6.600782843274625167e-01
6.652201025656435673e-01
6.776927506654992772e-01
6.963940584682544177e-01
7.194792354268451096e-01
7.444313541299860670e-01
7.683294184312299269e-01
7.883819957373464637e-01
8.026500977143011806e-01
8.106747191985529399e-01
8.136182145060988358e-01
8.136966892610917323e-01
8.130998281388772675e-01
8.129787702865565180e-01
8.130951097626721857e-01
8.123050550383459356e-01
8.095128373470553695e-01
8.044796697826888110e-01
7.980675712443816572e-01
7.919164096014478238e-01
7.878580756071169588e-01
7.873995555615037611e-01
7.914420854467556499e-01
8.002276237949128568e-01
8.134229731222926141e-01
8.302591542678380288e-01
8.496825263038964016e-01
8.705028593006587379e-01
8.915324464477022426e-01
9.117079407419342862e-01
9.301834079328130667e-01
9.463844738853361971e-01
9.600195950070216089e-01
9.710526789673747938e-01
9.796482217666666603e-01
9.861035301809848441e-01
9.907819310604292218e-01
9.940571415897496710e-01
9.962739637385843450e-01
9.977258502300890841e-01
9.986466988855275950e-01
9.992127346907793140e-01
9.995502416425906533e-01
9.997456691123338679e-01
9.998557321358274574e-01
9.999161755218042291e-01
9.999486830499357826e-01
9.999659354360619368e-01
9.999750913813054698e-01
9.999800573470354337e-01
9.999828969981985338e-01
9.999846677845150023e-01
9.999858968941284232e-01
9.999868413692707403e-01
9.999876249163579534e-01
9.999883072738945389e-01
9.999889181654133541e-01
9.999894732978966694e-01
9.999899813687009864e-01
9.999904462977526887e-01
9.999908667329859835e-01
9.999912349388335731e-01
9.999915383062407681e-01
9.999917656965111590e-01
