3.065916534788397257e+03 1.001978163763926677e+00 1.801817177374960208e-02 5.867579781543442550e+03
3.065924897526034783e+03 1.001758700461180318e+00 1.800535293824248595e-02 5.867068399821569074e+03
3.065933260263672310e+03 1.002514268544413945e+00 1.799560895302700775e-02 5.872267964923292311e+03
3.065941623001309836e+03 1.005042816431851449e+00 1.799333641110548859e-02 5.887855367865109656e+03
3.065949985738946907e+03 1.005855453423966317e+00 1.797495051322463289e-02 5.893393008603115959e+03
3.065958348476584433e+03 1.004235672083477304e+00 1.793963948778596121e-02 5.884678279117831153e+03
3.065966711214221959e+03 1.002964429759829246e+00 1.791111532890605693e-02 5.878003705593324412e+03
3.065975073951859486e+03 1.001772448343696054e+00 1.788493500686187329e-02 5.871791748260769054e+03
3.065983436689497012e+03 9.995335291643936415e-01 1.784207155262097430e-02 5.859440616930083706e+03
3.065991799427134083e+03 9.960099519103051691e-01 1.777353416990442442e-02 5.839554143796865901e+03
3.066000162164771609e+03 9.934406028577500436e-01 1.769322143773306363e-02 5.825257554199668448e+03
3.066008524902409135e+03 9.918695038425995314e-01 1.758929126547509325e-02 5.816811225103409015e+03
3.066016887640046662e+03 9.913058220266056653e-01 1.753183599332610101e-02 5.814271237592723082e+03
3.066025250377684188e+03 9.929172039540353767e-01 1.755886673184393551e-02 5.824489384380745832e+03
3.066033613115321714e+03 9.935174058902414007e-01 1.756657237624177983e-02 5.828777619899376987e+03
3.066041975852958785e+03 9.920538625756257778e-01 1.753356886062131664e-02 5.820957587749308914e+03
3.066050338590596311e+03 9.920562540924678929e-01 1.751946319260913598e-02 5.821737920079874129e+03
3.066058701328233838e+03 9.954647862867544994e-01 1.755339498990226774e-02 5.842509328573431048e+03
3.066067064065871364e+03 9.986782652362983237e-01 1.760477874582366126e-02 5.862141059866791693e+03
3.066075426803508890e+03 1.001656884589554153e+00 1.769747246782294239e-02 5.880398971930251719e+03
3.066083789541146416e+03 1.010061898301056527e+00 1.791364657471318164e-02 5.930522258248239268e+03
3.066092152278783487e+03 1.030840269025071310e+00 1.842417451752836194e-02 6.053317564378832685e+03
3.066100515016421014e+03 1.038663082668763060e+00 1.863791874045352820e-02 6.100057122919453832e+03
3.066108877754058540e+03 1.008611341636191927e+00 1.794518804700635448e-02 5.924342658428242430e+03
3.066117240491696066e+03 9.865421431037385558e-01 1.741590843723533205e-02 5.795475486174500475e+03
3.066125603229333592e+03 9.891848454748140007e-01 1.738707081905942198e-02 5.811764213367319826e+03
3.066133965966970663e+03 9.908625683377058069e-01 1.737595712293945813e-02 5.822386727375489500e+03
3.066142328704608190e+03 9.889358664212866135e-01 1.740841172225989289e-02 5.811829164318980474e+03
3.066150691442245716e+03 9.870359235986249091e-01 1.740953487597256960e-02 5.801425904643040667e+03
3.066159054179883242e+03 9.866363065891237127e-01 1.732315926837610029e-02 5.799839219515961304e+03
3.066167416917520768e+03 9.853689077204645930e-01 1.723744353628150691e-02 5.793150081051052439e+03
3.066175779655158294e+03 9.801999759192790984e-01 1.714465805614462032e-02 5.763518200472404715e+03
3.066184142392795366e+03 9.737498885783737457e-01 1.702673322609128334e-02 5.726344225733075291e+03
3.066192505130432892e+03 9.625897215623747671e-01 1.681675621195584044e-02 5.661458018535190604e+03
3.066200867868070418e+03 9.541064372179476338e-01 1.665151771071965089e-02 5.612300686117785517e+03
3.066209230605707944e+03 9.573650383635596839e-01 1.667035278735616924e-02 5.632208123523417271e+03
3.066217593343345470e+03 9.603816716881953264e-01 1.669937842252120636e-02 5.650696903972981090e+03
3.066225956080982996e+03 9.616088457843403603e-01 1.676829227167036043e-02 5.658660136275955665e+03
3.066234318818620068e+03 9.617765686158065153e-01 1.681607879766832889e-02 5.660390024781378997e+03
3.066242681556257594e+03 9.575014062315400087e-01 1.677112735853629466e-02 5.635968813916903855e+03
3.066251044293895120e+03 9.542795364236213995e-01 1.673475767006175549e-02 5.617741619275147968e+03
3.066259407031532646e+03 9.570485218825272034e-01 1.675389433351368029e-02 5.634781599347830706e+03
3.066267769769170172e+03 9.592650467781502766e-01 1.676254479547568954e-02 5.648572727389020656e+03
3.066276132506807244e+03 9.588139006655039820e-01 1.671041784093161425e-02 5.646656803808275072e+03
3.066284495244444770e+03 9.596691382691664440e-01 1.668867232731062467e-02 5.652434760942207504e+03
3.066292857982082296e+03 9.667056213304151546e-01 1.683692964620199170e-02 5.694626243628572411e+03
3.066301220719719822e+03 9.726276635685373595e-01 1.696455335955513247e-02 5.730262837781919188e+03
3.066309583457357348e+03 9.725470156744528971e-01 1.695765768316550778e-02 5.730538928750555897e+03
3.066317946194994875e+03 9.730326259928677723e-01 1.695939916857682264e-02 5.734151895878578216e+03
3.066326308932631946e+03 9.763812790599195601e-01 1.701321534669339094e-02 5.754639943470887374e+03
3.066334671670269472e+03 9.789002671199409367e-01 1.704601509359951472e-02 5.770242606466573307e+03
3.066343034407906998e+03 9.745862149123522000e-01 1.691665544650391290e-02 5.745565724421740015e+03
3.066351397145544524e+03 9.710500554563066267e-01 1.681116393346901786e-02 5.725468759659066563e+03
3.066359759883182051e+03 9.758153577353024799e-01 1.692529234912895295e-02 5.754319510314813670e+03
3.066368122620819577e+03 9.799091011317693223e-01 1.702823214007433833e-02 5.779216965092629835e+03
3.066376485358456648e+03 9.771374556914890208e-01 1.703148344059013039e-02 5.763625387905063690e+03
3.066384848096094174e+03 9.750279527872627305e-01 1.703494261512142685e-02 5.751935674610821479e+03
3.066393210833731700e+03 9.777603921602707748e-01 1.698522418870357029e-02 5.768810280525808594e+03
3.066401573571369227e+03 9.805457739528858907e-01 1.694110465464622461e-02 5.786001510177597083e+03
3.066409936309006753e+03 9.836362216654837010e-01 1.699460132117389111e-02 5.804997410580825090e+03
3.066418299046644279e+03 9.873478727319143777e-01 1.705080726494246149e-02 5.827664639863738557e+03
3.066426661784281350e+03 9.980202309499565105e-01 1.709165087809302180e-02 5.891427452788365372e+03
3.066435024521918876e+03 1.006865027463468731e+00 1.711461217353634282e-02 5.944417035913703330e+03
3.066443387259556403e+03 9.882771550131977945e-01 1.688013344605080943e-02 5.835439723925693215e+03
3.066451749997193929e+03 9.706587252099224683e-01 1.666405400099911158e-02 5.732158673262676530e+03
3.066460112734831455e+03 9.800522321611581100e-01 1.688312091394889372e-02 5.788388413275562925e+03
3.066468475472468526e+03 9.890217418754269074e-01 1.708897364589165649e-02 5.842128123365780993e+03
3.066476838210106052e+03 9.860443749248987144e-01 1.702306649057465024e-02 5.825302543066791259e+03
3.066485200947743579e+03 9.835531979659574153e-01 1.696490179036059393e-02 5.811345027041987123e+03
3.066493563685381105e+03 9.903164841344970215e-01 1.707832715571674584e-02 5.852071003524206390e+03
3.066501926423018631e+03 9.967976646558862619e-01 1.718889755981770767e-02 5.891140165372915362e+03
3.066510289160656157e+03 9.979989997266957014e-01 1.720717185388982370e-02 5.899011025444013285e+03
3.066518651898293228e+03 9.992772649121242079e-01 1.722520062743304950e-02 5.907338522339590781e+03
3.066527014635930755e+03 1.001650164869895887e+00 1.722945762413170823e-02 5.922139894543473929e+03
3.066535377373568281e+03 1.003940057529398855e+00 1.723389000525842388e-02 5.936454097476387687e+03
3.066543740111205807e+03 9.993286424314568039e-01 1.719387354478011179e-02 5.909957998339821643e+03
3.066552102848843333e+03 9.946699567341872328e-01 1.715300658601037059e-02 5.883175183706294774e+03
3.066560465586480859e+03 9.978535701912232270e-01 1.719085856805025944e-02 5.902776082715349730e+03
3.066568828324117931e+03 1.001219797561557101e+00 1.723148854237711858e-02 5.923462288772528154e+03
3.066577191061755457e+03 1.000822829414022452e+00 1.723866112796478001e-02 5.921886799216632426e+03
3.066585553799392983e+03 1.000318004668075522e+00 1.724407006658416550e-02 5.919672423638194232e+03
3.066593916537030509e+03 9.998172048935763945e-01 1.727422299276018189e-02 5.917481090217181190e+03
3.066602279274668035e+03 9.992196526594790962e-01 1.730474159970049261e-02 5.914716272864522580e+03
3.066610642012305107e+03 9.969978777591621544e-01 1.726135119559363620e-02 5.902334959019500275e+03
3.066619004749942633e+03 9.949840309045806519e-01 1.722001588640535014e-02 5.891181329883087528e+03
3.066627367487580159e+03 9.968473410836882209e-01 1.732343124034888340e-02 5.902983767099263787e+03
3.066635730225217685e+03 9.984430883219740371e-01 1.742630525833890540e-02 5.913204461399875072e+03
3.066644092962855211e+03 1.003635079973150379e+00 1.742873429365948690e-02 5.944728887165842025e+03
3.066652455700492737e+03 1.008972584816510309e+00 1.742632936051078524e-02 5.977123349682658954e+03
3.066660818438129809e+03 1.004807850431152394e+00 1.731738635755388639e-02 5.953227737717046693e+03
3.066669181175767335e+03 1.000547227046216570e+00 1.720908495906748811e-02 5.928757500074845666e+03
3.066677543913404861e+03 9.959652381418002687e-01 1.713875949230327794e-02 5.902376175907671495e+03
3.066685906651042387e+03 9.912576550772169703e-01 1.706871640831291934e-02 5.875243369060582154e+03
3.066694269388679913e+03 1.000025050007148586e+00 1.722813913319128781e-02 5.927980698130319979e+03
3.066702632126317440e+03 1.009866999765692164e+00 1.740457626614290085e-02 5.987102182446828010e+03
3.066710994863954511e+03 1.009260378605053132e+00 1.737904966834650719e-02 5.984285354411046683e+03
3.066719357601592037e+03 1.007919159882995075e+00 1.734150251268848711e-02 5.977111315851699146e+03
3.066727720339229563e+03 9.997755368112938301e-01 1.720291034561358123e-02 5.929590676013449411e+03
3.072369219442896792e+03 1.001295685575938954e+00 1.578463520490608687e-02 6.848893115150440281e+03
3.072377020235873260e+03 9.933339167777498480e-01 1.567573544113909020e-02 6.795360540762012533e+03
3.072384821028849728e+03 9.935409374356461987e-01 1.565642983620437606e-02 6.797703122150389390e+03
3.072392621821826651e+03 9.988830694572503610e-01 1.569445364248636676e-02 6.835184772047585284e+03
3.072400422614803119e+03 1.000888476165302965e+00 1.569495071521213522e-02 6.849840636144535893e+03
3.072408223407779587e+03 1.000597137773160394e+00 1.566839329035046857e-02 6.848779725890894952e+03
3.072416024200756056e+03 1.001358695939139176e+00 1.565118427049622118e-02 6.854926007238382226e+03
3.072423824993732978e+03 1.003067927885653576e+00 1.564338157561448450e-02 6.867562011523184992e+03
3.072431625786709446e+03 1.003345053430650724e+00 1.564188992939188894e-02 6.870394869362768077e+03
3.072439426579685914e+03 1.002263168425409523e+00 1.564341397426426486e-02 6.863921166180434739e+03
3.072447227372662837e+03 1.000513874891831190e+00 1.562079403659307267e-02 6.852874127984337974e+03
3.072455028165639305e+03 9.984602555636064025e-01 1.558346271709418543e-02 6.839739108790992759e+03
3.072462828958615773e+03 9.984563297441133578e-01 1.560519456758545538e-02 6.840643159563875997e+03
3.072470629751592242e+03 1.000294563620615307e+00 1.567910823424990482e-02 6.854169960461548726e+03
3.072478430544569164e+03 9.981241228680731714e-01 1.569249720968119918e-02 6.840228405478679633e+03
3.072486231337545632e+03 9.917987189929050595e-01 1.564546245235694938e-02 6.797804618030078927e+03
3.072494032130522100e+03 9.897773903376125837e-01 1.564242748711995937e-02 6.784873250080674552e+03
3.072501832923499023e+03 9.928314515429981224e-01 1.569135154378593910e-02 6.806734382237488717e+03
3.072509633716475491e+03 9.940005609000118758e-01 1.571415019776578603e-02 6.815676446258826218e+03
3.072517434509451959e+03 9.926185705478992594e-01 1.570150782844619008e-02 6.807125896916213605e+03
3.072525235302428428e+03 9.908858512424335574e-01 1.568484271677530323e-02 6.796167233441779899e+03
3.072533036095405350e+03 9.885719660566609779e-01 1.565921489265115207e-02 6.781218767200629372e+03
3.072540836888381818e+03 9.852115897155079294e-01 1.561443665102980535e-02 6.759086488520146304e+03
3.072548637681358286e+03 9.803674164960239912e-01 1.554416581803040077e-02 6.726766907749780330e+03
3.072556438474335209e+03 9.802258666510992313e-01 1.554579781811768653e-02 6.726709612958988146e+03
3.072564239267311677e+03 9.873216736837807650e-01 1.565750567754112255e-02 6.776324496339495454e+03
3.072572040060288145e+03 9.884704104107805422e-01 1.567322520088698656e-02 6.785130300314462147e+03
3.072579840853265068e+03 9.793504700263062634e-01 1.552835732783644333e-02 6.723441673698413069e+03
3.072587641646241536e+03 9.741474546683468461e-01 1.545270778189284343e-02 6.688630185598261960e+03
3.072595442439218004e+03 9.759092431837925741e-01 1.549349835422889066e-02 6.701636788700393481e+03
3.072603243232194473e+03 9.761883496104004632e-01 1.551128397872031904e-02 6.704463613459168300e+03
3.072611044025171395e+03 9.734439073672922493e-01 1.548316232360319109e-02 6.686522401034683753e+03
3.072618844818147863e+03 9.711290218455714829e-01 1.546126406858740546e-02 6.671527068345107182e+03
3.072626645611124331e+03 9.695266254319471200e-01 1.544661882770704056e-02 6.661422788548599783e+03
3.072634446404101254e+03 9.694581417267840173e-01 1.543587398007781331e-02 6.661856157103378791e+03
3.072642247197077722e+03 9.728752300057709190e-01 1.543577505272398370e-02 6.686244563022777584e+03
3.072650047990054190e+03 9.768787185650165128e-01 1.547445265020781086e-02 6.714670019853941994e+03
3.072657848783030659e+03 9.826207331595103733e-01 1.561471341792716391e-02 6.755054489482805366e+03
3.072665649576007581e+03 9.861765198790856113e-01 1.571258978355389441e-02 6.780418341823835362e+03
3.072673450368984049e+03 9.836424789580655581e-01 1.569150740780411724e-02 6.763912773517393362e+03
3.072681251161960517e+03 9.818197356442540658e-01 1.567198518369480528e-02 6.752294305279930086e+03
3.072689051954937440e+03 9.828634256582879924e-01 1.566644429908333261e-02 6.760388506856586901e+03
3.072696852747913908e+03 9.842458121806436644e-01 1.568013557711693193e-02 6.770814612532476531e+03
3.072704653540890376e+03 9.867244000982772212e-01 1.575542186515526549e-02 6.788785296531235872e+03
3.072712454333866845e+03 9.885083368849358898e-01 1.582089470343055887e-02 6.801980669572647457e+03
3.072720255126843767e+03 9.879323598264188044e-01 1.584953205218289987e-02 6.798938470891665929e+03
3.072728055919820235e+03 9.861039770188096965e-01 1.584584506625058217e-02 6.787274989310745696e+03
3.072735856712796704e+03 9.788764359619281930e-01 1.571773514050239101e-02 6.738441088726889575e+03
3.072743657505773626e+03 9.724194474554578305e-01 1.560795963603798381e-02 6.694898799089289241e+03
3.072751458298750094e+03 9.699380186278773186e-01 1.557967258119096442e-02 6.678719048958429084e+03
3.072759259091726562e+03 9.675330805187387639e-01 1.554688337705553008e-02 6.663061436329375283e+03
3.072767059884703031e+03 9.657129761500611309e-01 1.550228541421236512e-02 6.651427429468356422e+03
3.072774860677679953e+03 9.633645998334861016e-01 1.544987024671069450e-02 6.636151019562769761e+03
3.072782661470656421e+03 9.583938868799884991e-01 1.535448311584121546e-02 6.602803781501870617e+03
3.072790462263632890e+03 9.520586992469756149e-01 1.523526000662055180e-02 6.560045526176226304e+03
3.072798263056609812e+03 9.367029163707462081e-01 1.496253192813550188e-02 6.455111724080319618e+03
3.072806063849586280e+03 9.216916450506328351e-01 1.470423310270087096e-02 6.352523744759277179e+03
3.072813864642562748e+03 9.080340117026662883e-01 1.452097538410005405e-02 6.259238638279424777e+03
3.072821665435539217e+03 8.955860927132519578e-01 1.435111806070360312e-02 6.174267965916593312e+03
3.072829466228516139e+03 8.921015738114058680e-01 1.428975315473246868e-02 6.151077093870202589e+03
3.072837267021492607e+03 8.894405915278227326e-01 1.423974712712719297e-02 6.133558810764016926e+03
3.072845067814469076e+03 8.940644856686174036e-01 1.428765974715802238e-02 6.166278673122740656e+03
3.072852868607445998e+03 8.980387587544377270e-01 1.432928415792760271e-02 6.194526176946013948e+03
3.072860669400422466e+03 8.963079695161865201e-01 1.430820120569834854e-02 6.183423174949877648e+03
3.072868470193398934e+03 8.949409915042396690e-01 1.429154397227666226e-02 6.174827134883180406e+03
3.072876270986375403e+03 8.971114134549693642e-01 1.432767880422996555e-02 6.190638853428281436e+03
3.072884071779352325e+03 8.990627595571791808e-01 1.436324653051675344e-02 6.204942652465979336e+03
3.072891872572328793e+03 9.001183506445382676e-01 1.440864456410303855e-02 6.213067141093024475e+03
3.072899673365305262e+03 9.012867903129772040e-01 1.444852324246437107e-02 6.221972640727865837e+03
3.072907474158282184e+03 9.025700059637433714e-01 1.438988827320680439e-02 6.231672774506614587e+03
3.072915274951258652e+03 9.039455817682743310e-01 1.433944774170567427e-02 6.242013075512023534e+03
3.072923075744235121e+03 9.049864867892986053e-01 1.440187448924983363e-02 6.250044628312007262e+03
3.072930876537211589e+03 9.060837020415963838e-01 1.446209029031444125e-02 6.258467066055412033e+03
3.072938677330188511e+03 9.092702219097300587e-01 1.446484603285332418e-02 6.281324663676847194e+03
3.072946478123164979e+03 9.125406453998357037e-01 1.446970444860967535e-02 6.304767895796401717e+03
3.072954278916141448e+03 9.200901879381957471e-01 1.457795454090445898e-02 6.357785765019416431e+03
3.072962079709118370e+03 9.274668812586566169e-01 1.468277876465267674e-02 6.409623170148504869e+03
3.072969880502094838e+03 9.261647921163944641e-01 1.463555438221256048e-02 6.401488113462464753e+03
3.072977681295071307e+03 9.249189841154217273e-01 1.459124576021387371e-02 6.393739686507993611e+03
3.072985482088047775e+03 9.274539940188682996e-01 1.467196731778074373e-02 6.412128334993098179e+03
3.072993282881024697e+03 9.299633403061386971e-01 1.475206365615591708e-02 6.430344256493541252e+03
3.073001083674001165e+03 9.337803978584138243e-01 1.479172518728033917e-02 6.457608404702072221e+03
3.073008884466977634e+03 9.376425477183576440e-01 1.483262334875405999e-02 6.485191551144706864e+03
3.073016685259954556e+03 9.370230598555095991e-01 1.488013556374927389e-02 6.481780536438801391e+03
3.073024486052931024e+03 9.362862849904745044e-01 1.492662738138300638e-02 6.477556933911832857e+03
3.073032286845907493e+03 9.389232431366043574e-01 1.500664461899386959e-02 6.496675771434647686e+03
3.073040087638883961e+03 9.416021669097609514e-01 1.508797903428089025e-02 6.516089937451471997e+03
3.073047888431860883e+03 9.370394576159053468e-01 1.499404406177870346e-02 6.485388685454048755e+03
3.073055689224837352e+03 9.324245843493680352e-01 1.489619270494138906e-02 6.454317841863513422e+03
3.073063490017813820e+03 9.343922703097999882e-01 1.495210352536323686e-02 6.468809533595821449e+03
3.073071290810790742e+03 9.364289841363462319e-01 1.501185696370622644e-02 6.483782839754929228e+03
3.073079091603767210e+03 9.436569285208380453e-01 1.517660296382722200e-02 6.534708579306876345e+03
3.073086892396743679e+03 9.512255207418753855e-01 1.534715951808083949e-02 6.588007059418501740e+03
3.073094693189720147e+03 9.501063201489887700e-01 1.526836624874872324e-02 6.581141551986413106e+03
3.073102493982697069e+03 9.484976908893795189e-01 1.517704568360857612e-02 6.570883354967360901e+03
3.073110294775673538e+03 9.632594165702669242e-01 1.546772854460641035e-02 6.674045913676867713e+03
3.073118095568650006e+03 9.790107046964886539e-01 1.578018581186131641e-02 6.784093211465656168e+03
3.073125896361626928e+03 9.835485736291360581e-01 1.581744558874574602e-02 6.816455596865430380e+03
3.073133697154603396e+03 9.873700403404935821e-01 1.583793376471971312e-02 6.843860771017173647e+03
3.073141497947579865e+03 9.935225904220551518e-01 1.589039781545200161e-02 6.887432925662287744e+03
3.073149298740556333e+03 1.000071611665333426e+00 1.594821911476206056e-02 6.933765394546227981e+03
3.073157099533533255e+03 9.981705096138193678e-01 1.596948056581566286e-02 6.921515220101224259e+03
3.073164900326509724e+03 9.951971110556422362e-01 1.598333552258720744e-02 6.901824980951070756e+03
3.073172701119486192e+03 9.939193975996860608e-01 1.591290051914432194e-02 6.893890580961427986e+03
3.073180501912463114e+03 9.928341796336626057e-01 1.583613513398650363e-02 6.887289139245347542e+03
3.073188302705439582e+03 9.988062536349191500e-01 1.596778065968339905e-02 6.929648677204512751e+03
3.073196103498416051e+03 1.005585749428903108e+00 1.612169279689325621e-02 6.977621941041186801e+03
3.073203904291392519e+03 1.000503030656024750e+00 1.603994318859715967e-02 6.943286502914822449e+03
3.073211705084369441e+03 9.939159794247738322e-01 1.592917855990995737e-02 6.898500424357785050e+03
3.073219505877345910e+03 9.961037279106940145e-01 1.599011799643132795e-02 6.914613741671067146e+03
3.073227306670322378e+03 9.994690197556101996e-01 1.607286722989589162e-02 6.938906342577771284e+03
3.073235107463299300e+03 9.987491484578182588e-01 1.599427834699948536e-02 6.934839786126425679e+03
3.073242908256275769e+03 9.977501964871281492e-01 1.590261106921784726e-02 6.928833823414688595e+03
3.073250709049252237e+03 9.955852587943694321e-01 1.592431769363287716e-02 6.914727772467012073e+03
3.073258509842228705e+03 9.929537956803785592e-01 1.595433460167660147e-02 6.897377048501162790e+03
3.073266310635205627e+03 9.956430261383620861e-01 1.592180592073400014e-02 6.916985630564377061e+03
3.073274111428182096e+03 9.991168276008148830e-01 1.588239445698790345e-02 6.942050573483256812e+03
3.073281912221158564e+03 9.970478206280681821e-01 1.584325607553086976e-02 6.928604356582229229e+03
3.073289713014135486e+03 9.944092424058403878e-01 1.580695401669402270e-02 6.911195731787126533e+03
3.073297513807111955e+03 9.975714142600664580e-01 1.586223611322248872e-02 6.934103108614236589e+03
3.073305314600088423e+03 1.001190020191969454e+00 1.592544042436880303e-02 6.960189473772069505e+03
3.073313115393064891e+03 1.002222002693092806e+00 1.596578871560911869e-02 6.968298184815706918e+03
3.073320916186041813e+03 1.003248387606732406e+00 1.600870210820526732e-02 6.976369895866117076e+03
3.073328716979018282e+03 1.000913772471595076e+00 1.593524578148283050e-02 6.961068727793077414e+03
3.073336517771994750e+03 9.979317067504595018e-01 1.584255997964553048e-02 6.941259769075180884e+03
3.073344318564971672e+03 9.978772047561901282e-01 1.585843937154239255e-02 6.941811076288184267e+03
3.073352119357948141e+03 9.981011965190468294e-01 1.588882654309346776e-02 6.944299905204809875e+03
3.073359920150924609e+03 9.981401074150937358e-01 1.592266715238750338e-02 6.945501277108272006e+03
3.073367720943901077e+03 9.983703260736670471e-01 1.595976583327276058e-02 6.948034104149350242e+03
3.073375521736878000e+03 9.970379036912678794e-01 1.589026576448873684e-02 6.939690897555528863e+03
3.073383322529854468e+03 9.954898216781351561e-01 1.580447337840285363e-02 6.929843947775052584e+03
3.073391123322830936e+03 9.944782471028744686e-01 1.580772402659658127e-02 6.923729368656575389e+03
3.073398924115807858e+03 9.934227814084223285e-01 1.582222920941410427e-02 6.917307284710113890e+03
3.228690531032438230e+03 9.950298341066654562e-01 1.120140013736860285e-02 1.262279465341457762e+04
3.228699922996976511e+03 9.949211169075052874e-01 1.118272467888863086e-02 1.262402472674959063e+04
3.228709314961514337e+03 9.967461117971091467e-01 1.119211324532524109e-02 1.264976988998417437e+04
3.228718706926052619e+03 9.971307583279886977e-01 1.119264751604842449e-02 1.265721597242993266e+04
3.228728098890590900e+03 9.963648398314928212e-01 1.118649073080407209e-02 1.265003097399567559e+04
3.228737490855129181e+03 9.976472732716640257e-01 1.120304566493002599e-02 1.266882826534480409e+04
3.228746882819667462e+03 1.000530698420665665e+00 1.123780189493230573e-02 1.270794122993945348e+04
3.228756274784205289e+03 1.000695966172201246e+00 1.122023373399102207e-02 1.271251258585827418e+04
3.228765666748743570e+03 9.982925765403132257e-01 1.115162682497270775e-02 1.268442173919800916e+04
3.228775058713281851e+03 9.962338322713567562e-01 1.111206408021280477e-02 1.266067384377449707e+04
3.228784450677820132e+03 9.945666047116507036e-01 1.110212376105403423e-02 1.264186733650314818e+04
3.228793842642358413e+03 9.912544867475601151e-01 1.106636719170014764e-02 1.260211570197295805e+04
3.228803234606896240e+03 9.859822524231786067e-01 1.100084548826246907e-02 1.253739919978518810e+04
3.228812626571434521e+03 9.824501635468150251e-01 1.094156941362087188e-02 1.249476423858213457e+04
3.228822018535972802e+03 9.810875675296669707e-01 1.088959229526076898e-02 1.247968459929461096e+04
3.228831410500511083e+03 9.807829559706081612e-01 1.085841211207511266e-02 1.247803411892283839e+04
3.228840802465049364e+03 9.818736421198174247e-01 1.085537215386898034e-02 1.249411225077946619e+04
3.228850194429587191e+03 9.860967229566940384e-01 1.088619011321956785e-02 1.255003630267978224e+04
3.228859586394125472e+03 9.946454595435078039e-01 1.096394519741894502e-02 1.266101601746496817e+04
3.228868978358663753e+03 9.983760136645312144e-01 1.100146585827775463e-02 1.271066586265456863e+04
3.228878370323202034e+03 9.954974343512373869e-01 1.098084233235539948e-02 1.267614919619850843e+04
3.228887762287740316e+03 9.948253018788937307e-01 1.098058924778012868e-02 1.266969547307074936e+04
3.228897154252278142e+03 9.976804348431723701e-01 1.101543878462678955e-02 1.270814292591221601e+04
3.228906546216816423e+03 9.988246457127163414e-01 1.102358584758847057e-02 1.272478023831946120e+04
3.228915938181354704e+03 9.966083197254232973e-01 1.098038916439387537e-02 1.269857767236207656e+04
3.228925330145892985e+03 9.947111760106328582e-01 1.093593314946250672e-02 1.267640846694593711e+04
3.228934722110431267e+03 9.937410751221867899e-01 1.089040702867568461e-02 1.266602236265678948e+04
3.228944114074969093e+03 9.957612036495576691e-01 1.086776421391852723e-02 1.269372597507368482e+04
3.228953506039507374e+03 1.004331907812217484e+00 1.089475814334674511e-02 1.280493011189871868e+04
3.228962898004045655e+03 1.006668094880535547e+00 1.090311410963246824e-02 1.283664166470596138e+04
3.228972289968583937e+03 9.946313408355587082e-01 1.086699133233936382e-02 1.268503127931090785e+04
3.228981681933122218e+03 9.838548239412140406e-01 1.081443054011142074e-02 1.254942533427133822e+04
3.228991073897660044e+03 9.769474768840048506e-01 1.072772634521256332e-02 1.246311436618243170e+04
3.229000465862198325e+03 9.699867821420754543e-01 1.064990175273346218e-02 1.237607277698973485e+04
3.229009857826736607e+03 9.629656003641461348e-01 1.059176055975510899e-02 1.228820970201189994e+04
3.229019249791274888e+03 9.559396938094820717e-01 1.052386831751634180e-02 1.220023701991976668e+04
3.229028641755813169e+03 9.486116165779127085e-01 1.042817056850058217e-02 1.210835855257947696e+04
3.229038033720350995e+03 9.423368703062906526e-01 1.035124155746450399e-02 1.202987762482543076e+04
3.229047425684889276e+03 9.391504828185358589e-01 1.032570772161482339e-02 1.199078272398082845e+04
3.229056817649427558e+03 9.374719287649070365e-01 1.030672796797319976e-02 1.197090742280643099e+04
3.229066209613965839e+03 9.407169714575936981e-01 1.031286282587819472e-02 1.201388201760028278e+04
3.229075601578504120e+03 9.428213597145971292e-01 1.030992648303930177e-02 1.204227418646435763e+04
3.229084993543041946e+03 9.409922070477404477e-01 1.027285794981670775e-02 1.202040143567629639e+04
3.229094385507580228e+03 9.400102565259876863e-01 1.024800328136243194e-02 1.200932272590709545e+04
3.229103777472118509e+03 9.423934126975551662e-01 1.026920070216000118e-02 1.204121403606234890e+04
3.229113169436656790e+03 9.436707573887878064e-01 1.027578199150937233e-02 1.205895779706611756e+04
3.229122561401195071e+03 9.406540567807568642e-01 1.023078943149565052e-02 1.202180245619158813e+04
3.229131953365732898e+03 9.393117972714188912e-01 1.020806793590020752e-02 1.200601664478045859e+04
3.229141345330271179e+03 9.445482978818473541e-01 1.026798402864780892e-02 1.207430041853516013e+04
3.229150737294809460e+03 9.488407788665352838e-01 1.030867190745716512e-02 1.213050625136014423e+04
3.229160129259347741e+03 9.484142680897056366e-01 1.025893778131355127e-02 1.212636328531647450e+04
3.229169521223886022e+03 9.491911781817218285e-01 1.022829394943617839e-02 1.213758361418852473e+04
3.229178913188423849e+03 9.554181472953121590e-01 1.028458097365166080e-02 1.221848071978068583e+04
3.229188305152962130e+03 9.600537671772279014e-01 1.032091538744834940e-02 1.227901678862981498e+04
3.229197697117500411e+03 9.562198234395248297e-01 1.024848605395689387e-02 1.223120458218536805e+04
3.229207089082038692e+03 9.532791787872340050e-01 1.019157986853974109e-02 1.219478592523030602e+04
3.229216481046576973e+03 9.549227767788138754e-01 1.021965890851780044e-02 1.221698518741743828e+04
3.229225873011115254e+03 9.567962438490604793e-01 1.024871520001551309e-02 1.224210540279863380e+04
3.229235264975653081e+03 9.606998218975963955e-01 1.028856001459855542e-02 1.229318328247065620e+04
3.229244656940191362e+03 9.643531923230141967e-01 1.032689339142006148e-02 1.234104395784015833e+04
3.229254048904729643e+03 9.655512409428299581e-01 1.034780886549578442e-02 1.235746445868844239e+04
3.229263440869267924e+03 9.666642772523821314e-01 1.036963158860292403e-02 1.237277505532519353e+04
3.229272832833806206e+03 9.675309213453037183e-01 1.040438031088075123e-02 1.238490963350748279e+04
3.229282224798344032e+03 9.682356749476184188e-01 1.043301980694329861e-02 1.239494908712033794e+04
3.229291616762882313e+03 9.674281070638253155e-01 1.041051932785339376e-02 1.238560381179648903e+04
3.229301008727420594e+03 9.666970834101935584e-01 1.039331135206867512e-02 1.237721242958279254e+04
3.229310400691958876e+03 9.666687226704083757e-01 1.042733592381970588e-02 1.237779241618738524e+04
3.229319792656497157e+03 9.672165367661789137e-01 1.046076315653542838e-02 1.238572608274594131e+04
3.229329184621034983e+03 9.739879281260397370e-01 1.049541393394594173e-02 1.247333826830933867e+04
3.229338576585573264e+03 9.805139036679423326e-01 1.053176573944644180e-02 1.255779500144380654e+04
3.229347968550111545e+03 9.837208444073854974e-01 1.057957876548640437e-02 1.259972749031209787e+04
3.229357360514649827e+03 9.869546590266369268e-01 1.062518943296897507e-02 1.264198481017376980e+04
3.229366752479188108e+03 9.920877412830377828e-01 1.064002118078348838e-02 1.270855197407430387e+04
3.229376144443725934e+03 9.969988910921796510e-01 1.065416984276621772e-02 1.277225921488030144e+04
3.229385536408264215e+03 9.974225347255638585e-01 1.065268538048317996e-02 1.277845732184813642e+04
3.229394928372802497e+03 9.977825152516692775e-01 1.065105173454183179e-02 1.278381513465954049e+04
3.229404320337340778e+03 9.973357494818766433e-01 1.065510796794507525e-02 1.277881139669120785e+04
3.229413712301879059e+03 9.970130619191982513e-01 1.065724612515022394e-02 1.277537164882238903e+04
3.229423104266416885e+03 9.984663608687550651e-01 1.061649767889984337e-02 1.279466425132460245e+04
3.229432496230955167e+03 9.998602011309277726e-01 1.057751819757325566e-02 1.281317150948433118e+04
3.229441888195493448e+03 9.990753231124674949e-01 1.059855391777673149e-02 1.280373365289820140e+04
3.229451280160031729e+03 9.982431954013969433e-01 1.061766763350129039e-02 1.279366396692740636e+04
3.229460672124570010e+03 9.957612546670218112e-01 1.057972746960349035e-02 1.276242277729108537e+04
3.229470064089107836e+03 9.932813802712450180e-01 1.054152448892351455e-02 1.273118007478255458e+04
3.229479456053646118e+03 9.935269311745689169e-01 1.050763020060824053e-02 1.273484356031009884e+04
3.229488848018184399e+03 9.939038595083313776e-01 1.047572789394884095e-02 1.274016615769809323e+04
3.229498239982722680e+03 9.951554170231021734e-01 1.048139140994814797e-02 1.275667561170558838e+04
3.229507631947260961e+03 9.963692585853475281e-01 1.048717630056696624e-02 1.277267750378083474e+04
3.229517023911798788e+03 9.970321839512706896e-01 1.049810829897183766e-02 1.278159264962144880e+04
3.229526415876337069e+03 9.976896014428969783e-01 1.050878657216452496e-02 1.279041245971250100e+04
3.229535807840875350e+03 9.986916990978950137e-01 1.051663591917692715e-02 1.280362642808736928e+04
3.229545199805413631e+03 9.997077657684360075e-01 1.052495504802166554e-02 1.281699489645421272e+04
3.229554591769951912e+03 9.999641600307455080e-01 1.052848334118013270e-02 1.282059890003955297e+04
3.229563983734489739e+03 1.000214499383082156e+00 1.053172658191800157e-02 1.282410009089720552e+04
3.229573375699028020e+03 9.982031803534950898e-01 1.049181406430797422e-02 1.279857796292397143e+04
3.229582767663566301e+03 9.961676270290356072e-01 1.045129805357603719e-02 1.277271879455342059e+04
3.229592159628104582e+03 9.975482000280602168e-01 1.047060325697438815e-02 1.279063527604720730e+04
3.229601551592642863e+03 9.989137462480160989e-01 1.049028217856091613e-02 1.280833436490690656e+04
3.229610943557180690e+03 9.971281991298162062e-01 1.047265906928620052e-02 1.278560396291955476e+04
3.229620335521718971e+03 9.953769955957578741e-01 1.045563821474374162e-02 1.276328812573920004e+04
3.229629727486257252e+03 9.969333400024178449e-01 1.044281946089361396e-02 1.278335825635742003e+04
3.229639119450795533e+03 9.985807066629451834e-01 1.043008843596991177e-02 1.280457060047538107e+04
3.229648511415333815e+03 9.998087986746040379e-01 1.046853751098000308e-02 1.282038160498284924e+04
3.229657903379871641e+03 1.000947824454741841e+00 1.050743973019837955e-02 1.283502531678773448e+04
3.229667295344409922e+03 1.000271348218404466e+00 1.048524631056064853e-02 1.282636375282174777e+04
3.241345315366288560e+03 1.000114164150145868e+00 6.984056370122304104e-03 1.247308550313332125e+04
3.241353663757279264e+03 1.000018400584511413e+00 6.986456619288047322e-03 1.245806777778931610e+04
3.241362012148269514e+03 1.000168787941158932e+00 6.994323160296933919e-03 1.244607241366015296e+04
3.241370360539260219e+03 1.000989220495588583e+00 7.006496130503132684e-03 1.244238322425963452e+04
3.241378708930250468e+03 1.002316438518388475e+00 7.022006270245036326e-03 1.244497026493158046e+04
3.241387057321241173e+03 1.002134424269643942e+00 7.016333931305495861e-03 1.242883419962301559e+04
3.241395405712231423e+03 1.000858225101488141e+00 6.995700280219526931e-03 1.239920457537750553e+04
3.241403754103222127e+03 1.000833789748554858e+00 6.994484586470373598e-03 1.238518221639390504e+04
3.241412102494212832e+03 1.001625358553586143e+00 7.006944414914763331e-03 1.238135416627459199e+04
3.241420450885203081e+03 1.003277433057171208e+00 7.024925984027140594e-03 1.238826197441279874e+04
3.241428799276193786e+03 1.005833040773467690e+00 7.048934682958206237e-03 1.240642740401994706e+04
3.241437147667184036e+03 1.006709620492506341e+00 7.052908017609686372e-03 1.240402018194670745e+04
3.241445496058174740e+03 1.006041105150395021e+00 7.038814992121799653e-03 1.238278059658208440e+04
3.241453844449164990e+03 1.005384772851813047e+00 7.032514296512172580e-03 1.236194112695054355e+04
3.241462192840155694e+03 1.004534027336173141e+00 7.032104212668942311e-03 1.233898830436353455e+04
3.241470541231145944e+03 1.004051043089814188e+00 7.026091895131287603e-03 1.232085235235186701e+04
3.241478889622136649e+03 1.004293390607013947e+00 7.017132823014586747e-03 1.231192812945524383e+04
3.241487238013126898e+03 1.004651417969081306e+00 7.022597656610511836e-03 1.230474834492863556e+04
3.241495586404117603e+03 1.004858500685238853e+00 7.042886881136865666e-03 1.229607192041474991e+04
3.241503934795108307e+03 1.003912326725436843e+00 7.040824254476351664e-03 1.227367515927840577e+04
3.241512283186098557e+03 1.001628200562611370e+00 7.011443932440183241e-03 1.223536318007946466e+04
3.241520631577089262e+03 1.000159729657248642e+00 6.994808096453637540e-03 1.220748571689692471e+04
3.241528979968079511e+03 9.999116990266603278e-01 6.996059244796887407e-03 1.219497833352568341e+04
3.241537328359070216e+03 9.992536060696423084e-01 6.996069598507633804e-03 1.217795674537210289e+04
3.241545676750060466e+03 9.978520806951722832e-01 6.993477369938797157e-03 1.215237223267573063e+04
3.241554025141051170e+03 9.953892373163611973e-01 6.979342465686465442e-03 1.211436600446443481e+04
3.241562373532041420e+03 9.910729833803205713e-01 6.945861000229816389e-03 1.205431910365539807e+04
3.241570721923032124e+03 9.851461055780952325e-01 6.904635844825358221e-03 1.197521202190987788e+04
3.241579070314022829e+03 9.767144924152397767e-01 6.851451425071135130e-03 1.186620152603723363e+04
3.241587418705013079e+03 9.683932678254527637e-01 6.812648391482236526e-03 1.175907467445781003e+04
3.241595767096003783e+03 9.602585000098006196e-01 6.800939964990061586e-03 1.165473481659737081e+04
3.241604115486994033e+03 9.530655141444775991e-01 6.763126337239976776e-03 1.156232474875617118e+04
3.241612463877984737e+03 9.477565933784644070e-01 6.672498668187093994e-03 1.149324026052773843e+04
3.241620812268974987e+03 9.455429025622367201e-01 6.620740962885305302e-03 1.146212214617318386e+04
3.241629160659965692e+03 9.500887318407668092e-01 6.653949375970777229e-03 1.151332347926484363e+04
3.241637509050955941e+03 9.556626609991477617e-01 6.692632437558341564e-03 1.157732677435953883e+04
3.241645857441946646e+03 9.642427323015074769e-01 6.747701570462386576e-03 1.167807693114134236e+04
3.241654205832936896e+03 9.713058840892886403e-01 6.790080619734422188e-03 1.176078122833295856e+04
3.241662554223927600e+03 9.742387551956983582e-01 6.797920369022464326e-03 1.179381785308797771e+04
3.241670902614918305e+03 9.779175630095505722e-01 6.817041119362080362e-03 1.183623416609152810e+04
3.241679251005908554e+03 9.838429688035527088e-01 6.870048447672309939e-03 1.190618313874773412e+04
3.241687599396899259e+03 9.884043293457119850e-01 6.912824602587714674e-03 1.195996246384227379e+04
3.241695947787889509e+03 9.884845289492156795e-01 6.921292476111603163e-03 1.195986143644332333e+04
3.241704296178880213e+03 9.878948796158878443e-01 6.923028439501821563e-03 1.195199879114338182e+04
3.241712644569870463e+03 9.848632988543457589e-01 6.901373724256730686e-03 1.191492973028139022e+04
3.241720992960861167e+03 9.810684469814200392e-01 6.878467627867648586e-03 1.186895562761568362e+04
3.241729341351851417e+03 9.750221016698822352e-01 6.853308814912091596e-03 1.179606111457884981e+04
3.241737689742842122e+03 9.695237482784319072e-01 6.826797099381185473e-03 1.173010224331319114e+04
3.241746038133832371e+03 9.663483814481117484e-01 6.797210491198498253e-03 1.169254488759302149e+04
3.241754386524823076e+03 9.628072830032244900e-01 6.767278254303281393e-03 1.165084956825563859e+04
3.241762734915813780e+03 9.572558652914922028e-01 6.732515639373909400e-03 1.158510154485861858e+04
3.241771083306804030e+03 9.505921499025702381e-01 6.689976752884734847e-03 1.150615002591551092e+04
3.241779431697794735e+03 9.394725158604738668e-01 6.616730690255847626e-03 1.137349789948211765e+04
3.241787780088784984e+03 9.270741652240691577e-01 6.534963168147441687e-03 1.122557307496468457e+04
3.241796128479775689e+03 9.077231751099492651e-01 6.404723279915295123e-03 1.099363176469741666e+04
3.241804476870765939e+03 8.880332832958205413e-01 6.270687963563053614e-03 1.075771706345627899e+04
3.241812825261756643e+03 8.663858876963093092e-01 6.115377131945100644e-03 1.049819149154466868e+04
3.241821173652746893e+03 8.456230222133972463e-01 5.967526739987369030e-03 1.024946132362330354e+04
3.241829522043737597e+03 8.314866875535054103e-01 5.875381864525430244e-03 1.008113156808972417e+04
3.241837870434727847e+03 8.186789300146030124e-01 5.792130456485608363e-03 9.929004188638542473e+03
3.241846218825718552e+03 8.161977865103980934e-01 5.777162095781754672e-03 9.902245546563119206e+03
3.241854567216709256e+03 8.141001748356294643e-01 5.763241599163887452e-03 9.880300776032354406e+03
3.241862915607699506e+03 8.153916855991859558e-01 5.760220916110515496e-03 9.899658579050061235e+03
3.241871263998690210e+03 8.166696848644118267e-01 5.758254227169253871e-03 9.919032561687468842e+03
3.241879612389680460e+03 8.182742952353901922e-01 5.769594069237035661e-03 9.942550295595821808e+03
3.241887960780671165e+03 8.200670287580098528e-01 5.781736130294541642e-03 9.968528391049652782e+03
3.241896309171661414e+03 8.233838140300809849e-01 5.798039101851906740e-03 1.001321130193019962e+04
3.241904657562652119e+03 8.266039123912073405e-01 5.813155134744924825e-03 1.005690054179184153e+04
3.241913005953642369e+03 8.290523119553593334e-01 5.814119021767241192e-03 1.009137406272395856e+04
3.241921354344633073e+03 8.315486488017661548e-01 5.815499340919605929e-03 1.012659574275532395e+04
3.241929702735623323e+03 8.349779780842777610e-01 5.832468288719356957e-03 1.017334528698210852e+04
3.241938051126614027e+03 8.386225038268942944e-01 5.852533927943767006e-03 1.022288515057441691e+04
3.241946399517604732e+03 8.460784104595082677e-01 5.918199647249832579e-03 1.031907537916405636e+04
3.241954747908594982e+03 8.535129384589248414e-01 5.983297067974605379e-03 1.041521457446631939e+04
3.241963096299585686e+03 8.610651193688884097e-01 6.041950149513689548e-03 1.051299680974548392e+04
3.241971444690575936e+03 8.685762052261353228e-01 6.099658598039354139e-03 1.061048197532810627e+04
3.241979793081566640e+03 8.738035005081269402e-01 6.116452885045784577e-03 1.068025403163788360e+04
3.241988141472556890e+03 8.788936471898922687e-01 6.132764889672473463e-03 1.074851482346401644e+04
3.241996489863547595e+03 8.785801143451378303e-01 6.139904606199303276e-03 1.075081267186875630e+04
3.242004838254537844e+03 8.782585572760157611e-01 6.147040922920772241e-03 1.075309073220804203e+04
3.242013186645528549e+03 8.801630526070862715e-01 6.157805676353441705e-03 1.078271184152641945e+04
3.242021535036518799e+03 8.821906983506987432e-01 6.169394048501599358e-03 1.081394063997172452e+04
3.242029883427509503e+03 8.919686347426138973e-01 6.243997138192573099e-03 1.094032377640322738e+04
3.242038231818500208e+03 9.018148092961865148e-01 6.319327478384328262e-03 1.106774719823911073e+04
3.242046580209490457e+03 9.070974603091458421e-01 6.364286516731883225e-03 1.113932907029819762e+04
3.242054928600481162e+03 9.121584685542935000e-01 6.407265279271812802e-03 1.120831375738377756e+04
3.242063276991471412e+03 9.087602632386045931e-01 6.366880346500546246e-03 1.117340789323419813e+04
3.242071625382462116e+03 9.052110113880704745e-01 6.325196299361273561e-03 1.113662712458164606e+04
3.242079973773452366e+03 9.016342486837573000e-01 6.311406073906848831e-03 1.109948206626697720e+04
3.242088322164443071e+03 8.980893530500499988e-01 6.298488488735833578e-03 1.106269688003866031e+04
3.242096670555433320e+03 9.013545207049783459e-01 6.304129657892330353e-03 1.110981167724444458e+04
3.242105018946424025e+03 9.049192843653542928e-01 6.310507677933597202e-03 1.116068067427069036e+04
3.242113367337414275e+03 9.171356188781079055e-01 6.408070740073829562e-03 1.131837626658605404e+04
3.242121715728404979e+03 9.296621737539706443e-01 6.508544889876486522e-03 1.148008632921077333e+04
3.242130064119395684e+03 9.435834494530357386e-01 6.597416302694145834e-03 1.165921166601953155e+04
3.242138412510385933e+03 9.574548993504718997e-01 6.685136901673296300e-03 1.183791681182810134e+04
3.242146760901376638e+03 9.695541522031709825e-01 6.771822313827051409e-03 1.199488467923433200e+04
3.242155109292366888e+03 9.816054663008948467e-01 6.859005711078068439e-03 1.215141186593360180e+04
3.242163457683357592e+03 9.871424998294956454e-01 6.878584798868639730e-03 1.222739282630180605e+04
3.242171806074347842e+03 9.922895432029482654e-01 6.894247931190518840e-03 1.229857809073707176e+04
3.242180154465338546e+03 9.958722686646844791e-01 6.925080968032216143e-03 1.235038768368294768e+04
3.242188502856328796e+03 9.993108147983733591e-01 6.956865197115252517e-03 1.240040158163151864e+04
3.242196851247319501e+03 9.992924083037423300e-01 6.961632595091141879e-03 1.240747668651687491e+04
3.242205199638309750e+03 9.990169489998083074e-01 6.964449859397492566e-03 1.241128417075236939e+04
3.242213548029300455e+03 1.000290354346762944e+00 6.972836309818391913e-03 1.243426116496631403e+04
3.242221896420291159e+03 1.001742234905615536e+00 6.981991933928239323e-03 1.245939437902715144e+04
3.242230244811281409e+03 1.001870492262375123e+00 6.979671743711965935e-03 1.246799367094220725e+04
3.242238593202272114e+03 1.001815426146115628e+00 6.975837885144641967e-03 1.247422944890472718e+04
3.242246941593262363e+03 1.000028430906588328e+00 6.962536890272793058e-03 1.245880431656256224e+04
3.242255289984253068e+03 9.981707312992353920e-01 6.948925249492161199e-03 1.244239035748572496e+04
3.242263638375243318e+03 9.989008719103229517e-01 6.968380496423869606e-03 1.245814319608801088e+04
3.242271986766234022e+03 9.998369144977301559e-01 6.991226684608105139e-03 1.247639112005096467e+04
3.242280335157224272e+03 9.993600265114285230e-01 6.978216926732427536e-03 1.247692658138574006e+04
3.242288683548214976e+03 9.987839959541637835e-01 6.961629598846481512e-03 1.247613275588771103e+04
3.242297031939205226e+03 9.977264048411642605e-01 6.954891967294405536e-03 1.246922817853958986e+04
3.242305380330195931e+03 9.966390125987016901e-01 6.949827621440647640e-03 1.246185235083381122e+04
3.242313728721186635e+03 9.980205704330293859e-01 6.957335659063530568e-03 1.248526405693457491e+04
3.242322077112176885e+03 9.996952549838702407e-01 6.966110106896870879e-03 1.251227530148165897e+04
3.242330425503167589e+03 9.987683977809612701e-01 6.954034842705678239e-03 1.250664336964759059e+04
3.242338773894157839e+03 9.974352178859402507e-01 6.939046567773842628e-03 1.249582308441752684e+04
3.242347122285148544e+03 9.961418786030145078e-01 6.928610592682984265e-03 1.248539933558105440e+04
3.242355470676138793e+03 9.948998999000034926e-01 6.919011785413631786e-03 1.247551722846978555e+04
3.242363819067129498e+03 9.961169226211425975e-01 6.929679123738024388e-03 1.249638167321671790e+04
3.242372167458119748e+03 9.976933867677315604e-01 6.943124326746830284e-03 1.252168265811185665e+04
3.242380515849110452e+03 9.959240650539952222e-01 6.927458294327211094e-03 1.250490222096034267e+04
3.242388864240100702e+03 9.937028267119556446e-01 6.907832697533190097e-03 1.248233693207623037e+04
3.242397212631091406e+03 9.945943997803003978e-01 6.922401426868157910e-03 1.249877663563903843e+04
3.242405561022082111e+03 9.959661212827840560e-01 6.942365316628225196e-03 1.252117237190002197e+04
3.242413909413072361e+03 9.966692828379415392e-01 6.941660503958521286e-03 1.253508357124682516e+04
3.242422257804063065e+03 9.972997395244094232e-01 6.938529872604169181e-03 1.254799648664453707e+04
3.242430606195053315e+03 9.974096809375859740e-01 6.941265979734004277e-03 1.255427293889822977e+04
3.383050282250297187e+03 9.993888218221210762e-01 4.784315533537874393e-03 9.764163238926397753e+03
3.383058899568325160e+03 9.996740258558038938e-01 4.781287596167953929e-03 9.766653520952146209e+03
3.383067516886352678e+03 9.999722465846370145e-01 4.774138389951171867e-03 9.769270801117269002e+03
3.383076134204380196e+03 9.998368848722173352e-01 4.770496878043838963e-03 9.767652131183913298e+03
3.383084751522407714e+03 9.995761865546128888e-01 4.769132802721614585e-03 9.764809134517588973e+03
3.383093368840435232e+03 9.998764662420411842e-01 4.781012562718723463e-03 9.767446291839172773e+03
3.383101986158462751e+03 1.000483390405417117e+00 4.799804278943158899e-03 9.773078683854888368e+03
3.383110603476490724e+03 9.998670761697170395e-01 4.797774162120996624e-03 9.766762049575560013e+03
3.383119220794518242e+03 9.983395870058309196e-01 4.782099156618116638e-03 9.751545638711384527e+03
3.383127838112545760e+03 9.982088128624273526e-01 4.782488922730384825e-03 9.749972502105101739e+03
3.383136455430573278e+03 9.991555559434965872e-01 4.794189825711917159e-03 9.758923738594136012e+03
3.383145072748600796e+03 9.995991401602535298e-01 4.793961553707342359e-03 9.762960124180299317e+03
3.383153690066628769e+03 9.995231206489308962e-01 4.784691415872037099e-03 9.761921496055227180e+03
3.383162307384656287e+03 9.994541733964007468e-01 4.784957272644205228e-03 9.760951982657326880e+03
3.383170924702683806e+03 9.995561807141742916e-01 4.793700559463639176e-03 9.761652050122800574e+03
3.383179542020711324e+03 9.993668097053411969e-01 4.796596346918416930e-03 9.759506546703805725e+03
3.383188159338738842e+03 9.988655692468840774e-01 4.794291940849359362e-03 9.754315627517866233e+03
3.383196776656766815e+03 1.000011352780314278e+00 4.798059594448150778e-03 9.765208355219419900e+03
3.383205393974794333e+03 1.002606827138331491e+00 4.807131246667288235e-03 9.790256346638538162e+03
3.383214011292821851e+03 1.002567310358679409e+00 4.804092638114132105e-03 9.789573416119281319e+03
3.383222628610849370e+03 9.997860469969130914e-01 4.788373738457474271e-03 9.762119523447021493e+03
3.383231245928876888e+03 9.981369201848632189e-01 4.779572833059571139e-03 9.745721360924144392e+03
3.383239863246904861e+03 9.977239725288271632e-01 4.778356175917936564e-03 9.741393754263728624e+03
3.383248480564932379e+03 9.972396953012288012e-01 4.778570005037952907e-03 9.736369978900704155e+03
3.383257097882959897e+03 9.967267374393879997e-01 4.780606545663654630e-03 9.731066480813009548e+03
3.383265715200987415e+03 9.967045618674157392e-01 4.780221910536994190e-03 9.730554660273428453e+03
3.383274332519014933e+03 9.972574609092569320e-01 4.776321269727192009e-03 9.735656979012746888e+03
3.383282949837042906e+03 9.952989708902312271e-01 4.761295869925262492e-03 9.716242452236667305e+03
3.383291567155070425e+03 9.898271582775383104e-01 4.730756743665341137e-03 9.662532599222438876e+03
3.383300184473097943e+03 9.849578295495106106e-01 4.708161474329813911e-03 9.614707160471511088e+03
3.383308801791125461e+03 9.810777769333310916e-01 4.697516326762061524e-03 9.576541174384459737e+03
3.383317419109152979e+03 9.755693119962499660e-01 4.672298253438522848e-03 9.522482637410274037e+03
3.383326036427180952e+03 9.669997028236412273e-01 4.620972221522042130e-03 9.438548597895642160e+03
3.383334653745208470e+03 9.567402275500846986e-01 4.570628846332898051e-03 9.338125940658905165e+03
3.383343271063235989e+03 9.433955071235423651e-01 4.522046776964883108e-03 9.207597183895864873e+03
3.383351888381263507e+03 9.309262064464055575e-01 4.469891857023680463e-03 9.085620225411719730e+03
3.383360505699291025e+03 9.201790906698791295e-01 4.410966032093927881e-03 8.980458264336850334e+03
3.383369123017318998e+03 9.119320926153355877e-01 4.365261960654840019e-03 8.899701749711741286e+03
3.383377740335346516e+03 9.088082219999719102e-01 4.346651235397128860e-03 8.868946083874339820e+03
3.383386357653374034e+03 9.097735477377472124e-01 4.351372561382560282e-03 8.878097014775315984e+03
3.383394974971401552e+03 9.209208299536271181e-01 4.413888114126111699e-03 8.986605783164399327e+03
3.383403592289429071e+03 9.322953235834812169e-01 4.475236334008050008e-03 9.097325071639119415e+03
3.383412209607457044e+03 9.443172118041153196e-01 4.534097617901976934e-03 9.214354695452264423e+03
3.383420826925484562e+03 9.553536840133939334e-01 4.587269068561134790e-03 9.321762103113313060e+03
3.383429444243512080e+03 9.636775046172674219e-01 4.624436587903276406e-03 9.402695364463008445e+03
3.383438061561539598e+03 9.707204258904723604e-01 4.656380357339562348e-03 9.471126213055184053e+03
3.383446678879567116e+03 9.739610841445592859e-01 4.672624108313733204e-03 9.502456090285053506e+03
3.383455296197595089e+03 9.762039763476259013e-01 4.684538798902645670e-03 9.524049633392729447e+03
3.383463913515622608e+03 9.749474108123908911e-01 4.681552715166801930e-03 9.511501444559362426e+03
3.383472530833650126e+03 9.723867857588747166e-01 4.670582473954399544e-03 9.486232096441141039e+03
3.383481148151677644e+03 9.658453366558243935e-01 4.634620142571988823e-03 9.422130054397877757e+03
3.383489765469705162e+03 9.590479974834610344e-01 4.596959691087922420e-03 9.355535675150662428e+03
3.383498382787733135e+03 9.510816057089417352e-01 4.551240210607333456e-03 9.277541534831061654e+03
3.383507000105760653e+03 9.436536049060262332e-01 4.509210279579493712e-03 9.204803812826774447e+03
3.383515617423788171e+03 9.386103008536175185e-01 4.484510205299213972e-03 9.155331145518408448e+03
3.383524234741815690e+03 9.331309137101434503e-01 4.458368334621834461e-03 9.101607982908508347e+03
3.383532852059843208e+03 9.253299490745204858e-01 4.423215354756572515e-03 9.025244463913488289e+03
3.383541469377870726e+03 9.154477888160899024e-01 4.378089741155287255e-03 8.928587155577333760e+03
3.383550086695898699e+03 8.945920272895643288e-01 4.281545080033751643e-03 8.724910726043759496e+03
3.383558704013926217e+03 8.722292935051463303e-01 4.177572592962186353e-03 8.506549677897448419e+03
3.383567321331953735e+03 8.405926319709752237e-01 4.027446554451044602e-03 8.197759229838206011e+03
3.383575938649981254e+03 8.090018889713194161e-01 3.878151354952113095e-03 7.889435329757452564e+03
3.383584555968008772e+03 7.776919388418526147e-01 3.734013731655779801e-03 7.583868375967210341e+03
3.383593173286036745e+03 7.480269248811783900e-01 3.596276785612437764e-03 7.294360518410212535e+03
3.383601790604064263e+03 7.305834376804362096e-01 3.506805750997521974e-03 7.124044444362134527e+03
3.383610407922091781e+03 7.149212606664275826e-01 3.427623274326752588e-03 6.971108040644849098e+03
3.383619025240119299e+03 7.140748104884904190e-01 3.432908171729960253e-03 6.962642832786579675e+03
3.383627642558146817e+03 7.136547845963430170e-01 3.439233120876989281e-03 6.958335883855419524e+03
3.383636259876174790e+03 7.164918118971270733e-01 3.451839564126162833e-03 6.985785408101820394e+03
3.383644877194202309e+03 7.191974346421365905e-01 3.464014335362098403e-03 7.011952097452121961e+03
3.383653494512229827e+03 7.209840374032361332e-01 3.473636195252124362e-03 7.029157295747714670e+03
3.383662111830257345e+03 7.230436833015597697e-01 3.484227493358519733e-03 7.049023359479919236e+03
3.383670729148284863e+03 7.281728593545795380e-01 3.506053391772628522e-03 7.098812441923267215e+03
3.383679346466312836e+03 7.332185675984289608e-01 3.527480455130951095e-03 7.147784798507816959e+03
3.383687963784340354e+03 7.380363088877488487e-01 3.546990212901684428e-03 7.194531895615290523e+03
3.383696581102367873e+03 7.428889510144272013e-01 3.566879257338627200e-03 7.241616348066569117e+03
3.383705198420395391e+03 7.473207268362968003e-01 3.589623987984211489e-03 7.284595481746715450e+03
3.383713815738422909e+03 7.518711527818352502e-01 3.612760093357789398e-03 7.328728509878477780e+03
3.383722433056450882e+03 7.606974678307024673e-01 3.651594709608021842e-03 7.414536032682507539e+03
3.383731050374478400e+03 7.697739610264774379e-01 3.691736528239972746e-03 7.502776743206528408e+03
3.383739667692505918e+03 7.835327137219275651e-01 3.757255885753207902e-03 7.636647393385274881e+03
3.383748285010533436e+03 7.970574889506966132e-01 3.821649493471378223e-03 7.768229514361019937e+03
3.383756902328560955e+03 8.036705286909904267e-01 3.851236078750277202e-03 7.832442964679003126e+03
3.383765519646588928e+03 8.101415738790437304e-01 3.880221528069857043e-03 7.895268682294527935e+03
3.383774136964616446e+03 8.080006958288336039e-01 3.870197817143422071e-03 7.874165257829728944e+03
3.383782754282643964e+03 8.057817209628498345e-01 3.859742025332925635e-03 7.852302052519991776e+03
3.383791371600671482e+03 8.086912484476996843e-01 3.871492981843628351e-03 7.880415638217786181e+03
3.383799988918699000e+03 8.117863595412418976e-01 3.884180106699866488e-03 7.910335892641066494e+03
3.383808606236726973e+03 8.271490367956636502e-01 3.960704097582633601e-03 8.059790219222457381e+03
3.383817223554754491e+03 8.427602733510453081e-01 4.038539036948609814e-03 8.211657345201669159e+03
3.383825840872782010e+03 8.485150692073990530e-01 4.063107224788256415e-03 8.267479306895824266e+03
3.383834458190809528e+03 8.540136986929555141e-01 4.086213769523534302e-03 8.320801985440186400e+03
3.383843075508837046e+03 8.496795285089315808e-01 4.060232326594184413e-03 8.278321664812054223e+03
3.383851692826865019e+03 8.448553811165903094e-01 4.031871788770663607e-03 8.231070270934616929e+03
3.383860310144892537e+03 8.371683672043865876e-01 3.995066605937644053e-03 8.155930880910756969e+03
3.383868927462920055e+03 8.294440724203623327e-01 3.958343204200878880e-03 8.080432856409526721e+03
3.383877544780947574e+03 8.360687054513323835e-01 3.987757513390374244e-03 8.144722217073914180e+03
3.383886162098975092e+03 8.435784262671782718e-01 4.021364328782266531e-03 8.217629640678036594e+03
3.383894779417003065e+03 8.617145030832017438e-01 4.110890569526834404e-03 8.394044983847234107e+03
3.383903396735030583e+03 8.803746938050036608e-01 4.203055132528735194e-03 8.575554869069665074e+03
3.383912014053058101e+03 9.037285307307063587e-01 4.311083599590628292e-03 8.802772180239353474e+03
3.383920631371085619e+03 9.273969921554527929e-01 4.420253001510215420e-03 9.033040160348300560e+03
3.383929248689113138e+03 9.464070733932500312e-01 4.512049164309053957e-03 9.217921900193636247e+03
3.383937866007141110e+03 9.650535622272710112e-01 4.602458760180388499e-03 9.399251124407424868e+03
3.383946483325168629e+03 9.752846621708545216e-01 4.657168978383325469e-03 9.498609135936469102e+03
3.383955100643196147e+03 9.848083224829562443e-01 4.708935715090434813e-03 9.591071313453849143e+03
3.383963717961223665e+03 9.888752892060670430e-01 4.729382953727707777e-03 9.630386597478214753e+03
3.383972335279251183e+03 9.923709912338438688e-01 4.746662132135751576e-03 9.664136249730270720e+03
3.383980952597279156e+03 9.948130306840918813e-01 4.760291284015070838e-03 9.687623122528311796e+03
3.383989569915306674e+03 9.970786313268884538e-01 4.773147839746244049e-03 9.709390415627014590e+03
3.383998187233334193e+03 9.966426202557689962e-01 4.768806625936954612e-03 9.704849308791453950e+03
3.384006804551361711e+03 9.959956197807898759e-01 4.763011549409891000e-03 9.698254004680358776e+03
3.384015421869389229e+03 9.974311004296685379e-01 4.779351627376462672e-03 9.711936097186026018e+03
3.384024039187416747e+03 9.991033679792733491e-01 4.798268801653642404e-03 9.727922850934544840e+03
3.384032656505444720e+03 9.990319662810680512e-01 4.794813021343251151e-03 9.726931627859750733e+03
3.384041273823472238e+03 9.986954913344435747e-01 4.788142955192972033e-03 9.723359677925971482e+03
3.384049891141499756e+03 9.985338422298450922e-01 4.795098581070384759e-03 9.721489990551262963e+03
3.384058508459527275e+03 9.984458624911310975e-01 4.804405312550142325e-03 9.720337604712500251e+03
3.384067125777554793e+03 9.991572621289470657e-01 4.810542398422754107e-03 9.726967366385242713e+03
3.384075743095582766e+03 9.999310819532655215e-01 4.816121192468144317e-03 9.734204359217550518e+03
3.384084360413610284e+03 9.993002958723447016e-01 4.809573163548812660e-03 9.727767646381573286e+03
3.384092977731637802e+03 9.984792824481086848e-01 4.801408710572817665e-03 9.719479580612434802e+03
3.384101595049665320e+03 9.990577781196623430e-01 4.808333700501845470e-03 9.724814803845252754e+03
3.384110212367692839e+03 9.998285594148826894e-01 4.817395892424953738e-03 9.732021332933858503e+03
3.384118829685720812e+03 9.998049822985961566e-01 4.816572536217319546e-03 9.731495602036586206e+03
3.384127447003748330e+03 9.997040429049121046e-01 4.814387968525409879e-03 9.730216910523013212e+03
3.384136064321775848e+03 9.991410132554507939e-01 4.814895908808978185e-03 9.724440846232479089e+03
3.384144681639803366e+03 9.984813030450343518e-01 4.815623502428902948e-03 9.717724171556237707e+03
3.384153298957830884e+03 9.982959215276040466e-01 4.814992334311215573e-03 9.715624153604907406e+03
3.384161916275858857e+03 9.981933448837647660e-01 4.814234703786812383e-03 9.714330095277458895e+03
3.384170533593886375e+03 9.973685875014137725e-01 4.811869822028630797e-03 9.706008112100553262e+03
3.384179150911913894e+03 9.964498092928365525e-01 4.809276215979875826e-03 9.696771670949259715e+03
3.384187768229941412e+03 9.979205811221236733e-01 4.812648212831571043e-03 9.710788541629981410e+03
3.384196385547968930e+03 9.997229398295016667e-01 4.816846541651318911e-03 9.728031122169060836e+03
3.384205002865996903e+03 9.986892745188521436e-01 4.809850967536032258e-03 9.717676899124495321e+03
3.384213620184024421e+03 9.972202935659046918e-01 4.801208579907271026e-03 9.703087608861427725e+03
3.384222237502051939e+03 9.979036952644241287e-01 4.808454017762507811e-03 9.709441524113695777e+03
3.384230854820079458e+03 9.988537290028924875e-01 4.817784139718088096e-03 9.718389242000685044e+03
3.384239472138106976e+03 1.000424936907531537e+00 4.825721069013837010e-03 9.733379952950919687e+03
3.384248089456134949e+03 1.002099630330831603e+00 4.833338116954331160e-03 9.749376538183430966e+03
3.384256706774162467e+03 1.000995845764246495e+00 4.821570939519302483e-03 9.738341282648912966e+03
3.384265324092189985e+03 9.994052492950818989e-01 4.806543534407061065e-03 9.722570801351386763e+03
