9.994806407576125595e-01
9.991343883088588118e-01
9.985613529784913567e-01
9.977051309746456376e-01
9.965373202866674163e-01
9.950797709604793928e-01
9.934236494317072452e-01
9.917337215425862107e-01
9.902287145787076472e-01
9.891377212488738913e-01
9.886438359207184723e-01
9.888339404283579270e-01
9.896732466030424558e-01
9.910139690320691752e-01
9.926333284222694786e-01
9.942841646307476466e-01
9.957384887331015566e-01
9.968127890332038055e-01
9.973794101662931677e-01
9.973794673819649237e-01
9.968468478209453476e-01
9.959286671626277343e-01
9.948655378330883980e-01
9.939058757584797732e-01
9.931785641730688230e-01
9.925982217158380028e-01
9.918732404780002954e-01
9.906214701867187555e-01
9.885273625851105361e-01
9.854584573500154709e-01
9.815016340355904312e-01
9.769322117313921083e-01
9.721498349131407757e-01
9.676045857718874599e-01
9.637209122534361461e-01
9.608234958525661007e-01
9.590759239385171497e-01
9.584487242983025235e-01
9.587304968624960066e-01
9.595846087032798843e-01
9.606391407626133638e-01
9.615856999300589347e-01
9.622582863896848027e-01
9.626685881493398655e-01
9.629869615384324399e-01
9.634739458303990256e-01
9.643800564313420587e-01
9.658395212727268753e-01
9.677887156298790039e-01
9.699446524713737361e-01
9.718767721261495351e-01
9.731790589850530804e-01
9.736884872935624990e-01
9.736276817228201041e-01
9.735441040821830594e-01
9.740255891622002782e-01
9.753423072845399666e-01
9.772548720518776655e-01
9.791334893040359866e-01
9.803144618366093077e-01
9.804605491085325308e-01
9.797155707381662859e-01
9.786050151359069194e-01
9.777861955574652653e-01
9.777961619092077061e-01
9.788967921901663427e-01
9.810428240786064347e-01
9.839478266832929476e-01
9.872024938306285247e-01
9.903986024843518532e-01
9.932223632735298624e-01
9.954985755033256556e-01
9.971867094127784270e-01
9.983448358307427384e-01
9.990825451016593917e-01
9.995200724867089326e-01
9.997622342378680305e-01
9.998875832493953064e-01
9.999484180746437412e-01
9.999762078582767888e-01
9.999882449411650054e-01
9.999932673503655334e-01
9.999953565214636519e-01
9.999962826203518951e-01
9.999967621565228892e-01
9.999970679320262512e-01
9.999972991844501280e-01
9.999974916148347548e-01
9.999976588598136207e-01
9.999978070689488074e-01
9.999979397444516138e-01
9.999980592912472988e-01
9.999981674789603092e-01
9.999982654452387321e-01
9.999983533583349793e-01
9.999984299527084897e-01
9.999984926387850415e-01
9.999985389156571536e-01
9.999972178919787069e-01
9.999971427434246607e-01
9.999970422173057871e-01
9.999969196118643211e-01
9.999967786648631396e-01
9.999966214897773042e-01
9.999964480501409847e-01
9.999962564708366752e-01
9.999960430394632116e-01
9.999958007565855622e-01
9.999955142515368767e-01
9.999951452438504695e-01
9.999945939018287655e-01
9.999936024652964495e-01
9.999915306100958245e-01
9.999868685895494380e-01
9.999762615064839988e-01
9.999527141371398198e-01
9.999025909577450300e-01
9.998011411573222151e-01
9.996067327222903920e-01
9.992549143704609893e-01
9.986547938650127687e-01
9.976916007272140785e-01
9.962398016211485574e-01
9.941896341151423844e-01
9.914857082353758511e-01
9.881699589505221759e-01
9.844150486039310310e-01
9.805318674736857032e-01
9.769390720820266827e-01
9.740939182846357625e-01
9.723984216938337255e-01
9.721067585388523113e-01
9.732626951977212393e-01
9.756871834880695982e-01
9.790188526585525963e-01
9.827911388443599794e-01
9.865178368994410585e-01
9.897603030751633835e-01
9.921650396580304898e-01
9.934824095171315150e-01
9.935905541372536121e-01
9.925379249171742968e-01
9.905828829453013906e-01
9.881754060103324910e-01
9.858336529317381913e-01
9.839319942893204329e-01
9.824976920956370874e-01
9.811391969736338314e-01
9.791640957213667562e-01
9.758324842723694603e-01
9.706191429616956023e-01
9.633744685294245436e-01
9.543506167715241073e-01
9.441276656242270082e-01
9.334941375552787690e-01
9.233174298459909668e-01
9.144163913230658469e-01
9.074412488497087814e-01
9.027729917541063021e-01
9.004622158872586102e-01
9.002268253054696023e-01
9.015172877114063787e-01
9.036411194148097348e-01
9.059207873060142191e-01
9.078472810663242853e-01
9.091899297044765405e-01
9.100331156887726536e-01
9.107293640944601476e-01
9.117792300644161907e-01
9.136648419743527150e-01
9.166736482697517285e-01
9.207553897428908396e-01
9.254625736546213677e-01
9.300266514321792188e-01
9.335974366302655092e-01
9.356015754547108987e-01
9.360734324783585025e-01
9.357519066794364182e-01
9.358074527608947202e-01
9.372727841179602226e-01
9.404725359570884624e-01
9.447991083170921289e-01
9.489901376559812807e-01
9.517522939868279241e-01
9.523748748825243693e-01
9.510200793063443570e-01
9.486014599166825434e-01
9.463861724793618535e-01
9.455454722740681550e-01
9.468283279653757489e-01
9.504275402305449871e-01
9.560219518062023081e-01
9.629362998734659618e-01
9.703504501225582723e-01
9.774965439951188717e-01
9.837992347228396994e-01
9.889379587368190005e-01
9.928356723213408452e-01
9.955977351531917208e-01
9.974319347507449862e-01
9.985760275714001821e-01
9.992476379640442552e-01
9.996193381905944531e-01
9.998136665077845819e-01
9.999098928040879297e-01
9.999552218152820693e-01
9.999757084574177890e-01
9.999847487994528716e-01
9.999887842036996322e-01
9.999907221947321734e-01
9.999918003979757497e-01
9.999925192188597878e-01
9.999930735688069561e-01
9.999935387722393987e-01
9.999939454254261895e-01
9.999943077613600018e-01
9.999946338681779956e-01
9.999949292619894070e-01
9.999951981529491274e-01
9.999954439373092141e-01
9.999956694277420954e-01
9.999958769870972430e-01
9.999960686183373415e-01
9.999962460241471618e-01
9.999964106209828785e-01
9.999965634431989825e-01
9.999967048179043694e-01
9.999968337637004101e-01
9.999969474601690944e-01
9.999970416528979333e-01
9.999971126045629211e-01
9.999918752102276986e-01
9.999843741306753131e-01
9.999654608520036625e-01
9.999210663646806996e-01
9.998240765567116828e-01
9.996273174175887011e-01
9.992576241470756404e-01
9.986159012813013991e-01
9.975897074882462690e-01
9.960833385027607623e-01
9.940637219335497488e-01
9.916095499442451056e-01
9.889411371110385929e-01
9.864073714723242681e-01
9.844191363904926106e-01
9.833427595049870629e-01
9.833902788900423797e-01
9.845508121702590820e-01
9.865917821032811341e-01
9.891267272889847639e-01
9.917156778827026509e-01
9.939536488634165279e-01
9.955212777885096287e-01
9.962082295784342456e-01
9.959438482305256191e-01
9.948481229119261471e-01
9.932547646421856502e-01
9.916226692837720735e-01
9.903142363208286003e-01
9.893528800385448241e-01
9.883405802911886529e-01
9.866200361469321667e-01
9.835829768104263904e-01
9.789347603069682435e-01
9.727953111777987161e-01
9.656469620828829203e-01
9.582045185007022070e-01
9.512641565715429515e-01
9.455503299048395593e-01
9.415717944094308400e-01
9.395129657247716093e-01
9.391963029461107837e-01
9.401392660159357817e-01
9.416994077845703970e-01
9.432676621490456714e-01
9.444483984337328497e-01
9.451657078456435768e-01
9.456592423039644757e-01
9.463694720970271534e-01
9.477461167714118506e-01
9.500353007940245398e-01
9.531141701161518487e-01
9.564530293483300971e-01
9.592788184144993568e-01
9.609437273190859496e-01
9.613481735566893338e-01
9.611234713681090502e-01
9.613370682988487959e-01
9.628143154831709793e-01
9.655371691325276284e-01
9.685988773589689904e-01
9.707756227282938744e-01
9.712919799588907166e-01
9.702523267281971675e-01
9.685272832512519248e-01
9.672762620022160585e-01
9.674394398804102568e-01
9.694325147052480496e-01
9.731013701766187962e-01
9.778745419318973786e-01
9.830083064198611442e-01
9.878228827892747699e-01
9.918579542042108566e-01
9.949205091601616147e-01
9.970423932427096014e-01
9.983914646504207235e-01
9.991814878182925241e-01
9.996088584293635337e-01
9.998229900781979707e-01
9.999226649093292396e-01
9.999659698592138213e-01
9.999836915598152576e-01
9.999906643477354251e-01
9.999934275756483526e-01
9.999946332500428969e-01
9.999952773854128285e-01
9.999957103459899965e-01
9.999960504467747535e-01
9.999963382787490085e-01
9.999965896135211141e-01
9.999968122583181573e-01
9.999970111635719805e-01
9.999971899764752425e-01
9.999973515704660976e-01
9.999974982764980869e-01
9.999976320154465581e-01
9.999977543877855979e-01
9.999978667384813447e-01
9.999979702005203919e-01
9.999980656960589798e-01
9.999981538097246769e-01
9.999982343787505723e-01
9.999983058337442721e-01
9.999983650264140378e-01
9.999984086628502800e-01
9.999944505192731592e-01
9.999943005235967242e-01
9.999940995121250342e-01
9.999938544668853790e-01
9.999935731540852135e-01
9.999932598984234700e-01
9.999929146682280390e-01
9.999925339247592859e-01
9.999921109916627415e-01
9.999916341020986810e-01
9.999910788433404862e-01
9.999903857871577095e-01
9.999893990567771951e-01
9.999877079043182349e-01
9.999842649923914584e-01
9.999765316316371333e-01
9.999587089536252638e-01
9.999183789851637805e-01
9.998307105016202012e-01
9.996495264498074240e-01
9.992953597340690219e-01
9.986425086803960571e-01
9.975100532897487327e-01
9.956649903481646913e-01
9.928471622229406712e-01
9.888228807438177448e-01
9.834652623756870993e-01
9.768453535057601833e-01
9.693043456252581347e-01
9.614716288539498779e-01
9.542027928958268790e-01
9.484362069700760234e-01
9.449981753958831554e-01
9.444110871657912520e-01
9.467641370107264809e-01
9.516877737490523348e-01
9.584371809467715497e-01
9.660511914565685920e-01
9.735284082945591111e-01
9.799655304550822787e-01
9.846360979852715190e-01
9.870345908794073697e-01
9.869363400314705714e-01
9.844943227109450579e-01
9.803140119587558932e-01
9.753821545613376998e-01
9.707623302169030577e-01
9.671264667810925975e-01
9.643586313302333624e-01
9.614867606931069011e-01
9.570198544636228100e-01
9.495219966240682208e-01
9.381339690944712206e-01
9.228325189475299339e-01
9.043988052567422109e-01
8.841997615543044642e-01
8.639044378631283161e-01
8.452058682622816121e-01
8.295711273643904260e-01
8.180303086913243149e-01
8.110261591683172178e-01
8.083551476697543592e-01
8.092247458874015642e-01
8.124306095150242157e-01
8.166271971629783799e-01
8.206350616927697850e-01
8.237089683066307622e-01
8.256936385475562856e-01
8.270211183910227692e-01
8.285463643110921872e-01
8.312587438061534995e-01
8.359340972944684367e-01
8.428067110557104780e-01
8.513557520208936413e-01
8.603177201921996531e-01
8.680209685553009757e-01
8.730325184272815786e-01
8.749010285706469991e-01
8.745874479123703082e-01
8.742013402167438940e-01
8.760124181080898298e-01
8.812101514475536579e-01
8.891531604764475460e-01
8.976122611286209141e-01
9.038923118430060022e-01
9.061721452426262369e-01
9.043246420945119102e-01
8.998755302713536963e-01
8.952812470705249215e-01
8.929903256099369635e-01
8.947041825383602598e-01
9.010281489729535798e-01
9.114984569171238338e-01
9.248689914607253204e-01
9.395205151213279482e-01
9.538687258401952196e-01
9.666753440031889966e-01
9.772075652133168644e-01
9.852416312884748617e-01
9.909510542647370634e-01
9.947430350153018130e-01
9.971025856041346724e-01
9.984810319919537047e-01
9.992385649405062242e-01
9.996310270717490010e-01
9.998232616588986765e-01
9.999127118031160277e-01
9.999526205883941810e-01
9.999700243496622010e-01
9.999777368167794833e-01
9.999814493388230474e-01
9.999835427642989050e-01
9.999849627787369410e-01
9.999860718229212075e-01
9.999870085477604587e-01
9.999878294644881649e-01
9.999885614427410641e-01
9.999892202287408161e-01
9.999898168165541890e-01
9.999903596988054533e-01
9.999908557590860836e-01
9.999913107066764617e-01
9.999917293371758387e-01
9.999921157011764095e-01
9.999924731685623236e-01
9.999928042596746280e-01
9.999931099764690634e-01
9.999933884878258183e-01
9.999936338812962511e-01
9.999938369351599743e-01
9.999939894171856469e-01
9.999944670694888016e-01
9.999943402167432716e-01
9.999941717403708630e-01
9.999939683675036495e-01
9.999937376926164578e-01
9.999934846551989942e-01
9.999932108241638140e-01
9.999929153553637207e-01
9.999925960512996426e-01
9.999922499021787203e-01
9.999918731864390065e-01
9.999914613002052199e-01
9.999910082739746908e-01
9.999905054914852709e-01
9.999899379871275418e-01
9.999892735192872362e-01
9.999884311764630773e-01
9.999871955416110847e-01
9.999849957886716156e-01
9.999803739347984388e-01
9.999697935089453260e-01
9.999451681653620527e-01
9.998891455901822711e-01
9.997669063881244877e-01
9.995133607483193128e-01
9.990156787677162420e-01
9.980936339582078265e-01
9.964844037659219556e-01
9.938432721214945920e-01
9.897745240735738026e-01
9.839039397362019379e-01
9.759926817564655854e-01
9.660728338751241040e-01
9.545641546314065362e-01
9.423211004092200138e-01
9.305689545582401800e-01
9.207195316189706880e-01
9.141000572789874656e-01
9.116652864042046334e-01
9.137760410834301350e-01
9.201101951088028752e-01
9.297300347427798206e-01
9.412778533911734247e-01
9.532296775835111813e-01
9.641250858220804520e-01
9.727205222990897848e-01
9.780747735402215426e-01
9.796296295799322706e-01
9.773420093327020997e-01
9.718324998183769381e-01
9.643966440008049368e-01
9.567045090557433351e-01
9.501749800750890484e-01
9.452761414678150231e-01
9.411529972543687395e-01
9.358511121820090040e-01
9.270572858401000538e-01
9.129800168077355504e-01
8.929615670957302687e-01
8.676310740246165887e-01
8.386699576349994079e-01
8.083872900162591968e-01
7.792740601498530095e-01
7.536166250665836674e-01
7.331890834070774465e-01
7.190314412877938377e-01
7.113300530378978692e-01
7.094230807841842568e-01
7.119465987919899597e-01
7.171156415196580092e-01
7.231014438148597456e-01
7.284298340791736104e-01
7.323027027171724601e-01
7.347515776362177897e-01
7.365733523219999412e-01
7.390572845329812512e-01
7.435639127638629109e-01
7.510459391823420816e-01
7.616180302177965045e-01
7.743077962222308930e-01
7.871474097462825004e-01
7.977311096134823698e-01
8.041856156657577470e-01
8.061926556221916673e-01
8.054651206222367410e-01
8.051943568725861144e-01
8.085381854050097683e-01
8.168972017112730022e-01
8.290048264040545956e-01
8.414417178037639777e-01
8.503175869873438320e-01
8.531586133602603317e-01
8.499903616841948395e-01
8.431877851895430709e-01
8.363903312765339493e-01
8.331561724859628537e-01
8.359338206846096408e-01
8.455946425214242446e-01
8.614821841420848836e-01
8.818081650278322137e-01
9.042142160029001952e-01
9.263438410662496736e-01
9.462990581541574908e-01
9.628986760116372556e-01
9.757165037233108684e-01
9.849424336922389944e-01
9.911511292738193202e-01
9.950670007170618891e-01
9.973864601872346469e-01
9.986791672777933782e-01
9.993583969407455747e-01
9.996956574587978483e-01
9.998544717704719309e-01
9.999258544518574432e-01
9.999568862851285767e-01
9.999703007636681074e-01
9.999763832337149605e-01
9.999795115723129069e-01
9.999814490748744067e-01
9.999828750602880456e-01
9.999840456093160856e-01
9.999850597873719549e-01
9.999859603092733362e-01
9.999867695539058632e-01
9.999875019507504792e-01
9.999881682182045761e-01
9.999887769097850487e-01
9.999893350796711378e-01
9.999898486430067734e-01
9.999903226118391775e-01
9.999907612670074775e-01
9.999911682897231202e-01
9.999915468645026451e-01
9.999918997589327674e-01
9.999922293747137703e-01
9.999925377284379913e-01
9.999928262300769033e-01
9.999930950173494537e-01
9.999933417400623803e-01
9.999935604659098143e-01
9.999937424274760733e-01
9.999938798580632060e-01
