9.999998634523431518e-01
9.999998622626282696e-01
9.999998607019690011e-01
9.999998588749958728e-01
9.999998568879161498e-01
9.999998548093766981e-01
9.999998526701998625e-01
9.999998504798353061e-01
9.999998482395682231e-01
9.999998459484210622e-01
9.999998436049184480e-01
9.999998412074591059e-01
9.999998387543719280e-01
9.999998362439199706e-01
9.999998336742976779e-01
9.999998310436278848e-01
9.999998283499580420e-01
9.999998255912572187e-01
9.999998227654112171e-01
9.999998198702196861e-01
9.999998169033909035e-01
9.999998138625374455e-01
9.999998107451715246e-01
9.999998075486998816e-01
9.999998042704180135e-01
9.999998009075047323e-01
9.999997974570160597e-01
9.999997939158782323e-01
9.999997902808817063e-01
9.999997865486728310e-01
9.999997827157467434e-01
9.999997787784388192e-01
9.999997747329156805e-01
9.999997705751662025e-01
9.999997663009911886e-01
9.999997619059923792e-01
9.999997573855619049e-01
9.999997527348691850e-01
9.999997479488482721e-01
9.999997430221840844e-01
9.999997379492968630e-01
9.999997327243272949e-01
9.999997273411186383e-01
9.999997217931977378e-01
9.999997160737572610e-01
9.999997101756328277e-01
9.999997040912806945e-01
9.999996978127541070e-01
9.999996913316763214e-01
9.999996846392125160e-01
9.999996777260389269e-01
9.999996705823107623e-01
9.999996631976260097e-01
9.999996555609874660e-01
9.999996476607606599e-01
9.999996394846293324e-01
9.999996310195469196e-01
9.999996222516832622e-01
9.999996131663673182e-01
9.999996037480251010e-01
9.999995939801115119e-01
9.999995838450368435e-01
9.999995733240858442e-01
9.999995623973298997e-01
9.999995510435313317e-01
9.999995392400375938e-01
9.999995269626666961e-01
9.999995141855806402e-01
9.999995008811470854e-01
9.999994870197860264e-01
9.999994725698029274e-01
9.999994574972024264e-01
9.999994417654851642e-01
9.999994253354200779e-01
9.999994081647951560e-01
9.999993902081389940e-01
9.999993714164117087e-01
9.999993517366622120e-01
9.999993311116431860e-01
9.999993094793846460e-01
9.999992867727134360e-01
9.999992629187162141e-01
9.999992378381354907e-01
9.999992114446893954e-01
9.999991836443041793e-01
9.999991543342461320e-01
9.999991234021370357e-01
9.999990907248352823e-01
9.999990561671610045e-01
9.999990195804394633e-01
9.999989808008304948e-01
9.999989396474113779e-01
9.999988959199632710e-01
9.999988493964138137e-01
9.999987998298675018e-01
9.999987469451463440e-01
9.999986904347458738e-01
9.999986299540866153e-01
9.999985651159151168e-01
9.999984954836715900e-01
9.999984205635961132e-01
9.999983397952812991e-01
9.999982525403043887e-01
9.999981580684627058e-01
9.999980555409865302e-01
9.999979439899024936e-01
9.999978222923656679e-01
9.999976891381612276e-01
9.999975429871599264e-01
9.999973820099192778e-01
9.999972039948444857e-01
9.999970061783678421e-01
9.999967848818118732e-01
9.999965346489508855e-01
9.999962461056737251e-01
9.999959006427164843e-01
9.999954575054812445e-01
9.999948235388653739e-01
9.999937852079487932e-01
9.999918627560346884e-01
9.999880123647341135e-01
9.999800488135184295e-01
9.999635866112248639e-01
9.999302098993907428e-01
9.998645078816317255e-01
9.997396095611257305e-01
9.995110084718045185e-01
9.991088934738308058e-01
9.984299804860650163e-01
9.973309562595292777e-01
9.956268862440194045e-01
9.930988287082667121e-01
9.895147395491300513e-01
9.846658507075942701e-01
9.784167690668491568e-01
9.707621289671807263e-01
9.618773362296499929e-01
9.521480478281266757e-01
9.421645661256902171e-01
9.326739140644226822e-01
9.244925635066496561e-01
9.183934961285584730e-01
9.149889959056409783e-01
9.146329254408527287e-01
9.173627357011104877e-01
9.228932785031398467e-01
9.306637077338987263e-01
9.399277043926934638e-01
9.498682919439993544e-01
9.597137955663204156e-01
9.688324947743953697e-01
9.767901631598641110e-01
9.833650015642179110e-01
9.885251001239316881e-01
9.923811735782507304e-01
9.951300130537596988e-01
9.970020678136073400e-01
9.982216141224372619e-01
9.989824085788592267e-01
9.994373659321031944e-01
9.996984385598035594e-01
9.998423736689655561e-01
9.999187412509928929e-01
9.999578376251689882e-01
9.999772410812849399e-01
9.999866584958234661e-01
9.999912023703048103e-01
9.999934462774837662e-01
9.999946313526886232e-01
9.999953329475474995e-01
9.999958088777132215e-01
9.999961719815393391e-01
9.999964714604286931e-01
9.999967294622622571e-01
9.999969568395397079e-01
9.999971596886547687e-01
9.999973419924063078e-01
9.999975066815256497e-01
9.999976560750023502e-01
9.999977920799524300e-01
9.999979162967616020e-01
9.999980300841375680e-01
9.999981346047164266e-01
9.999982308595041225e-01
9.999983197149016068e-01
9.999984019242187383e-01
9.999984781438997494e-01
9.999985489392044791e-01
9.999986147552211158e-01
9.999986757907473045e-01
9.999987317050293978e-01
9.999987812585349189e-01
9.999988223561382394e-01
9.999988529943421023e-01
9.999906351891221234e-01
9.999901505020544201e-01
9.999894502937078933e-01
9.999884720657703507e-01
9.999870594993863770e-01
9.999848362432106619e-01
9.999809682316662673e-01
9.999737061047153652e-01
9.999595266611094324e-01
9.999315960517118906e-01
9.998771591598205610e-01
9.997733445045879908e-01
9.995808209308592041e-01
9.992348497111359640e-01
9.986336763007462869e-01
9.976250362469554211e-01
9.959928798364715563e-01
9.934481454806372014e-01
9.896291351783130796e-01
9.841180186326163870e-01
9.764792236198093223e-01
9.663220798925529209e-01
9.533838862339113485e-01
9.376216426513666047e-01
9.192935147318248568e-01
8.990078950235325106e-01
8.777212007142043415e-01
8.566755020555617550e-01
8.372809544322256103e-01
8.209610647602731959e-01
8.089866186501715184e-01
8.023247338171249909e-01
8.015243499745867695e-01
8.066518399724136312e-01
8.172832753231724645e-01
8.325540650708374013e-01
8.512610923740583369e-01
8.720056983770966275e-01
8.933581491060242907e-01
9.140180576170189308e-01
9.329440742819626875e-01
9.494320860387208683e-01
9.631331740868127600e-01
9.740167318014271158e-01
9.822955277694009890e-01
9.883346602517997237e-01
9.925647050982724373e-01
9.954129332812846620e-01
9.972584582918009311e-01
9.984103493031395438e-01
9.991035804617951488e-01
9.995062853908276423e-01
9.997323933447834765e-01
9.998553320353066320e-01
9.999202592280410640e-01
9.999537405167953086e-01
9.999707522262444304e-01
9.999793925444528941e-01
9.999838595336936198e-01
9.999862378636923399e-01
9.999875276157230708e-01
9.999966619571893922e-01
9.999965225992095696e-01
9.999963303466580244e-01
9.999960928698135021e-01
9.999958171789069539e-01
9.999955050036319903e-01
9.999951526523684908e-01
9.999947515006071264e-01
9.999942853706847989e-01
9.999937207151079477e-01
9.999929802816296398e-01
9.999918777766236833e-01
9.999899639299179022e-01
9.999861825869142962e-01
9.999781446426878606e-01
9.999606846080979494e-01
9.999231697164737698e-01
9.998448216040107805e-01
9.996871906753456161e-01
9.993830929973219757e-01
9.988220646441796635e-01
9.978339918768168726e-01
9.961751129528698678e-01
9.935236258765188788e-01
9.894944737193294149e-01
9.836825949164089700e-01
9.757390471000971788e-01
9.654742391021898795e-01
9.529690471325555912e-01
9.386629685176859361e-01
9.233852077459769880e-01
9.083040397144797051e-01
8.947907189438818465e-01
8.842193663287396532e-01
8.777439819206183103e-01
8.761011311486008868e-01
8.794809354267374424e-01
8.874934951056832055e-01
8.992376711296390379e-01
9.134579629356687214e-01
9.287561688196643850e-01
9.438117958182394851e-01
9.575636761766528338e-01
9.693173786867376185e-01
9.787656426485213945e-01
9.859338220735103242e-01
9.910797926514649525e-01
9.945825915314223664e-01
9.968471929715514435e-01
9.982398329102950552e-01
9.990555535755152317e-01
9.995112509918121502e-01
9.997544110176976861e-01
9.998785924599694619e-01
9.999394842109159409e-01
9.999683192960417966e-01
9.999816558293475044e-01
9.999878137994596683e-01
9.999907657674154127e-01
9.999923195019362332e-01
9.999932617039334337e-01
9.999939194071708615e-01
9.999944182511987245e-01
9.999947967573762364e-01
9.999950621189821476e-01
9.999901473519861028e-01
9.999898200156474015e-01
9.999893805597404040e-01
9.999888437799704377e-01
9.999882264523469733e-01
9.999875382940184299e-01
9.999867801536156398e-01
9.999859463349691779e-01
9.999850269177190665e-01
9.999840083256035239e-01
9.999828717697329949e-01
9.999815884776354080e-01
9.999801080777509510e-01
9.999783312773720123e-01
9.999760473038028508e-01
9.999727954026077503e-01
9.999675697901418969e-01
9.999582168580365416e-01
9.999402571727399325e-01
9.999046891485054989e-01
9.998340937898728686e-01
9.996960881239433938e-01
9.994329534609120991e-01
9.989462647570666043e-01
9.980758423848223870e-01
9.965736820165336241e-01
9.940759886179801885e-01
9.900800546323519358e-01
9.839368597210651490e-01
9.748733838433369936e-01
9.620582891567162065e-01
9.447182768351642945e-01
9.222989441097031449e-01
8.946455611325840884e-01
8.621622336549283894e-01
8.259012622887864641e-01
7.875449582587045194e-01
7.492693239243808367e-01
7.135132612174157618e-01
6.827034343766555935e-01
6.589916704711002993e-01
6.440472318730319223e-01
6.389202021959314859e-01
6.439695800636400236e-01
6.588415723506577670e-01
6.824910213571226958e-01
7.132529203845510146e-01
7.489785097996077834e-01
7.872424759415586060e-01
8.256052160075580959e-01
8.618880201006942077e-01
8.944043448360411430e-01
9.220969389847653019e-01
9.445569213353028903e-01
9.619351501978545826e-01
9.747834607058760703e-01
9.838739304241103101e-01
9.900377925299383985e-01
9.940487146654799488e-01
9.965567462804373333e-01
9.980657106955050928e-01
9.989404168458224653e-01
9.994296910089954800e-01
9.996943242569769073e-01
9.998331654998936502e-01
9.999042098475846574e-01
9.999400109171450168e-01
9.999580878630096592e-01
9.999674983439910125e-01
9.999727518036289897e-01
9.999760171811031828e-01
9.999783074495702806e-01
9.999800852248270644e-01
9.999815570951533505e-01
9.999828081428787652e-01
9.999838604206657822e-01
9.999847035725538680e-01
9.999853226403058182e-01
9.999905663767314490e-01
9.999902954237898101e-01
9.999899343562158593e-01
9.999894966664418794e-01
9.999889977876226244e-01
9.999884476822218371e-01
9.999878493112427380e-01
9.999872006367247490e-01
9.999864968696950962e-01
9.999857316630678117e-01
9.999848974328244822e-01
9.999839852427976350e-01
9.999829844454987127e-01
9.999818820042789547e-01
9.999806611074970597e-01
9.999792980493374950e-01
9.999777548637239777e-01
9.999759617844865556e-01
9.999737761140060632e-01
9.999708884258297070e-01
9.999666159689886147e-01
9.999594649156413606e-01
9.999462405180206126e-01
9.999203158814877757e-01
9.998684161613518029e-01
9.997649320148658258e-01
9.995623837927276600e-01
9.991763396371693418e-01
9.984630997251375817e-01
9.971892063244656157e-01
9.949938535455995492e-01
9.913490173005767847e-01
9.855276221787903079e-01
9.765963076167771817e-01
9.634538180166649646e-01
9.449347270853287739e-01
9.199869977036473356e-01
8.879093643907450817e-01
8.486052836568314106e-01
8.027859346612045144e-01
7.520505388767110277e-01
6.987978326541715024e-01
6.459733540072080116e-01
5.967128679318188800e-01
5.539759086098997587e-01
5.202577156406354986e-01
4.974261608053062167e-01
4.866748151195786631e-01
4.885417978509905557e-01
5.029346602032215285e-01
5.291253283433672294e-01
5.657217235177971482e-01
6.106618522423428175e-01
6.612910725995719829e-01
7.145634793953961061e-01
7.673602012758777846e-01
8.168630799533650455e-01
8.608894849581684161e-01
8.981005793977725471e-01
9.280380029927514096e-01
9.510009407044563989e-01
9.678204069927187625e-01
9.796040724615964201e-01
9.875134021216074309e-01
9.926076123384853789e-01
9.957607881793519855e-01
9.976391706986578178e-01
9.987176633409982074e-01
9.993154542547180164e-01
9.996359957583356159e-01
9.998027916168112927e-01
9.998874682707338257e-01
9.999298104947480503e-01
9.999510268189488738e-01
9.999619891172066843e-01
9.999680684802710884e-01
9.999718301584169522e-01
9.999744646339753240e-01
9.999765137317977448e-01
9.999782234794363234e-01
9.999797087308655019e-01
9.999810270865494566e-01
9.999822108182742086e-01
9.999832796816454650e-01
9.999842444876924086e-01
9.999851057619132400e-01
9.999858515412559656e-01
9.999864603969090826e-01
9.999869137182266776e-01
