9.999999755772321919e-01
9.999999752678881970e-01
9.999999748601748895e-01
9.999999743796621487e-01
9.999999738525979787e-01
9.999999732959053977e-01
9.999999727169694985e-01
9.999999721177226242e-01
9.999999714979729282e-01
9.999999708569068391e-01
9.999999701935390339e-01
9.999999695068056971e-01
9.999999687955755112e-01
9.999999680586462159e-01
9.999999672947397222e-01
9.999999665024958961e-01
9.999999656804661186e-01
9.999999648271059582e-01
9.999999639407677332e-01
9.999999630196916289e-01
9.999999620619963725e-01
9.999999610656689075e-01
9.999999600285522927e-01
9.999999589483338225e-01
9.999999578225309271e-01
9.999999566484748525e-01
9.999999554232937848e-01
9.999999541438937545e-01
9.999999528069370980e-01
9.999999514088181440e-01
9.999999499456362351e-01
9.999999484131663063e-01
9.999999468068248021e-01
9.999999451216301516e-01
9.999999433521618020e-01
9.999999414925091479e-01
9.999999395362177967e-01
9.999999374762247317e-01
9.999999353047872575e-01
9.999999330133990671e-01
9.999999305926963178e-01
9.999999280323457196e-01
9.999999253209193029e-01
9.999999224457452041e-01
9.999999193927349150e-01
9.999999161461807784e-01
9.999999126885176226e-01
9.999999090000387669e-01
9.999999050585597349e-01
9.999999008390144661e-01
9.999998963129644869e-01
9.999998914480012768e-01
9.999998862069954253e-01
9.999998805471215224e-01
9.999998744184946942e-01
9.999998677620395293e-01
9.999998605056461543e-01
9.999998525562656670e-01
9.999998437822141817e-01
9.999998339720890250e-01
9.999998227392332684e-01
9.999998093035884494e-01
9.999997920078229630e-01
9.999997672809548543e-01
9.999997275026355492e-01
9.999996567795423896e-01
9.999995229475817649e-01
9.999992631038200352e-01
9.999987586688834362e-01
9.999977945687137382e-01
9.999959960708676432e-01
9.999927369665458921e-01
9.999870154017131973e-01
9.999773001789145077e-01
9.999613619296272571e-01
9.999361202205386823e-01
9.998975572864927663e-01
9.998407666089200729e-01
9.997602119778356000e-01
9.996502605075834325e-01
9.995060135323138306e-01
9.993243906666131604e-01
9.991053330320853743e-01
9.988529019722109936e-01
9.985759886507645788e-01
9.982883477181465626e-01
9.980077440651859977e-01
9.977541536883723916e-01
9.975471603797634312e-01
9.974028917205119971e-01
9.973309878841529752e-01
9.973321558046888136e-01
9.973968174352056959e-01
9.975052304983696994e-01
9.976292744754626796e-01
9.977358789700666586e-01
9.977918320853860212e-01
9.977694363654788789e-01
9.976521877731832078e-01
9.974393966098902276e-01
9.971485652035141367e-01
9.968145261330567664e-01
9.964849110452402847e-01
9.962124061580005518e-01
9.960452228852411105e-01
9.960179207688242276e-01
9.961448426213679319e-01
9.964178262751355319e-01
9.968086936309965562e-01
9.972756787737863116e-01
9.977719173643939676e-01
9.982537304354378582e-01
9.986867797064600261e-01
9.990490481785403443e-01
9.993306396528802704e-01
9.995312292057084713e-01
9.996564152643808709e-01
9.997141998188660006e-01
9.997124827975967243e-01
9.996579810539624189e-01
9.995565246476152410e-01
9.994143313116128358e-01
9.992396478029603735e-01
9.990440834348088828e-01
9.988430510464680889e-01
9.986549693278414797e-01
9.984992329483433071e-01
9.983933430092766237e-01
9.983498942447988078e-01
9.983742251601834816e-01
9.984633957662045756e-01
9.986067973564006772e-01
9.987882384223758514e-01
9.989889497186537071e-01
9.991907440774601135e-01
9.993786078917409332e-01
9.995422501634069201e-01
9.996764808659820423e-01
9.997806056218980775e-01
9.998572160321630431e-01
9.999107948527019563e-01
9.999464718035113719e-01
9.999691207143239779e-01
9.999828442627682890e-01
9.999907896675300778e-01
9.999951903281381060e-01
9.999975257560772546e-01
9.999987163411584445e-01
9.999993020321824577e-01
9.999995824923704202e-01
9.999997154568245339e-01
9.999997798566367946e-01
9.999998133343623863e-01
9.999998330560608828e-01
9.999998465482307086e-01
9.999998570162735856e-01
9.999998658130958562e-01
9.999998735264079563e-01
9.999998804350060944e-01
9.999998866923314189e-01
9.999998923980675247e-01
9.999998976258248629e-01
9.999999024342153264e-01
9.999999068717451145e-01
9.999999109793633600e-01
9.999999147920421994e-01
9.999999183398911029e-01
9.999999216490020881e-01
9.999999247421120785e-01
9.999999276391360326e-01
9.999999303575982657e-01
9.999999329129858339e-01
9.999999353190396345e-01
9.999999375879971009e-01
9.999999397307943738e-01
9.999999417572364990e-01
9.999999436761415339e-01
9.999999454954616729e-01
9.999999472223892738e-01
9.999999488634450096e-01
9.999999504245549176e-01
9.999999519111176793e-01
9.999999533280615749e-01
9.999999546798947758e-01
9.999999559707499763e-01
9.999999572044176999e-01
9.999999583843555140e-01
9.999999595135431463e-01
9.999999605937103242e-01
9.999999616227079891e-01
9.999999625886722976e-01
9.999999634628928824e-01
9.999999642003225553e-01
9.999999647573607486e-01
9.999999383935863628e-01
9.999999376798464068e-01
9.999999367494406544e-01
9.999999356523087135e-01
9.999999344435364090e-01
9.999999331626778787e-01
9.999999318299306328e-01
9.999999304523932153e-01
9.999999290310388478e-01
9.999999275646861419e-01
9.999999260515195498e-01
9.999999244895085848e-01
9.999999228764913095e-01
9.999999212101802204e-01
9.999999194881556974e-01
9.999999177078563450e-01
9.999999158665695553e-01
9.999999139614195176e-01
9.999999119893557831e-01
9.999999099471399422e-01
9.999999078313310807e-01
9.999999056382702367e-01
9.999999033640634138e-01
9.999999010045629300e-01
9.999998985553462116e-01
9.999998960116942559e-01
9.999998933685656510e-01
9.999998906205707083e-01
9.999998877619403759e-01
9.999998847864930429e-01
9.999998816875982355e-01
9.999998784581360933e-01
9.999998750904516287e-01
9.999998715763045443e-01
9.999998679068143881e-01
9.999998640723968268e-01
9.999998600626942569e-01
9.999998558664977555e-01
9.999998514716592624e-01
9.999998468649926586e-01
9.999998420321609682e-01
9.999998369575517909e-01
9.999998316241320850e-01
9.999998260132860750e-01
9.999998201046282897e-01
9.999998138757908439e-01
9.999998073021774125e-01
9.999998003566821225e-01
9.999997930093613707e-01
9.999997852270552379e-01
9.999997769729438435e-01
9.999997682060286497e-01
9.999997588805207283e-01
9.999997489451165622e-01
9.999997383421321828e-01
9.999997270064602262e-01
9.999997148642889577e-01
9.999997018314841224e-01
9.999996878114357779e-01
9.999996726919370138e-01
9.999996563401072347e-01
9.999996385930471909e-01
9.999996192388599381e-01
9.999995979758481424e-01
9.999995743229610490e-01
9.999995474239510296e-01
9.999995156266495711e-01
9.999994756021741704e-01
9.999994205562880989e-01
9.999993367164596858e-01
9.999991966731094362e-01
9.999989472206778363e-01
9.999984880082318783e-01
9.999976355666730932e-01
9.999960652881818568e-01
9.999932221329815851e-01
9.999881900728512241e-01
9.999795118641616742e-01
9.999649563753837400e-01
9.999412421177363841e-01
9.999037439497162616e-01
9.998462346284271440e-01
9.997607407270345803e-01
9.996376167078985242e-01
9.994659515879437128e-01
9.992344079438260085e-01
9.989325430040666420e-01
9.985525727187999356e-01
9.980914195140675460e-01
9.975527540671458304e-01
9.969486339630491134e-01
9.963002955440393160e-01
9.956377012262074278e-01
9.949975956130121535e-01
9.944200646688562406e-01
9.939438795788875236e-01
9.936011789634107139e-01
9.934122377636340762e-01
9.933811455024299519e-01
9.934931597394740521e-01
9.937143325204137456e-01
9.939937649856680491e-01
9.942685591504123455e-01
9.944712158616686448e-01
9.945388648959423428e-01
9.944233045007133676e-01
9.941004152538245320e-01
9.935772090005268176e-01
9.928947469561408834e-01
9.921255743580068565e-01
9.913652326234735357e-01
9.907187012179698993e-01
9.902839724138075006e-01
9.901359428149004716e-01
9.903140317377316926e-01
9.908162367655246605e-01
9.916008489608444387e-01
9.925951964543797690e-01
9.937091274066683910e-01
9.948499779692340228e-01
9.959357483543129774e-01
9.969040560970485743e-01
9.977158025575271205e-01
9.983539088029387276e-01
9.988185424831313997e-01
9.991207495219436296e-01
9.992763257670380650e-01
9.993012787130579611e-01
9.992095619166014853e-01
9.990131073299044484e-01
9.987236516933712949e-01
9.983555026247052933e-01
9.979282325997991254e-01
9.974683306579792408e-01
9.970090837599999700e-01
9.965883805975974674e-01
9.962446625966925318e-01
9.960117705908275720e-01
9.959138045865183475e-01
9.959612033056527425e-01
9.961490092509306393e-01
9.964577678779888981e-01
9.968568645370918802e-01
9.973095237550766434e-01
9.977783517231721966e-01
9.982302803074960540e-01
9.986400459659420248e-01
9.989917944188531074e-01
9.992788851729390576e-01
9.995023402628558928e-01
9.996685612788502873e-01
9.997869246332468096e-01
9.998677118825824994e-01
9.999206199004333495e-01
9.999538976489750208e-01
9.999740174160731687e-01
9.999857216863662357e-01
9.999922808227451609e-01
9.999958282516259178e-01
9.999976854394307946e-01
9.999986317518918533e-01
9.999991058231499919e-01
9.999993436914818012e-01
9.999994670343408387e-01
9.999995360732734095e-01
9.999995795142050392e-01
9.999996106044237720e-01
9.999996353189350984e-01
9.999996563390074478e-01
9.999996749004098628e-01
9.999996916168818473e-01
9.999997068337875827e-01
9.999997207758175577e-01
9.999997336079751165e-01
9.999997454612481462e-01
9.999997564441798215e-01
9.999997666487829839e-01
9.999997761540686536e-01
9.999997850284583212e-01
9.999997933315838416e-01
9.999998011156947531e-01
9.999998084267929244e-01
9.999998153055549288e-01
9.999998217880934348e-01
9.999998279065889228e-01
9.999998336898178186e-01
9.999998391635966932e-01
9.999998443511570745e-01
9.999998492734646360e-01
9.999998539494910910e-01
9.999998583964484489e-01
9.999998626299890780e-01
9.999998666643805656e-01
9.999998705126555976e-01
9.999998741867442975e-01
9.999998776975882464e-01
9.999998810552415129e-01
9.999998842689590273e-01
9.999998873472748517e-01
9.999998902980707927e-01
9.999998931286337989e-01
9.999998958456862708e-01
9.999998984552800341e-01
9.999999009621056700e-01
9.999999033669135784e-01
9.999999056597325131e-01
9.999999078079677695e-01
9.999999097458038833e-01
9.999999113810065232e-01
9.999999126306493569e-01
9.999999635959062605e-01
9.999999631035226821e-01
9.999999624484773308e-01
9.999999616778595390e-01
9.999999608365807147e-01
9.999999599505651204e-01
9.999999590293746632e-01
9.999999580746351535e-01
9.999999570853892461e-01
9.999999560600312254e-01
9.999999549967610868e-01
9.999999538936524823e-01
9.999999527486516104e-01
9.999999515595682231e-01
9.999999503240644128e-01
9.999999490396418445e-01
9.999999477036292106e-01
9.999999463131661326e-01
9.999999448651869516e-01
9.999999433564032980e-01
9.999999417832824422e-01
9.999999401420263112e-01
9.999999384285451764e-01
9.999999366384315636e-01
9.999999347669275007e-01
9.999999328088912121e-01
9.999999307587580377e-01
9.999999286104968022e-01
9.999999263575609643e-01
9.999999239928342165e-01
9.999999215085666471e-01
9.999999188963057950e-01
9.999999161468156039e-01
9.999999132499848287e-01
9.999999101947240066e-01
9.999999069688443321e-01
9.999999035589207663e-01
9.999998999501337194e-01
9.999998961260843089e-01
9.999998920685821968e-01
9.999998877573951228e-01
9.999998831699571378e-01
9.999998782810246567e-01
9.999998730622685628e-01
9.999998674817903721e-01
9.999998615035416982e-01
9.999998550866254776e-01
9.999998481844479814e-01
9.999998407436794245e-01
9.999998327029602230e-01
9.999998239912495368e-01
9.999998145256084880e-01
9.999998042079352167e-01
9.999997929194248680e-01
9.999997805095164338e-01
9.999997667708500071e-01
9.999997513786336167e-01
9.999997337414691101e-01
9.999997126395023805e-01
9.999996853727334267e-01
9.999996458321667170e-01
9.999995803166896735e-01
9.999994588739909984e-01
9.999992182387451578e-01
9.999987299212615977e-01
9.999977437395533020e-01
9.999957936845845774e-01
9.999920509494235610e-01
9.999851108992579007e-01
9.999727104428677293e-01
9.999513935966879430e-01
9.999161781022730677e-01
9.998603220667238167e-01
9.997753362181652781e-01
9.996514149112420977e-01
9.994784416740543076e-01
9.992476393278765245e-01
9.989537724880503955e-01
9.985975923714094371e-01
9.981879958754064086e-01
9.977432342772294405e-01
9.972905327812719989e-01
9.968637151173886934e-01
9.964988449701053241e-01
9.962284021615834817e-01
9.960749640588233422e-01
9.960456269559956333e-01
9.961284053806308547e-01
9.962916022791840076e-01
9.964867243879063086e-01
9.966550019354099010e-01
9.967369889364818825e-01
9.966840562086408672e-01
9.964698663828408520e-01
9.960993000489017923e-01
9.956121157351016659e-01
9.950792518956776966e-01
9.945912855738019420e-01
9.942408654296012172e-01
9.941031641951587616e-01
9.942195674493048418e-01
9.945892371316309433e-01
9.951708794411322501e-01
9.958938280795812670e-01
9.966746966602667568e-01
9.974344721319773344e-01
9.981114419569154794e-01
9.986673584232970136e-01
9.990867710256245982e-01
9.993714913404566635e-01
9.995330949415039967e-01
9.995861782155588404e-01
9.995441538983120822e-01
9.994181854854679026e-01
9.992188081707303882e-01
9.989590538653094764e-01
9.986575514911847362e-01
9.983401291217826046e-01
9.980389021554573192e-01
9.977886278354628491e-01
9.976210540832309848e-01
9.975587856627274874e-01
9.976105149658709426e-01
9.977691422463285109e-01
9.980134222278098655e-01
9.983126512218472026e-01
9.986329891808009007e-01
9.989436365316197719e-01
9.992213491427412997e-01
9.994524983951533770e-01
9.996327296300216991e-01
9.997649164199162719e-01
9.998563740613839457e-01
9.999161951473198862e-01
9.999532476188972563e-01
9.999750106970466401e-01
9.999871485350022571e-01
9.999935861876098064e-01
9.999968398531491331e-01
9.999984122811806930e-01
9.999991436882755824e-01
9.999994754872481018e-01
9.999996262288709525e-01
9.999996981849263999e-01
9.999997367418174132e-01
9.999997610991835373e-01
9.999997790727923608e-01
9.999997937838016604e-01
9.999998065030075711e-01
9.999998177939353194e-01
9.999998279499813236e-01
9.999998371554515986e-01
9.999998455441707623e-01
9.999998532216339830e-01
9.999998602744213372e-01
9.999998667750387149e-01
9.999998727849273017e-01
9.999998783565957616e-01
9.999998835352301718e-01
9.999998883599541255e-01
9.999998928648274887e-01
9.999998970796539766e-01
9.999999010306324099e-01
9.999999047408940633e-01
9.999999082309427578e-01
9.999999115190210119e-01
9.999999146214172407e-01
9.999999175527218842e-01
9.999999203260441227e-01
9.999999229531978395e-01
9.999999254448572739e-01
9.999999278106921352e-01
9.999999300594841767e-01
9.999999321992258938e-01
9.999999342372083433e-01
9.999999361800950837e-01
9.999999380339721355e-01
9.999999398042735965e-01
9.999999414950322407e-01
9.999999431055622834e-01
9.999999446212263221e-01
9.999999459989408201e-01
9.999999471628486791e-01
9.999999480337410374e-01
9.999994522773365535e-01
9.999994371185237929e-01
9.999994168833680197e-01
9.999993923340385615e-01
9.999993643297964141e-01
9.999993334033820958e-01
9.999992996744682117e-01
9.999992629529886878e-01
9.999992228310780051e-01
9.999991786650783698e-01
9.999991293987863239e-01
9.999990731201251482e-01
9.999990060863197527e-01
9.999989206654333884e-01
9.999988011305057656e-01
9.999986153591181592e-01
9.999982990434046481e-01
9.999977267914179624e-01
9.999966613404009941e-01
9.999946680410767286e-01
9.999909772672482822e-01
9.999842736304913604e-01
9.999723900057689852e-01
9.999518896725758665e-01
9.999175354109579583e-01
9.998616740269012926e-01
9.997736103617018699e-01
9.996391036883658376e-01
9.994401817794769105e-01
9.991555156787139680e-01
9.987616060608743851e-01
9.982349730081776507e-01
9.975553957963024798e-01
9.967100181518938617e-01
9.956978471960933330e-01
9.945338927905569282e-01
9.932520027466968937e-01
9.919054331445358308e-01
9.905644068979257977e-01
9.893103560229177251e-01
9.882271440554959430e-01
9.873901996169929252e-01
9.868550154080195647e-01
9.866467604880146958e-01
9.867527626644285732e-01
9.871193609840749339e-01
9.876541746100138131e-01
9.882342559181420683e-01
9.887199241994455434e-01
9.889732947771461280e-01
9.888796058751199158e-01
9.883684633661564689e-01
9.874312899292219114e-01
9.861309526037795870e-01
9.846001543138973577e-01
9.830269274176590688e-01
9.816282843370109923e-01
9.806161274234822534e-01
9.801619600663171727e-01
9.803678714051093923e-01
9.812501977146030896e-01
9.827393570827385183e-01
9.846954146479739434e-01
9.869351441687634896e-01
9.892638486662188591e-01
9.915046827375315619e-01
9.935196948084807911e-01
9.952196412265299497e-01
9.965628081265606175e-01
9.975456363666731496e-01
9.981892768757294476e-01
9.985262146282213314e-01
9.985901115710531517e-01
9.984105404790046823e-01
9.980127786463077744e-01
9.974216020803243765e-01
9.966672014662361079e-01
9.957909710099717149e-01
9.948490138483594425e-01
9.939117617194955789e-01
9.930590647271609894e-01
9.923713049307096856e-01
9.919182452697807850e-01
9.917481093202958897e-01
9.918795257176962199e-01
9.922983711819380881e-01
9.929603540924276661e-01
9.937987475174885343e-01
9.947354430050794338e-01
9.956928192902831931e-01
9.966039680251302935e-01
9.974195084676265033e-01
9.981102738728471202e-01
9.986662062947457841e-01
9.990925540657933368e-01
9.994047786805817513e-01
9.996234667632361015e-01
9.997701527056679360e-01
9.998644754386323275e-01
9.999226749187180019e-01
9.999571657235053479e-01
9.999768189478691616e-01
9.999876018711794101e-01
9.999933112629366683e-01
9.999962401043230864e-01
9.999977063261649146e-01
9.999984324334980634e-01
9.999987969614889671e-01
9.999989898394825438e-01
9.999991025724108695e-01
9.999991776632412011e-01
9.999992342810958279e-01
9.999992809333582144e-01
9.999993214292297594e-01
9.999993575632150078e-01
9.999993902745735186e-01
9.999994201316680931e-01
9.999994475301063890e-01
9.999994727740666445e-01
9.999994961112459446e-01
9.999995177495401011e-01
9.999995378663173451e-01
9.999995566144103121e-01
9.999995741263491000e-01
9.999995905170054877e-01
9.999996058827799184e-01
9.999996202907639464e-01
9.999996337452681239e-01
9.999996461251097202e-01
9.999996571247985466e-01
9.999996662892898236e-01
9.999996732107814257e-01
9.999993292406819112e-01
9.999993107451878860e-01
9.999992860946524953e-01
9.999992561858950246e-01
9.999992220430899970e-01
9.999991843100802802e-01
9.999991431316390678e-01
9.999990982588471411e-01
9.999990491346627541e-01
9.999989948195552314e-01
9.999989336566887932e-01
9.999988624684703620e-01
9.999987748128080778e-01
9.999986573441730364e-01
9.999984824711811715e-01
9.999981940508853029e-01
9.999976805202341890e-01
9.999967263322324662e-01
9.999949276368382822e-01
9.999915519509500195e-01
9.999853148959059190e-01
9.999740418409206466e-01
9.999541818543837834e-01
9.999201506868018452e-01
9.998635045797759080e-01
9.997719929970754205e-01
9.996286081480840746e-01
9.994108377635575469e-01
9.990904198276688852e-01
9.986339664146474115e-01
9.980048309301194909e-01
9.971664995058568959e-01
9.960875658174730418e-01
9.947480013852343372e-01
9.931460062787511589e-01
9.913043104772696346e-01
9.892745181045411451e-01
9.871380678691674682e-01
9.850027003395320779e-01
9.829939697578018443e-01
9.812422111169349925e-01
9.798662920064504789e-01
9.789562392738631047e-01
9.785572697560764865e-01
9.786577992375142809e-01
9.791836816697163659e-01
9.800003331704411069e-01
9.809236127851828080e-01
9.817393949373194317e-01
9.822306387058401533e-01
9.822093957177541190e-01
9.815496813987123481e-01
9.802157751470732538e-01
9.782798589248680177e-01
9.759235592466667386e-01
9.734202869960988380e-01
9.710990866644387820e-01
9.692951698122141968e-01
9.682961204737734473e-01
9.682946263978311485e-01
9.693577208682820912e-01
9.714189663813854736e-01
9.742946851724199053e-01
9.777197318979654606e-01
9.813940032130181734e-01
9.850290714659406532e-01
9.883854046341231658e-01
9.912940676387103078e-01
9.936613666047962035e-01
9.954591478690207884e-01
9.967062566154230030e-01
9.974475147006586218e-01
9.977357027518224397e-01
9.976200790737197455e-01
9.971426787625514709e-01
9.963415777656359218e-01
9.952587866343747258e-01
9.939495718162802973e-01
9.924898198519869208e-01
9.909785690077758114e-01
9.895339908176870036e-01
9.882827452198651441e-01
9.873444247025301435e-01
9.868142869064573386e-01
9.867482002189276180e-01
9.871534188063315618e-01
9.879874921053229953e-01
9.891656522656641082e-01
9.905749827354298764e-01
9.920921490649752261e-01
9.936008866538629247e-01
9.950058904278997751e-01
9.962410058813315761e-01
9.972712210112881781e-01
9.980894013609192816e-01
9.987096251506509814e-01
9.991592261079251802e-01
9.994713334168356944e-01
9.996790515702786983e-01
9.998117160891648592e-01
9.998930959261994600e-01
9.999410832349000522e-01
9.999683099994131075e-01
9.999831924063795618e-01
9.999910448493537496e-01
9.999950577610536850e-01
9.999970565291482760e-01
9.999980384736160133e-01
9.999985248667095927e-01
9.999987768321161319e-01
9.999989200227981101e-01
9.999990127211987323e-01
9.999990811421750614e-01
9.999991368503320377e-01
9.999991849589042747e-01
9.999992278220670716e-01
9.999992666313954892e-01
9.999993020823991774e-01
9.999993346460975818e-01
9.999993646792373347e-01
9.999993924705506965e-01
9.999994182620194350e-01
9.999994422601784505e-01
9.999994646430452327e-01
9.999994855641474167e-01
9.999995051515839783e-01
9.999995234938512390e-01
9.999995405972014195e-01
9.999995563083372563e-01
9.999995702457679103e-01
9.999995818486846488e-01
9.999995906209696583e-01
