3.065540463502768034e+03 9.971603260412770231e-01 1.287786162741285517e-02 4.525675480620559028e+03
3.065548805346476001e+03 9.988922879367276852e-01 1.283448789260180703e-02 4.534467439467670374e+03
3.065557147190184423e+03 1.000625194848944854e+00 1.279117312480817191e-02 4.543259398315261933e+03
3.065565489033892391e+03 1.004737280221200679e+00 1.277019781318426521e-02 4.562851682839900604e+03
3.065573830877600358e+03 1.007306103248453599e+00 1.273632825775546443e-02 4.575434049303359643e+03
3.065582172721308325e+03 1.004624044473238831e+00 1.268725225378636995e-02 4.564157955309896352e+03
3.065590514565016747e+03 9.976589056008823286e-01 1.265471090586466930e-02 4.533406982089720259e+03
3.065598856408724714e+03 9.908428276037546389e-01 1.262952646118057666e-02 4.503313569923480827e+03
3.065607198252432681e+03 9.941113359368046742e-01 1.266633513267203387e-02 4.519043300714199177e+03
3.065615540096140649e+03 1.003451080705832554e+00 1.275914162716364209e-02 4.562375281899245238e+03
3.065623881939849070e+03 1.002663949069572569e+00 1.278183824413712914e-02 4.559663477266149130e+03
3.065632223783557038e+03 9.940716018653310559e-01 1.270467484330532575e-02 4.521441490166340373e+03
3.065640565627265005e+03 9.920931619669102197e-01 1.265746320681002644e-02 4.513285722653770790e+03
3.065648907470973427e+03 9.919056817979251539e-01 1.264514036355937274e-02 4.513268194056238826e+03
3.065657249314681394e+03 9.922244384416690766e-01 1.262463892809274901e-02 4.515546745885683777e+03
3.065665591158389361e+03 9.938589483121900159e-01 1.260745873942015205e-02 4.523807362971107068e+03
3.065673933002097328e+03 9.939798071940896262e-01 1.259745962706263801e-02 4.525172185553014060e+03
3.065682274845805750e+03 9.944946525267228665e-01 1.260755814690075159e-02 4.528323709484238861e+03
3.065690616689513718e+03 9.919239252927678496e-01 1.260263895334379214e-02 4.517416288185334452e+03
3.065698958533221685e+03 9.916888499738112372e-01 1.258947580768108795e-02 4.517136173390661497e+03
3.065707300376929652e+03 9.947481665373784088e-01 1.258325554232615079e-02 4.531856766795048316e+03
3.065715642220638074e+03 9.991051938393807896e-01 1.261738022825715025e-02 4.552487795418366659e+03
3.065723984064346041e+03 1.006180843505813494e+00 1.268109383549197687e-02 4.585507782467579091e+03
3.065732325908054008e+03 1.007876750821232736e+00 1.269289398875788483e-02 4.594009675760858954e+03
3.065740667751761976e+03 1.004561102521688287e+00 1.265724246689673566e-02 4.579659571887369566e+03
3.065749009595470397e+03 1.003669844806989175e+00 1.263004834162105225e-02 4.576351201584115188e+03
3.065757351439178365e+03 1.005721619288641344e+00 1.263731166012955001e-02 4.586455248134740032e+03
3.065765693282886332e+03 1.005532677287011456e+00 1.261863543957998310e-02 4.586334644569176817e+03
3.065774035126594754e+03 9.989180026852754191e-01 1.255634659799604452e-02 4.556893113284303581e+03
3.065782376970302721e+03 9.944275219297162849e-01 1.252687627023807600e-02 4.537126216594690959e+03
3.065790718814010688e+03 9.972075091586727336e-01 1.250821624649320341e-02 4.550522470760259239e+03
3.065799060657718655e+03 9.957759026432977389e-01 1.242972357453924620e-02 4.544693584437460231e+03
3.065807402501427077e+03 9.889498136600296530e-01 1.234298018872952499e-02 4.514231159776943969e+03
3.065815744345135045e+03 9.901621846469850219e-01 1.236296046484917921e-02 4.520450297349492757e+03
3.065824086188843012e+03 9.964895497550410042e-01 1.244234128611584889e-02 4.550018969528889102e+03
3.065832428032550979e+03 9.952734458985897925e-01 1.244651428429815326e-02 4.545139819116864601e+03
3.065840769876259401e+03 9.915875927626195407e-01 1.244201587341966543e-02 4.528971233340991603e+03
3.065849111719967368e+03 9.933659658043622054e-01 1.247157699235973069e-02 4.537751178881651867e+03
3.065857453563675335e+03 9.923204469849988829e-01 1.240515548806415090e-02 4.533624455754027622e+03
3.065865795407383757e+03 9.895668606225321851e-01 1.231852731833449170e-02 4.521684144126195861e+03
3.065874137251091724e+03 9.910134075050559543e-01 1.233197875694604095e-02 4.528927446676411819e+03
3.065882479094799692e+03 9.903339194335120110e-01 1.234773932212210844e-02 4.526447824941164072e+03
3.065890820938507659e+03 9.916078899249308742e-01 1.235124560474942790e-02 4.532889658264435639e+03
3.065899162782216081e+03 9.956609451214735174e-01 1.236284541690705133e-02 4.552031230542143021e+03
3.065907504625924048e+03 9.957821523189519519e-01 1.235226809319727413e-02 4.553191999812064751e+03
3.065915846469632015e+03 9.940577110990621579e-01 1.233373416296529301e-02 4.545905134497939798e+03
3.065924188313339982e+03 9.931870173577403982e-01 1.236716280747728741e-02 4.542513498458654794e+03
3.065932530157048404e+03 9.944015513677517681e-01 1.242782256945886357e-02 4.548651744700755444e+03
3.065940872000756372e+03 1.000405953205051324e+00 1.248027011058800914e-02 4.576696810354700574e+03
3.065949213844464339e+03 1.003963470730173446e+00 1.250319431665906748e-02 4.593545764743274049e+03
3.065957555688172306e+03 1.001320913944865554e+00 1.246557573307013889e-02 4.582019826672909403e+03
3.065965897531880728e+03 9.992392291834798490e-01 1.242187491978074057e-02 4.573050250182392119e+03
3.065974239375588695e+03 9.961688669322437129e-01 1.238749686983439506e-02 4.559545605071129103e+03
3.065982581219296662e+03 9.948397534343250692e-01 1.238921320498070737e-02 4.554000903981599549e+03
3.065990923063005084e+03 1.001711335813902481e+00 1.243899670347474104e-02 4.585991366323424700e+03
3.065999264906713051e+03 1.005587549805653902e+00 1.244888572830334106e-02 4.604266745088656535e+03
3.066007606750421019e+03 9.974453663962355998e-01 1.238582555042223518e-02 4.567503947806228098e+03
3.066015948594128986e+03 9.916745722938909990e-01 1.234130256613003539e-02 4.541585547392041917e+03
3.066024290437837408e+03 9.982088181234018975e-01 1.234975636512221711e-02 4.572013594185227703e+03
3.066032632281545375e+03 1.003940929696194750e+00 1.235709508674025237e-02 4.598766328108356902e+03
3.066040974125253342e+03 9.997213991043690795e-01 1.234163087348556787e-02 4.579926672166579010e+03
3.066049315968961309e+03 9.951539145301190326e-01 1.232570416104812432e-02 4.559481192716886653e+03
3.066057657812669731e+03 9.950272873930883222e-01 1.231318490447794699e-02 4.559372582379563028e+03
3.066065999656377699e+03 9.985417115663960397e-01 1.232854042227064621e-02 4.575941946394549632e+03
3.066074341500085666e+03 1.012027736849902659e+00 1.243920061984859528e-02 4.638207739102235792e+03
3.066082683343794088e+03 1.021621436724661880e+00 1.250622887793691185e-02 4.682637591585741575e+03
3.066091025187502055e+03 1.010458235879708067e+00 1.238012028610990453e-02 4.631919160775390992e+03
3.066099367031210022e+03 9.973070995498106717e-01 1.225150255824184430e-02 4.572069788387638255e+03
3.066107708874917989e+03 9.916597332799512721e-01 1.220582063737476672e-02 4.546605157760413931e+03
3.066116050718626411e+03 9.876901710053245242e-01 1.217162975030556225e-02 4.528821449541785114e+03
3.066124392562334378e+03 9.896409964723950070e-01 1.221316299380354603e-02 4.538176001294916205e+03
3.066132734406042346e+03 9.994036545233807578e-01 1.235261853224638683e-02 4.583350445809366647e+03
3.066141076249750313e+03 1.021466497523977335e+00 1.260828865374979783e-02 4.684939840828810702e+03
3.066149418093458735e+03 1.034873188190335913e+00 1.273332900739265056e-02 4.746834296658917992e+03
3.066157759937166702e+03 1.015749693627002070e+00 1.247586554525533485e-02 4.659506977621986152e+03
3.066166101780874669e+03 9.955488434782330254e-01 1.222990123465683351e-02 4.567214977476266540e+03
3.066174443624582636e+03 9.927356613903896010e-01 1.218621736661128045e-02 4.554675137222209742e+03
3.066182785468291058e+03 9.934661868433871668e-01 1.220028894228500534e-02 4.558385606668213768e+03
3.066191127311999026e+03 9.923928091919591576e-01 1.224301461970637647e-02 4.553811527611933343e+03
3.066199469155706993e+03 9.931494469836142924e-01 1.228770730984688787e-02 4.557627298519539181e+03
3.066207810999415415e+03 9.957056471157986755e-01 1.229385200652178232e-02 4.569695041101039351e+03
3.066216152843123382e+03 9.949805573470198450e-01 1.226143315639146962e-02 4.566696762172941817e+03
3.066224494686831349e+03 9.932852715023029466e-01 1.222661755154507562e-02 4.559237273976459619e+03
3.066232836530539316e+03 9.943371836631597072e-01 1.222075531019710046e-02 4.564379903319617370e+03
3.066241178374247738e+03 9.978149918314096478e-01 1.223794063132307638e-02 4.580652235903352448e+03
3.066249520217955705e+03 9.987423974101665713e-01 1.222607758464437297e-02 4.585210331890857560e+03
3.066257862061663673e+03 9.906727371605109633e-01 1.216664411520577797e-02 4.548453447105162923e+03
3.066266203905371640e+03 9.821390926890142259e-01 1.212859758652821453e-02 4.509554026858091675e+03
3.066274545749080062e+03 9.810344168908570195e-01 1.210685005574820353e-02 4.504755058199317318e+03
3.066282887592788029e+03 9.820706679707765785e-01 1.205803859255258695e-02 4.509779487487062397e+03
3.066291229436495996e+03 9.865932642998428426e-01 1.208493523474905330e-02 4.530807699523790689e+03
3.066299571280204418e+03 9.901943807127961961e-01 1.214524449523030590e-02 4.547598827178902866e+03
3.066307913123912385e+03 9.944297227488690938e-01 1.219370595818685711e-02 4.567297251897718525e+03
3.066316254967620353e+03 1.001444208510980705e+00 1.224754674310641299e-02 4.599755220972672760e+03
3.066324596811328320e+03 1.001409196808999313e+00 1.223270200640075994e-02 4.599828144778866772e+03
3.066332938655036742e+03 9.986927453766972773e-01 1.221107724035787150e-02 4.587576115310152090e+03
3.066341280498744709e+03 9.970371808281099923e-01 1.225420529935815350e-02 4.580188874689440127e+03
3.066349622342452676e+03 9.932351133349006655e-01 1.228142750377807062e-02 4.562932373251447643e+03
3.066357964186160643e+03 9.903252838538425529e-01 1.223409469704974870e-02 4.549765964148957210e+03
3.066366306029869065e+03 9.927516912272359439e-01 1.219611974545834615e-02 4.561107807814927583e+03
3.066374647873577032e+03 9.946043575461761543e-01 1.218280427838669064e-02 4.569807012896564629e+03
3.066382989717285000e+03 9.900785455919096645e-01 1.214765071726958343e-02 4.549191731038396028e+03
3.066391331560992967e+03 9.825470346100021457e-01 1.209817588399312617e-02 4.514756363044313730e+03
3.066399673404701389e+03 9.779191368001863838e-01 1.206984868435994132e-02 4.493653501110363322e+03
3.066408015248409356e+03 9.832930911178627831e-01 1.216203772891953985e-02 4.518503060063625526e+03
3.066416357092117323e+03 9.920210074685628099e-01 1.229659565430621035e-02 4.558759775816473848e+03
3.066424698935825745e+03 1.014299543689932692e+00 1.270412457988819889e-02 4.661284421783239850e+03
3.066433040779533712e+03 1.032936650257453071e+00 1.306879861359176893e-02 4.747072719951369436e+03
3.066441382623241680e+03 1.014151128017784398e+00 1.266129075922793612e-02 4.660869992115043715e+03
3.066449724466949647e+03 9.940457399898002810e-01 1.222263610989295091e-02 4.568588924206265801e+03
3.066458066310658069e+03 9.932606927016303100e-01 1.219293374469382525e-02 4.565093275964487475e+03
3.066466408154366036e+03 9.970566767408231001e-01 1.223305760268638895e-02 4.582645204402560012e+03
3.066474749998074003e+03 9.958423578114664609e-01 1.223724686972240197e-02 4.577161700698778077e+03
3.066483091841781970e+03 9.930092104436999412e-01 1.221174616975565300e-02 4.564229761855740435e+03
3.066491433685490392e+03 9.967449395059132522e-01 1.223319381967412703e-02 4.581483347259121729e+03
3.066499775529198359e+03 9.989733027853795466e-01 1.225285056189067724e-02 4.591801396206978097e+03
3.066508117372906327e+03 1.004072521840927879e+00 1.229637708738952340e-02 4.615308400399359925e+03
3.066516459216614749e+03 1.009737123448248619e+00 1.234215697355448005e-02 4.641407379306198891e+03
3.066524801060322716e+03 1.009173567886211709e+00 1.234132539864023215e-02 4.638870428455851652e+03
3.066533142904030683e+03 1.009023551254395690e+00 1.234486222260379983e-02 4.638226771535467378e+03
3.066541484747738650e+03 1.004181295595239609e+00 1.232244322178476306e-02 4.616006300878219918e+03
3.066549826591447072e+03 9.983195451227276918e-01 1.230289365161778628e-02 4.589091521104803178e+03
3.066558168435155039e+03 9.968904470523888284e-01 1.228994620129009174e-02 4.582545115360697309e+03
3.066566510278863007e+03 9.933889330047734889e-01 1.223496811153104540e-02 4.566464567247665400e+03
3.066574852122570974e+03 9.921508321107005424e-01 1.218869122746042005e-02 4.560781070496326720e+03
3.066583193966279396e+03 9.940560215841305336e-01 1.216220464856478806e-02 4.569539381947511174e+03
3.066591535809987363e+03 9.946120674318951194e-01 1.215462173596508662e-02 4.572088390712934597e+03
3.066599877653695330e+03 9.935121640347019945e-01 1.216387074284583543e-02 4.567017776225507987e+03
3.066608219497403297e+03 9.952527969756487236e-01 1.218878806779997645e-02 4.574997167140423699e+03
3.066616561341111719e+03 9.996614569906453474e-01 1.222584659229148871e-02 4.595233346864899431e+03
3.066624903184819686e+03 9.980877783641189938e-01 1.222318078176877140e-02 4.587962389374984923e+03
3.066633245028527654e+03 9.938237619657344091e-01 1.219566808908716105e-02 4.568317362872028752e+03
3.066641586872236076e+03 9.952100513904837964e-01 1.222057640287816868e-02 4.574637789601800250e+03
3.066649928715944043e+03 1.000121627052036111e+00 1.228846141253909716e-02 4.597154897466341026e+03
3.066658270559652010e+03 1.002743393784164327e+00 1.230083011626415153e-02 4.609138693005205823e+03
3.066666612403359977e+03 1.000375471211182088e+00 1.224995542907870300e-02 4.598179703288060409e+03
3.066674954247068399e+03 9.925849422454139370e-01 1.215582238056159801e-02 4.562289252647608009e+03
3.066683296090776366e+03 9.885575016568090012e-01 1.208874395335785001e-02 4.543688896923438733e+03
3.066691637934484334e+03 9.958871180841432080e-01 1.216289665540153976e-02 4.577280994894656942e+03
3.066699979778192301e+03 1.001623093239519147e+00 1.224465032899106805e-02 4.603539624423949135e+03
3.066708321621900723e+03 9.961711726866877559e-01 1.221033595081227018e-02 4.578370276207438110e+03
3.066716663465608690e+03 9.895260086513493203e-01 1.216458423381874820e-02 4.547710741468785272e+03
3.066725005309316657e+03 9.903891010482106516e-01 1.215953216426282103e-02 4.551551258469080494e+03
3.066733347153025079e+03 9.924992947725204129e-01 1.213274657111025091e-02 4.561115266290164072e+03
3.066741688996733046e+03 9.965356993357828985e-01 1.216006856710859924e-02 4.579523021849695397e+03
3.066750030840441013e+03 9.991647688276402706e-01 1.222076375546849412e-02 4.591454990782164714e+03
3.066758372684148981e+03 9.945277431974556270e-01 1.219545915960636336e-02 4.569989949132565016e+03
3.066766714527857403e+03 9.908580278613113856e-01 1.214292106086291984e-02 4.552963690091982244e+03
3.066775056371565370e+03 9.881766043620940909e-01 1.210061331478310201e-02 4.540472223754706647e+03
3.066783398215273337e+03 9.861188665607995008e-01 1.207776589435940323e-02 4.530839873239511689e+03
3.066791740058981304e+03 9.898628714117727601e-01 1.210890468133051130e-02 4.547856573155663682e+03
3.066800081902689726e+03 9.926992399558900448e-01 1.214645520030378963e-02 4.560694506240774899e+03
3.066808423746397693e+03 9.910510145426113526e-01 1.213564041191243434e-02 4.552921476512367008e+03
3.066816765590105661e+03 9.924452819307798546e-01 1.212505615055739158e-02 4.559118352836037957e+03
3.066825107433813628e+03 9.955597860979599201e-01 1.213696413152836641e-02 4.573209263801731140e+03
3.066833449277522050e+03 9.932935198963148693e-01 1.210522053223586463e-02 4.562575386621225334e+03
3.066841791121230017e+03 9.924464858043846593e-01 1.209887731075171002e-02 4.558453824647463989e+03
3.066850132964937984e+03 9.995428113766460232e-01 1.218745419205122422e-02 4.590808325393957603e+03
3.066858474808646406e+03 1.004428600729787124e+00 1.222327369344022169e-02 4.612999610571127050e+03
3.066866816652354373e+03 9.995272694867700647e-01 1.214393465710249254e-02 4.590234464733318418e+03
3.066875158496062340e+03 9.971430862541479367e-01 1.210257232111053814e-02 4.579023447471450709e+03
3.066883500339770308e+03 1.003558029695654108e+00 1.216934931986484759e-02 4.608210675346963399e+03
3.066891842183478730e+03 1.005870414664088885e+00 1.220703957765939020e-02 4.618549559616184524e+03
3.066900184027186697e+03 1.004547407793538349e+00 1.218638996235425244e-02 4.612188372279773830e+03
3.066908525870894664e+03 1.007706388448770474e+00 1.223064716498777592e-02 4.626397281008639766e+03
3.066916867714602631e+03 1.010531416203796828e+00 1.229448286058385312e-02 4.639063659868295872e+03
3.066925209558311053e+03 1.009132112327850272e+00 1.225954655241946745e-02 4.632329315677858176e+03
3.066933551402019020e+03 1.004335268015493776e+00 1.216019018707579190e-02 4.609993229051437993e+03
3.066941893245726988e+03 9.962878514081037196e-01 1.207429415084985275e-02 4.572733271425062412e+03
3.066950235089435409e+03 9.929841292773526895e-01 1.205522145018790223e-02 4.557241986659507347e+03
3.066958576933143377e+03 9.994209631926310733e-01 1.213204468088172235e-02 4.586445862125001440e+03
3.066966918776851344e+03 1.002949470121247577e+00 1.217800981247547584e-02 4.602292221037499075e+03
3.066975260620559311e+03 1.001111869769326645e+00 1.215726906090062315e-02 4.593506705235980917e+03
3.066983602464267733e+03 9.999710839438259447e-01 1.214159999616589748e-02 4.587911991993052652e+03
3.066991944307975700e+03 1.000368906562045135e+00 1.212602096488285888e-02 4.589369232199280304e+03
3.067000286151683667e+03 1.002587265678738904e+00 1.213620162878174466e-02 4.599170007915769020e+03
3.067008627995391635e+03 1.002121469544067667e+00 1.215477099618540550e-02 4.596649564832343458e+03
3.067016969839100057e+03 9.977253242776806808e-01 1.213781029113174086e-02 4.576095293285919979e+03
3.067025311682808024e+03 1.000902349719342999e+00 1.215567604894072888e-02 4.590268535846349550e+03
3.067033653526515991e+03 1.008115707582888376e+00 1.218909434040416073e-02 4.622941213361203154e+03
3.067041995370223958e+03 1.004219137273329343e+00 1.214446411897984919e-02 4.604657925409223026e+03
3.067050337213932380e+03 9.980376649538518219e-01 1.209398795755283786e-02 4.575894309852272272e+03
3.067058679057640347e+03 9.939692891747228254e-01 1.205652657396272254e-02 4.556815851707384354e+03
3.067067020901348315e+03 9.872297788708612742e-01 1.199114277948930447e-02 4.525488880797212914e+03
3.067075362745056736e+03 9.900211218930599077e-01 1.201783426865667657e-02 4.537845886393157343e+03
3.067083704588764704e+03 1.000598470758169212e+00 1.212168101424288165e-02 4.585877268265454404e+03
3.067092046432472671e+03 9.994218474508856920e-01 1.211895473909025377e-02 4.580026869312438066e+03
3.067100388276180638e+03 9.912520504703532520e-01 1.204222399121617458e-02 4.542125849760461278e+03
3.067108730119889060e+03 9.895393643992022037e-01 1.198758118476530958e-02 4.533809837272192453e+03
3.067117071963597027e+03 9.907802033693294819e-01 1.196717424723584174e-02 4.539018878652836065e+03
3.067125413807304994e+03 9.925419247656753763e-01 1.198984009733929448e-02 4.546605313675150683e+03
3.067133755651012962e+03 9.939594772355617724e-01 1.202254059617200235e-02 4.552606168170344972e+03
3.067142097494721384e+03 1.000802944176477416e+00 1.211783649347910295e-02 4.583447578355426231e+03
3.067150439338429351e+03 1.010114398537520275e+00 1.220842629798340323e-02 4.625576084093857389e+03
3.072158086695051225e+03 1.000711228516200757e+00 1.088300471820027350e-02 5.237254053640645907e+03
3.072165865851412036e+03 1.001373531094170044e+00 1.093381836165820999e-02 5.242620673583411190e+03
3.072173645007772393e+03 1.002040433218008397e+00 1.098475400823671969e-02 5.247987293525862697e+03
3.072181424164133205e+03 9.997087635584669396e-01 1.095015188089985478e-02 5.237620074768205086e+03
3.072189203320494016e+03 9.942930045403403083e-01 1.088838586819875637e-02 5.211054649232979500e+03
3.072196982476854373e+03 9.953795234706311890e-01 1.092092147960005075e-02 5.218533851578826216e+03
3.072204761633215185e+03 9.993684725265755686e-01 1.097005400706099927e-02 5.241213323071014202e+03
3.072212540789575996e+03 9.987477297321049052e-01 1.095522527745199093e-02 5.239697788197292539e+03
3.072220319945936353e+03 9.975708580456849051e-01 1.093607418936089551e-02 5.235236476898258843e+03
3.072228099102297165e+03 1.001383242730599088e+00 1.097373025680599239e-02 5.256938332947872368e+03
3.072235878258657976e+03 1.004606050258689764e+00 1.101711238095993452e-02 5.275532267573562422e+03
3.072243657415018333e+03 9.996665366241237471e-01 1.098468031037158274e-02 5.251235806213913747e+03
3.072251436571379145e+03 9.937924589086282179e-01 1.094815443190557194e-02 5.221988330799462346e+03
3.072259215727739956e+03 9.945439997947383981e-01 1.097770452436233092e-02 5.227523809746928237e+03
3.072266994884100768e+03 9.963500503318444279e-01 1.099752932264750141e-02 5.238582509649062558e+03
3.072274774040461125e+03 9.951690382471837237e-01 1.096793829393045289e-02 5.233913587622494560e+03
3.072282553196821937e+03 9.944052744649409803e-01 1.094821495927400003e-02 5.231413048462640290e+03
3.072290332353182748e+03 9.960237672099606643e-01 1.098392975029250339e-02 5.241423650358095074e+03
3.072298111509543105e+03 9.957426466439219803e-01 1.102297437689705312e-02 5.241417233672249495e+03
3.072305890665903917e+03 9.965615073209952435e-01 1.103318246400242578e-02 5.247179343953471289e+03
3.072313669822264728e+03 9.998011424056674201e-01 1.102867765892668293e-02 5.265671219525016568e+03
3.072321448978625085e+03 1.000756654323528672e+00 1.104131986321320140e-02 5.272117287362721981e+03
3.072329228134985897e+03 9.997980425283650163e-01 1.107701946304246246e-02 5.268457765740530704e+03
3.072337007291346708e+03 9.993491194347537965e-01 1.109223831191270652e-02 5.267460622223297833e+03
3.072344786447707065e+03 1.001355371688801288e+00 1.109579250522321238e-02 5.279385291609798514e+03
3.072352565604067877e+03 1.004307703542572261e+00 1.111799621605587263e-02 5.296283500754369925e+03
3.072360344760428688e+03 1.003243902744142879e+00 1.112545437263297472e-02 5.291984034111004803e+03
3.072368123916789045e+03 1.000232157423370571e+00 1.110586450037313530e-02 5.277383547867431844e+03
3.072375903073149857e+03 1.000141922795600546e+00 1.110632033173799757e-02 5.278173133703684471e+03
3.072383682229510669e+03 1.001400582753028123e+00 1.111864591275286626e-02 5.286062809210395244e+03
3.072391461385871025e+03 1.001340300799250072e+00 1.110924993596354264e-02 5.286971883090469419e+03
3.072399240542231837e+03 1.002519907136420141e+00 1.112018410103406130e-02 5.294409191512981124e+03
3.072407019698592649e+03 1.003954938978578681e+00 1.114330177797569210e-02 5.303179177303480174e+03
3.072414798854953006e+03 1.002821803010590873e+00 1.112746698359988289e-02 5.298364578486127357e+03
3.072422578011313817e+03 1.003411152829492670e+00 1.112497757268759990e-02 5.302631111615462942e+03
3.072430357167674629e+03 1.004447290217211242e+00 1.113941465339447594e-02 5.309241919525195044e+03
3.072438136324034986e+03 1.002912441504100860e+00 1.112150250637690754e-02 5.302244195053340263e+03
3.072445915480395797e+03 1.001100613588097099e+00 1.109425954832805525e-02 5.293760259087690429e+03
3.072453694636756609e+03 9.957198583045776541e-01 1.103516347705870045e-02 5.266378374920584974e+03
3.072461473793116966e+03 9.916975521795499127e-01 1.100765902682991973e-02 5.246153737993576215e+03
3.072469252949477777e+03 9.980203342205443695e-01 1.111209190609789739e-02 5.280640453051404620e+03
3.072477032105838589e+03 1.002401196702785269e+00 1.119154862347741114e-02 5.304846186077092170e+03
3.072484811262199401e+03 9.981907583841838072e-01 1.116406510591115737e-02 5.283568848086797516e+03
3.072492590418559757e+03 9.963319565732615679e-01 1.114101852097261480e-02 5.274716335616437391e+03
3.072500369574920569e+03 9.968110514963678392e-01 1.111340784736834612e-02 5.278223212582567612e+03
3.072508148731281381e+03 9.964710093137215674e-01 1.109169948457688903e-02 5.277376663483548327e+03
3.072515927887641737e+03 9.967469930253454180e-01 1.111860419397551168e-02 5.279776661427282306e+03
3.072523707044002549e+03 9.949387099633616449e-01 1.110991749837848472e-02 5.271119201985877226e+03
3.072531486200363361e+03 9.921196395911116017e-01 1.103781374659879196e-02 5.257087020686052711e+03
3.072539265356723718e+03 9.924341013175032034e-01 1.100013336119849520e-02 5.259641536602325687e+03
3.072547044513084529e+03 9.949408035058692201e-01 1.100354241906312952e-02 5.273801960478598630e+03
3.072554823669445341e+03 9.947361709613700143e-01 1.098362802614756377e-02 5.273577981886562156e+03
3.072562602825805698e+03 9.908021029693557802e-01 1.092175654010716160e-02 5.253564499761336265e+03
3.072570381982166509e+03 9.896360933464536380e-01 1.089287348473935713e-02 5.248209726410143048e+03
3.072578161138527321e+03 9.960688275313405171e-01 1.098251093481669716e-02 5.283142821858065872e+03
3.072585940294887678e+03 1.000707537727385521e+00 1.105287342558568427e-02 5.308555729949106535e+03
3.072593719451248489e+03 9.976014954810799029e-01 1.101013319564311463e-02 5.292871978267583472e+03
3.072601498607609301e+03 9.952230711384828510e-01 1.097065219607143947e-02 5.281031067465020897e+03
3.072609277763969658e+03 9.953046973308915524e-01 1.097921949078258658e-02 5.282229314542255452e+03
3.072617056920330469e+03 9.971453039267141882e-01 1.101258551427175894e-02 5.292751416878294549e+03
3.072624836076691281e+03 1.002461797115862030e+00 1.107927462530716375e-02 5.321715982497449659e+03
3.072632615233051638e+03 1.003050647874612178e+00 1.109220459561625037e-02 5.325575167406680521e+03
3.072640394389412450e+03 9.932966750606134765e-01 1.097143926676632554e-02 5.274501666795462370e+03
3.072648173545773261e+03 9.864544210239041266e-01 1.088121320863279576e-02 5.238866040355323094e+03
3.072655952702133618e+03 9.922430228659330220e-01 1.095127644884631192e-02 5.270298133788297491e+03
3.072663731858494430e+03 9.972956717377079450e-01 1.102060537866437345e-02 5.297817398835364656e+03
3.072671511014855241e+03 9.903966313788661324e-01 1.098951213292070211e-02 5.261834800929533230e+03
3.072679290171216053e+03 9.849716795949533532e-01 1.096686295367450825e-02 5.233664792821019546e+03
3.072687069327576410e+03 9.911307473652498645e-01 1.102644831617527639e-02 5.267036600255029953e+03
3.072694848483937221e+03 9.955917215673117937e-01 1.106651969577795991e-02 5.291380992207094096e+03
3.072702627640298033e+03 9.941636580268328194e-01 1.099108229311938564e-02 5.284418089150301967e+03
3.072710406796658390e+03 9.938641079145165147e-01 1.092401709649493471e-02 5.283442764142142551e+03
3.072718185953019201e+03 9.965875217720359114e-01 1.094755241892785176e-02 5.298529540269599238e+03
3.072725965109380013e+03 9.987317705405226453e-01 1.097067256792892166e-02 5.310530613207756687e+03
3.072733744265740370e+03 9.975641215589480248e-01 1.098298699881588084e-02 5.304912810244481079e+03
3.072741523422101181e+03 9.966253734447150237e-01 1.100359087261181673e-02 5.300502077222590742e+03
3.072749302578461993e+03 9.978016644620836262e-01 1.103918299415980464e-02 5.307331495388370968e+03
3.072757081734822350e+03 9.977246044718752760e-01 1.105516414173384962e-02 5.307486464380716825e+03
3.072764860891183162e+03 9.907927336858542988e-01 1.098031198530795977e-02 5.271164499267224528e+03
3.072772640047543973e+03 9.850545590142525398e-01 1.092229952688553336e-02 5.241178212079066725e+03
3.072780419203904330e+03 9.905627868854378626e-01 1.099112444882637159e-02 5.271022814469917648e+03
3.072788198360265142e+03 9.966060687696980391e-01 1.106404741611621834e-02 5.303713322977134339e+03
3.072795977516625953e+03 9.905497452626677024e-01 1.102807298566603304e-02 5.272005223318021308e+03
3.072803756672986310e+03 9.829138447739210749e-01 1.097356684491360840e-02 5.231875987149619505e+03
3.072811535829347122e+03 9.872459740081762636e-01 1.099369290944413567e-02 5.255442007296815973e+03
3.072819314985707933e+03 9.928702920821868005e-01 1.102905238004193642e-02 5.285885371652607319e+03
3.072827094142068290e+03 9.917506763661794178e-01 1.103463529674075100e-02 5.280421098916534902e+03
3.072834873298429102e+03 9.914847971890432543e-01 1.104536650596556376e-02 5.279495682703653074e+03
3.072842652454789913e+03 9.952784788248884018e-01 1.106792311511235923e-02 5.300182693435562214e+03
3.072850431611150270e+03 9.969716891553598304e-01 1.107317756160219706e-02 5.309681099888473909e+03
3.072858210767511082e+03 9.936315804258114559e-01 1.105281080434381696e-02 5.292366881457481213e+03
3.072865989923871894e+03 9.914362967156828965e-01 1.104425733766455087e-02 5.281142604254342587e+03
3.072873769080232705e+03 9.902373701305440257e-01 1.103556753818109304e-02 5.275219240981185067e+03
3.072881548236593062e+03 9.879272098092114485e-01 1.101246643160318402e-02 5.263369854574931196e+03
3.072889327392953874e+03 9.859197088497642092e-01 1.098827075680122028e-02 5.253126603233777132e+03
3.072897106549314685e+03 9.859270790586758260e-01 1.099147821002467718e-02 5.253613863489432333e+03
3.072904885705675042e+03 9.886355758434541841e-01 1.103095245107546876e-02 5.268491711313701671e+03
3.072912664862035854e+03 9.897212817354985592e-01 1.104722060833628929e-02 5.274719685745818424e+03
3.072920444018396665e+03 9.896249989358937293e-01 1.100955666582446348e-02 5.274645288612352488e+03
3.072928223174757022e+03 9.898742702783126513e-01 1.097507238100739989e-02 5.276409576010026285e+03
3.072936002331117834e+03 9.887558039541097799e-01 1.096685542796748715e-02 5.270879988664730263e+03
3.072943781487478645e+03 9.879302497265417538e-01 1.096099225999711338e-02 5.266908327823886793e+03
3.072951560643839002e+03 9.909089214826000136e-01 1.096068208703090616e-02 5.283216447107723070e+03
3.072959339800199814e+03 9.938212886432161719e-01 1.095835714203514943e-02 5.299171372824760510e+03
3.072967118956560626e+03 9.869563189223943267e-01 1.087545764930076750e-02 5.262988725736704509e+03
3.072974898112920982e+03 9.787876716882523143e-01 1.078234724932551451e-02 5.219846011084144266e+03
3.072982677269281794e+03 9.828012771922055579e-01 1.079330589755886013e-02 5.241667635074902137e+03
3.072990456425642606e+03 9.900974718178578993e-01 1.084816656327177407e-02 5.281000143626206409e+03
3.072998235582002962e+03 9.929494253018158467e-01 1.089300014521981351e-02 5.296631145642684714e+03
3.073006014738363774e+03 9.930903250032312446e-01 1.089252492399510504e-02 5.297801210883381827e+03
3.073013793894724586e+03 9.920412656713265553e-01 1.085488741459285540e-02 5.292622316731600222e+03
3.073021573051084943e+03 9.914546064014949645e-01 1.083840405758924527e-02 5.289909368344777249e+03
3.073029352207445754e+03 9.815318633647096558e-01 1.079637299930585534e-02 5.237379225227112329e+03
3.073037131363806566e+03 9.709295642350829203e-01 1.074393503053961210e-02 5.181214558139044129e+03
3.073044910520166923e+03 9.745337842703881703e-01 1.077336701641636724e-02 5.200858227243168585e+03
3.073052689676527734e+03 9.790061729697889792e-01 1.081259105859734039e-02 5.225139147401185255e+03
3.073060468832888546e+03 9.838774613732264029e-01 1.085691635921272324e-02 5.251553888024238404e+03
3.073068247989248903e+03 9.897398040603626601e-01 1.090287638935076749e-02 5.283264146885628179e+03
3.073076027145609714e+03 9.911316717200175930e-01 1.091927833644673433e-02 5.291115295997957219e+03
3.073083806301970526e+03 9.916787273483932408e-01 1.093641171001382209e-02 5.294458876465724643e+03
3.073091585458331338e+03 9.921160493089596910e-01 1.094549271365457925e-02 5.297218862153482405e+03
3.073099364614691694e+03 9.921409104976457449e-01 1.095401296891063657e-02 5.297778867953007648e+03
3.073107143771052506e+03 9.970644512386288572e-01 1.103505406709709424e-02 5.324501031306996083e+03
3.073114922927413318e+03 1.004456455837615447e+00 1.112908954795674595e-02 5.364413150874637722e+03
3.073122702083773675e+03 1.006973684051215789e+00 1.114328716727086728e-02 5.378298130446891264e+03
3.073130481240134486e+03 1.006654813431243189e+00 1.112663049034720228e-02 5.377039403499662512e+03
3.073138260396495298e+03 1.006346660152746431e+00 1.110867536467764760e-02 5.375840966859050241e+03
3.073146039552855655e+03 1.006485074261940005e+00 1.110632555366657809e-02 5.377031553035631077e+03
3.073153818709216466e+03 1.000470678890010845e+00 1.104489397540717524e-02 5.345352605988762662e+03
3.073161597865577278e+03 9.937860565366513077e-01 1.097229220096941626e-02 5.310091000845718554e+03
3.073169377021937635e+03 9.938041249626211604e-01 1.096985252593729414e-02 5.310645038148290041e+03
3.073177156178298446e+03 9.952624046254791024e-01 1.097130023142027337e-02 5.318900371824229296e+03
3.073184935334659258e+03 9.931121991875796473e-01 1.091353009011723600e-02 5.307875559960484679e+03
3.073192714491019615e+03 9.892733138501361712e-01 1.084291769362020173e-02 5.287827398364092005e+03
3.073200493647380426e+03 9.907215205071705499e-01 1.085054100119456182e-02 5.296043649024128172e+03
3.073208272803741238e+03 9.947095901703859600e-01 1.089171586369544649e-02 5.317845146212228428e+03
3.073216051960101595e+03 9.996075411798495125e-01 1.097032514485926473e-02 5.344521002424102335e+03
3.073223831116462406e+03 1.003981411721439843e+00 1.105017391480385934e-02 5.368405323194960147e+03
3.073231610272823218e+03 1.000163012325550049e+00 1.103481571822748086e-02 5.348491089407745676e+03
3.073239389429183575e+03 9.942351455582156827e-01 1.099470498110334711e-02 5.317297715404853989e+03
3.073247168585544387e+03 9.936822008077393908e-01 1.099139572904116353e-02 5.314853442374818769e+03
3.073254947741905198e+03 9.953637744590264624e-01 1.100800305600635465e-02 5.324368276106508347e+03
3.073262726898265555e+03 9.943133695056817212e-01 1.100609401524735124e-02 5.319276737189617052e+03
3.073270506054626367e+03 9.917035998484056147e-01 1.098347719226764815e-02 5.305848456761144917e+03
3.073278285210987178e+03 9.928415351912167619e-01 1.098621743037674937e-02 5.312478069561610027e+03
3.073286064367347990e+03 9.948284362102874923e-01 1.099974678440768586e-02 5.323659848522067477e+03
3.073293843523708347e+03 1.001532707904697617e+00 1.108594532783305740e-02 5.360098790425997322e+03
3.073301622680069158e+03 1.009019430703048004e+00 1.118917105935051531e-02 5.400741724223799793e+03
3.073309401836429970e+03 1.007669787280613960e+00 1.116367672936998019e-02 5.394100469487905684e+03
3.073317180992790327e+03 1.005205431558436446e+00 1.110973926274754289e-02 5.381498787643162359e+03
3.073324960149151138e+03 1.003480528444707476e+00 1.107890282309372497e-02 5.372862511002072097e+03
3.073332739305511950e+03 1.002544984337264689e+00 1.105988425894800266e-02 5.368460396766438862e+03
3.073340518461872307e+03 1.000644143074476577e+00 1.101748953782126679e-02 5.358897124986826384e+03
3.073348297618233119e+03 9.977826624674259737e-01 1.097520041487541273e-02 5.344196047883346182e+03
3.073356076774593930e+03 9.938885603595808416e-01 1.098243130668864059e-02 5.323969932595845421e+03
3.073363855930954287e+03 9.893458926488636340e-01 1.099015047891375822e-02 5.300274455929253236e+03
3.073371635087315099e+03 9.904172875415442334e-01 1.100131018278968295e-02 5.306663670973502121e+03
3.073379414243675910e+03 9.932634214419898688e-01 1.101764097424857806e-02 5.322575209444861684e+03
3.073387193400036267e+03 9.941217278563656556e-01 1.102785379528431649e-02 5.327848034230387384e+03
3.073394972556397079e+03 9.948178606936785018e-01 1.103367659321912754e-02 5.332263951651579191e+03
3.073402751712757890e+03 9.973081341965882585e-01 1.106077507691652362e-02 5.346310182876307408e+03
3.073410530869118247e+03 9.999900364133449404e-01 1.109749733254097349e-02 5.361399031663576352e+03
3.073418310025479059e+03 9.988300498884936651e-01 1.107739446836892780e-02 5.355902811330745863e+03
3.073426089181839870e+03 9.963360543076297260e-01 1.104251996683088335e-02 5.343262915640852952e+03
3.073433868338200227e+03 9.998014894945962405e-01 1.108748401364692895e-02 5.362596083984552934e+03
3.073441647494561039e+03 1.005086387702612605e+00 1.113994895618485026e-02 5.391707536366560817e+03
3.073449426650921851e+03 1.001970250032286902e+00 1.110167688752540689e-02 5.375766891429151656e+03
3.073457205807282207e+03 9.958480383409301639e-01 1.104759957163281396e-02 5.343704032534826183e+03
3.073464984963643019e+03 9.931897471063482197e-01 1.102491558426299360e-02 5.330234918834964446e+03
3.073472764120003831e+03 9.924840785483979300e-01 1.102221559586697049e-02 5.327255963630311271e+03
3.073480543276364642e+03 9.981469111742642397e-01 1.109693158669556104e-02 5.358478467313103465e+03
3.073488322432724999e+03 1.006001289911881980e+00 1.118965276293983242e-02 5.401491537357434026e+03
3.073496101589085811e+03 9.974689125864754091e-01 1.110673603463966513e-02 5.356533471028405984e+03
3.073503880745446622e+03 9.835076536390682245e-01 1.097141760205053510e-02 5.282416728954261998e+03
3.073511659901806979e+03 9.866763736132559970e-01 1.100112174246271370e-02 5.300310305453604087e+03
3.073519439058167791e+03 9.952549679004016880e-01 1.108032728020615088e-02 5.347290528662401812e+03
3.073527218214528602e+03 9.984521995245141390e-01 1.111207176676792460e-02 5.365383774631813139e+03
3.073534997370888959e+03 9.984210442729983814e-01 1.111185998900410081e-02 5.366147087713514338e+03
3.073542776527249771e+03 1.000449956396965545e+00 1.113867503020593043e-02 5.378000193850871256e+03
3.073550555683610582e+03 1.004225415699051549e+00 1.119270601375507018e-02 5.399263634477956657e+03
3.073558334839970939e+03 9.988116882338534674e-01 1.113800017390239629e-02 5.371135693741904106e+03
3.073566113996331751e+03 9.912108405783878196e-01 1.105110406243067778e-02 5.331250091907624665e+03
3.073573893152692563e+03 9.931227120561370025e-01 1.106496373630023664e-02 5.342539859430627985e+03
3.073581672309052919e+03 9.970433221793152390e-01 1.110371482115095690e-02 5.364658592089168451e+03
3.073589451465413731e+03 9.993262981371019427e-01 1.114510367628814870e-02 5.377989567573443310e+03
3.073597230621774543e+03 1.000088244181474684e+00 1.117298553602018123e-02 5.383155639657359643e+03
3.073605009778134900e+03 1.002367047054623317e+00 1.118775651263170454e-02 5.396507491911908801e+03
3.073612788934495711e+03 1.006954137957868367e+00 1.121607514948485922e-02 5.422312167332413992e+03
3.073620568090856523e+03 1.003802192822763173e+00 1.117204547657905944e-02 5.406463051423332217e+03
3.073628347247216880e+03 9.973838336671593252e-01 1.110133830856981779e-02 5.373028783232242859e+03
3.073636126403577691e+03 9.912918883727717123e-01 1.107879359249206927e-02 5.341357253484294233e+03
3.073643905559938503e+03 9.878010120096077928e-01 1.108863018006445503e-02 5.323708640217253560e+03
3.073651684716298860e+03 9.900184523603564601e-01 1.110829886292831990e-02 5.336842238548348178e+03
3.073659463872659671e+03 9.913089028479707965e-01 1.111874605414745094e-02 5.345002209218803728e+03
3.073667243029020483e+03 9.953035466560913314e-01 1.114160342316627798e-02 5.367768813632235833e+03
3.073675022185380840e+03 9.995513129282955767e-01 1.115577940923915407e-02 5.391930601722537176e+03
3.073682801341741651e+03 9.992122217021461861e-01 1.115896376418623777e-02 5.391374304717425730e+03
3.073690580498102463e+03 9.995467124277949145e-01 1.117599086936497434e-02 5.394472778416287838e+03
3.073698359654463275e+03 1.000171508153071542e+00 1.121333553506930446e-02 5.399159880836981756e+03
3.073706138810823632e+03 9.991902677007199474e-01 1.124413539029796988e-02 5.395197610214196175e+03
3.073713917967184443e+03 9.995566427761597428e-01 1.124042331431365782e-02 5.398532165461685508e+03
3.073721697123545255e+03 1.001901440492592332e+00 1.123716075608980833e-02 5.412577108887649956e+03
3.073729476279905612e+03 1.000861517906057818e+00 1.123457735966257136e-02 5.408360171966696726e+03
3.073737255436266423e+03 9.981476115925701498e-01 1.122547223849636698e-02 5.395114060550709837e+03
3.073745034592627235e+03 1.001263612227352384e+00 1.129715600232467955e-02 5.413402008229503735e+03
3.073752813748987592e+03 1.006163253785721023e+00 1.138720504319740492e-02 5.441367361860478923e+03
3.073760592905348403e+03 1.007674203983326855e+00 1.145165180173324422e-02 5.451038677873325469e+03
3.073768372061709215e+03 1.006279020966376558e+00 1.148552889188444136e-02 5.445012306861312027e+03
3.073776151218069572e+03 1.001113578519691183e+00 1.129498150934790147e-02 5.418598073189077695e+03
3.073783930374430383e+03 9.976965975474277881e-01 1.111643281809336116e-02 5.401657566851650699e+03
3.228340985520502727e+03 9.976320930802504705e-01 7.514109625974199277e-03 1.140662747227857835e+04
3.228350356756080146e+03 9.985031067948325623e-01 7.515625496568439749e-03 1.141742766597242007e+04
3.228359727991657564e+03 9.993743703178871174e-01 7.517148473234210038e-03 1.142822785966625815e+04
3.228369099227234983e+03 1.001517142800041560e+00 7.526023680117226167e-03 1.145356643699822234e+04
3.228378470462812402e+03 1.002812218274028666e+00 7.540170465071879997e-03 1.146920909570736876e+04
3.228387841698389366e+03 1.001331036374612626e+00 7.532452367661796218e-03 1.145309508491945417e+04
3.228397212933966784e+03 9.991915567532323461e-01 7.495508144632448931e-03 1.142944423829873267e+04
3.228406584169544203e+03 9.988739322514261776e-01 7.480112378559920089e-03 1.142662669155891490e+04
3.228415955405121622e+03 9.998122389931078935e-01 7.498526790244064780e-03 1.143817256132124567e+04
3.228425326640699041e+03 1.001487883042779581e+00 7.511909758807870478e-03 1.145815159593915450e+04
3.228434697876276459e+03 1.002179415719467448e+00 7.502532816596813731e-03 1.146686886182387389e+04
3.228444069111853878e+03 1.001021904097231241e+00 7.485112236743435982e-03 1.145442478234425653e+04
3.228453440347431297e+03 1.000498075706122592e+00 7.475166777339946854e-03 1.144922609677252512e+04
3.228462811583008715e+03 9.993612548775462345e-01 7.459066433674755268e-03 1.143700697162636425e+04
3.228472182818585679e+03 9.967933481195553336e-01 7.433542206520881573e-03 1.140840280323691150e+04
3.228481554054163098e+03 9.960846025821581406e-01 7.416424182706765969e-03 1.140107004044236237e+04
3.228490925289740517e+03 9.979286722053634096e-01 7.417119756843634434e-03 1.142295307663690983e+04
3.228500296525317935e+03 1.001191188027504175e+00 7.428192149132132986e-03 1.146107222708670088e+04
3.228509667760895354e+03 1.001245414574527759e+00 7.415952336285902731e-03 1.146246292320278008e+04
3.228519038996472773e+03 9.978232604766872349e-01 7.385309298227995742e-03 1.142404839291619646e+04
3.228528410232050192e+03 9.962872597123122453e-01 7.371958857916699123e-03 1.140722027289864309e+04
3.228537781467627610e+03 9.959436654205966466e-01 7.365510247031970860e-03 1.140403914656130837e+04
3.228547152703205029e+03 9.962931498154843357e-01 7.352854559242638990e-03 1.140878980151963515e+04
3.228556523938781993e+03 9.987866309147094279e-01 7.347018049814770663e-03 1.143808968777242990e+04
3.228565895174359412e+03 1.001727224045121378e+00 7.369641744114436427e-03 1.147250962094880015e+04
3.228575266409936830e+03 1.002685535373120107e+00 7.403175993126858215e-03 1.148422557768758270e+04
3.228584637645514249e+03 1.000658415710612870e+00 7.391765356062045093e-03 1.146174287996280145e+04
3.228594008881091668e+03 9.975081714450482195e-01 7.349066738612874440e-03 1.142638756860154717e+04
3.228603380116669086e+03 9.967278545609876694e-01 7.340306906661254321e-03 1.141817243016101565e+04
3.228612751352246505e+03 9.986158269231734108e-01 7.368646027764716271e-03 1.144052078084847381e+04
3.228622122587823924e+03 1.000539760635666298e+00 7.389891668841694697e-03 1.146327953879164852e+04
3.228631493823401343e+03 1.000267293476954311e+00 7.389758389560528544e-03 1.146087077825024608e+04
3.228640865058978761e+03 9.978979821656901450e-01 7.371522101949751736e-03 1.143443057874282385e+04
3.228650236294555725e+03 9.961981514200924925e-01 7.348768421951832296e-03 1.141565444015580761e+04
3.228659607530133144e+03 9.969248408209185897e-01 7.349248216214417963e-03 1.142467933240883212e+04
3.228668978765710563e+03 9.997823993202418213e-01 7.373415040434434797e-03 1.145812199685877022e+04
3.228678350001287981e+03 1.002389092942805648e+00 7.391355080328942777e-03 1.148868905785879906e+04
3.228687721236865400e+03 1.001941081215943496e+00 7.388699487034692398e-03 1.148424235962515741e+04
3.228697092472442819e+03 1.000488092511954585e+00 7.377922136183353088e-03 1.146827098685402780e+04
3.228706463708020237e+03 1.000938958864472150e+00 7.367305742001327776e-03 1.147411787296253351e+04
3.228715834943597656e+03 1.001450492802256509e+00 7.353582210002340171e-03 1.148065653233518424e+04
3.228725206179175075e+03 1.001338136205119911e+00 7.336496933868695558e-03 1.148003882919200623e+04
3.228734577414752039e+03 1.002686067323329988e+00 7.335015345728066252e-03 1.149615937141815812e+04
3.228743948650329457e+03 1.004044092581492631e+00 7.346694961848323178e-03 1.151239310184275564e+04
3.228753319885906876e+03 1.001839834432783238e+00 7.331478326032096066e-03 1.148777671296332301e+04
3.228762691121484295e+03 9.974094241989479581e-01 7.289709649013984168e-03 1.143762507926074977e+04
3.228772062357061714e+03 9.957478849061641712e-01 7.264304749480893220e-03 1.141921672652912275e+04
3.228781433592639132e+03 9.971240766752880180e-01 7.251469896960876203e-03 1.143564051303837368e+04
3.228790804828216551e+03 9.989543853715970867e-01 7.245340272082088050e-03 1.145727013636386255e+04
3.228800176063793970e+03 1.001628386463130571e+00 7.266018259687277714e-03 1.148857483417154435e+04
3.228809547299371388e+03 1.004013620700292542e+00 7.283619894484206179e-03 1.151656627314090110e+04
3.228818918534948352e+03 1.004294201955525878e+00 7.275680968886303300e-03 1.152041356646907298e+04
3.228828289770525771e+03 1.002910022168710169e+00 7.257030095048756443e-03 1.150515909856879080e+04
3.228837661006103190e+03 1.001349154416165010e+00 7.240459277083523965e-03 1.148787154155791177e+04
3.228847032241680608e+03 9.998634829508018518e-01 7.224302389286408818e-03 1.147144045809158342e+04
3.228856403477258027e+03 9.964312204107261817e-01 7.190474220902239727e-03 1.143266879477343537e+04
3.228865774712835446e+03 9.952589257705225512e-01 7.168589957275699198e-03 1.141982002419650780e+04
3.228875145948412865e+03 1.000019887667761065e+00 7.183513672924554498e-03 1.147504858771588079e+04
3.228884517183990283e+03 1.003438035674727891e+00 7.192192781917929739e-03 1.151486917038444153e+04
3.228893888419567702e+03 1.004613593735709687e+00 7.193877004273935803e-03 1.152895349020304639e+04
3.228903259655144666e+03 1.004778265752831912e+00 7.190888108212304015e-03 1.153143331891305752e+04
3.228912630890722085e+03 1.000990112022139833e+00 7.166809865298467974e-03 1.148854170776839783e+04
3.228922002126299503e+03 9.989998079434740941e-01 7.160671091825060973e-03 1.146627664598662159e+04
3.228931373361876922e+03 9.995414471897724473e-01 7.170716599681959194e-03 1.147306745013237014e+04
3.228940744597454341e+03 9.983265467216720923e-01 7.158659590353084502e-03 1.145969140376104042e+04
3.228950115833031759e+03 9.976659563680053688e-01 7.136593296976381090e-03 1.145267284229964935e+04
3.228959487068609178e+03 9.973378411018946066e-01 7.122851631968325249e-03 1.144946604263977497e+04
3.228968858304186597e+03 9.977743974725347131e-01 7.133245978306342050e-03 1.145503343794950706e+04
3.228978229539764015e+03 9.993096222147612728e-01 7.153867894589270235e-03 1.147321096259162368e+04
3.228987600775340979e+03 9.999581275589659590e-01 7.173218157704113092e-03 1.148120481996613671e+04
3.228996972010918398e+03 1.000193057485579073e+00 7.183022409599434943e-03 1.148444629088454894e+04
3.229006343246495817e+03 9.971124855798814135e-01 7.157766303451752743e-03 1.144961254609574826e+04
3.229015714482073236e+03 9.940475072241290455e-01 7.135695393033395818e-03 1.141495024067119994e+04
3.229025085717650654e+03 9.952537882289207438e-01 7.142371274680143003e-03 1.142933080564204283e+04
3.229034456953228073e+03 9.957079257619508850e-01 7.146705675999305736e-03 1.143507045183931405e+04
3.229043828188805492e+03 9.961692056928738159e-01 7.174347788885719092e-03 1.144088829551767594e+04
3.229053199424382910e+03 9.973075153293855521e-01 7.197298844993000461e-03 1.145447826726504900e+04
3.229062570659960329e+03 9.956431396755965890e-01 7.159977017124639909e-03 1.143587368951284770e+04
3.229071941895537293e+03 9.945323927973348521e-01 7.137034488783220929e-03 1.142362231651690126e+04
3.229081313131114712e+03 9.979619375177584129e-01 7.170533117398113568e-03 1.146351952789711868e+04
3.229090684366692130e+03 9.992815053170308603e-01 7.175079826292032198e-03 1.147917765525177856e+04
3.229100055602269549e+03 9.956022675931104349e-01 7.119488781755338620e-03 1.143740685794498859e+04
3.229109426837846968e+03 9.944845805217356061e-01 7.090764790065931349e-03 1.142505628499601880e+04
3.229118798073424387e+03 9.943210367721836418e-01 7.078020382036058142e-03 1.142366237806556455e+04
3.229128169309001805e+03 9.922118817380009004e-01 7.047154838069735923e-03 1.139991012128676812e+04
3.229137540544579224e+03 9.919944525096435761e-01 7.031650593698219459e-03 1.139788722456658252e+04
3.229146911780156643e+03 9.935220270710937163e-01 7.036246121653213885e-03 1.141591052298872819e+04
3.229156283015733607e+03 9.952477906337272584e-01 7.060364752631972766e-03 1.143620831930009081e+04
3.229165654251311025e+03 9.970062806403272582e-01 7.074127917629723442e-03 1.145687949402327104e+04
3.229175025486888444e+03 9.978345571922390134e-01 7.061407755234559366e-03 1.146685821232385570e+04
3.229184396722465863e+03 9.971916948230025168e-01 7.050884689383678065e-03 1.145992675100648557e+04
3.229193767958043281e+03 9.979629434204562166e-01 7.055464733068078469e-03 1.146924227668894673e+04
3.229203139193620700e+03 9.985308882333522318e-01 7.047982894047003476e-03 1.147621758848192803e+04
3.229212510429198119e+03 9.956815580604128080e-01 7.025325020067688629e-03 1.144391247723149354e+04
3.229221881664775538e+03 9.925768643465421315e-01 7.009698214036317286e-03 1.140866539194977850e+04
3.229231252900352956e+03 9.907670949882532163e-01 7.006070873682192224e-03 1.138829570001791217e+04
3.229240624135930375e+03 9.908924660184877942e-01 7.012377166029285999e-03 1.139016430778062750e+04
3.229249995371507339e+03 9.905349795075937269e-01 7.004113934691302834e-03 1.138647815227231331e+04
3.229259366607084758e+03 9.873537397889924350e-01 6.973583135920062744e-03 1.135032637561444062e+04
3.229268737842662176e+03 9.857168789613907078e-01 6.950696952634174801e-03 1.133192201915129044e+04
3.229278109078239595e+03 9.883958544207184227e-01 6.956956115255972552e-03 1.136312920468313860e+04
3.229287480313817014e+03 9.923259157940469422e-01 6.984338303639715459e-03 1.140871798864351695e+04
3.229296851549394432e+03 9.928100235126053885e-01 6.989145615491605158e-03 1.141468634080046832e+04
3.229306222784971851e+03 9.943321439005782247e-01 6.988160640229863253e-03 1.143258560099758324e+04
3.229315594020549270e+03 9.983835850388997901e-01 7.003580649925349351e-03 1.147956428287304880e+04
3.229324965256126688e+03 1.000580757965291001e+00 7.002591340988870670e-03 1.150522046075718390e+04
3.229334336491703652e+03 1.000461159750114959e+00 6.987660812443007539e-03 1.150423363340517244e+04
3.229343707727281071e+03 9.993932427162610654e-01 6.990455317031682610e-03 1.149233736812583811e+04
3.229353078962858490e+03 9.989318769696807765e-01 6.994670251966476904e-03 1.148741111743179863e+04
3.229362450198435909e+03 9.970738642417548148e-01 6.963722124342373518e-03 1.146641865879450779e+04
3.229371821434013327e+03 9.966962356673728651e-01 6.942097968779594244e-03 1.146244556904125238e+04
3.229381192669590746e+03 9.994079892054210656e-01 6.954055544323400374e-03 1.149399827504538371e+04
3.229390563905168165e+03 9.990280154884946251e-01 6.948853505158458094e-03 1.148999015482628238e+04
3.229399935140745583e+03 9.963542819641214576e-01 6.919779856585897733e-03 1.145959569767040193e+04
3.229409306376323002e+03 9.954477076317326256e-01 6.905807715947996119e-03 1.144952068088841770e+04
3.229418677611899966e+03 9.960836117031023340e-01 6.908558736863391024e-03 1.145718266068481535e+04
3.229428048847477385e+03 9.968240330143446348e-01 6.906534064273921886e-03 1.146604298913097227e+04
3.229437420083054803e+03 9.959059587811566194e-01 6.888285763444346871e-03 1.145582197788282974e+04
3.229446791318632222e+03 9.962851097773672837e-01 6.883390829280619516e-03 1.146051834410557240e+04
3.229456162554209641e+03 9.994021936312540433e-01 6.910782961150636373e-03 1.149670669220138006e+04
3.229465533789787060e+03 1.000757094650687185e+00 6.916178175462334154e-03 1.151262077681405572e+04
3.229474905025364478e+03 9.995112889084418750e-01 6.880352979274365760e-03 1.149861227247030911e+04
3.229484276260941897e+03 9.984228000787849222e-01 6.855341512091090057e-03 1.148640850384942860e+04
3.229493647496519316e+03 9.994231564422670910e-01 6.865685196121635268e-03 1.149823161376051030e+04
3.229503018732096280e+03 1.000549196140214203e+00 6.876460873552975653e-03 1.151149703343003785e+04
3.229512389967673698e+03 9.991408674638209142e-01 6.867160586777953241e-03 1.149559968175725226e+04
3.229521761203251117e+03 9.984158892361969517e-01 6.861488314369422643e-03 1.148755963502301165e+04
3.229531132438828536e+03 9.985530458292706246e-01 6.861164320497459626e-03 1.148943462894524964e+04
3.229540503674405954e+03 9.972674724739024610e-01 6.851658339818352331e-03 1.147493491668574643e+04
3.229549874909983373e+03 9.986735951763354713e-01 6.868509188058224448e-03 1.149140258640251704e+04
3.229559246145560792e+03 1.001610173466344733e+00 6.898808119006561747e-03 1.152547761555462421e+04
3.229568617381138210e+03 1.000086669942026774e+00 6.879045071393164248e-03 1.150822678314351288e+04
3.229577988616715629e+03 9.984407801084742573e-01 6.852684250142424514e-03 1.148956241554074950e+04
3.229587359852292593e+03 9.993426714558792945e-01 6.852791188882778779e-03 1.150021212361951984e+04
3.229596731087870012e+03 9.988974756475387240e-01 6.844200417397364004e-03 1.149535565536989998e+04
3.229606102323447431e+03 1.000699470363045629e+00 6.849954193270697302e-03 1.151635598573636162e+04
3.229615473559024849e+03 1.004699071940318378e+00 6.873640743042982483e-03 1.156264422564397319e+04
3.229624844794602268e+03 1.005132548375148094e+00 6.878468198430877194e-03 1.156788827992809456e+04
3.229634216030179687e+03 1.003678449362934932e+00 6.861988004471119944e-03 1.155140396827484801e+04
3.229643587265757105e+03 1.001975267987439411e+00 6.835790414025348302e-03 1.153204782653606890e+04
3.229652958501334524e+03 1.001068092263743825e+00 6.824163707821673079e-03 1.152184819135425278e+04
3.229662329736911943e+03 1.002699613855143168e+00 6.834281398515918392e-03 1.154086366820123840e+04
3.229671700972488907e+03 1.001275566785871041e+00 6.829394848793430423e-03 1.152470590281637487e+04
3.229681072208066325e+03 9.986007153681895065e-01 6.815762325886058973e-03 1.149414607551590234e+04
3.229690443443643744e+03 1.000893116062049781e+00 6.816128305505733849e-03 1.152075615453427054e+04
3.229699814679221163e+03 1.001873235651760341e+00 6.804398728798845622e-03 1.153225765053032592e+04
3.229709185914798582e+03 9.998192959167196969e-01 6.788861675692405007e-03 1.150883045183899958e+04
3.229718557150376000e+03 1.000672334371403460e+00 6.798463034231829426e-03 1.151886063063467918e+04
3.229727928385953419e+03 1.003940933928292756e+00 6.816637227564948179e-03 1.155669315094441299e+04
3.229737299621530838e+03 1.005031007625323713e+00 6.828336390363579957e-03 1.156944449705479383e+04
3.229746670857108256e+03 1.004061683530612425e+00 6.834269226128722972e-03 1.155848470363833985e+04
3.229756042092685220e+03 1.004217365674585638e+00 6.831336226302111951e-03 1.156047116942108732e+04
3.229765413328262639e+03 1.003534890114531564e+00 6.808822493014129486e-03 1.155280438545373909e+04
3.229774784563840058e+03 1.002428513312161318e+00 6.786872044766088623e-03 1.154025292763889956e+04
3.229784155799417476e+03 1.002709980253968736e+00 6.793595619474498103e-03 1.154367424536164799e+04
3.229793527034994895e+03 1.002875418305217092e+00 6.811296298472467765e-03 1.154575552443019478e+04
3.229802898270572314e+03 1.002502334700318354e+00 6.803346821161873788e-03 1.154163261665853315e+04
3.229812269506149732e+03 1.001764894076881962e+00 6.770925675319056439e-03 1.153331040520415627e+04
3.229821640741727151e+03 1.002023011333405877e+00 6.751069417931691158e-03 1.153644562670901178e+04
3.229831011977304570e+03 1.001876547277575247e+00 6.745482773672789589e-03 1.153491852410549836e+04
3.229840383212881989e+03 1.002299566682905319e+00 6.748710545462695623e-03 1.153994376986479620e+04
3.229849754448458953e+03 1.002577377080232868e+00 6.743310033848378716e-03 1.154329292644052839e+04
3.229859125684036371e+03 1.000333394158867462e+00 6.720824671419913833e-03 1.151760249421493972e+04
3.229868496919613790e+03 9.990348148577700149e-01 6.708608441640156322e-03 1.150279237632174409e+04
3.229877868155191209e+03 9.985010918136451030e-01 6.706066182844795838e-03 1.149678416105365068e+04
3.229887239390768627e+03 9.982618676996738438e-01 6.699562921922776887e-03 1.149416239338201922e+04
3.229896610626346046e+03 9.983966298829750619e-01 6.687782186075875816e-03 1.149584243554823297e+04
3.229905981861923465e+03 1.001262915991196545e+00 6.704204207626762203e-03 1.152897012820537202e+04
3.229915353097500883e+03 1.005344929577871138e+00 6.732837890234200789e-03 1.157609274090387589e+04
3.229924724333078302e+03 1.003580501834588024e+00 6.716304627070769639e-03 1.155589215790713752e+04
3.229934095568655266e+03 1.000779806032170649e+00 6.691308924869694696e-03 1.152375443835424630e+04
3.229943466804232685e+03 1.000259226770187304e+00 6.682800833458689242e-03 1.151786705031366546e+04
3.229952838039810104e+03 1.000581793587004498e+00 6.685164894254090433e-03 1.152168403915953968e+04
3.229962209275387522e+03 1.000768772890838099e+00 6.689271252483729342e-03 1.152393546172807692e+04
3.229971580510964941e+03 9.993739132024254124e-01 6.677218459693734856e-03 1.150796743393908037e+04
3.229980951746542360e+03 1.000428581317130527e+00 6.682866914701087423e-03 1.152020179129199096e+04
3.229990322982119778e+03 1.000668774546525031e+00 6.684138370371022972e-03 1.152305303929616275e+04
3.229999694217697197e+03 9.980965862726797200e-01 6.664450975750330942e-03 1.149351420692574175e+04
3.230009065453274616e+03 9.981920505624805040e-01 6.664839197789406040e-03 1.149469002866442315e+04
3.230018436688851580e+03 1.000246474778772710e+00 6.681373716987600367e-03 1.151842010864122130e+04
3.230027807924428998e+03 1.002025887605989984e+00 6.691547809232349479e-03 1.153897921386950111e+04
3.230037179160006417e+03 1.002029931405570062e+00 6.685229773495773506e-03 1.153908957648790420e+04
3.230046550395583836e+03 9.994022812101577280e-01 6.663258446708382986e-03 1.150888961357654262e+04
3.230055921631161254e+03 9.967750326348517875e-01 6.641318602662313504e-03 1.147868965066518285e+04
3.241569232641826147e+03 9.952702789348409906e-01 4.599044897957678749e-03 1.089520298489895504e+04
3.241577553916223678e+03 9.978727914643046315e-01 4.612248168132020675e-03 1.092274610011734148e+04
3.241585875190620754e+03 1.000017439903199357e+00 4.623211827622661710e-03 1.094528192890722312e+04
3.241594196465018285e+03 9.986932391148864996e-01 4.615484657167288896e-03 1.092985868706762267e+04
3.241602517739415816e+03 9.977170550531162529e-01 4.610095848393165434e-03 1.091825447236541550e+04
3.241610839013812893e+03 9.987000400195291672e-01 4.621765049558181244e-03 1.092809761767329110e+04
3.241619160288210423e+03 9.992934706995091343e-01 4.630348949448330996e-03 1.093368398290372534e+04
3.241627481562607954e+03 9.975165223488793309e-01 4.613684167450558468e-03 1.091334297367683394e+04
3.241635802837005031e+03 9.957981282826470215e-01 4.597268976088740924e-03 1.089365213922153089e+04
3.241644124111402562e+03 9.964292297073590321e-01 4.594096142638478056e-03 1.089967085164790660e+04
3.241652445385800092e+03 9.978181793768217123e-01 4.591982233617122704e-03 1.091398323648401129e+04
3.241660766660197169e+03 9.977121056024675916e-01 4.584528531324473175e-03 1.091194729118240502e+04
3.241669087934594700e+03 9.963585657933848871e-01 4.578835442246915154e-03 1.089627383565278615e+04
3.241677409208992231e+03 9.972935454928594234e-01 4.600665464328096248e-03 1.090563250072504161e+04
3.241685730483389307e+03 9.993869332392483207e-01 4.625621576222554814e-03 1.092765985603038462e+04
3.241694051757786838e+03 9.999626802370207290e-01 4.627807083758678219e-03 1.093309390584595349e+04
3.241702373032184369e+03 1.000920642378214875e+00 4.627807604337895106e-03 1.094270859707218551e+04
3.241710694306581445e+03 1.000527166626943520e+00 4.627202271890796734e-03 1.093755059749843713e+04
3.241719015580978976e+03 9.980335225905303531e-01 4.620291951185524770e-03 1.090943862316941158e+04
3.241727336855376507e+03 9.980173052345566731e-01 4.619778177316386999e-03 1.090841109955155480e+04
3.241735658129773583e+03 1.000189900553435818e+00 4.626566072454907017e-03 1.093130693657619850e+04
3.241743979404171114e+03 1.000750744145575855e+00 4.625149602627789958e-03 1.093658610796356334e+04
3.241752300678568645e+03 1.000092975307532717e+00 4.618312478365043175e-03 1.092854833794756996e+04
3.241760621952965721e+03 9.984392767074496966e-01 4.607268667503862380e-03 1.090962948577620773e+04
3.241768943227363252e+03 9.965544409295885586e-01 4.595967663604345367e-03 1.088818765845471717e+04
3.241777264501760783e+03 9.982419512032195685e-01 4.610598640470133999e-03 1.090577600966554382e+04
3.241785585776157859e+03 1.001281844083834693e+00 4.632777950190498581e-03 1.093813381805798417e+04
3.241793907050555390e+03 1.001760791029197017e+00 4.633085287373718900e-03 1.094251081227550458e+04
3.241802228324952921e+03 1.000930525282662575e+00 4.627455753084872177e-03 1.093258507737480613e+04
3.241810549599349997e+03 9.979245960345903832e-01 4.615638601914012588e-03 1.089889656163305881e+04
3.241818870873747528e+03 9.943477597623616715e-01 4.598299703912494402e-03 1.085897577023221675e+04
3.241827192148145059e+03 9.941422927162028023e-01 4.590075056493267414e-03 1.085587331049164277e+04
3.241835513422542135e+03 9.951110268425757965e-01 4.588900442475769489e-03 1.086558973087431514e+04
3.241843834696939666e+03 9.951439669208995698e-01 4.594428839083816545e-03 1.086508492534343895e+04
3.241852155971337197e+03 9.945055582695730978e-01 4.597709760177995375e-03 1.085724844236718491e+04
3.241860477245734273e+03 9.918293853671734661e-01 4.579763670824085232e-03 1.082716585695128742e+04
3.241868798520131804e+03 9.883226422148285728e-01 4.557624983613856734e-03 1.078801973080709104e+04
3.241877119794529335e+03 9.873942948056797508e-01 4.555087911736282157e-03 1.077701988737405918e+04
3.241885441068926411e+03 9.885182242679588782e-01 4.561306444490790743e-03 1.078841772525355555e+04
3.241893762343323942e+03 9.880051452283101776e-01 4.551151232056079021e-03 1.078194732090118850e+04
3.241902083617721473e+03 9.860151200116838988e-01 4.533420663645783971e-03 1.075935969774288787e+04
3.241910404892118549e+03 9.853061665853229956e-01 4.535400559603494815e-03 1.075075182454948481e+04
3.241918726166516080e+03 9.852483788953096955e-01 4.544350851228530323e-03 1.074924800709588271e+04
3.241927047440913611e+03 9.855663145148432225e-01 4.547394371461898309e-03 1.075184172727580517e+04
3.241935368715310688e+03 9.861087686561949006e-01 4.551019312361976460e-03 1.075688267665353487e+04
3.241943689989708218e+03 9.854809384137395156e-01 4.547073127191772306e-03 1.074915650677408848e+04
3.241952011264105749e+03 9.847722735991095711e-01 4.535756041814254479e-03 1.074054867223107431e+04
3.241960332538502826e+03 9.848623173806270170e-01 4.529118861472544721e-03 1.074065155801400033e+04
3.241968653812900357e+03 9.852303307593280879e-01 4.529080272457694858e-03 1.074378454454587336e+04
3.241976975087297888e+03 9.847077268168102915e-01 4.524838979766725860e-03 1.073720476914272513e+04
3.241985296361694964e+03 9.833463384054483836e-01 4.516786750516102455e-03 1.072147985754522415e+04
3.241993617636092495e+03 9.824086304060700714e-01 4.518019387179359608e-03 1.071037575714131162e+04
3.242001938910490026e+03 9.818933072070459289e-01 4.521377226196063651e-03 1.070387730487293629e+04
3.242010260184887102e+03 9.813701623584839551e-01 4.515362960956827328e-03 1.069729405542739914e+04
3.242018581459284633e+03 9.805921477131593900e-01 4.507813893471009255e-03 1.068793343462304256e+04
3.242026902733682164e+03 9.795533611319040546e-01 4.502694007287410920e-03 1.067573190205376159e+04
3.242035224008079240e+03 9.788952512174129428e-01 4.500075400529102154e-03 1.066768055540358182e+04
3.242043545282476771e+03 9.777554522106334245e-01 4.493856575637319127e-03 1.065438146111382594e+04
3.242051866556874302e+03 9.764349856149248108e-01 4.482085625750518477e-03 1.063911590749008064e+04
3.242060187831271378e+03 9.757335202996311185e-01 4.471647375525300561e-03 1.063059685414209343e+04
3.242068509105668909e+03 9.761549179203898863e-01 4.469495509740688440e-03 1.063431184098472659e+04
3.242076830380066440e+03 9.786196021941500067e-01 4.481459756885498857e-03 1.066028428789989448e+04
3.242085151654463516e+03 9.809394194142549983e-01 4.494176027857209495e-03 1.068467479468875354e+04
3.242093472928861047e+03 9.832019400391420749e-01 4.502004194426850042e-03 1.070843761603461098e+04
3.242101794203258578e+03 9.864341643435887708e-01 4.511045638239398817e-03 1.074275755020989891e+04
3.242110115477655654e+03 9.880303360375428667e-01 4.519947949507206221e-03 1.075925644917626414e+04
3.242118436752053185e+03 9.888171822847712233e-01 4.530731647850473436e-03 1.076694079711155064e+04
3.242126758026450716e+03 9.906098165931738198e-01 4.540637347656971932e-03 1.078557548352699996e+04
3.242135079300847792e+03 9.933827525560079419e-01 4.549812792757231689e-03 1.081488044867046847e+04
3.242143400575245323e+03 9.947812023400831594e-01 4.554464849049547071e-03 1.082921888345465959e+04
3.242151721849642854e+03 9.937948528457011266e-01 4.549818222270622659e-03 1.081759716506104814e+04
3.242160043124039930e+03 9.931752536702413980e-01 4.545403537325172147e-03 1.080997031525929015e+04
3.242168364398437461e+03 9.925452950814437347e-01 4.543222055506312626e-03 1.080223322976646887e+04
3.242176685672834992e+03 9.916532378482079135e-01 4.545563351933477013e-03 1.079164648501518059e+04
3.242185006947232068e+03 9.926440828150187023e-01 4.559530937516529693e-03 1.080155190444969776e+04
3.242193328221629599e+03 9.947201776171510357e-01 4.574891998839822685e-03 1.082326557174386835e+04
3.242201649496027130e+03 9.949353774476120682e-01 4.579709740126529892e-03 1.082473115989936741e+04
3.242209970770424206e+03 9.940285466476794785e-01 4.578316968341455441e-03 1.081399175576368725e+04
3.242218292044821737e+03 9.944723899325711436e-01 4.577283854687045662e-03 1.081794868577070883e+04
3.242226613319219268e+03 9.945859086855292075e-01 4.576089836095906249e-03 1.081831393519692574e+04
3.242234934593616345e+03 9.915011647498013225e-01 4.568971131598689207e-03 1.078389582266858633e+04
3.242243255868013875e+03 9.888565550238166413e-01 4.562439797919458535e-03 1.075427204143311064e+04
3.242251577142411406e+03 9.881769098856040268e-01 4.556768045876774705e-03 1.074602343519587521e+04
3.242259898416808483e+03 9.881152307701309701e-01 4.555618872041385277e-03 1.074449808569219931e+04
3.242268219691206014e+03 9.900215326681079953e-01 4.568213872571494881e-03 1.076437302161314801e+04
3.242276540965603544e+03 9.920133869964710138e-01 4.578983727946970075e-03 1.078517748730080893e+04
3.242284862240000621e+03 9.928559893496164968e-01 4.582926366980842603e-03 1.079348763178967783e+04
3.242293183514398152e+03 9.934095794929662659e-01 4.586461644767480736e-03 1.079865757691146791e+04
3.242301504788795683e+03 9.939634055389633405e-01 4.590655926702599983e-03 1.080383213357950626e+04
3.242309826063192759e+03 9.949350599029983533e-01 4.597649515961707047e-03 1.081355004958340214e+04
3.242318147337590290e+03 9.951828342829439622e-01 4.598054372007568703e-03 1.081540256515042711e+04
3.242326468611987821e+03 9.951827763002185634e-01 4.593292602493727339e-03 1.081456478375637380e+04
3.242334789886384897e+03 9.972402440970244974e-01 4.596791834145388424e-03 1.083608762507761276e+04
3.242343111160782428e+03 9.983832296965625686e-01 4.599146887471906864e-03 1.084767445534251056e+04
3.242351432435179959e+03 9.965253504783906369e-01 4.592565339706153674e-03 1.082666035776093668e+04
3.242359753709577035e+03 9.955818766164643563e-01 4.589239432841346264e-03 1.081558675323148600e+04
3.242368074983974566e+03 9.956414720537996033e-01 4.589452940901958718e-03 1.081541459690127158e+04
3.242376396258372097e+03 9.948601852569131099e-01 4.588151374446365789e-03 1.080611261880661914e+04
3.242384717532769173e+03 9.944866881351575039e-01 4.587273744304029219e-03 1.080124495790953370e+04
3.242393038807166704e+03 9.957877083157543607e-01 4.593611424671202766e-03 1.081456777183517625e+04
3.242401360081564235e+03 9.988479838607902117e-01 4.610478218647806777e-03 1.084699731476769921e+04
3.242409681355961311e+03 9.997136140284742511e-01 4.618588246308805677e-03 1.085559522453820318e+04
3.242418002630358842e+03 9.974785865004709429e-01 4.609784089008155464e-03 1.083052949887953764e+04
3.242426323904756373e+03 9.962936616327583428e-01 4.605048898447171302e-03 1.081687290651062540e+04
3.242434645179153449e+03 9.953798240311833023e-01 4.608912581049708947e-03 1.080616578658148865e+04
3.242442966453550980e+03 9.941145380702308687e-01 4.610435446241053191e-03 1.079164962360516984e+04
3.242451287727948511e+03 9.949647692701825141e-01 4.612039809945855245e-03 1.080010364384561035e+04
3.242459609002345587e+03 9.974767859398167014e-01 4.620242075638375003e-03 1.082659821387595730e+04
3.242467930276743118e+03 1.000371173584467810e+00 4.633112756883482966e-03 1.085724384689453291e+04
3.242476251551140649e+03 1.001743707533293337e+00 4.638400905698204790e-03 1.087137429866712773e+04
3.242484572825537725e+03 1.000628171975090908e+00 4.632692176787126491e-03 1.085850810498127430e+04
3.242492894099935256e+03 9.991024435104374213e-01 4.625134817392734590e-03 1.084119792472509471e+04
3.242501215374332787e+03 9.993310938906900809e-01 4.621467482904320460e-03 1.084293077244547203e+04
3.242509536648729863e+03 1.000442026726393374e+00 4.624642327216242806e-03 1.085424104875053672e+04
3.242517857923127394e+03 9.999343599515738701e-01 4.629860649947864157e-03 1.084799556602418670e+04
3.242526179197524925e+03 9.987248372431066779e-01 4.629232484508250846e-03 1.083414280995640365e+04
3.242534500471922001e+03 9.996844515346017257e-01 4.629427529084195053e-03 1.084382677715625323e+04
3.242542821746319532e+03 1.000670908814577542e+00 4.630359561883872453e-03 1.085380640390521148e+04
3.242551143020717063e+03 9.994703497242691803e-01 4.626802594101133044e-03 1.084007063998104604e+04
3.242559464295114140e+03 9.992239271733769357e-01 4.628951022946060923e-03 1.083669038842018017e+04
3.242567785569511670e+03 1.000527274958993740e+00 4.636689605423081721e-03 1.085012301133326946e+04
3.242576106843909201e+03 1.000820502859623762e+00 4.638730818942524668e-03 1.085260666358884555e+04
3.242584428118306278e+03 9.994828972782249243e-01 4.635140998144438897e-03 1.083741314830809279e+04
3.242592749392703809e+03 9.986313798659580687e-01 4.635846118748217747e-03 1.082749828985329077e+04
3.242601070667101339e+03 9.985104723683209116e-01 4.640124032850203271e-03 1.082551219719914843e+04
3.242609391941498416e+03 9.984237319551216849e-01 4.640509397218971384e-03 1.082390335436773421e+04
3.242617713215895947e+03 9.998884954554074778e-01 4.640078310795972029e-03 1.083912022070036983e+04
3.242626034490293478e+03 1.000397181677531000e+00 4.637452609737375414e-03 1.084397848074702051e+04
3.242634355764690554e+03 9.980321315285377581e-01 4.631319919818625841e-03 1.081769457191280526e+04
3.242642677039088085e+03 9.975662375061972176e-01 4.636786497905800303e-03 1.081200457204051963e+04
3.242650998313485616e+03 1.000550140329585558e+00 4.656233283676950059e-03 1.084371036788581114e+04
3.242659319587882692e+03 1.002171911027191387e+00 4.662689678745801126e-03 1.086065810120034621e+04
3.383326158594224580e+03 1.000894979115878991e+00 3.169900828609141172e-03 8.323807643411797471e+03
3.383334750707466355e+03 1.000639280936251874e+00 3.167957220194122809e-03 8.321208541677970061e+03
3.383343342820707676e+03 1.000700075364127306e+00 3.173257220856976878e-03 8.321249195913436779e+03
3.383351934933949451e+03 1.000862659688995571e+00 3.175228812602677846e-03 8.322143619471227794e+03
3.383360527047191226e+03 1.001544584439964192e+00 3.174217339070015999e-03 8.327363108638950507e+03
3.383369119160432547e+03 1.001676149315713582e+00 3.173656172190866560e-03 8.328013105021560477e+03
3.383377711273674322e+03 9.996325326509016840e-01 3.169479820872126135e-03 8.310585858967213426e+03
3.383386303386915642e+03 9.983636184880779751e-01 3.166528871395864371e-03 8.299606887949652446e+03
3.383394895500157418e+03 9.988824041412823762e-01 3.168790145013264305e-03 8.303495698635093504e+03
3.383403487613399193e+03 9.986105143296866160e-01 3.170154213711598012e-03 8.300817321506785447e+03
3.383412079726640513e+03 9.989867359003031799e-01 3.171339361083405813e-03 8.303531575974573570e+03
3.383420671839882289e+03 1.000235562264222722e+00 3.172794293601227580e-03 8.313503251441628890e+03
3.383429263953123609e+03 9.999413666622708474e-01 3.170855132739125882e-03 8.310654380769388808e+03
3.383437856066365384e+03 9.991609269840020513e-01 3.169153351338353450e-03 8.303769137957024213e+03
3.383446448179607160e+03 9.998020528815504404e-01 3.172210265362958130e-03 8.308702356634565149e+03
3.383455040292848480e+03 1.000654459227654280e+00 3.174852191069240433e-03 8.315394643072000690e+03
3.383463632406090255e+03 1.000782660242304223e+00 3.173770689643438513e-03 8.316071975609447691e+03
3.383472224519331576e+03 1.001154116028817764e+00 3.174772857859925641e-03 8.318773701953423370e+03
3.383480816632573351e+03 1.001067723940308740e+00 3.178266041373090187e-03 8.317673921355650236e+03
3.383489408745815126e+03 1.000174345409706733e+00 3.180185063718295700e-03 8.309872065957899395e+03
3.383498000859056447e+03 1.000080544014126716e+00 3.184002518639962153e-03 8.308716152193646849e+03
3.383506592972298222e+03 1.000349064664175947e+00 3.185722912876129496e-03 8.310572403974027111e+03
3.383515185085539997e+03 9.987472657571162538e-01 3.177940559770504013e-03 8.296892892699976073e+03
3.383523777198781318e+03 9.972213661829534281e-01 3.173055280890554452e-03 8.283846504050810836e+03
3.383532369312023093e+03 9.984779955402806051e-01 3.177876713129360303e-03 8.293915624653880514e+03
3.383540961425264413e+03 9.999472731494905009e-01 3.180808185835355163e-03 8.305750954027629632e+03
3.383549553538506188e+03 9.998579925695172399e-01 3.177375653245627807e-03 8.304640706878044512e+03
3.383558145651747964e+03 9.995750926319376672e-01 3.174607627489156852e-03 8.301922964239318389e+03
3.383566737764989284e+03 9.994119444400049179e-01 3.173583909857523311e-03 8.300200456978314833e+03
3.383575329878231059e+03 9.988130206273471146e-01 3.172282554270158209e-03 8.294859499193991724e+03
3.383583921991472380e+03 9.974721075971336726e-01 3.171832163843665928e-03 8.283357609465754649e+03
3.383592514104714155e+03 9.968833072683550567e-01 3.173005676361861059e-03 8.278102544987907095e+03
3.383601106217955930e+03 9.970603009336088673e-01 3.172857260842231342e-03 8.279207026388476152e+03
3.383609698331197251e+03 9.966202322100848887e-01 3.170077162006699600e-03 8.275187952588239568e+03
3.383618290444439026e+03 9.946201065734801006e-01 3.165378990493980180e-03 8.258216370262491182e+03
3.383626882557680801e+03 9.920184016853349496e-01 3.160916438655888682e-03 8.236251715081976727e+03
3.383635474670922122e+03 9.886761672588511018e-01 3.154910347617177584e-03 8.208141004791628802e+03
3.383644066784163897e+03 9.858220741790126862e-01 3.149273816487393931e-03 8.184085161105735096e+03
3.383652658897405217e+03 9.849548478290583997e-01 3.146920842112650111e-03 8.176525144095352516e+03
3.383661251010646993e+03 9.842236443675596025e-01 3.144245681149634031e-03 8.170094760361679619e+03
3.383669843123888768e+03 9.814778088956498392e-01 3.138583212657756333e-03 8.146941888588434267e+03
3.383678435237130088e+03 9.784853794777971236e-01 3.134364853117722026e-03 8.121743975380646589e+03
3.383687027350371864e+03 9.789285839091781405e-01 3.139375891154472936e-03 8.125063565920196197e+03
3.383695619463613184e+03 9.798798706171658601e-01 3.143567901098075820e-03 8.132599351041013506e+03
3.383704211576854959e+03 9.803825360686159174e-01 3.146270602216588719e-03 8.136410821412151563e+03
3.383712803690096734e+03 9.812184856916527087e-01 3.150709326321188622e-03 8.142987333992748972e+03
3.383721395803338055e+03 9.812582748747786798e-01 3.151264297330207305e-03 8.142955786797266228e+03
3.383729987916579830e+03 9.809842729187400190e-01 3.150878569363846620e-03 8.140319761031314556e+03
3.383738580029821151e+03 9.797315422466601476e-01 3.152869841552680390e-03 8.129562067693033896e+03
3.383747172143062926e+03 9.777087452683348445e-01 3.153531318722892478e-03 8.112415090536414027e+03
3.383755764256304701e+03 9.778042806902800255e-01 3.151490114375908331e-03 8.112844686961079788e+03
3.383764356369546022e+03 9.791393917394277668e-01 3.151210047825509820e-03 8.123557721761461835e+03
3.383772948482787797e+03 9.801874519204314407e-01 3.155537380442800886e-03 8.131887466317663893e+03
3.383781540596029572e+03 9.803414278763754597e-01 3.158407401061098622e-03 8.132798306145374227e+03
3.383790132709270893e+03 9.781147633347608839e-01 3.151584904669123277e-03 8.113959448557538053e+03
3.383798724822512668e+03 9.759245282931491294e-01 3.145233116761311874e-03 8.095423439449235048e+03
3.383807316935753988e+03 9.734956088290955822e-01 3.139294988731717098e-03 8.074908187212366101e+03
3.383815909048995763e+03 9.710893909249125322e-01 3.132273622664326004e-03 8.054581949373421594e+03
3.383824501162237539e+03 9.682121442025128921e-01 3.120718700465297066e-03 8.030349655372831876e+03
3.383833093275478859e+03 9.654055523775283421e-01 3.109786494169060941e-03 8.006704315134165881e+03
3.383841685388720634e+03 9.670457229231069762e-01 3.115799543083958706e-03 8.019937894366392356e+03
3.383850277501961955e+03 9.693513038993757380e-01 3.123691479895866589e-03 8.038687044137130215e+03
3.383858869615203730e+03 9.737709583054754425e-01 3.138334269122974342e-03 8.074963925987251969e+03
3.383867461728445505e+03 9.782796471530584848e-01 3.152344623831754549e-03 8.111974238263174811e+03
3.383876053841686826e+03 9.819181866042675511e-01 3.163282760551882657e-03 8.141764544398817634e+03
3.383884645954928601e+03 9.857936263066805482e-01 3.175869363141152132e-03 8.173514669903530375e+03
3.383893238068169921e+03 9.901622765546160831e-01 3.189716107454346628e-03 8.209349310423855059e+03
3.383901830181411697e+03 9.944764686351033056e-01 3.202636505352978238e-03 8.244727351452973380e+03
3.383910422294653472e+03 9.952451220821794120e-01 3.205218286877938635e-03 8.250707282812692938e+03
3.383919014407894792e+03 9.948960947777326647e-01 3.206613120641005951e-03 8.247419525938144943e+03
3.383927606521136568e+03 9.952906409773211172e-01 3.209079130867448486e-03 8.250293909129699387e+03
3.383936198634378343e+03 9.960642223521410932e-01 3.211311883595828129e-03 8.256307852989346429e+03
3.383944790747619663e+03 9.967575514819436711e-01 3.214475082254158837e-03 8.261654025037807514e+03
3.383953382860861439e+03 9.970690293963966333e-01 3.216486855941843616e-03 8.263832772100451621e+03
3.383961974974102759e+03 9.965917833375000923e-01 3.216360500398776807e-03 8.259472452364370838e+03
3.383970567087344534e+03 9.966107524644880478e-01 3.217482454245655654e-03 8.259222663950593414e+03
3.383979159200586309e+03 9.956054373562358562e-01 3.214825509483171077e-03 8.250482516561165539e+03
3.383987751313827630e+03 9.937886916775432455e-01 3.210769451878949660e-03 8.235017032007930538e+03
3.383996343427069405e+03 9.930350348180707609e-01 3.210072214168820711e-03 8.228359574341357074e+03
3.384004935540310726e+03 9.927235376467223871e-01 3.210066569403329743e-03 8.225363964962994942e+03
3.384013527653552501e+03 9.908493793917788617e-01 3.202598140536712986e-03 8.209419186920607899e+03
3.384022119766794276e+03 9.886105938554564654e-01 3.194369325329030496e-03 8.190452652013353145e+03
3.384030711880035597e+03 9.869241387791701792e-01 3.193719117282594038e-03 8.176061216398389661e+03
3.384039303993277372e+03 9.856616916496082625e-01 3.194114437034691490e-03 8.165181115009844689e+03
3.384047896106519147e+03 9.850419205272579193e-01 3.188886516333519494e-03 8.159623101743894040e+03
3.384056488219760467e+03 9.847352702743675801e-01 3.184225328134298542e-03 8.156656559972718242e+03
3.384065080333002243e+03 9.875952985618294822e-01 3.198169019035720321e-03 8.179916078261430812e+03
3.384073672446243563e+03 9.903851178867995042e-01 3.211860762135669220e-03 8.202588818342204831e+03
3.384082264559485338e+03 9.920248693157380782e-01 3.213281573840078009e-03 8.215731639275441921e+03
3.384090856672727114e+03 9.940093118249894166e-01 3.215504691233759572e-03 8.231724595053718076e+03
3.384099448785968434e+03 9.951616900879998173e-01 3.221462728099991780e-03 8.240822573646799356e+03
3.384108040899210209e+03 9.962271686953125815e-01 3.229089346592971428e-03 8.249196914671611012e+03
3.384116633012451530e+03 9.968867128409536482e-01 3.238602465645146287e-03 8.254206066846758404e+03
3.384125225125693305e+03 9.972593077381319837e-01 3.244997983627784157e-03 8.256835661846898802e+03
3.384133817238935080e+03 9.967596518239263403e-01 3.241541854123681631e-03 8.252240282387137995e+03
3.384142409352176401e+03 9.954106489987444295e-01 3.236702145724623062e-03 8.240610693439244642e+03
3.384151001465418176e+03 9.954128346945444461e-01 3.237281678573833248e-03 8.240164367936371491e+03
3.384159593578659496e+03 9.972703289315744124e-01 3.242138859850854024e-03 8.255072296743090192e+03
3.384168185691901272e+03 9.982813526959163353e-01 3.247059910693931781e-03 8.262968639589889790e+03
3.384176777805143047e+03 9.975320290129701117e-01 3.248450564421558918e-03 8.256290630836467244e+03
3.384185369918384367e+03 9.965279942010913938e-01 3.246075179009251608e-03 8.247501743904091200e+03
3.384193962031626143e+03 9.958450642785133811e-01 3.244096020500471245e-03 8.241367611907387982e+03
3.384202554144867918e+03 9.960778297399365266e-01 3.249323949984982314e-03 8.242808114154624491e+03
3.384211146258109238e+03 9.964660553882438432e-01 3.255406378310017178e-03 8.245531078215652087e+03
3.384219738371351013e+03 9.959375803777283931e-01 3.253583577093076013e-03 8.240664857320025476e+03
3.384228330484592334e+03 9.957692693389506022e-01 3.251686640787523896e-03 8.238775259920119424e+03
3.384236922597834109e+03 9.954242319022358343e-01 3.254668874988659710e-03 8.235419850479323941e+03
3.384245514711075884e+03 9.952886971655294790e-01 3.258318933527987616e-03 8.233794028260095729e+03
3.384254106824317205e+03 9.966704727477406767e-01 3.259971413319654940e-03 8.244715943409566535e+03
3.384262698937558980e+03 9.975494970566231023e-01 3.261385559199847777e-03 8.251473766021745178e+03
3.384271291050800301e+03 9.991587695209021014e-01 3.267079522340493765e-03 8.264266621410224616e+03
3.384279883164042076e+03 1.000788141876718385e+00 3.270922890367053849e-03 8.277219872219802710e+03
3.384288475277283851e+03 1.000258846366727461e+00 3.268405577269789530e-03 8.272314622071546182e+03
3.384297067390525172e+03 9.996854698770027969e-01 3.267302396117803195e-03 8.267041114554578598e+03
3.384305659503766947e+03 9.990618860633330156e-01 3.265115508909126937e-03 8.261348711994720361e+03
3.384314251617008722e+03 9.985610691923483273e-01 3.262060946121140854e-03 8.256667696391683421e+03
3.384322843730250042e+03 9.988271903513255001e-01 3.262393785646269546e-03 8.258323839219558067e+03
3.384331435843491818e+03 9.988080825388337969e-01 3.262931834326729830e-03 8.257617066718597926e+03
3.384340027956733138e+03 9.992960156488073231e-01 3.262414850605777159e-03 8.261097422974742585e+03
3.384348620069974913e+03 1.000214257101050386e+00 3.262462873944163826e-03 8.268129703533661086e+03
3.384357212183216689e+03 9.999990763984882847e-01 3.261437223764769577e-03 8.265787642259021595e+03
3.384365804296458009e+03 9.994564965700716286e-01 3.260297490208348414e-03 8.260735065092470904e+03
3.384374396409699784e+03 9.992057963461057346e-01 3.260564367415865611e-03 8.258090606408863096e+03
3.384382988522941105e+03 9.994903741006452291e-01 3.261775545157159610e-03 8.259865175091325000e+03
3.384391580636182880e+03 1.000822466290083979e+00 3.269970904542106229e-03 8.270290646320601809e+03
3.384400172749424655e+03 1.001507306997833302e+00 3.277045345412221526e-03 8.275361420969456958e+03
3.384408764862665976e+03 1.000891459594287713e+00 3.277092685518221294e-03 8.269679674845994668e+03
3.384417356975907751e+03 1.000302365752652634e+00 3.277237378191980889e-03 8.264214620179762278e+03
3.384425949089149071e+03 1.000245997778527629e+00 3.279160119863893264e-03 8.263146056770476207e+03
3.384434541202390847e+03 1.000344878951692440e+00 3.281247123701100301e-03 8.263354817477589677e+03
3.384443133315632622e+03 9.994731208800451405e-01 3.275535492780625325e-03 8.255540844146362360e+03
3.384451725428873942e+03 9.987215359825114547e-01 3.269704403485922204e-03 8.248715199041947926e+03
