9.999999462895328151e-01
9.999999457558601534e-01
9.999999450544442281e-01
9.999999442317732967e-01
9.999999433350145184e-01
9.999999423944746502e-01
9.999999414235655193e-01
9.999999404262078784e-01
9.999999394027154764e-01
9.999999383524014185e-01
9.999999372743477721e-01
9.999999361675653287e-01
9.999999350310171398e-01
9.999999338636181845e-01
9.999999326642334818e-01
9.999999314316744270e-01
9.999999301646966821e-01
9.999999288619961790e-01
9.999999275222065664e-01
9.999999261438945464e-01
9.999999247255562107e-01
9.999999232656135995e-01
9.999999217624084835e-01
9.999999202141993671e-01
9.999999186191551592e-01
9.999999169753496231e-01
9.999999152807556024e-01
9.999999135332386935e-01
9.999999117305496954e-01
9.999999098703177269e-01
9.999999079500416777e-01
9.999999059670818813e-01
9.999999039186501237e-01
9.999999018017997621e-01
9.999998996134145113e-01
9.999998973501971200e-01
9.999998950086553817e-01
9.999998925850884790e-01
9.999998900755718845e-01
9.999998874759407075e-01
9.999998847817708203e-01
9.999998819883604284e-01
9.999998790907067558e-01
9.999998760834840628e-01
9.999998729610171111e-01
9.999998697172528539e-01
9.999998663457292380e-01
9.999998628395418976e-01
9.999998591913057400e-01
9.999998553931139789e-01
9.999998514364929481e-01
9.999998473123514753e-01
9.999998430109245939e-01
9.999998385217124808e-01
9.999998338334110670e-01
9.999998289338365431e-01
9.999998238098393166e-01
9.999998184472087548e-01
9.999998128305677136e-01
9.999998069432516346e-01
9.999998007671753175e-01
9.999997942826813757e-01
9.999997874683682619e-01
9.999997803008982000e-01
9.999997727547763615e-01
9.999997648021010654e-01
9.999997564122780069e-01
9.999997475516931855e-01
9.999997381833370946e-01
9.999997282663710685e-01
9.999997177556265715e-01
9.999997066010217761e-01
9.999996947468842157e-01
9.999996821311541995e-01
9.999996686844498939e-01
9.999996543289610962e-01
9.999996389771346195e-01
9.999996225301022168e-01
9.999996048757908707e-01
9.999995858866326248e-01
9.999995654167725956e-01
9.999995432986330535e-01
9.999995193386426173e-01
9.999994933118574458e-01
9.999994649550224546e-01
9.999994339571879332e-01
9.999993999456890936e-01
9.999993624611824838e-01
9.999993209025909158e-01
9.999992743843781895e-01
9.999992213400653585e-01
9.999991584193336225e-01
9.999990775227648454e-01
9.999989582250943254e-01
9.999987495347408828e-01
9.999983287478102501e-01
9.999974148888874925e-01
9.999953997657748950e-01
9.999910440822327162e-01
9.999819785646646420e-01
9.999639680933295471e-01
9.999299637944589758e-01
9.998691024491349610e-01
9.997660067827522923e-01
9.996009353709260914e-01
9.993514062323383129e-01
9.989957196238677950e-01
9.985182281806328497e-01
9.979153054330198724e-01
9.972000495755987126e-01
9.964033300033257046e-01
9.955693271733747629e-01
9.947453880609636867e-01
9.939684031743032389e-01
9.932520504610615752e-01
9.925800304119393180e-01
9.919091372003377982e-01
9.911828530663630010e-01
9.903522231037744650e-01
9.893976521118862388e-01
9.883443055035097125e-01
9.872654604997938010e-01
9.862718373462394661e-01
9.854892756938186116e-01
9.850305995434569528e-01
9.849690801897268422e-01
9.853202659530877483e-01
9.860365219747637688e-01
9.870152739030988442e-01
9.881186419913051688e-01
9.891996910146352295e-01
9.901293897950387279e-01
9.908186780460110921e-01
9.912315382663542396e-01
9.913871870554917809e-01
9.913518645455683398e-01
9.912227028571344301e-01
9.911074448928971492e-01
9.911042080215753947e-01
9.912850648292088618e-01
9.916861058619482749e-01
9.923051202489954203e-01
9.931064078155317221e-01
9.940308638143237063e-01
9.950086410764928946e-01
9.959715475079842228e-01
9.968628501765317562e-01
9.976431257984962331e-01
9.982919099015186148e-01
9.988058421224467187e-01
9.991945712342239494e-01
9.994758100525357181e-01
9.996706973624023274e-01
9.998001936386701205e-01
9.998827809515209442e-01
9.999333793841852502e-01
9.999631869187433075e-01
9.999800895974653159e-01
9.999893300215827452e-01
9.999942121170786180e-01
9.999967158513294319e-01
9.999979722768287393e-01
9.999985985385726472e-01
9.999989168874043877e-01
9.999990886844751792e-01
9.999991916231263378e-01
9.999992618290173274e-01
9.999993156489879187e-01
9.999993603866916825e-01
9.999993993518125901e-01
9.999994341337731241e-01
9.999994655861835779e-01
9.999994942395823427e-01
9.999995204712360808e-01
9.999995445754275014e-01
9.999995667940397848e-01
9.999995873313958228e-01
9.999996063626608311e-01
9.999996240393682623e-01
9.999996404934641259e-01
9.999996558404466995e-01
9.999996701818852918e-01
9.999996836074735995e-01
9.999996961967236864e-01
9.999997080203713029e-01
9.999997191415310738e-01
9.999997296164875316e-01
9.999997394942343742e-01
9.999997488110187183e-01
9.999997575701761177e-01
9.999997656960233350e-01
9.999997729765905952e-01
9.999997790674184373e-01
9.999997836358003322e-01
9.999998633552272809e-01
9.999998621069420279e-01
9.999998604835134142e-01
9.999998585771693316e-01
9.999998564883679775e-01
9.999998542888490771e-01
9.999998520154196324e-01
9.999998496816413507e-01
9.999998472904227942e-01
9.999998448410494234e-01
9.999998423318297025e-01
9.999998397608164113e-01
9.999998371259530838e-01
9.999998344250926596e-01
9.999998316559960410e-01
9.999998288163276516e-01
9.999998259036504411e-01
9.999998229154203333e-01
9.999998198489805645e-01
9.999998167015557993e-01
9.999998134702452468e-01
9.999998101520162219e-01
9.999998067436961513e-01
9.999998032419656901e-01
9.999997996433495073e-01
9.999997959442075146e-01
9.999997921407260959e-01
9.999997882289068940e-01
9.999997842045560414e-01
9.999997800632736134e-01
9.999997758004399717e-01
9.999997714112026648e-01
9.999997668904622161e-01
9.999997622328566926e-01
9.999997574327451622e-01
9.999997524841899299e-01
9.999997473809374426e-01
9.999997421163970834e-01
9.999997366836199664e-01
9.999997310752740676e-01
9.999997252836189121e-01
9.999997193004772633e-01
9.999997131172048137e-01
9.999997067246579885e-01
9.999997001131575303e-01
9.999996932724507515e-01
9.999996861916693458e-01
9.999996788592837582e-01
9.999996712630536688e-01
9.999996633899742582e-01
9.999996552262171434e-01
9.999996467570659853e-01
9.999996379668458779e-01
9.999996288388466326e-01
9.999996193552382895e-01
9.999996094969775262e-01
9.999995992437065162e-01
9.999995885736399082e-01
9.999995774634403700e-01
9.999995658880828087e-01
9.999995538207016033e-01
9.999995412324224064e-01
9.999995280921765151e-01
9.999995143664923702e-01
9.999995000192642980e-01
9.999994850114939382e-01
9.999994693010011426e-01
9.999994528420999007e-01
9.999994355852330763e-01
9.999994174765626243e-01
9.999993984575046291e-01
9.999993784642056127e-01
9.999993574269445684e-01
9.999993352694565019e-01
9.999993119081551640e-01
9.999992872512473152e-01
9.999992611977118750e-01
9.999992336361241962e-01
9.999992044432940430e-01
9.999991734826847445e-01
9.999991406025670049e-01
9.999991056338555229e-01
9.999990683875623620e-01
9.999990286517814742e-01
9.999989861880993480e-01
9.999989407272977804e-01
9.999988919641734642e-01
9.999988395512474648e-01
9.999987830910557207e-01
9.999987221265916881e-01
9.999986561292200093e-01
9.999985844828208625e-01
9.999985064613682306e-01
9.999984211926666866e-01
9.999983275879280598e-01
9.999982241800779992e-01
9.999981087145676240e-01
9.999979770837681414e-01
9.999978205898740757e-01
9.999976191603741071e-01
9.999973252972147453e-01
9.999968280571767121e-01
9.999958767060779241e-01
9.999939284637466841e-01
9.999898640205568956e-01
9.999814922077264745e-01
9.999647523942813976e-01
9.999325404585153176e-01
9.998731601042938344e-01
9.997685625688885747e-01
9.995927885877093910e-01
9.993113206181942765e-01
9.988822729310313786e-01
9.982603115127893778e-01
9.974037216531672634e-01
9.962840554985710195e-01
9.948964556098132128e-01
9.932675145853688825e-01
9.914570424586676145e-01
9.895509520049905472e-01
9.876448005562736832e-01
9.858208445038725287e-01
9.841246393752556276e-01
9.825488755646034633e-01
9.810312481594882783e-01
9.794695811143634412e-01
9.777521197584764234e-01
9.757956513122006958e-01
9.735808396531189235e-01
9.711741570013634473e-01
9.687291656027091635e-01
9.664655270155571021e-01
9.646301348619816807e-01
9.634493354749971150e-01
9.630831512069650824e-01
9.635915377650894342e-01
9.649195863934878492e-01
9.669042505764333661e-01
9.693007090523363400e-01
9.718227569801747290e-01
9.741892532250543413e-01
9.761679587126550484e-01
9.776090901672792599e-01
9.784632905731787123e-01
9.787819265385160339e-01
9.787009657297028875e-01
9.784124945784578031e-01
9.781297221892011340e-01
9.780518669437496815e-01
9.783346929156850891e-01
9.790709109451558589e-01
9.802825549289690965e-01
9.819251964194245508e-01
9.839018616191623767e-01
9.860830929614173845e-01
9.883289706645029815e-01
9.905091391041649374e-01
9.925178484163175163e-01
9.942824424612750622e-01
9.957652309543408853e-01
9.969599240627011749e-01
9.978845457859045753e-01
9.985729111784280576e-01
9.990664458004944182e-01
9.994075382161891064e-01
9.996349630832718214e-01
9.997813624644451558e-01
9.998724158019149932e-01
9.999271755596177425e-01
9.999590530383426490e-01
9.999770421905940232e-01
9.999869068549377404e-01
9.999921851139621509e-01
9.999949611551617323e-01
9.999964150930340523e-01
9.999971902118056644e-01
9.999976246628559107e-01
9.999978902397776981e-01
9.999980715767278205e-01
9.999982093368473546e-01
9.999983227696987997e-01
9.999984210203725077e-01
9.999985085844717014e-01
9.999985878472323897e-01
9.999986602292584292e-01
9.999987266916788853e-01
9.999987879569304239e-01
9.999988446068965864e-01
9.999988971291112749e-01
9.999989459409364123e-01
9.999989914040674499e-01
9.999990338344220131e-01
9.999990735095201089e-01
9.999991106742995850e-01
9.999991455458299150e-01
9.999991783172013093e-01
9.999992091607647904e-01
9.999992382308512395e-01
9.999992656660686707e-01
9.999992915912518932e-01
9.999993161191054192e-01
9.999993393514563511e-01
9.999993613793718428e-01
9.999993822788352249e-01
9.999994020920451865e-01
9.999994207763129861e-01
9.999994381124674980e-01
9.999994536218737018e-01
9.999994666186059478e-01
9.999994764895039356e-01
9.999999176556781944e-01
9.999999167694095803e-01
9.999999155938481543e-01
9.999999142178358502e-01
9.999999127252610087e-01
9.999999111644980454e-01
9.999999095538565363e-01
9.999999078973191846e-01
9.999999061943435352e-01
9.999999044433452999e-01
9.999999026425079318e-01
9.999999007899091907e-01
9.999998988835318015e-01
9.999998969212576805e-01
9.999998949008630511e-01
9.999998928200116710e-01
9.999998906762470607e-01
9.999998884669867305e-01
9.999998861895120772e-01
9.999998838409616120e-01
9.999998814183205242e-01
9.999998789184110226e-01
9.999998763378816768e-01
9.999998736731956495e-01
9.999998709206178171e-01
9.999998680762018921e-01
9.999998651357754342e-01
9.999998620949233086e-01
9.999998589489716982e-01
9.999998556929683424e-01
9.999998523216627744e-01
9.999998488294840060e-01
9.999998452105168800e-01
9.999998414584752027e-01
9.999998375666739880e-01
9.999998335279979278e-01
9.999998293348669742e-01
9.999998249791997029e-01
9.999998204523717904e-01
9.999998157451716052e-01
9.999998108477502479e-01
9.999998057495678161e-01
9.999998004393331197e-01
9.999997949049379553e-01
9.999997891333831657e-01
9.999997831106982593e-01
9.999997768218518157e-01
9.999997702506507880e-01
9.999997633796298135e-01
9.999997561899269805e-01
9.999997486611449382e-01
9.999997407711964659e-01
9.999997324961289458e-01
9.999997238099289643e-01
9.999997146843011553e-01
9.999997050884185112e-01
9.999996949886389430e-01
9.999996843481844255e-01
9.999996731267737360e-01
9.999996612802054541e-01
9.999996487598774575e-01
9.999996355122365843e-01
9.999996214781428083e-01
9.999996065921338273e-01
9.999995907815704133e-01
9.999995739656397653e-01
9.999995560541874440e-01
9.999995369463432482e-01
9.999995165288970700e-01
9.999994946743675506e-01
9.999994712386932605e-01
9.999994460584591405e-01
9.999994189475366335e-01
9.999993896929905146e-01
9.999993580500505796e-01
9.999993237358801856e-01
9.999992864217769339e-01
9.999992457232864673e-01
9.999992011874231368e-01
9.999991522755118378e-01
9.999990983381223941e-01
9.999990385717498764e-01
9.999989719238464581e-01
9.999988968379780463e-01
9.999988105025949814e-01
9.999987066203968045e-01
9.999985690292787499e-01
9.999983544895054699e-01
9.999979493025927813e-01
9.999970678528893320e-01
9.999950336729216405e-01
9.999903464547966747e-01
9.999799043982651181e-01
9.999577537724808618e-01
9.999133332109033656e-01
9.998294315485241057e-01
9.996805030158553151e-01
9.994324794172078086e-01
9.990455047607080807e-01
9.984806805350896486e-01
9.977106198398082437e-01
9.967314660984006869e-01
9.955718333625571681e-01
9.942932421456242009e-01
9.929783374465066537e-01
9.917076999173756180e-01
9.905319110975341346e-01
9.894498601659722503e-01
9.884042673375548205e-01
9.873000125909547897e-01
9.860418168893043678e-01
9.845790356401997734e-01
9.829409674590652291e-01
9.812483990843063886e-01
9.796952379081773632e-01
9.785045830389300647e-01
9.778722424260962720e-01
9.779144974508435784e-01
9.786350667907652845e-01
9.799200171854880459e-01
9.815612304026350987e-01
9.833014887691178263e-01
9.848892135784415025e-01
9.861293761763721966e-01
9.869190891066426108e-01
9.872609859444112512e-01
9.872532705396160901e-01
9.870607133247832898e-01
9.868746713686612493e-01
9.868717599507279559e-01
9.871800574582834109e-01
9.878591146636193088e-01
9.888963160457042711e-01
9.902182226878512017e-01
9.917123333510391436e-01
9.932529561825715891e-01
9.947249126097255090e-01
9.960404052974660694e-01
9.971469220617514839e-01
9.980266467637417538e-01
9.986897436568623609e-01
9.991646776031065658e-01
9.994884765860387876e-01
9.996989097995911955e-01
9.998294266290030929e-01
9.999067670127292917e-01
9.999506025163316103e-01
9.999743999435619646e-01
9.999867995045683688e-01
9.999930220014053850e-01
9.999960490533303936e-01
9.999974945723104636e-01
9.999981885182650521e-01
9.999985373408667444e-01
9.999987311308295990e-01
9.999988551522759339e-01
9.999989463629442854e-01
9.999990204719670928e-01
9.999990842167150173e-01
9.999991406608087496e-01
9.999991913791275167e-01
9.999992373260407907e-01
9.999992791730609731e-01
9.999993174413916996e-01
9.999993525574033537e-01
9.999993848792040341e-01
9.999994147118520527e-01
9.999994423175427860e-01
9.999994679231352102e-01
9.999994917260125460e-01
9.999995138987624044e-01
9.999995345929719726e-01
9.999995539423349733e-01
9.999995720652079534e-01
9.999995890666260046e-01
9.999996050390695945e-01
9.999996200576837246e-01
9.999996341547123802e-01
9.999996472454637519e-01
9.999996590100164173e-01
9.999996688574237513e-01
9.999996761694920355e-01
9.999984609924126300e-01
9.999984246310441582e-01
9.999983763602744435e-01
9.999983182992229214e-01
9.999982528063962040e-01
9.999981814404546032e-01
9.999981047876937978e-01
9.999980227792850673e-01
9.999979350207426343e-01
9.999978409642650279e-01
9.999977399630567421e-01
9.999976312746386986e-01
9.999975140471623059e-01
9.999973872986930301e-01
9.999972498902977014e-01
9.999971004903397409e-01
9.999969375231453350e-01
9.999967590836409403e-01
9.999965627656848266e-01
9.999963452553799481e-01
9.999961012794139625e-01
9.999958208303338925e-01
9.999954819873019263e-01
9.999950330600331228e-01
9.999943503265120714e-01
9.999931433994978525e-01
9.999907556051946811e-01
9.999857689086213419e-01
9.999752737485450016e-01
9.999536166483882216e-01
9.999104244948471276e-01
9.998277786378353404e-01
9.996766432823233073e-01
9.994130921559180036e-01
9.989755008811034287e-01
9.982845132444971847e-01
9.972479069546031916e-01
9.957720291786376077e-01
9.937798893297502545e-01
9.912333289283883353e-01
9.881536278563110010e-01
9.846327742869680488e-01
9.808279310165319842e-01
9.769352921632271647e-01
9.731461211267348199e-01
9.695952986899700754e-01
9.663181802342928339e-01
9.632321559075546213e-01
9.601537666523853876e-01
9.568516712627996856e-01
9.531235554476249483e-01
9.488756908183435534e-01
9.441810562053128963e-01
9.392971077707424898e-01
9.346357131673250773e-01
9.306913613896272697e-01
9.279449078517103544e-01
9.267656234496879364e-01
9.273334376368753684e-01
9.295973815528418838e-01
9.332777064731847538e-01
9.379101816042771933e-01
9.429232168062982034e-01
9.477327210617655373e-01
9.518367451591653872e-01
9.548924908121458888e-01
9.567622314391712735e-01
9.575213319547118962e-01
9.574293537162662515e-01
9.568723102937491953e-01
9.562889009443626964e-01
9.560951737788552229e-01
9.566206628526430222e-01
9.580654002930433233e-01
9.604824159867142441e-01
9.637854377951096119e-01
9.677773028760097151e-01
9.721916489290522989e-01
9.767391183548133071e-01
9.811496894331911411e-01
9.852046642092505691e-01
9.887547895361072925e-01
9.917242241988415419e-01
9.941028124758889417e-01
9.959308078637544304e-01
9.972806051940670269e-01
9.982393663767560321e-01
9.988951042481584164e-01
9.993273231034903725e-01
9.996020986202474035e-01
9.997707158822544127e-01
9.998706858187477176e-01
9.999280170138455937e-01
9.999598754352878593e-01
9.999770788294037871e-01
9.999861516362105185e-01
9.999908671344577282e-01
9.999933213355420847e-01
9.999946344125838493e-01
9.999953834219414972e-01
9.999958556551016287e-01
9.999961899149807376e-01
9.999964517566102273e-01
9.999966718495783002e-01
9.999968647463151061e-01
9.999970377158079460e-01
9.999971947580587051e-01
9.999973383753762990e-01
9.999974703354875816e-01
9.999975919808339331e-01
9.999977042876981859e-01
9.999978076895466028e-01
9.999979016553881550e-01
9.999979842751892667e-01
9.999980525164688938e-01
9.999981036688777580e-01
9.999981661953926126e-01
9.999981237692953107e-01
9.999980675692576870e-01
9.999980000117664192e-01
9.999979238188417829e-01
9.999978408284551090e-01
9.999977517699465412e-01
9.999976566088344399e-01
9.999975549248713014e-01
9.999974461178815499e-01
9.999973294766945076e-01
9.999972041866752592e-01
9.999970693165590729e-01
9.999969237973520553e-01
9.999967663950184438e-01
9.999965956748761986e-01
9.999964099519824678e-01
9.999962072123551593e-01
9.999959849619750596e-01
9.999957398796996966e-01
9.999954669265027629e-01
9.999951569769106596e-01
9.999947905904824630e-01
9.999943221915641445e-01
9.999936417034700487e-01
9.999924862681943694e-01
9.999902483072690140e-01
9.999855826259698155e-01
9.999756521754040728e-01
9.999547768233810752e-01
9.999121894657494458e-01
9.998286168565789778e-01
9.996715781257461408e-01
9.993897311668498151e-01
9.989073463049216173e-01
9.981209576391978366e-01
9.969011142938530856e-01
9.951023616216976286e-01
9.925834689194686922e-01
9.892370864864050706e-01
9.850237682235793990e-01
9.800009320474756258e-01
9.743349338939468751e-01
9.682860636670014287e-01
9.621628076005249719e-01
9.562519506258041480e-01
9.507417130889370682e-01
9.456618150253185417e-01
9.408635684051712689e-01
9.360536555929028779e-01
9.308792823348779333e-01
9.250449463065650857e-01
9.184284905909579910e-01
9.111615685673306597e-01
9.036486826317677856e-01
8.965165219091448812e-01
8.905049922387153760e-01
8.863263069154532214e-01
8.845246596576867848e-01
8.853661846917378897e-01
8.887799938041183179e-01
8.943597337250681623e-01
9.014239670027717199e-01
9.091239395117933775e-01
9.165794877294262122e-01
9.230187710695074710e-01
9.278964719231764802e-01
9.309691185874328090e-01
9.323150182101214156e-01
9.322979881501459731e-01
9.314855232180120348e-01
9.305401893854438056e-01
9.301061317043606280e-01
9.307106471661843461e-01
9.326952381181035090e-01
9.361834108639007779e-01
9.410854381681945657e-01
9.471344512455379672e-01
9.539440968451584624e-01
9.610758278815156874e-01
9.681038091844906823e-01
9.746673620500769797e-01
9.805044599581538289e-01
9.854642342607453642e-01
9.895007034282020664e-01
9.926530227803791462e-01
9.950188928865009164e-01
9.967273674027432584e-01
9.979156607375991861e-01
9.987124017653077335e-01
9.992277849516100208e-01
9.995496586034526842e-01
9.997438877886647424e-01
9.998572327091781453e-01
9.999212742267298282e-01
9.999563716304845640e-01
9.999750851380579952e-01
9.999848449045127818e-01
9.999898726373999125e-01
9.999924757160519873e-01
9.999938690710126199e-01
9.999946701148065831e-01
9.999951824572788084e-01
9.999955511830646016e-01
9.999958441826137800e-01
9.999960930061344566e-01
9.999963125853991164e-01
9.999965104058488041e-01
9.999966906308448422e-01
9.999968559052809791e-01
9.999970081303644065e-01
9.999971487925715108e-01
9.999972790854225746e-01
9.999973998787159424e-01
9.999975114815971011e-01
9.999976131720214045e-01
9.999977027661153262e-01
9.999977769226948698e-01
9.999978326911356241e-01
