9.999991511915646836e-01
9.999991156337091347e-01
9.999990566960279548e-01
9.999989097052986997e-01
9.999983371638916374e-01
9.999961118494704593e-01
9.999892644610501868e-01
9.999737165819735374e-01
9.999488419019916252e-01
9.999232571453011698e-01
9.999120250329700532e-01
9.999230108102387105e-01
9.999483174964333143e-01
9.999728730361137075e-01
9.999880681210739919e-01
9.999945327928951855e-01
9.999963349063230034e-01
9.999964013340877367e-01
9.999956289528451059e-01
9.999913733504385283e-01
9.999626718249964297e-01
9.998009847144240236e-01
9.991076824936914180e-01
9.968840892415298249e-01
9.915610108578600812e-01
9.818698408534569655e-01
9.672557246033537393e-01
9.447255389614807042e-01
9.033580876983744457e-01
8.257882801970009012e-01
7.027084064728259527e-01
5.499057265798840133e-01
4.095383640787202406e-01
3.308905450213474042e-01
3.442260641901658813e-01
4.449658668523678307e-01
5.966055601796176333e-01
7.503662460407583001e-01
8.696528092323734249e-01
9.430244792089259587e-01
9.792728259707229599e-01
9.937439887538167538e-01
9.984315493516286999e-01
9.996686869174902235e-01
9.999364891326475435e-01
9.999849761518433411e-01
9.999930011242252892e-01
9.999947467181833360e-01
9.999955477884684418e-01
9.999961229139608943e-01
9.999965802490510258e-01
9.999969531126152722e-01
9.999972612409770978e-01
9.999975185782152831e-01
9.999977353808487956e-01
9.999979193509719311e-01
9.999980763676886708e-01
9.999982109805225505e-01
9.999983267506677986e-01
9.999984264918082566e-01
9.999985124429525696e-01
9.999985863941915909e-01
9.999986497791220064e-01
9.999987037430342340e-01
9.999987491913744364e-01
9.999987867880670844e-01
9.999988163484183623e-01
9.999988290098004162e-01
9.999987360472195608e-01
9.999979063703594573e-01
9.999930923757374135e-01
9.999725017480316502e-01
9.999075681752761513e-01
9.997589894627153528e-01
9.995206248101515811e-01
9.992753511626981666e-01
9.991682616122685712e-01
9.992752619299226646e-01
9.995204410964918518e-01
9.997587025925004367e-01
9.999071671788792859e-01
9.999719724280520250e-01
9.999924150178740589e-01
9.999970506687212435e-01
9.999976241358419227e-01
9.999970113282368178e-01
9.999932756484124496e-01
9.999732037286557240e-01
9.998869789503554983e-01
9.996018836192921420e-01
9.988597236875884633e-01
9.971988122951112032e-01
9.934565674797236623e-01
9.842346235216314909e-01
9.618398541971024951e-01
9.147370384062465387e-01
8.341114433833582975e-01
7.251457568431702860e-01
6.138354807759600629e-01
5.392293223305227867e-01
5.322202931950350546e-01
5.959103484167522780e-01
7.036069999283541820e-01
8.161189658565588534e-01
9.039573179144542170e-01
9.579570579977303435e-01
9.846309995617295030e-01
9.953184690926053513e-01
9.988109625570029682e-01
9.997458096957176910e-01
9.999518969424932013e-01
9.999898311327594103e-01
9.999960240982549431e-01
9.999972070792799705e-01
9.999976620996393617e-01
9.999979716518692108e-01
9.999982163816341085e-01
9.999984162978157176e-01
9.999985818124695891e-01
9.999987192555050974e-01
9.999988315362904334e-01
9.999989188250567596e-01
9.999989806431616168e-01
9.990177154123307535e-01
9.989941665124972836e-01
9.989629814115376094e-01
9.989254604613739819e-01
9.988830767644119035e-01
9.988368214331878603e-01
9.987870653132279175e-01
9.987337266907265754e-01
9.986764268965568903e-01
9.986143178295695533e-01
9.985443333043706460e-01
9.984517563396886342e-01
9.982721345040176386e-01
9.977823454626668642e-01
9.964103728744018174e-01
9.931589442058561534e-01
9.871279365243925685e-01
9.788232289630324212e-01
9.711069604656895615e-01
9.679189014818276870e-01
9.711014914541282739e-01
9.786728650204954416e-01
9.866673043738531934e-01
9.922989407765117065e-01
9.951461203162073055e-01
9.961415848119079541e-01
9.962723611850763383e-01
9.960884572555689376e-01
9.957956685749879133e-01
9.954467880623085740e-01
9.950469605807101825e-01
9.945890515295233714e-01
9.940615614811822986e-01
9.934492006006740983e-01
9.927315005791004232e-01
9.918792365415891599e-01
9.908421113302462446e-01
9.894978970229730830e-01
9.874633998035642346e-01
9.835546387749571906e-01
9.747420383693665702e-01
9.551479846071257995e-01
9.167714196637346546e-01
8.530455274055757098e-01
7.626570923992695983e-01
6.493060196543358753e-01
5.188464706909193813e-01
3.800548546573614406e-01
2.478160153165392399e-01
1.398630488415427697e-01
6.682997791813038990e-02
2.662429042399963239e-02
8.758880831322651481e-03
2.385046687236715493e-03
6.671482233920999604e-04
8.716319150965422605e-04
3.408220959308345434e-03
1.218860020081590292e-02
3.618085278532138377e-02
8.940407224396790253e-02
1.854861865054703296e-01
3.268733820160492631e-01
4.968350596421623466e-01
6.642499380066578807e-01
7.999873639720311846e-01
8.912353763494884618e-01
9.427693462279621572e-01
9.678899312071267413e-01
9.790936027718970536e-01
9.842104136883349508e-01
9.869624618298558083e-01
9.887878985679505739e-01
9.901769590819984312e-01
9.913007396449635689e-01
9.922340882650447780e-01
9.930207051815674868e-01
9.936908613100343679e-01
9.942670061400604720e-01
9.947662825900754902e-01
9.952020185693485343e-01
9.955847240531079390e-01
9.959227874723574070e-01
9.962229663282567982e-01
9.964907047459555800e-01
9.967302314328920776e-01
9.969443119006362597e-01
9.971336178117222726e-01
9.972961759273321070e-01
9.974280061569753553e-01
9.975257033495670278e-01
9.992597081646141799e-01
9.992189264429161000e-01
9.991027713266649180e-01
9.987441662944080978e-01
9.977484785058775563e-01
9.954836991994112649e-01
9.914487975524725050e-01
9.860537522753516360e-01
9.811017778981234727e-01
9.789842829094677068e-01
9.808572456631170500e-01
9.856255029444341842e-01
9.909096054995470970e-01
9.948717225115102369e-01
9.970600672530021136e-01
9.979551447014426424e-01
9.981890801595488805e-01
9.981638083441578546e-01
9.980516244989072749e-01
9.979059679387777271e-01
9.977379257485230468e-01
9.975469544803522437e-01
9.973294314260411353e-01
9.970802607638064030e-01
9.967927945889506480e-01
9.964581046275062803e-01
9.960624418255897838e-01
9.955753594088887493e-01
9.948965787102115321e-01
9.936670748106808393e-01
9.907841225524705031e-01
9.836250709552525340e-01
9.677005496985341404e-01
9.381615535808819351e-01
8.931871289305183259e-01
8.354377221548279220e-01
7.673959130174669019e-01
6.846637055736239930e-01
5.781752933421457907e-01
4.469254528938558790e-01
3.067058467815060308e-01
1.826734892849450065e-01
9.301082746333773354e-02
4.009037172448515207e-02
1.454026054881051369e-02
4.472552757792025609e-03
1.470873635135715868e-03
1.854875988523565491e-03
6.177332254509167002e-03
1.942699239394510280e-02
5.165199662134918601e-02
1.162310266523781110e-01
2.232596645290383930e-01
3.702246436687973152e-01
5.377638781329924234e-01
6.967369775348544181e-01
8.227316313156786132e-01
9.065732338713980987e-01
9.538262214208671486e-01
9.767629866215987722e-01
9.867035476815424477e-01
9.908629222165055150e-01
9.927877701475478212e-01
9.938984572909829174e-01
9.946837848094629564e-01
9.953022544760776746e-01
9.958113796375420712e-01
9.962389507869475747e-01
9.966024793017529415e-01
9.969145415182369963e-01
9.971846359325593490e-01
9.974200967893345204e-01
9.976266281711703154e-01
9.978085605427595706e-01
9.979688085626710059e-01
9.981085765020765166e-01
9.982271700443798856e-01
9.983225888680176130e-01
9.983932468459604248e-01
