9.999999295386128306e-01
9.999999284280232104e-01
9.999999269576286265e-01
9.999999252155551410e-01
9.999999232924643433e-01
9.999999212459073084e-01
9.999999190996349263e-01
9.999999168580917530e-01
9.999999145181153182e-01
9.999999120741427383e-01
9.999999095197310561e-01
9.999999068478389042e-01
9.999999040508205095e-01
9.999999011203671850e-01
9.999998980474340549e-01
9.999998948221566764e-01
9.999998914337561162e-01
9.999998878704292604e-01
9.999998841192236920e-01
9.999998801658935843e-01
9.999998759947319460e-01
9.999998715883766653e-01
9.999998669275841356e-01
9.999998619909629127e-01
9.999998567546606321e-01
9.999998511919949706e-01
9.999998452730103349e-01
9.999998389639515040e-01
9.999998322266265838e-01
9.999998250176344028e-01
9.999998172874213775e-01
9.999998089791186651e-01
9.999998000270983178e-01
9.999997903551607337e-01
9.999997798742386035e-01
9.999997684794524888e-01
9.999997560462854373e-01
9.999997424255281375e-01
9.999997274364316180e-01
9.999997108569345095e-01
9.999996924078949911e-01
9.999996717207439989e-01
9.999996482488325844e-01
9.999996209763643007e-01
9.999995874224052450e-01
9.999995403565586916e-01
9.999994577090376424e-01
9.999992741300028909e-01
9.999988081160547937e-01
9.999975937076370780e-01
9.999945338506115444e-01
9.999872739456158177e-01
9.999712367428422732e-01
9.999384327063027822e-01
9.998765064030317173e-01
9.997689223077079745e-01
9.995974482155438601e-01
9.993477145253976124e-01
9.990172928201737079e-01
9.986237072837005346e-01
9.982081543430911807e-01
9.978309586571372236e-01
9.975577430496578302e-01
9.974399874987663894e-01
9.974974697432291704e-01
9.977103082866292105e-01
9.980242792230186177e-01
9.983669076230670125e-01
9.986671825092336974e-01
9.988711730025623403e-01
9.989491268668397872e-01
9.988943073072573675e-01
9.987170801896587680e-01
9.984383304503823275e-01
9.980847584403533812e-01
9.976864994287404365e-01
9.972760680146754986e-01
9.968872507865926824e-01
9.965529346274988320e-01
9.963013601855874590e-01
9.961504136688691391e-01
9.960991690979297264e-01
9.961155606213314417e-01
9.961204791071927023e-01
9.959739413410568787e-01
9.954782350543404101e-01
9.944196487637352311e-01
9.926614389371877234e-01
9.902669254078639849e-01
9.875861610357274945e-01
9.852226814287505796e-01
9.838460381143192546e-01
9.839181154913236860e-01
9.854817427533024699e-01
9.881411746986041855e-01
9.912460730350280969e-01
9.941636643913436266e-01
9.964861687941248825e-01
9.980890520123510967e-01
9.990603267916501329e-01
9.995811837950530077e-01
9.998298150209847801e-01
9.999360307776881118e-01
9.999769226033236036e-01
9.999912903520598029e-01
9.999960314784468451e-01
9.999976041675550098e-01
9.999982030433395286e-01
9.999985032609794988e-01
9.999986995054179761e-01
9.999988484678938860e-01
9.999989691901358668e-01
9.999990700335987803e-01
9.999991557468190795e-01
9.999992294828352613e-01
9.999992935121666537e-01
9.999993495460772763e-01
9.999993989124120741e-01
9.999994426626416244e-01
9.999994816420989530e-01
9.999995165386086349e-01
9.999995479174812463e-01
9.999995762474065408e-01
9.999996019200012576e-01
9.999996252647965767e-01
9.999996465608758101e-01
9.999996660460047648e-01
9.999996839238667334e-01
9.999997003698410936e-01
9.999997155356583622e-01
9.999997295531739550e-01
9.999997425374513860e-01
9.999997545892951312e-01
9.999997657973438425e-01
9.999997762398102896e-01
9.999997859859354188e-01
9.999997950972088212e-01
9.999998036283969105e-01
9.999998116284164462e-01
9.999998191410744974e-01
9.999998262057032683e-01
9.999998328577014428e-01
9.999998391290025879e-01
9.999998450484767210e-01
9.999998506422805855e-01
9.999998559341597426e-01
9.999998609457133592e-01
9.999998656966241350e-01
9.999998702048609189e-01
9.999998744868561218e-01
9.999998785576615923e-01
9.999998824310871726e-01
9.999998861198217126e-01
9.999998896355422051e-01
9.999998929890090427e-01
9.999998961901522820e-01
9.999998992481478055e-01
9.999999021714847114e-01
9.999999049680273755e-01
9.999999076450700741e-01
9.999999102093858339e-01
9.999999126672709515e-01
9.999999150245852952e-01
9.999999172867873876e-01
9.999999194589683782e-01
9.999999215458804658e-01
9.999999235519645424e-01
9.999999254813740635e-01
9.999999273379971410e-01
9.999999291254769718e-01
9.999999308472302673e-01
9.999999325064641287e-01
9.999999341061907021e-01
9.999999356492419444e-01
9.999999371382826130e-01
9.999999385758214787e-01
9.999999399642225395e-01
9.999999413057145681e-01
9.999999426024013260e-01
9.999999438562687804e-01
9.999999450691937630e-01
9.999999462429505215e-01
9.999999473792179350e-01
9.999999484795853988e-01
9.999999495455582643e-01
9.999999505785639453e-01
9.999999515799551375e-01
9.999999525510133713e-01
9.999999534929292500e-01
9.999999544066598967e-01
9.999999552922391732e-01
9.999999561464549824e-01
9.999999569576387692e-01
9.999999576991722705e-01
9.999999583296459438e-01
9.999999588084713675e-01
9.999998185091990566e-01
9.999998158616347776e-01
9.999998123949724871e-01
9.999998082864558491e-01
9.999998037325351641e-01
9.999997988726533338e-01
9.999997937753393185e-01
9.999997884612437105e-01
9.999997829285431905e-01
9.999997771672344271e-01
9.999997711645101095e-01
9.999997649061758143e-01
9.999997583768635012e-01
9.999997515599685638e-01
9.999997444375324784e-01
9.999997369901003630e-01
9.999997291965625479e-01
9.999997210339741649e-01
9.999997124773492008e-01
9.999997034994276834e-01
9.999996940704085624e-01
9.999996841576437312e-01
9.999996737252858647e-01
9.999996627338814115e-01
9.999996511399003030e-01
9.999996388951850612e-01
9.999996259463109771e-01
9.999996122338301596e-01
9.999995976913819140e-01
9.999995822446339222e-01
9.999995658100213625e-01
9.999995482932285684e-01
9.999995295873549406e-01
9.999995095706821768e-01
9.999994881039298011e-01
9.999994650268636542e-01
9.999994401540555078e-01
9.999994132695327886e-01
9.999993841199500411e-01
9.999993524057448901e-01
9.999993177694492807e-01
9.999992797796359856e-01
9.999992379069093662e-01
9.999991914811554583e-01
9.999991395935932115e-01
9.999990808189394009e-01
9.999990123494040262e-01
9.999989272917824135e-01
9.999988066046223700e-01
9.999985965874219618e-01
9.999981506779731522e-01
9.999970910925811696e-01
9.999945085287988977e-01
9.999883723147886538e-01
9.999744954650509055e-01
9.999449480723900940e-01
9.998860245395813084e-01
9.997763125242657978e-01
9.995860347395701950e-01
9.992793632618670596e-01
9.988213253600048969e-01
9.981896925926361241e-01
9.973897686121162565e-01
9.964670561519479719e-01
9.955110727467053611e-01
9.946448824865790073e-01
9.939997700766523003e-01
9.936812615038650431e-01
9.937379608311736057e-01
9.941451124863025512e-01
9.948094944057197520e-01
9.955936084927783369e-01
9.963496046369804127e-01
9.969507029597437509e-01
9.973108861489217158e-01
9.973900022817341338e-01
9.971874732298908750e-01
9.967308266710956932e-01
9.960647575779277840e-01
9.952437432691506602e-01
9.943283233867197257e-01
9.933833496524702156e-01
9.924761188908570730e-01
9.916728570089095030e-01
9.910327623928512075e-01
9.905990884952811104e-01
9.903862768554978491e-01
9.903614249807293213e-01
9.904190782306496743e-01
9.903532476121841288e-01
9.898415182176878435e-01
9.884696319847940948e-01
9.858285260607372313e-01
9.816923464278761724e-01
9.762303236644301885e-01
9.701435084171646794e-01
9.646029253538775938e-01
9.609403874201107865e-01
9.601857526278456678e-01
9.626637177003080081e-01
9.678616913248305753e-01
9.746404997522224445e-01
9.816710300236189957e-01
9.878711042896900496e-01
9.926525660954351737e-01
9.959242753566652784e-01
9.979277326488951161e-01
9.990320504747989272e-01
9.995824569674176541e-01
9.998316048608049122e-01
9.999346184384098057e-01
9.999739102366048682e-01
9.999880284734031788e-01
9.999930383647528398e-01
9.999949685529841981e-01
9.999958830235240459e-01
9.999964411736093073e-01
9.999968487740815704e-01
9.999971743153770465e-01
9.999974452089379628e-01
9.999976754959918335e-01
9.999978739285555474e-01
9.999980466176989768e-01
9.999981981019083754e-01
9.999983318783713937e-01
9.999984507089492158e-01
9.999985568136333658e-01
9.999986520009797042e-01
9.999987377603054561e-01
9.999988153291747839e-01
9.999988857440800238e-01
9.999989498792323239e-01
9.999990084766881004e-01
9.999990621700227678e-01
9.999991115031209299e-01
9.999991569452222340e-01
9.999991989030616590e-01
9.999992377307393987e-01
9.999992737377965124e-01
9.999993071958651614e-01
9.999993383441754258e-01
9.999993673941413030e-01
9.999993945331993039e-01
9.999994199280357599e-01
9.999994437273150849e-01
9.999994660639929256e-01
9.999994870572880279e-01
9.999995068143686661e-01
9.999995254317992632e-01
9.999995429967881710e-01
9.999995595882644750e-01
9.999995752778128022e-01
9.999995901304858936e-01
9.999996042055137035e-01
9.999996175569226819e-01
9.999996302340804499e-01
9.999996422821728626e-01
9.999996537426265597e-01
9.999996646534798916e-01
9.999996750497144316e-01
9.999996849635457430e-01
9.999996944246851704e-01
9.999997034605703217e-01
9.999997120965735675e-01
9.999997203561863390e-01
9.999997282611851057e-01
9.999997358317815888e-01
9.999997430867554327e-01
9.999997500435757747e-01
9.999997567185103797e-01
9.999997631267236731e-01
9.999997692823661133e-01
9.999997751986546835e-01
9.999997808879470540e-01
9.999997863618075300e-01
9.999997916310680024e-01
9.999997967058831261e-01
9.999998015957810571e-01
9.999998063097094159e-01
9.999998108560771426e-01
9.999998152427937992e-01
9.999998194773047633e-01
9.999998235666230917e-01
9.999998275173604956e-01
9.999998313357538748e-01
9.999998350276908532e-01
9.999998385987336480e-01
9.999998420541400534e-01
9.999998453988834246e-01
9.999998486376706630e-01
9.999998517749599802e-01
9.999998548149762190e-01
9.999998577617253970e-01
9.999998606190079187e-01
9.999998633904321199e-01
9.999998660794245930e-01
9.999998686892425104e-01
9.999998712229821729e-01
9.999998736835896684e-01
9.999998760738686432e-01
9.999998783964860749e-01
9.999998806539582841e-01
9.999998828485220370e-01
9.999998849814879520e-01
9.999998870508743920e-01
9.999998890451600175e-01
9.999998909321694551e-01
9.999998926488877782e-01
9.999998941072025804e-01
9.999998952267127317e-01
9.999994308706250390e-01
9.999993975810046454e-01
9.999993446648269835e-01
9.999992545052833748e-01
9.999990651419120580e-01
9.999985802564326232e-01
9.999972391151741302e-01
9.999935917199198609e-01
9.999842563688902120e-01
9.999621683505421910e-01
9.999142327969812172e-01
9.998192300438308866e-01
9.996478799006576210e-01
9.993676836245697359e-01
9.989543463020399416e-01
9.984083393983336219e-01
9.977702422095695578e-01
9.971249973227220842e-01
9.965871018912326740e-01
9.962673826933892141e-01
9.962333871947686159e-01
9.964817995921886329e-01
9.969369498582421052e-01
9.974761444534754329e-01
9.979688325437814367e-01
9.983114295406030347e-01
9.984452426152885529e-01
9.983560427201115806e-01
9.980625610302678030e-01
9.976032347180687765e-01
9.970270090750137371e-01
9.963889573549649104e-01
9.957482337464420574e-01
9.951653109364555494e-01
9.946965075316138716e-01
9.943848136060522425e-01
9.942458059076693111e-01
9.942463167877721997e-01
9.942744997926622474e-01
9.941087614220748270e-01
9.934128978299108237e-01
9.918044450757657060e-01
9.890308535997343053e-01
9.852146544303899134e-01
9.810211254092194855e-01
9.775635740165833365e-01
9.759892545739616843e-01
9.769347419747455019e-01
9.801940663070976001e-01
9.848300293932236160e-01
9.896476006953076610e-01
9.937085574474686656e-01
9.965948089963952983e-01
9.983571885313914374e-01
9.992918241426524961e-01
9.997255352650735727e-01
9.999027949217755840e-01
9.999671309350504078e-01
9.999881895009478106e-01
9.999946394744784195e-01
9.999966648447722317e-01
9.999974383588080551e-01
9.999978480669584613e-01
9.999981288642343369e-01
9.999983463460830890e-01
9.999985234540158530e-01
9.999986709980666078e-01
9.999987947588364623e-01
9.999988969830537755e-01
9.999989771015020956e-01
9.999990338158357694e-01
9.999979317728029393e-01
9.999978111449824292e-01
9.999976093289008050e-01
9.999972387155209308e-01
9.999964467705799720e-01
9.999945552861008169e-01
9.999898839659974170e-01
9.999785901627697982e-01
9.999525808654156078e-01
9.998962296316378229e-01
9.997820532302836849e-01
9.995664403838864231e-01
9.991879053935330823e-01
9.985715794388758670e-01
9.976435956727016663e-01
9.963564091228737096e-01
9.947206163168829107e-01
9.928322601905372746e-01
9.908807702661015515e-01
9.891256755505631881e-01
9.878412166273601303e-01
9.872430716759298397e-01
9.874227195428171289e-01
9.883151778079491967e-01
9.897133662413523103e-01
9.913230546124124354e-01
9.928363641692845576e-01
9.939971272556885618e-01
9.946392039437017552e-01
9.946933333370155950e-01
9.941709378433225552e-01
9.931388611035709690e-01
9.916968513779302885e-01
9.899632304683051442e-01
9.880679831050229733e-01
9.861491249127491976e-01
9.843479285780282195e-01
9.828000735487913975e-01
9.816212630121605720e-01
9.808859823132892730e-01
9.805966425589041080e-01
9.806392525439039387e-01
9.807258689825444353e-01
9.803397803024513912e-01
9.787276255619661303e-01
9.750078091335485642e-01
9.684513110043453388e-01
9.589068782648456635e-01
9.472044464527042962e-01
9.352710275471414203e-01
9.257511283933113067e-01
9.211697027019927209e-01
9.229786665968220394e-01
9.309660664844069400e-01
9.433473261923757125e-01
9.574852101340067811e-01
9.708492619273919599e-01
9.817473719445898306e-01
9.895642487759538364e-01
9.945490389080322569e-01
9.973944966771659537e-01
9.988557568972805667e-01
9.995339109786158804e-01
9.998198396476092320e-01
9.999302945968608913e-01
9.999700613892961165e-01
9.999839292412648906e-01
9.999890175715615559e-01
9.999912514988931189e-01
9.999925251505887847e-01
9.999934202251966608e-01
9.999941224638346782e-01
9.999947015403332085e-01
9.999951910029032387e-01
9.999956109581379371e-01
9.999959751496939608e-01
9.999962936575084171e-01
9.999965741831828847e-01
9.999968227703621704e-01
9.999970442521848302e-01
9.999972425491295835e-01
9.999974208775208595e-01
9.999975819010098466e-01
9.999977278436514849e-01
9.999978605760173611e-01
9.999979816817818890e-01
9.999980925098443940e-01
9.999981942155498071e-01
9.999982877935844616e-01
9.999983741044425889e-01
9.999984538958786029e-01
9.999985278204128747e-01
9.999985964497082325e-01
9.999986602864123775e-01
9.999987197737041367e-01
9.999987753013699354e-01
9.999988272017095170e-01
9.999988757135191975e-01
9.999989208720103662e-01
9.999989623009499784e-01
9.999989990147140073e-01
9.999990295295551057e-01
9.999990525173423350e-01
9.999985366126575848e-01
9.999984907301342485e-01
9.999984290390199204e-01
9.999983533549774428e-01
9.999982657281651921e-01
9.999981671808324535e-01
9.999980573733269207e-01
9.999979347423902931e-01
9.999977963135490144e-01
9.999976360977662626e-01
9.999974393249817517e-01
9.999971644599383591e-01
9.999966912654975060e-01
9.999956819510928963e-01
9.999932395755060099e-01
9.999871396478388075e-01
9.999722621163028569e-01
9.999377213592012259e-01
9.998622406712746047e-01
9.997078139677146869e-01
9.994129167706846673e-01
9.988884741926711275e-01
9.980218057862683123e-01
9.966943261034802992e-01
9.948159716356672622e-01
9.923722003692718729e-01
9.894696754353315971e-01
9.863593301505464428e-01
9.834166254339493651e-01
9.810717364393141127e-01
9.797037094415608216e-01
9.795322530764736246e-01
9.805472759714449760e-01
9.825040525362868093e-01
9.849858687871330121e-01
9.875092034786753237e-01
9.896324055717080626e-01
9.910333219133784510e-01
9.915398049143659964e-01
9.911182429403518901e-01
9.898387156975047008e-01
9.878369856842732499e-01
9.852862034203286878e-01
9.823812500964617112e-01
9.793314041438794249e-01
9.763545223274386897e-01
9.736671522324145123e-01
9.714674774570143390e-01
9.699093494075651245e-01
9.690646072563422475e-01
9.688683951937662187e-01
9.690429787169146936e-01
9.690083579438822925e-01
9.678201238079084945e-01
9.642187440003060495e-01
9.568932807208178071e-01
9.450012723134992854e-01
9.288227070275671959e-01
9.102323981794505636e-01
8.926127796600860087e-01
8.800267193535499244e-01
8.758738644244279392e-01
8.816150065767919264e-01
8.961970646507069205e-01
9.164755333014283911e-01
9.384090930271602460e-01
9.584222101503151459e-01
9.743236419001810589e-01
9.854986953455049381e-01
9.925072872716504957e-01
9.964529533747411572e-01
9.984558572070815208e-01
9.993764272990212083e-01
9.997614428696651734e-01
9.999091375637652046e-01
9.999619311999452531e-01
9.999801521228404155e-01
9.999867126002355278e-01
9.999895088643943053e-01
9.999910570870261806e-01
9.999921263778341896e-01
9.999929594615541983e-01
9.999936451862077025e-01
9.999942249772815206e-01
9.999947230088415129e-01
9.999951555351576093e-01
9.999955343749931114e-01
9.999958685243830470e-01
9.999961650359520116e-01
9.999964295529695235e-01
9.999966666591630915e-01
9.999968801211585046e-01
9.999970730637144367e-01
9.999972481002905589e-01
9.999974074324975426e-01
9.999975529270850316e-01
9.999976861762973623e-01
9.999978085456161514e-01
9.999979212113226934e-01
9.999980251870346226e-01
9.999981213278975600e-01
9.999982102749376267e-01
9.999982922702421728e-01
9.999983668127673253e-01
9.999984323496329264e-01
9.999984865013793467e-01
9.999985271808087273e-01
