3.065530647939656319e+03 1.002323595500819398e+00 1.397123849526154399e-02 2.404647585391998291e+03
3.065539018827441851e+03 1.000768585028407598e+00 1.400899491556397390e-02 2.401011041389739148e+03
3.065547389715227382e+03 9.992136963606487177e-01 1.404674837838942002e-02 2.397374497387479551e+03
3.065555760603012914e+03 9.841600727020909378e-01 1.400881482551198307e-02 2.361349403702146446e+03
3.065564131490798445e+03 9.689379535310209679e-01 1.396993292907269812e-02 2.324917184525798802e+03
3.065572502378583977e+03 9.697497580967880948e-01 1.390745870988327991e-02 2.326956193206743137e+03
3.065580873266369508e+03 9.714765329859580412e-01 1.384364272833460766e-02 2.331190951018870692e+03
3.065589244154154585e+03 9.711920747565735423e-01 1.385544959431780389e-02 2.330599615125205673e+03
3.065597615041940116e+03 9.707645929053368983e-01 1.387263410195019482e-02 2.329664994129896968e+03
3.065605985929725648e+03 9.751388539853891313e-01 1.397894525609742061e-02 2.340254086016569090e+03
3.065614356817511180e+03 9.800940432408246084e-01 1.409603747023943122e-02 2.352238235029277348e+03
3.065622727705296711e+03 9.843536139068185253e-01 1.407700736956154011e-02 2.362553756422052629e+03
3.065631098593082243e+03 9.885176905818608972e-01 1.403934811908224070e-02 2.372640873592043590e+03
3.065639469480867774e+03 9.754787566500063845e-01 1.394934720986925995e-02 2.341436478352190989e+03
3.065647840368653306e+03 9.591158787318821988e-01 1.384923609023455855e-02 2.302250875199880284e+03
3.065656211256438837e+03 9.685363912265351205e-01 1.387826734986899804e-02 2.324954777553054100e+03
3.065664582144224369e+03 9.834019565696070497e-01 1.393457260148254356e-02 2.360731716758043603e+03
3.065672953032009900e+03 9.926035962316378525e-01 1.397528270132564372e-02 2.382914230095535459e+03
3.065681323919795432e+03 1.000244670444309536e+00 1.401169504105654988e-02 2.401351922572729109e+03
3.065689694807580963e+03 1.006063752626846330e+00 1.401414386315086302e-02 2.415416706034900471e+03
3.065698065695366040e+03 1.011343290419439267e+00 1.400654095073907389e-02 2.428187162676084426e+03
3.065706436583151572e+03 1.013418069003605648e+00 1.398778668287583606e-02 2.433263835874253800e+03
3.065714807470937103e+03 1.014476374102573075e+00 1.396549685812195109e-02 2.435900203448713000e+03
3.065723178358722635e+03 1.012531259101100867e+00 1.395505190104771864e-02 2.431324854360083464e+03
3.065731549246508166e+03 1.009404537497292420e+00 1.394926781593312445e-02 2.423911714304509132e+03
3.065739920134293698e+03 1.002885274673220417e+00 1.389952895577805866e-02 2.408351062489494325e+03
3.065748291022079229e+03 9.949482994633048749e-01 1.383142020990014986e-02 2.389384526118982649e+03
3.065756661909864761e+03 9.926694184030343537e-01 1.383855174707992845e-02 2.384005034930473357e+03
3.065765032797650292e+03 9.928993501642588981e-01 1.387904337990291705e-02 2.384650541756244820e+03
3.065773403685435824e+03 9.917657065505034453e-01 1.387493845696093943e-02 2.382021058954145701e+03
3.065781774573221355e+03 9.899018596271718096e-01 1.384695059590667666e-02 2.377637493512508172e+03
3.065790145461006887e+03 9.975521394495148186e-01 1.385504510591547417e-02 2.396106378033397505e+03
3.065798516348792418e+03 1.010581208478640747e+00 1.388353941088348552e-02 2.427496982679524535e+03
3.065806887236577495e+03 9.988640434901951970e-01 1.385076743969617004e-02 2.399445274995399359e+03
3.065815258124363027e+03 9.723886909700129033e-01 1.378145753499438950e-02 2.335938243482974030e+03
3.065823629012148558e+03 9.658351421563841077e-01 1.376720366322456077e-02 2.320285620026752440e+03
3.065831999899934090e+03 9.734240535062592681e-01 1.379203390353796535e-02 2.338608402396535894e+03
3.065840370787719621e+03 9.834694277023666720e-01 1.380841043167779433e-02 2.362834385581223614e+03
3.065848741675505153e+03 9.953495138549049992e-01 1.381847194353488448e-02 2.391470416095341989e+03
3.065857112563290684e+03 1.001386728592261965e+00 1.384365223293372582e-02 2.406069791018390788e+03
3.065865483451076216e+03 1.002833107408549695e+00 1.388071089991172770e-02 2.409639293945485861e+03
3.065873854338861747e+03 1.002159940878562416e+00 1.389782130356791851e-02 2.408115958541639429e+03
3.065882225226647279e+03 9.997356574326689005e-01 1.389845061773664799e-02 2.402384528095262795e+03
3.065890596114432810e+03 1.002260462494481974e+00 1.388889556720269459e-02 2.408545864515777339e+03
3.065898967002218342e+03 1.009616750268245822e+00 1.386939817233246580e-02 2.426318731812871647e+03
3.065907337890003873e+03 1.008353734159416204e+00 1.385511250453594877e-02 2.423378194361405349e+03
3.065915708777788950e+03 9.982478246477436423e-01 1.384617372823503979e-02 2.399184448282455833e+03
3.065924079665574482e+03 9.881307920259492228e-01 1.383796321958463520e-02 2.374962068668330176e+03
3.065932450553360013e+03 9.780017044196116505e-01 1.383053788420151621e-02 2.350708812545353339e+03
3.065940821441145545e+03 9.773242053616676417e-01 1.384790917024160406e-02 2.349172223747790213e+03
3.065949192328931076e+03 9.873576454294430427e-01 1.389338123410443181e-02 2.373382157717180689e+03
3.065957563216716608e+03 9.944594050703857713e-01 1.390560025239372631e-02 2.390546612014480615e+03
3.065965934104502139e+03 9.976303248755081787e-01 1.387323128075551061e-02 2.398262821513219478e+03
3.065974304992287671e+03 1.001611042379412675e+00 1.386654877333679155e-02 2.407926423843862722e+03
3.065982675880073202e+03 1.006734465105527887e+00 1.389610815316951083e-02 2.420338006034034606e+03
3.065991046767858734e+03 1.002094491181742653e+00 1.387218174335580999e-02 2.409276989376794518e+03
3.065999417655644265e+03 9.829524978101212840e-01 1.376881050132428355e-02 2.363347383502343746e+03
3.066007788543429797e+03 9.853168769623368295e-01 1.375747087647473908e-02 2.369124731596104994e+03
3.066016159431215328e+03 1.021327010178821215e+00 1.389010963705946712e-02 2.455804521274073977e+03
3.066024530319000405e+03 1.039430471864112082e+00 1.395693429580303381e-02 2.499432388209399505e+03
3.066032901206785937e+03 1.028010751064755368e+00 1.391524959397507852e-02 2.472068930873362660e+03
3.066041272094571468e+03 1.017478850020721248e+00 1.385220692670082777e-02 2.446838360874593945e+03
3.066049642982357000e+03 1.008490115026976941e+00 1.375202258668423508e-02 2.425316970207025861e+03
3.066058013870142531e+03 1.002327989339916847e+00 1.367260755578388574e-02 2.410591866027972628e+03
3.066066384757928063e+03 1.002075303786455818e+00 1.363661089255963944e-02 2.410078321620499992e+03
3.066074755645713594e+03 1.001745932317235521e+00 1.362087879655996675e-02 2.409380286216744935e+03
3.066083126533499126e+03 1.001246734435571328e+00 1.365001427371936166e-02 2.408273709693314686e+03
3.066091497421284657e+03 9.974031582508211535e-01 1.365104213925497079e-02 2.399122575665392560e+03
3.066099868309070189e+03 9.857074235991858391e-01 1.358608055606304321e-02 2.371082643372301845e+03
3.066108239196855720e+03 9.802941431197002009e-01 1.354179379354495186e-02 2.358153313854431872e+03
3.066116610084641252e+03 9.905418602989076726e-01 1.354904245152180331e-02 2.382897859177784539e+03
3.066124980972426783e+03 9.987591677695347725e-01 1.355147316522083492e-02 2.402759682792097919e+03
3.066133351860211860e+03 1.001594420106865391e+00 1.354113063783170430e-02 2.409674693792838752e+03
3.066141722747997392e+03 9.994912092808726500e-01 1.351265042807132770e-02 2.404708627409219389e+03
3.066150093635782923e+03 9.834384572911578637e-01 1.343293424678465402e-02 2.366179197108777316e+03
3.066158464523568455e+03 9.707730036262138817e-01 1.337074750162080272e-02 2.335796998476241242e+03
3.066166835411353986e+03 9.683191490661666734e-01 1.336140681473603833e-02 2.329983718889042848e+03
3.066175206299139518e+03 9.691729172109648793e-01 1.336943466789419430e-02 2.332129139142807617e+03
3.066183577186925049e+03 9.806969530145275282e-01 1.343349340067503603e-02 2.359951679489923208e+03
3.066191948074710581e+03 9.910845506675657335e-01 1.348063337244748659e-02 2.385041551121095381e+03
3.066200318962496112e+03 9.975421799837015380e-01 1.346924515397278192e-02 2.400675550416456645e+03
3.066208689850281644e+03 1.002460836871282845e+00 1.347349575463817860e-02 2.412606942261852964e+03
3.066217060738067175e+03 1.001653537186709242e+00 1.353594423857143111e-02 2.410758149601319019e+03
3.066225431625852707e+03 9.990856801766574424e-01 1.357217087148941508e-02 2.404671768351109677e+03
3.066233802513638238e+03 9.894480815344866009e-01 1.350311786594090777e-02 2.381568274036245839e+03
3.066242173401423315e+03 9.857050552138346688e-01 1.346281914658908375e-02 2.372651559820593320e+03
3.066250544289208847e+03 1.007592364339849222e+00 1.354754188658966949e-02 2.425430314910415291e+03
3.066258915176994378e+03 1.020575074979983121e+00 1.359811049137525651e-02 2.456777603918409113e+03
3.066267286064779910e+03 9.914546893940328065e-01 1.348719030575507363e-02 2.386770770120035195e+03
3.066275656952565441e+03 9.705052880158483442e-01 1.339913313303384666e-02 2.336429586952934187e+03
3.066284027840350973e+03 9.917709284490109356e-01 1.342918716434946327e-02 2.387718454399865095e+03
3.066292398728136504e+03 1.005287349854840029e+00 1.343930737054754507e-02 2.420354111455670136e+03
3.066300769615922036e+03 9.748035610601595291e-01 1.333623394292492506e-02 2.347052204996226010e+03
3.066309140503707567e+03 9.502281473381699595e-01 1.325498587736139051e-02 2.287970826524738641e+03
3.066317511391493099e+03 9.627619001192374570e-01 1.331082190169653734e-02 2.318240216482717187e+03
3.066325882279278630e+03 9.735376659650781805e-01 1.335626526280183843e-02 2.344278729379949255e+03
3.066334253167064162e+03 9.720013849781355963e-01 1.332891513325126266e-02 2.340670701339860898e+03
3.066342624054849693e+03 9.700965493220454761e-01 1.330284915290784464e-02 2.336174835659592645e+03
3.066350994942634770e+03 9.652827805575838749e-01 1.328690113619082104e-02 2.324673080943631248e+03
3.066359365830420302e+03 9.619132511482767489e-01 1.327640052181968192e-02 2.316648692809284057e+03
3.066367736718205833e+03 9.715296185071112811e-01 1.331488167351760343e-02 2.339899812503014346e+03
3.066376107605991365e+03 9.825112310647475811e-01 1.335877598873035262e-02 2.366441019663577663e+03
3.066384478493776896e+03 1.007710839590779672e+00 1.345904456580687344e-02 2.427230577596831154e+03
3.066392849381562428e+03 1.029713553607826793e+00 1.354428133877802649e-02 2.480324346111878640e+03
3.066401220269347959e+03 1.012443235629508997e+00 1.344484018809686578e-02 2.438819573938367739e+03
3.066409591157133491e+03 9.960574215147256494e-01 1.335361188136919945e-02 2.399442272542022238e+03
3.066417962044919022e+03 9.928482257487811768e-01 1.338479798524934775e-02 2.391804808986515127e+03
3.066426332932704554e+03 9.897706861904300712e-01 1.341413230271890251e-02 2.384483918919149346e+03
3.066434703820490085e+03 9.891689453377867647e-01 1.340862430816293187e-02 2.383127198215575845e+03
3.066443074708275617e+03 9.892887168593991198e-01 1.340709425884779177e-02 2.383508715425839455e+03
3.066451445596061149e+03 1.007677316473448048e+00 1.350628237050313131e-02 2.427907343915007459e+03
3.066459816483846225e+03 1.025122269116367502e+00 1.359810037183146504e-02 2.470035707577844732e+03
3.066468187371631757e+03 1.026296593157714598e+00 1.356278446724800205e-02 2.472961684092615542e+03
3.066476558259417288e+03 1.026919673096984953e+00 1.352600008525179504e-02 2.474559553106145358e+03
3.066484929147202820e+03 1.015073121609491036e+00 1.345593260185409465e-02 2.446108403279762115e+03
3.066493300034988351e+03 1.003508430350736891e+00 1.338763921482982386e-02 2.418334276223614324e+03
3.066501670922773883e+03 1.001055052242178611e+00 1.337670565742117221e-02 2.412515997629279354e+03
3.066510041810559414e+03 9.987610128873276594e-01 1.336619327235532596e-02 2.407081275081619424e+03
3.066518412698344946e+03 1.005402184733929172e+00 1.337927976516910776e-02 2.423181421514446356e+03
3.066526783586130477e+03 1.011984843825138203e+00 1.339227091561163638e-02 2.439141785381013051e+03
3.066535154473916009e+03 1.007220895966463248e+00 1.338680795521497366e-02 2.427754101147339497e+03
3.066543525361701541e+03 1.002457319538802683e+00 1.338134542074927678e-02 2.416366416913666399e+03
3.066551896249487072e+03 9.952920868622358030e-01 1.333821355429527268e-02 2.399188555814058873e+03
3.066560267137272604e+03 9.881335149816233843e-01 1.329483629080436755e-02 2.382025404837251699e+03
3.066568638025057680e+03 9.834811382402250945e-01 1.325454669658341668e-02 2.370902656016870424e+03
3.066577008912843212e+03 9.788291241741625681e-01 1.321426024313178231e-02 2.359779907195885244e+03
3.066585379800628743e+03 1.000373713237110440e+00 1.335303639563653957e-02 2.411814015810649380e+03
3.066593750688414275e+03 1.021995216443672527e+00 1.349233894189257217e-02 2.464037613949585648e+03
3.066602121576199806e+03 1.000336150259580448e+00 1.335184053404353879e-02 2.411911453084593177e+03
3.066610492463985338e+03 9.780016415512845507e-01 1.320697555054499948e-02 2.358152598130463048e+03
3.066618863351770869e+03 9.777792347562292985e-01 1.322724599171288748e-02 2.357708211548159397e+03
3.066627234239556401e+03 9.781895171294464619e-01 1.325223975954978317e-02 2.358789438986171717e+03
3.066635605127341933e+03 9.824499929289484124e-01 1.331562971258251106e-02 2.369155395773847431e+03
3.066643976015127464e+03 9.867532258748897833e-01 1.337944445202411854e-02 2.379625265140566171e+03
3.066652346902912996e+03 9.816805712050861166e-01 1.334002397067992826e-02 2.367484445419631356e+03
3.066660717790698527e+03 9.763828708093986730e-01 1.329812432537426890e-02 2.354799916373528959e+03
3.066669088678484059e+03 9.859881126233316362e-01 1.330990028718328361e-02 2.378058093132600334e+03
3.066677459566269135e+03 9.961474412136674950e-01 1.332367360326821952e-02 2.402654502809192309e+03
3.066685830454054667e+03 9.849998401029060879e-01 1.328598833070202163e-02 2.375859641498012024e+03
3.066694201341840198e+03 9.727716028089494760e-01 1.324569399836609748e-02 2.346456045228349467e+03
3.066702572229625730e+03 9.724376791429790723e-01 1.324467821783699255e-02 2.345741954019366858e+03
3.066710943117411261e+03 9.724913338322157541e-01 1.324494232945201168e-02 2.345962764056464493e+03
3.066719314005196793e+03 9.618959241559708051e-01 1.319968618288345011e-02 2.320493605517029209e+03
3.066727684892982325e+03 9.508115554857879959e-01 1.315233994028475531e-02 2.293842837032908847e+03
3.066736055780767856e+03 9.832595319192865002e-01 1.330298290427697587e-02 2.372216314584378324e+03
3.066744426668553388e+03 1.018306142583094154e+00 1.346544447696881516e-02 2.456865610927045509e+03
3.066752797556338919e+03 9.831049077443294593e-01 1.332213376545180079e-02 2.372028027602240400e+03
3.066761168444124451e+03 9.450074533294859913e-01 1.316621575382838534e-02 2.280195580060099473e+03
3.066769539331909982e+03 9.803582626662287192e-01 1.332458761542234908e-02 2.365585187092369324e+03
3.066777910219695514e+03 1.019738816110881574e+00 1.350020248995128895e-02 2.460705509647509643e+03
3.066786281107480590e+03 1.001892469843844502e+00 1.339645202925015231e-02 2.417735095891992387e+03
3.066794651995266122e+03 9.801046658037280146e-01 1.327346170630993791e-02 2.365249557063204520e+03
3.066803022883051653e+03 9.757078977820135002e-01 1.325750827110096404e-02 2.354730687842235966e+03
3.066811393770837185e+03 9.721826804406784595e-01 1.324691816121478967e-02 2.346314436434657182e+03
3.066819764658622717e+03 9.611251517684342716e-01 1.319568399867546322e-02 2.319717956806357961e+03
3.066828135546408248e+03 9.495866283151167542e-01 1.314185379287484412e-02 2.291958451756899649e+03
3.066836506434193780e+03 9.486754354712377824e-01 1.311894277749558677e-02 2.289848306745747323e+03
3.066844877321979311e+03 9.482461061565297111e-01 1.309743520332100342e-02 2.288901125214625154e+03
3.066853248209764843e+03 9.625087830422459634e-01 1.313578890698677802e-02 2.323419190434916345e+03
3.066861619097550374e+03 9.776383825854116916e-01 1.317767625756191031e-02 2.360032699507708912e+03
3.066869989985335906e+03 1.001555398068486591e+00 1.329976927097973639e-02 2.417862822412988407e+03
3.066878360873121437e+03 1.026113800955526623e+00 1.342772338120323816e-02 2.477245878850311783e+03
3.066886731760906969e+03 1.010832590162691114e+00 1.335715688703703954e-02 2.440448936352459441e+03
3.066895102648692045e+03 9.933917936852701969e-01 1.327582877697100483e-02 2.398435040271599973e+03
3.066903473536477577e+03 9.945466855893607683e-01 1.328248411787894337e-02 2.401316854686251645e+03
3.066911844424263109e+03 9.969699762263480869e-01 1.329514066127513751e-02 2.407261533518928900e+03
3.066920215312048640e+03 1.009950471123840732e+00 1.331102184525173246e-02 2.438698850439591297e+03
3.066928586199834172e+03 1.023451922403527448e+00 1.332706127095338589e-02 2.471396594452990485e+03
3.066936957087619703e+03 1.023439350151346572e+00 1.335732286760161168e-02 2.471462405534485697e+03
3.066945327975405235e+03 1.022571506310090639e+00 1.338848234789005373e-02 2.469462773022929923e+03
3.066953698863190766e+03 9.991275668057453263e-01 1.330492020472408797e-02 2.412940631776490591e+03
3.066962069750976298e+03 9.746766185606399180e-01 1.321623824924883853e-02 2.353982015921067614e+03
3.066970440638761829e+03 1.002419858333153835e+00 1.339556539488105311e-02 2.421080062474295573e+03
3.066978811526547361e+03 1.033209570746102424e+00 1.359053300616176740e-02 2.495541558204205558e+03
3.066987182414332892e+03 1.007345007680570559e+00 1.338013183372265338e-02 2.433164773748157131e+03
3.066995553302118424e+03 9.792178797768951171e-01 1.315354360511912686e-02 2.365317863611242956e+03
3.067003924189903501e+03 9.879716291220819180e-01 1.322700142307694365e-02 2.386555535105810577e+03
3.067012295077689032e+03 9.987004721917690508e-01 1.331652754042432669e-02 2.412566096259365622e+03
3.067020665965474564e+03 9.942254615096386416e-01 1.328882000153787032e-02 2.401849213878455430e+03
3.067029036853260095e+03 9.892140765005893455e-01 1.325697608504979551e-02 2.389835667338799794e+03
3.067037407741045627e+03 9.962379136431867011e-01 1.328323246818787808e-02 2.406898122557724946e+03
3.067045778628831158e+03 1.003848292637498529e+00 1.331232096114114485e-02 2.425379030568796225e+03
3.067054149516616690e+03 1.001677167984710515e+00 1.334433827051545278e-02 2.420227542204250767e+03
3.067062520404402221e+03 9.992061774018357045e-01 1.337644300205887565e-02 2.414351089004596361e+03
3.067070891292187753e+03 9.782804296129532506e-01 1.322917545209111555e-02 2.363880776244072877e+03
3.067079262179973284e+03 9.565436775911951850e-01 1.307402111816981932e-02 2.311446773852144361e+03
3.067087633067758816e+03 9.718114882046677838e-01 1.311399699784243644e-02 2.348432102192118236e+03
3.067096003955544347e+03 9.880434650269181995e-01 1.315906013016656870e-02 2.387750347384995166e+03
3.067104374843329879e+03 9.999562339720720061e-01 1.320772342110475284e-02 2.416633244942381680e+03
3.067112745731114956e+03 1.011698265008547759e+00 1.325652464894902863e-02 2.445105736318791969e+03
3.067121116618900487e+03 9.881781374820309827e-01 1.317483104276720267e-02 2.388354373048109210e+03
3.067129487506686019e+03 9.639002295417129496e-01 1.309033270825522670e-02 2.329767018406241277e+03
3.067137858394471550e+03 9.845802962409868631e-01 1.317373192196416055e-02 2.379843690853190310e+03
3.067146229282257082e+03 1.005454590429213146e+00 1.325785600932485701e-02 2.430393738217990631e+03
3.067154600170042613e+03 1.006386958333220338e+00 1.322815187315042572e-02 2.432742033923387680e+03
3.067162971057828145e+03 1.006979547763280358e+00 1.319651096305013080e-02 2.434269125461578369e+03
3.072155887613278082e+03 1.020126419051482047e+00 1.145573331646683457e-02 2.793252827644348145e+03
3.072163696603602148e+03 1.006511776270955005e+00 1.140821671738310485e-02 2.756066014746465044e+03
3.072171505593926213e+03 9.928980427620082150e-01 1.136070329175709048e-02 2.718879201848581488e+03
3.072179314584249823e+03 9.845607494824671901e-01 1.132573604210791729e-02 2.696138998779208578e+03
3.072187123574573889e+03 9.763993145742748681e-01 1.129118792138339433e-02 2.673878860794903630e+03
3.072194932564897954e+03 9.822821199376463586e-01 1.132557500619825984e-02 2.690078800745959597e+03
3.072202741555222019e+03 9.891299341150643354e-01 1.136469842889249043e-02 2.708922678909925708e+03
3.072210550545546084e+03 9.967034137885851797e-01 1.141519312753761124e-02 2.729755250389142475e+03
3.072218359535870150e+03 1.004353926424920385e+00 1.146689900965401285e-02 2.750800190608135381e+03
3.072226168526193760e+03 9.928294270349554695e-01 1.140601352181867985e-02 2.719326809213604975e+03
3.072233977516517825e+03 9.792370554946667749e-01 1.133298554843403284e-02 2.682187297993554694e+03
3.072241786506841891e+03 9.847035938283005274e-01 1.136465867927382092e-02 2.697250507331395056e+03
3.072249595497165956e+03 9.930059382037688120e-01 1.141191036350612704e-02 2.720082672849891424e+03
3.072257404487490021e+03 9.957385891508780951e-01 1.140162086361930574e-02 2.727659114301428417e+03
3.072265213477813631e+03 9.973968181124838184e-01 1.138023345434574507e-02 2.732292758158997003e+03
3.072273022468137697e+03 9.843134061292377890e-01 1.135208602610880517e-02 2.696541752617197290e+03
3.072280831458461762e+03 9.676857969196510645e-01 1.132231447157143814e-02 2.651078647312143858e+03
3.072288640448785827e+03 9.807935595306852550e-01 1.134069373354762260e-02 2.687078448764199948e+03
3.072296449439109892e+03 1.002583665243063749e+00 1.137313254425619327e-02 2.746868441968660136e+03
3.072304258429433503e+03 1.004870784739470002e+00 1.142071380023308366e-02 2.753226555245661984e+03
3.072312067419757568e+03 1.001433518534330380e+00 1.147273723781820805e-02 2.743900426679293105e+03
3.072319876410081633e+03 1.001354485093873592e+00 1.148012559885780610e-02 2.743775442421809203e+03
3.072327685400405699e+03 1.002449668055185539e+00 1.147190689319190458e-02 2.746867979251175711e+03
3.072335494390729764e+03 9.897204209795230634e-01 1.141520238634806915e-02 2.712078364137486915e+03
3.072343303381053829e+03 9.713113301257648713e-01 1.133857769319625980e-02 2.661721727107356855e+03
3.072351112371377440e+03 9.765241409543924389e-01 1.134543488347443917e-02 2.676095887429299637e+03
3.072358921361701505e+03 9.930269402874881690e-01 1.139219229150452255e-02 2.721411454755260365e+03
3.072366730352025570e+03 1.003625320107441876e+00 1.143758435094635942e-02 2.750548312967745915e+03
3.072374539342349635e+03 1.011389703583849498e+00 1.148231958186647118e-02 2.771919963883879518e+03
3.072382348332673700e+03 1.012003712968338132e+00 1.150579203717980864e-02 2.773695320941341834e+03
3.072390157322997311e+03 1.008657305179539998e+00 1.151748691729973136e-02 2.764615734192637774e+03
3.072397966313321376e+03 1.007461235527349119e+00 1.150175019324508816e-02 2.761429566000982504e+03
3.072405775303645441e+03 1.007631972384530616e+00 1.146857803686512044e-02 2.761989691280006355e+03
3.072413584293969507e+03 1.000238597908437388e+00 1.143507682396730646e-02 2.741815398054019170e+03
3.072421393284293572e+03 9.880193850937935007e-01 1.140136647696528283e-02 2.708410909830370656e+03
3.072429202274617182e+03 9.791566296805959135e-01 1.135395497919606395e-02 2.684205392106425734e+03
3.072437011264941248e+03 9.727412425109724925e-01 1.129655476760658625e-02 2.666707556179367202e+03
3.072444820255265313e+03 9.737182429608898238e-01 1.128052863604644268e-02 2.669474978189278772e+03
3.072452629245589378e+03 9.808377303053219531e-01 1.129888132072818206e-02 2.689082935008187633e+03
3.072460438235913443e+03 9.849472090642034106e-01 1.132227349770682269e-02 2.700439623186607605e+03
3.072468247226237509e+03 9.865464885328941724e-01 1.134986802853799048e-02 2.704914594858604232e+03
3.072476056216561119e+03 9.880852582352231961e-01 1.138215674752476002e-02 2.709223947712768677e+03
3.072483865206885184e+03 9.895666059129241132e-01 1.141889959972581560e-02 2.713376131689291014e+03
3.072491674197209250e+03 9.873994035831655802e-01 1.142479631681845090e-02 2.707523985985021682e+03
3.072499483187533315e+03 9.812946464037841654e-01 1.139740367753333712e-02 2.690874010111057487e+03
3.072507292177857380e+03 9.841799758212764759e-01 1.141857210419523587e-02 2.698876060597020569e+03
3.072515101168180990e+03 9.968024403005225631e-01 1.149233690256804517e-02 2.733581272072412048e+03
3.072522910158505056e+03 9.985113569764936248e-01 1.150599873007706643e-02 2.738359025116418707e+03
3.072530719148829121e+03 9.867674358812641433e-01 1.144557330282245863e-02 2.706242239390136092e+03
3.072538528139153186e+03 9.831874084239895506e-01 1.143103952250739720e-02 2.696513799992572785e+03
3.072546337129477251e+03 9.897073564569559556e-01 1.147328076303149626e-02 2.714486068889525086e+03
3.072554146119800862e+03 9.946774472911233955e-01 1.151570536048758531e-02 2.728208570522522677e+03
3.072561955110124927e+03 9.974614373182814075e-01 1.155838976408822029e-02 2.735935727931876954e+03
3.072569764100448992e+03 9.934137242708807047e-01 1.155407935491090630e-02 2.724924099972495242e+03
3.072577573090773058e+03 9.783448844070374850e-01 1.147395633926594390e-02 2.683679881232943899e+03
3.072585382081097123e+03 9.776517000601944174e-01 1.147267415551369955e-02 2.681867817775376807e+03
3.072593191071421188e+03 1.000237735844079934e+00 1.159906298993628945e-02 2.743916686038407988e+03
3.072601000061744799e+03 1.008798827219863359e+00 1.164520212649226318e-02 2.767494270134951876e+03
3.072608809052068864e+03 9.912695407479343856e-01 1.154205388130478439e-02 2.719495840728732674e+03
3.072616618042392929e+03 9.840895756698693209e-01 1.151605861798720050e-02 2.699887970708046396e+03
3.072624427032716994e+03 9.962384272768599613e-01 1.163415901748373997e-02 2.733309914312896581e+03
3.072632236023041060e+03 1.003915542653678772e+00 1.170580883775411592e-02 2.754464879909534829e+03
3.072640045013364670e+03 1.001938563078298872e+00 1.167717521619749885e-02 2.749132216722325666e+03
3.072647854003688735e+03 9.994289785620571465e-01 1.164345339127830468e-02 2.742337774830850321e+03
3.072655662994012800e+03 9.957644953257103193e-01 1.159869756481345798e-02 2.732373836459979429e+03
3.072663471984336866e+03 9.895751708018994952e-01 1.156371977406065073e-02 2.715480842537750959e+03
3.072671280974660931e+03 9.770038014696267314e-01 1.155345193611821350e-02 2.681073243819108029e+03
3.072679089964984541e+03 9.678159398580841177e-01 1.153125418882421267e-02 2.655948605994366062e+03
3.072686898955308607e+03 9.672166971332767371e-01 1.147876823286145785e-02 2.654392565541512795e+03
3.072694707945632672e+03 9.722349064368772664e-01 1.146843868166864087e-02 2.668253249980818964e+03
3.072702516935956737e+03 9.940675448948165238e-01 1.158428734607061701e-02 2.728262804458970550e+03
3.072710325926280802e+03 1.007961001598496331e+00 1.166668461959727982e-02 2.766486186631995224e+03
3.072718134916604868e+03 9.979792822449121692e-01 1.164848808740371645e-02 2.739181255587613578e+03
3.072725943906928478e+03 9.891893083675808995e-01 1.163087515178620919e-02 2.715145624705705814e+03
3.072733752897252543e+03 9.846886504200086376e-01 1.161536038378116129e-02 2.702882174443047461e+03
3.072741561887576609e+03 9.810471433177080369e-01 1.160663250848657443e-02 2.692976271790038481e+03
3.072749370877900674e+03 9.805147327597210083e-01 1.162246854964739742e-02 2.691604463387866417e+03
3.072757179868224739e+03 9.816478893358947522e-01 1.163615231117782860e-02 2.694804847167247317e+03
3.072764988858548350e+03 9.901525951445216966e-01 1.164031386467215615e-02 2.718242377019063952e+03
3.072772797848872415e+03 9.946550134121806552e-01 1.162656951508615928e-02 2.730693711434314537e+03
3.072780606839196480e+03 9.813392954236991317e-01 1.153310050521902212e-02 2.694226904825268321e+03
3.072788415829520545e+03 9.711041634732919814e-01 1.145945288874040957e-02 2.666215567685163933e+03
3.072796224819844610e+03 9.781532252007758554e-01 1.149701444606613700e-02 2.685658566621598311e+03
3.072804033810168676e+03 9.861334227496967308e-01 1.153633304239970632e-02 2.707659505462431298e+03
3.072811842800492286e+03 9.993781057686486058e-01 1.158559315839817472e-02 2.744117258882754413e+03
3.072819651790816351e+03 1.010296531008263443e+00 1.161858045079166256e-02 2.774189725342223937e+03
3.072827460781140417e+03 1.007979348485827709e+00 1.155896740826326853e-02 2.767919107046235695e+03
3.072835269771464482e+03 1.004487095505107952e+00 1.150512409389267514e-02 2.758421204937407310e+03
3.072843078761788547e+03 9.921497045762464051e-01 1.149468054580829110e-02 2.724632229140382151e+03
3.072850887752112158e+03 9.808179321348041713e-01 1.148318312199480759e-02 2.693602709077577856e+03
3.072858696742436223e+03 9.771156259795026333e-01 1.146367985114890575e-02 2.683524480806807333e+03
3.072866505732760288e+03 9.741541706152176960e-01 1.144695722205116978e-02 2.675480296187133717e+03
3.072874314723084353e+03 9.768652533684980543e-01 1.145152289342574702e-02 2.683015515852766384e+03
3.072882123713408419e+03 9.787104977280449702e-01 1.144837411566565141e-02 2.688173078171409088e+03
3.072889932703732029e+03 9.710321454760867388e-01 1.136035892706301412e-02 2.667172141005721187e+03
3.072897741694056094e+03 9.636938326766349983e-01 1.128349398994120227e-02 2.647103830418574944e+03
3.072905550684380160e+03 9.601356760393461309e-01 1.133069482679406950e-02 2.637417972540295978e+03
3.072913359674704225e+03 9.573920794398652623e-01 1.137267544445248052e-02 2.629969071445995269e+03
3.072921168665028290e+03 9.638225695805250348e-01 1.135587934944562970e-02 2.647721848612256963e+03
3.072928977655352355e+03 9.700480997013866125e-01 1.134102552374625927e-02 2.664912736356572168e+03
3.072936786645675966e+03 9.723345572151546046e-01 1.136355330848629920e-02 2.671282996001451011e+03
3.072944595636000031e+03 9.744629225539630513e-01 1.138706774215447054e-02 2.677219334619107940e+03
3.072952404626324096e+03 9.734904587521003849e-01 1.142998000418816822e-02 2.674636624909099282e+03
3.072960213616648161e+03 9.728885756831137099e-01 1.147250904540440472e-02 2.673071930987171982e+03
3.072968022606972227e+03 9.797049618791930925e-01 1.150741984655347452e-02 2.691889961974083690e+03
3.072975831597295837e+03 9.863745316277152675e-01 1.154153936483453408e-02 2.710305825379870839e+03
3.072983640587619902e+03 9.836909616522842015e-01 1.152524149314447695e-02 2.703022009051767327e+03
3.072991449577943968e+03 9.811714968717176744e-01 1.150944360298758809e-02 2.696188651208760348e+03
3.072999258568268033e+03 9.897853180328957112e-01 1.152752947708560009e-02 2.719949319064623069e+03
3.073007067558592098e+03 9.982988595089876682e-01 1.154530137765325502e-02 2.743435982543192495e+03
3.073014876548915709e+03 9.995871922205863402e-01 1.154040905848461272e-02 2.747067867319749894e+03
3.073022685539239774e+03 1.000877159247459458e+00 1.153606119716518545e-02 2.750704479288592665e+03
3.073030494529563839e+03 1.002300592516458755e+00 1.157396249175334305e-02 2.754708143818562348e+03
3.073038303519887904e+03 1.003723931070694242e+00 1.161186126440229283e-02 2.758711808348532486e+03
3.073046112510211969e+03 9.995945245646065125e-01 1.157786936187310371e-02 2.747453635175477757e+03
3.073053921500536035e+03 9.953552752609923227e-01 1.154245406897639464e-02 2.735892786350621918e+03
3.073061730490859645e+03 1.003512064566008943e+00 1.162131989197920379e-02 2.758404785696553517e+03
3.073069539481183710e+03 1.011925719471500118e+00 1.170255356223659678e-02 2.781624359841093337e+03
3.073077348471507776e+03 9.960606183716419482e-01 1.165776982609527390e-02 2.738104777812668544e+03
3.073085157461831841e+03 9.796696906786057646e-01 1.161025437429907825e-02 2.693136783713790010e+03
3.073092966452155906e+03 9.872739122887992380e-01 1.162033691638214052e-02 2.714131259109055463e+03
3.073100775442479517e+03 9.954208439906775396e-01 1.163172271183923571e-02 2.736619148219977433e+03
3.073108584432803582e+03 9.951498932936810871e-01 1.167595967511870191e-02 2.735965246191187362e+03
3.073116393423127647e+03 9.943956653064688345e-01 1.172207994265968278e-02 2.733982576337297814e+03
3.073124202413451712e+03 1.005280616448218423e+00 1.174874097319700966e-02 2.764001488174709266e+03
3.073132011403775778e+03 1.016844814426926202e+00 1.177426357942714177e-02 2.795890030101355478e+03
3.073139820394099388e+03 1.007811452654839846e+00 1.170439604622615197e-02 2.771144289379114070e+03
3.073147629384423453e+03 9.975546758912443579e-01 1.162886446312150560e-02 2.743032802858513605e+03
3.073155438374747519e+03 1.005546340484868795e+00 1.172614776245163755e-02 2.765099885829100003e+03
3.073163247365071584e+03 1.014640291662876725e+00 1.183386849541481246e-02 2.790199652011634043e+03
3.073171056355395649e+03 9.939100935739679787e-01 1.171123581154014104e-02 2.733283741109624316e+03
3.073178865345719714e+03 9.713487354624861236e-01 1.157445741864321191e-02 2.671328124423303507e+03
3.073186674336043325e+03 9.804316749175386869e-01 1.159984590227907710e-02 2.696396973624924613e+03
3.073194483326367390e+03 9.914903622541103578e-01 1.163536077924911746e-02 2.726901394199601782e+03
3.073202292316691455e+03 9.911012751356554906e-01 1.159899591617491107e-02 2.725921913397119624e+03
3.073210101307015520e+03 9.899856442466471451e-01 1.155807125013647019e-02 2.722944011238593248e+03
3.073217910297339586e+03 9.898243767483075883e-01 1.159476612792672938e-02 2.722590957735444590e+03
3.073225719287663196e+03 9.897596302832175619e-01 1.163930820278377340e-02 2.722503372371696969e+03
3.073233528277987261e+03 1.000281224685008352e+00 1.164440663537308525e-02 2.751536286799890149e+03
3.073241337268311327e+03 1.011884281252350526e+00 1.164547300446981334e-02 2.783546070127278654e+03
3.073249146258635392e+03 1.013639575096621392e+00 1.167394373765065843e-02 2.788467316046895576e+03
3.073256955248959457e+03 1.014377420730714796e+00 1.170524383844746309e-02 2.790589845278635948e+03
3.073264764239283522e+03 1.007625673015861478e+00 1.160061891930328458e-02 2.772107675959884091e+03
3.073272573229607133e+03 1.000092409024887941e+00 1.148180957173917764e-02 2.751474148723506914e+03
3.073280382219931198e+03 1.001096134487434730e+00 1.150758187894385109e-02 2.754327159783328170e+03
3.073288191210255263e+03 1.003000421444689261e+00 1.154860548975189527e-02 2.759658161819765610e+03
3.073296000200579329e+03 1.017004449552564749e+00 1.158774870966876661e-02 2.798281880140978956e+03
3.073303809190903394e+03 1.032297408809355721e+00 1.162668916646361281e-02 2.840454764044105559e+03
3.073311618181227004e+03 1.016465817328563448e+00 1.155237881272775692e-02 2.796985730694640097e+03
3.073319427171551069e+03 9.972832274686683762e-01 1.146587639708766468e-02 2.744292630039196411e+03
3.073327236161875135e+03 9.872676953197870864e-01 1.141564917517746795e-02 2.716822480658276163e+03
3.073335045152199200e+03 9.782501009070529996e-01 1.136937154514163460e-02 2.692096775801786862e+03
3.073342854142523265e+03 9.903836647315317210e-01 1.148344800497543006e-02 2.725578316284052107e+03
3.073350663132846876e+03 1.004841045348267459e+00 1.161514080004163833e-02 2.765457531743444179e+03
3.073358472123170941e+03 9.910933159569018658e-01 1.156873095889190961e-02 2.727712560709829177e+03
3.073366281113495006e+03 9.742154138344558678e-01 1.150255309251518865e-02 2.681349847184545069e+03
3.073374090103819071e+03 9.817465034518084721e-01 1.150949021920264458e-02 2.702167566954180529e+03
3.073381899094143137e+03 9.920138017291093568e-01 1.152462434040522725e-02 2.730518078612783029e+03
3.073389708084467202e+03 9.912882454880945771e-01 1.153401270084467196e-02 2.728611629729336983e+03
3.073397517074790812e+03 9.893180365526037523e-01 1.154274992899694680e-02 2.723278913875101807e+03
3.073405326065114878e+03 1.003570453296598997e+00 1.165450028154665051e-02 2.762603066604117430e+03
3.073413135055438943e+03 1.019676942665807440e+00 1.177802268239736341e-02 2.807033839077100311e+03
3.073420944045763008e+03 1.005681917724482899e+00 1.167527604413141039e-02 2.768599373681764064e+03
3.073428753036087073e+03 9.882122984098429264e-01 1.154641120267059680e-02 2.720596621183367006e+03
3.073436562026410684e+03 9.734861582350635700e-01 1.144013707090082814e-02 2.680143856445450638e+03
3.073444371016734749e+03 9.590807014121697227e-01 1.133650267196650158e-02 2.640571314095965590e+03
3.073452180007058814e+03 9.640291337892094026e-01 1.136679411816990219e-02 2.654283646715507075e+03
3.073459988997382879e+03 9.712551194331759952e-01 1.141284610345826012e-02 2.674267932515534540e+03
3.073467797987706945e+03 9.890261311017523038e-01 1.151537702709885466e-02 2.723289331671440777e+03
3.073475606978030555e+03 1.008049027025020195e+00 1.162461258643037593e-02 2.775761166049566327e+03
3.073483415968354620e+03 1.000175715527936493e+00 1.157438635091058779e-02 2.754172693507453914e+03
3.073491224958678686e+03 9.890769023655830994e-01 1.150503702115832430e-02 2.723700458229524429e+03
3.073499033949002751e+03 9.936898368218378685e-01 1.152090561945611630e-02 2.736494330457269825e+03
3.073506842939326816e+03 1.000204690835951871e+00 1.154709044991270896e-02 2.754526862690709549e+03
3.073514651929650881e+03 1.000913936542328742e+00 1.153935276783168810e-02 2.756571624153035827e+03
3.073522460919974492e+03 1.000913713030148200e+00 1.152747030773259088e-02 2.756662533489328780e+03
3.073530269910298557e+03 9.951618553264532929e-01 1.152242485613426751e-02 2.740912076347844504e+03
3.073538078900622622e+03 9.889201997130074862e-01 1.151796235254632338e-02 2.723811502744747486e+03
3.073545887890946688e+03 9.872288693884041511e-01 1.151596627850431757e-02 2.719243296263844059e+03
3.073553696881270753e+03 9.859302289440829981e-01 1.151418312107863919e-02 2.715756449376772252e+03
3.073561505871594363e+03 9.916912843777088149e-01 1.155285071703607627e-02 2.731716026137540666e+03
3.073569314861918429e+03 9.980685618508072787e-01 1.159504880864709389e-02 2.749374160071041842e+03
3.073577123852242494e+03 9.947055228590760967e-01 1.161502126679669553e-02 2.740200971659335664e+03
3.073584932842566559e+03 9.904816543054393296e-01 1.163302779515459386e-02 2.728655688158451085e+03
3.073592741832890624e+03 1.000384103170523842e+00 1.163965141450021799e-02 2.756027198849919841e+03
3.073600550823214235e+03 1.011549737097757307e+00 1.164525628363386606e-02 2.786880671731032180e+03
3.073608359813538300e+03 9.994812562300863235e-01 1.156765834751801759e-02 2.753722671341901787e+03
3.073616168803862365e+03 9.853101352442898975e-01 1.148253280220981436e-02 2.714769178674354862e+03
3.073623977794186430e+03 9.953371777149624400e-01 1.156195446515516020e-02 2.742487135542141004e+03
3.073631786784510496e+03 1.006708437000324974e+00 1.165051608117207912e-02 2.773910816430039176e+03
3.073639595774834561e+03 1.001359239424120640e+00 1.164638714847115487e-02 2.759263062849189282e+03
3.073647404765158171e+03 9.950643790413966627e-01 1.163701429648245772e-02 2.742008453961274881e+03
3.073655213755482237e+03 9.959151369119201291e-01 1.162680002910649116e-02 2.744443877912254266e+03
3.073663022745806302e+03 9.971772869360677749e-01 1.161653795176975645e-02 2.748013168649174986e+03
3.073670831736130367e+03 1.014938120739034444e+00 1.170358513923216992e-02 2.797051139289678758e+03
3.073678640726454432e+03 1.033664417515605116e+00 1.179632773506384888e-02 2.848753149764253521e+03
3.073686449716778043e+03 1.016703831061248176e+00 1.171894390987863847e-02 2.802103168632724646e+03
3.073694258707102108e+03 9.976176691555317388e-01 1.163142683011948730e-02 2.749591664462493554e+03
3.073702067697426173e+03 9.962777583479438537e-01 1.163791527532131477e-02 2.745989759896890519e+03
3.073709876687750238e+03 9.954093400840053896e-01 1.164690043555202843e-02 2.743687204338060837e+03
3.073717685678074304e+03 9.989000151048661458e-01 1.168649670728935663e-02 2.753400034478693215e+03
3.073725494668397914e+03 1.002510384987693959e+00 1.172693254595135598e-02 2.763443444704366811e+03
3.073733303658721979e+03 1.006120767017908646e+00 1.173152871212632467e-02 2.773487548689905452e+03
3.073741112649046045e+03 1.009730916694413949e+00 1.173510463135595330e-02 2.783531672420901032e+03
3.073748921639370110e+03 9.926636201939367243e-01 1.167527098596615916e-02 2.736572917562432394e+03
3.073756730629694175e+03 9.750176179139447008e-01 1.161363543380476530e-02 2.688015613633854173e+03
3.073764539620018240e+03 9.731066419891555297e-01 1.158483538976457471e-02 2.682836246787205710e+03
3.073772348610341851e+03 9.712108000356468596e-01 1.155610438915486565e-02 2.677698255906966551e+03
3.073780157600665916e+03 9.860200574950727104e-01 1.160210309680659822e-02 2.718618610327674560e+03
3.073787966590989981e+03 1.000828332688822764e+00 1.164809875346460057e-02 2.759538964748382568e+03
3.228711767144194710e+03 9.944137825502127326e-01 6.603003706160370280e-03 5.683128926642589249e+03
3.228721168575183128e+03 9.945008993145761922e-01 6.600703599198333611e-03 5.683677466958944024e+03
3.228730570006172002e+03 9.950740106070823376e-01 6.593857844960851131e-03 5.686990690481851743e+03
3.228739971437160420e+03 9.951623842595257452e-01 6.590257895571785540e-03 5.687520732491438139e+03
3.228749372868148839e+03 9.948813355649641643e-01 6.589138685276778491e-03 5.685926600803828478e+03
3.228758774299137258e+03 9.962511322076348375e-01 6.583812593036753903e-03 5.693754486169606935e+03
3.228768175730125677e+03 9.990184894610516508e-01 6.574928227653201694e-03 5.709556767426811348e+03
3.228777577161114550e+03 1.000832924832008031e+00 6.569859060873463330e-03 5.719899944213614617e+03
3.228786978592102969e+03 1.001753922005266695e+00 6.568368443833354393e-03 5.725123977441116949e+03
3.228796380023091388e+03 1.003192463009612956e+00 6.573631720660970922e-03 5.733292766921746079e+03
3.228805781454079806e+03 1.005115651856025138e+00 6.585218556772434034e-03 5.744218175450750095e+03
3.228815182885068680e+03 1.006059329131225200e+00 6.580239026272692235e-03 5.749532502898643543e+03
3.228824584316057098e+03 1.005987308748757192e+00 6.558081862546446920e-03 5.749029146045715606e+03
3.228833985747045517e+03 1.004391506034352011e+00 6.542928716369275470e-03 5.739804829759443237e+03
3.228843387178033936e+03 1.001045077912485315e+00 6.535818468931367357e-03 5.720563776466109630e+03
3.228852788609022809e+03 1.001407630059164555e+00 6.537979114927257134e-03 5.722505437677712507e+03
3.228862190040011228e+03 1.006492603695966270e+00 6.551941332143785927e-03 5.751419479006030087e+03
3.228871591470999647e+03 1.006699294279168599e+00 6.544283825007103997e-03 5.752443689492200065e+03
3.228880992901988066e+03 1.000704082613627088e+00 6.509139318392446680e-03 5.718017189610629430e+03
3.228890394332976939e+03 9.961013533351587013e-01 6.488351851792244218e-03 5.691536240730381905e+03
3.228899795763965358e+03 9.934626619307228568e-01 6.487817435482800751e-03 5.676265911893829980e+03
3.228909197194953776e+03 9.900145976468485154e-01 6.478314785723921464e-03 5.656359525366136950e+03
3.228918598625942195e+03 9.852952342521968943e-01 6.454730406207024283e-03 5.629178646545426091e+03
3.228928000056930614e+03 9.831674417479667749e-01 6.445930066762530289e-03 5.616792707040341156e+03
3.228937401487919487e+03 9.850980756852100173e-01 6.460280488938712103e-03 5.627579695319112034e+03
3.228946802918907906e+03 9.888219676653849932e-01 6.475533955723590876e-03 5.648596874528944682e+03
3.228956204349896325e+03 9.956758912656932248e-01 6.492352773407555726e-03 5.687478595191227214e+03
3.228965605780884744e+03 9.992893671837957958e-01 6.507193917173110555e-03 5.707834536052753720e+03
3.228975007211873617e+03 9.972519384440066137e-01 6.518575539817185287e-03 5.695899772959105576e+03
3.228984408642862036e+03 9.966472716867763593e-01 6.516801333042759187e-03 5.692136273529223217e+03
3.228993810073850455e+03 9.988343456310636581e-01 6.489359960652905414e-03 5.704303798940936758e+03
3.229003211504838873e+03 9.987404015751213393e-01 6.471295222533381651e-03 5.703430934320740562e+03
3.229012612935827747e+03 9.936476231288359218e-01 6.473753190223973351e-03 5.674000510747752742e+03
3.229022014366816165e+03 9.900136839541354705e-01 6.463061165625186288e-03 5.652890716379715741e+03
3.229031415797804584e+03 9.895665757767715398e-01 6.423607735361012115e-03 5.649966136296087825e+03
3.229040817228793003e+03 9.908441700692579568e-01 6.409874709676841899e-03 5.656875689704632350e+03
3.229050218659781876e+03 9.963750851729258340e-01 6.459605158973896755e-03 5.688052557604148205e+03
3.229059620090770295e+03 9.994796385085708001e-01 6.481146431909033841e-03 5.705361558211085139e+03
3.229069021521758714e+03 9.966040627389503026e-01 6.433231170505389514e-03 5.688521021727095103e+03
3.229078422952747133e+03 9.932432911374499129e-01 6.392048428795022059e-03 5.668900861403575618e+03
3.229087824383736006e+03 9.885212873356601371e-01 6.369694871878255754e-03 5.641502298672145116e+03
3.229097225814724425e+03 9.847688746139140470e-01 6.348962415416217579e-03 5.619628315841446238e+03
3.229106627245712843e+03 9.837214289991008664e-01 6.332737436818115274e-03 5.613179873839521861e+03
3.229116028676701262e+03 9.831546334310315993e-01 6.321415629673419675e-03 5.609462119751041428e+03
3.229125430107689681e+03 9.841210448251208609e-01 6.325754735870742218e-03 5.614479277002066738e+03
3.229134831538678554e+03 9.845891377891670126e-01 6.321120922430693845e-03 5.616640043813942611e+03
3.229144232969666973e+03 9.834614869963226313e-01 6.287815127777167737e-03 5.609685438370152951e+03
3.229153634400655392e+03 9.836353657618449597e-01 6.267323279162760608e-03 5.610142579031931746e+03
3.229163035831643811e+03 9.886118618497126143e-01 6.294146464512043876e-03 5.637975765078471341e+03
3.229172437262632684e+03 9.929484735762547087e-01 6.314389579324577138e-03 5.662141725358779695e+03
3.229181838693621103e+03 9.949186717979889849e-01 6.310334646020772376e-03 5.672797113288848777e+03
3.229191240124609521e+03 9.969750893125693958e-01 6.311885357013738602e-03 5.683928873976608884e+03
3.229200641555597940e+03 9.993952568258126501e-01 6.337614902401685589e-03 5.697118855892525971e+03
3.229210042986586814e+03 1.000552851936318932e+00 6.354104404936966946e-03 5.703096353074409308e+03
3.229219444417575232e+03 9.962606175007241438e-01 6.330711390877019271e-03 5.677999192117503299e+03
3.229228845848563651e+03 9.931197935756741479e-01 6.308619870904759452e-03 5.659456155522894733e+03
3.229238247279552070e+03 9.958938971025000919e-01 6.293182525902400216e-03 5.674607670167942160e+03
3.229247648710540943e+03 9.982395360777396309e-01 6.285509442754484873e-03 5.687301512265748897e+03
3.229257050141529362e+03 9.983770433601600880e-01 6.317589054964070812e-03 5.687400322464373858e+03
3.229266451572517781e+03 9.979765196754041279e-01 6.343950136936810091e-03 5.684421443312501651e+03
3.229275853003506199e+03 9.941950498256703073e-01 6.334388718542218605e-03 5.662174946455797908e+03
3.229285254434495073e+03 9.914866879097455898e-01 6.328766997694916692e-03 5.646031855988024290e+03
3.229294655865483492e+03 9.954664518145732721e-01 6.347661776116453325e-03 5.667960585026705303e+03
3.229304057296471910e+03 9.987607242469754842e-01 6.362562898322018760e-03 5.685968008753463437e+03
3.229313458727460329e+03 9.977765068077479871e-01 6.352536975347315706e-03 5.679603261578369711e+03
3.229322860158448748e+03 9.968701382376184972e-01 6.345756327490608556e-03 5.673670209837996481e+03
3.229332261589437621e+03 9.965609185988665297e-01 6.364359611147912647e-03 5.671123885481219986e+03
3.229341663020426040e+03 9.963875991000616938e-01 6.378078302266955088e-03 5.669338430744437574e+03
3.229351064451414459e+03 9.972612383656763724e-01 6.353499696102641973e-03 5.673496608599749379e+03
3.229360465882402877e+03 9.979156565343823004e-01 6.330653410669807510e-03 5.676393478188892004e+03
3.229369867313391751e+03 9.962726896035948299e-01 6.325706070128301120e-03 5.666210190109408359e+03
3.241501256236790141e+03 9.976432392346539224e-01 4.084523555850779093e-03 5.253599299272011194e+03
3.241509611795180717e+03 9.980569580485995074e-01 4.095094736805244065e-03 5.253466790844056959e+03
3.241517967353571748e+03 9.989264696473144634e-01 4.099053154041121944e-03 5.255588454719301808e+03
3.241526322911962325e+03 1.000337414506852651e+00 4.095027052993475275e-03 5.260418378948266763e+03
3.241534678470352901e+03 1.002651046939178281e+00 4.096472275691750986e-03 5.269857989756197640e+03
3.241543034028743932e+03 1.006115291497728492e+00 4.104910500648252698e-03 5.285208916276077616e+03
3.241551389587134508e+03 1.006047077486814212e+00 4.103902006079585170e-03 5.281880913565551964e+03
3.241559745145525085e+03 1.001123746889894583e+00 4.089896748189880693e-03 5.252972681871124223e+03
3.241568100703916116e+03 9.994769085920227614e-01 4.102505448985516515e-03 5.241179216203449869e+03
3.241576456262306692e+03 1.002624582444094914e+00 4.154086192150436598e-03 5.254432922168921323e+03
3.241584811820697269e+03 1.003762991182664432e+00 4.175003964763415037e-03 5.257060059237937821e+03
3.241593167379088300e+03 1.001739261084879873e+00 4.147777793088639094e-03 5.243053799066925421e+03
3.241601522937478876e+03 1.000902090649844922e+00 4.127687418081238575e-03 5.235200090836327945e+03
3.241609878495869452e+03 1.002047875383779374e+00 4.119554139997922207e-03 5.237656952102575815e+03
3.241618234054260483e+03 1.001095171295442343e+00 4.110955501668007821e-03 5.229091789620246345e+03
3.241626589612651060e+03 9.963566637976820628e-01 4.101489354979030375e-03 5.200727399941626572e+03
3.241634945171041636e+03 9.933293980930107958e-01 4.094411072517602224e-03 5.181286017410486238e+03
3.241643300729432667e+03 9.936044922398984403e-01 4.091922488225896784e-03 5.179050099413538192e+03
3.241651656287823243e+03 9.930140834451954834e-01 4.088165332520213996e-03 5.172281446918034817e+03
3.241660011846213820e+03 9.906203321739046608e-01 4.081753271712872284e-03 5.156115758774076312e+03
3.241668367404604851e+03 9.894940379219274718e-01 4.081708885973803734e-03 5.146552531160128638e+03
3.241676722962995427e+03 9.912030502242606955e-01 4.095902011398359910e-03 5.151733784529531476e+03
3.241685078521386458e+03 9.932721582759987955e-01 4.108819988785584326e-03 5.158779576444607301e+03
3.241693434079777035e+03 9.962075337783710127e-01 4.118632939244737216e-03 5.170320383743308412e+03
3.241701789638167611e+03 9.986973507677433526e-01 4.125295851073186061e-03 5.179550604020399078e+03
3.241710145196558642e+03 1.000021814826491884e+00 4.123729409264453513e-03 5.182752379145758823e+03
3.241718500754949218e+03 1.000604016552167908e+00 4.124792775812405159e-03 5.182137303684213293e+03
3.241726856313339795e+03 9.990900049083530909e-01 4.133364135558446895e-03 5.170713724513583657e+03
3.241735211871730826e+03 9.978467570330564751e-01 4.138417653226772290e-03 5.160752485522830284e+03
3.241743567430121402e+03 9.974638837988778484e-01 4.132668895713727079e-03 5.155300838079047026e+03
3.241751922988511978e+03 9.966679431667979649e-01 4.126557297233150734e-03 5.147774072697047814e+03
3.241760278546903010e+03 9.945044750165167313e-01 4.119344345584228378e-03 5.133251380108455123e+03
3.241768634105293586e+03 9.932013293034995804e-01 4.115691805185873152e-03 5.123239770435364335e+03
3.241776989663684162e+03 9.951247126879753102e-01 4.125386091380581037e-03 5.129930052195975804e+03
3.241785345222075193e+03 9.958257780526681424e-01 4.129542997037637282e-03 5.130372875902902706e+03
3.241793700780465770e+03 9.915552708589456810e-01 4.111159508311529667e-03 5.105277685793812452e+03
3.241802056338856346e+03 9.876481701298661653e-01 4.096095618240280269e-03 5.082144034344013562e+03
3.241810411897247377e+03 9.854558989605196606e-01 4.096385233743746711e-03 5.067919424988699575e+03
3.241818767455637953e+03 9.838075191323628621e-01 4.095472155167584685e-03 5.056571282421167780e+03
3.241827123014028984e+03 9.849911277706566715e-01 4.088660850968599443e-03 5.059849960996053596e+03
3.241835478572419561e+03 9.854604701121481014e-01 4.081404225531551182e-03 5.059526055621920932e+03
3.241843834130810137e+03 9.818819834806877811e-01 4.071894809801317530e-03 5.038501148633828961e+03
3.241852189689201168e+03 9.780593048947965329e-01 4.061989494426219809e-03 5.016317126859536984e+03
3.241860545247591745e+03 9.727328140417017543e-01 4.049870632119422463e-03 4.986519458997947368e+03
3.241868900805982321e+03 9.672518630206837775e-01 4.036145618030693126e-03 4.956033847442623482e+03
3.241877256364373352e+03 9.607270454684683214e-01 4.010666744576326347e-03 4.920306679632274609e+03
3.241885611922763928e+03 9.539396840775711262e-01 3.985353794786978057e-03 4.883345124268085783e+03
3.241893967481154505e+03 9.455037988715258024e-01 3.961664780023741068e-03 4.838058946425153408e+03
3.241902323039545536e+03 9.369201400633908605e-01 3.937036303877871311e-03 4.792134554968984958e+03
3.241910678597936112e+03 9.273339015889832115e-01 3.905623638613484570e-03 4.741201836528602144e+03
3.241919034156326688e+03 9.183664157335830192e-01 3.876126926657422807e-03 4.693552204066235390e+03
3.241927389714717719e+03 9.153636729179926990e-01 3.865260437887076128e-03 4.676493208021171995e+03
3.241935745273108296e+03 9.135799783685445430e-01 3.857657050859381823e-03 4.665755269434432194e+03
3.241944100831498872e+03 9.258603894739046991e-01 3.887985342810480142e-03 4.726912391764670247e+03
3.241952456389889903e+03 9.382156868150208773e-01 3.918856845340469575e-03 4.788499796427417095e+03
3.241960811948280480e+03 9.517794996300250610e-01 3.958295171399501926e-03 4.856306391934051135e+03
3.241969167506671056e+03 9.649811632527717231e-01 3.997317261578466584e-03 4.922320422531590339e+03
3.241977523065062087e+03 9.712901329909842119e-01 4.029193423123554781e-03 4.953245389272590728e+03
3.241985878623452663e+03 9.771039722221344093e-01 4.058832037259470747e-03 4.981729289605365011e+03
3.241994234181843694e+03 9.756199250466764950e-01 4.055365016040358289e-03 4.973101087935081523e+03
3.242002589740234271e+03 9.742589830345856905e-01 4.052342509299803296e-03 4.965206027444505708e+03
3.242010945298624847e+03 9.758877899334178485e-01 4.060319083530452254e-03 4.972651946132606099e+03
3.242019300857015878e+03 9.774787062927540182e-01 4.068001923744252006e-03 4.980008059515726018e+03
3.242027656415406454e+03 9.784690327257682396e-01 4.068696541945810395e-03 4.984410142348906447e+03
3.242036011973797031e+03 9.793602374561111157e-01 4.069133761913578187e-03 4.988415568731832536e+03
3.242044367532188062e+03 9.744947738101570334e-01 4.057090587070512171e-03 4.963211889182066443e+03
3.242052723090578638e+03 9.698270570039211336e-01 4.045395563217967297e-03 4.939131119209166172e+03
3.242061078648969215e+03 9.732334293158168004e-01 4.049823998529148393e-03 4.956284071829549248e+03
3.242069434207360246e+03 9.765816417524082471e-01 4.054172670771171230e-03 4.973255120317326146e+03
3.242077789765750822e+03 9.765095801422729593e-01 4.059772030443865865e-03 4.972925341380019745e+03
3.242086145324141398e+03 9.764141860750749080e-01 4.065274157810066027e-03 4.972595562442713344e+03
3.242094500882532429e+03 9.775525995967088155e-01 4.063027012185211478e-03 4.978669951535624932e+03
3.242102856440923006e+03 9.786740794177803959e-01 4.060636603358638505e-03 4.984781061775421222e+03
3.242111211999313582e+03 9.819337563711123540e-01 4.076109206402185776e-03 5.001909006843568932e+03
3.242119567557704613e+03 9.852161504763112809e-01 4.091875952323336535e-03 5.019282555253609644e+03
3.242127923116095189e+03 9.870203813434641482e-01 4.089313238820690456e-03 5.029257066383568599e+03
3.242136278674485766e+03 9.887857883436395046e-01 4.086486035898081667e-03 5.039166683009565531e+03
3.242144634232876797e+03 9.869794146403483293e-01 4.089653213136632860e-03 5.031004816387400751e+03
3.242152989791267373e+03 9.850575923357499653e-01 4.092865910780922253e-03 5.022383370974434001e+03
3.242161345349658404e+03 9.870156416302735547e-01 4.087808637356837513e-03 5.033678497073957260e+03
3.242169700908048981e+03 9.891124043546861699e-01 4.082295545358205317e-03 5.045823089070245260e+03
3.242178056466439557e+03 9.921247124798285855e-01 4.097681553404449589e-03 5.062784409787482218e+03
3.242186412024830588e+03 9.951345247253015058e-01 4.113544267512791661e-03 5.079883432030524091e+03
3.242194767583221164e+03 9.942442238446413949e-01 4.100591018779613933e-03 5.077219443797202075e+03
3.242203123141611741e+03 9.931488130422261307e-01 4.086214793160336360e-03 5.073648030515663777e+03
3.242211478700002772e+03 9.950639780343528695e-01 4.105798986074048716e-03 5.085603922431687351e+03
3.242219834258393348e+03 9.971424979272544009e-01 4.127420652151899023e-03 5.098551019122403886e+03
3.242228189816783924e+03 9.959783571611349196e-01 4.110735457751162406e-03 5.095069073191722964e+03
3.242236545375174956e+03 9.946280069963409076e-01 4.092068606537747899e-03 5.090778819346332057e+03
3.242244900933565532e+03 9.968524789200261527e-01 4.098748354336120489e-03 5.104940272622891825e+03
3.242253256491956108e+03 9.992865003865021301e-01 4.107007038752415531e-03 5.120342318315715602e+03
3.242261612050347139e+03 1.000018402207882851e+00 4.110675773469436335e-03 5.127188274756113060e+03
3.242269967608737716e+03 1.000575359921621166e+00 4.113830999310319134e-03 5.133299262996458310e+03
3.242278323167128292e+03 9.997047425922820363e-01 4.110894895521293758e-03 5.132244149204227142e+03
3.242286678725519323e+03 9.987081746327319820e-01 4.107424470147594611e-03 5.130682716894946680e+03
3.242295034283909899e+03 1.001880107932061614e+00 4.119573784301822778e-03 5.150666586541277866e+03
3.242303389842300930e+03 1.005403017541914412e+00 4.133031740455844760e-03 5.172577489407890425e+03
3.242311745400691507e+03 1.005570806489334945e+00 4.124278246696483873e-03 5.177313955823391552e+03
3.242320100959082083e+03 1.005482063912977786e+00 4.113861019091593664e-03 5.180777852238806190e+03
3.242328456517473114e+03 1.003706608626645957e+00 4.112180313450005537e-03 5.175566455333496378e+03
3.242336812075863691e+03 1.001777922495205031e+00 4.111316045911233424e-03 5.169548211550061751e+03
3.242345167634254267e+03 1.002775152437128003e+00 4.105043882181616012e-03 5.178597955016981359e+03
3.242353523192645298e+03 1.004007119349522359e+00 4.098401523558511429e-03 5.188816387405407113e+03
3.383169349790489377e+03 9.986646463197174084e-01 2.955743896178531383e-03 4.084272173033706167e+03
3.383177976086756644e+03 9.987525329140770625e-01 2.955461826281633765e-03 4.084429088015152047e+03
3.383186602383023455e+03 1.000841449396950855e+00 2.955588289322015443e-03 4.092768834651118596e+03
3.383195228679290722e+03 1.001856657090791192e+00 2.955044418724414070e-03 4.096717204584013416e+03
3.383203854975557988e+03 1.001948728780224007e+00 2.953924203102730947e-03 4.096890531385388385e+03
3.383212481271825254e+03 1.001297226533188978e+00 2.953008045932095389e-03 4.094023555549500998e+03
3.383221107568092066e+03 9.999020397167970309e-01 2.952295977573469836e-03 4.088116277076981987e+03
3.383229733864359332e+03 9.987712215526597381e-01 2.951319839885623714e-03 4.083290386477593984e+03
3.383238360160626598e+03 9.979149852316199221e-01 2.950069439275368726e-03 4.079587475593050840e+03
3.383246986456893410e+03 9.982646749263739405e-01 2.950145852786853658e-03 4.080814627130663212e+03
3.383255612753160676e+03 9.999150638838034677e-01 2.951653356614360266e-03 4.087358512653088383e+03
3.383264239049427943e+03 1.001478843722728662e+00 2.953268484536479294e-03 4.093547713848280182e+03
3.383272865345695209e+03 1.002933845680805236e+00 2.955018694237151067e-03 4.099291673015625747e+03
3.383281491641962020e+03 1.002919394778294615e+00 2.954068597484564660e-03 4.099029245161766994e+03
3.383290117938229287e+03 1.000987981380873526e+00 2.949595866321750616e-03 4.090932399454128699e+03
3.383298744234496553e+03 9.993562225169363433e-01 2.944155136360008303e-03 4.084060932755310205e+03
3.383307370530763365e+03 9.981307800639576122e-01 2.937402226896567922e-03 4.078850535379624944e+03
3.383315996827030631e+03 9.973175833175026428e-01 2.933974065549822732e-03 4.075325188959157458e+03
3.383324623123297897e+03 9.971580913803334001e-01 2.935817830213889677e-03 4.074471264785430321e+03
3.383333249419565163e+03 9.979933419894629898e-01 2.940060543379546202e-03 4.077681804733423633e+03
3.383341875715831975e+03 1.000470108285602011e+00 2.948261837179990460e-03 4.087598710480795944e+03
3.383350502012099241e+03 1.000570082918883497e+00 2.950086895037578542e-03 4.087804288334473313e+03
3.383359128308366508e+03 9.965862362319019008e-01 2.940956145360123456e-03 4.071326302881308493e+03
3.383367754604633319e+03 9.941233096960886417e-01 2.937744957361208050e-03 4.061062997849293879e+03
3.383376380900900585e+03 9.947463892841437172e-01 2.946544139215430142e-03 4.063406615955688721e+03
3.383385007197167852e+03 9.936030845678970325e-01 2.946645074532939189e-03 4.058534894741926564e+03
3.383393633493435118e+03 9.887187711004489232e-01 2.928323439129651082e-03 4.038383631437232907e+03
3.383402259789701930e+03 9.850760688254980302e-01 2.917630763492897860e-03 4.023305410120284250e+03
3.383410886085969196e+03 9.841808085490693081e-01 2.923818072247292253e-03 4.019449372591854171e+03
3.383419512382236462e+03 9.826852914836320396e-01 2.926416747470412649e-03 4.013142337602161206e+03
3.383428138678503728e+03 9.795959975582425594e-01 2.919485135402346328e-03 4.000327481766574238e+03
3.383436764974770540e+03 9.775336577510704839e-01 2.914699669481500815e-03 3.991707392016465747e+03
3.383445391271037806e+03 9.783329106615766824e-01 2.915894492934517027e-03 3.994772722074183548e+03
3.383454017567305073e+03 9.799393055139437037e-01 2.919101583868603540e-03 4.001133322434316142e+03
3.383462643863571884e+03 9.839073824637153409e-01 2.928196684110232102e-03 4.017135639602379797e+03
3.383471270159839150e+03 9.874048515390254632e-01 2.935455124141801014e-03 4.031215026694231710e+03
3.383479896456106417e+03 9.894533590286170854e-01 2.937059962363111187e-03 4.039377705856271859e+03
3.383488522752373683e+03 9.911290486711440417e-01 2.938666881880928027e-03 4.046017625729311931e+03
3.383497149048640495e+03 9.915962555740183149e-01 2.940280188201076228e-03 4.047723805507005181e+03
3.383505775344907761e+03 9.912993742312636858e-01 2.939378402221147317e-03 4.046310921037773824e+03
3.383514401641175027e+03 9.879093837163769320e-01 2.928295236589982444e-03 4.032273252710750967e+03
3.383523027937441839e+03 9.847926682440961699e-01 2.917011694119728445e-03 4.019352309339003568e+03
3.383531654233709105e+03 9.828522326156380329e-01 2.904870102839643854e-03 4.011233283271330492e+03
3.383540280529976371e+03 9.809375878845116858e-01 2.895134489840902811e-03 4.003220297150804072e+03
3.383548906826243638e+03 9.791417368954978828e-01 2.896420829644876481e-03 3.995692862367242014e+03
3.383557533122510449e+03 9.771845659055298228e-01 2.895455045491521044e-03 3.987507872071166275e+03
3.383566159418777715e+03 9.744393582382879782e-01 2.883477609386755642e-03 3.976108165933591408e+03
3.383574785715044982e+03 9.719767739510407623e-01 2.873610880022739976e-03 3.965862733908120390e+03
3.383583412011311793e+03 9.709950634796390423e-01 2.874800122448755834e-03 3.961660266352499548e+03
3.383592038307579060e+03 9.701812374750236057e-01 2.875295353033257076e-03 3.958143131573993742e+03
3.383600664603846326e+03 9.703122765728949828e-01 2.871885957220424689e-03 3.958480993668245901e+03
3.383609290900113592e+03 9.703515666264281858e-01 2.868751447753834557e-03 3.958444522293381851e+03
3.383617917196380404e+03 9.696720219644973104e-01 2.867772665204988518e-03 3.955475772078625141e+03
3.383626543492647670e+03 9.683020028209047281e-01 2.864899255441468503e-03 3.949690861312518336e+03
3.383635169788914936e+03 9.609689458208643398e-01 2.845662897423517548e-03 3.919584563966492624e+03
3.383643796085182203e+03 9.534005970729865220e-01 2.826721580454391505e-03 3.888521584020850241e+03
3.383652422381449014e+03 9.435795827663636670e-01 2.810629277831498945e-03 3.848274451126144413e+03
3.383661048677716281e+03 9.330133131408515634e-01 2.791932572200486653e-03 3.804992019089344012e+03
3.383669674973983547e+03 9.144239234532817173e-01 2.745180182646825458e-03 3.728995807430949299e+03
3.383678301270250358e+03 8.963521805354792704e-01 2.700262389559422195e-03 3.655117978978234987e+03
3.383686927566517625e+03 8.846427767992817159e-01 2.677872013888272455e-03 3.607190344743503374e+03
3.383695553862784891e+03 8.742108825302559172e-01 2.658032712154016590e-03 3.564476330779474210e+03
3.383704180159052157e+03 8.818629552027339447e-01 2.674304203156655738e-03 3.595497803505245884e+03
3.383712806455318969e+03 8.906127242415528000e-01 2.693088926515369366e-03 3.630991435923719564e+03
3.383721432751586235e+03 9.176465263922793936e-01 2.753737830678499535e-03 3.741021063253613647e+03
3.383730059047853501e+03 9.442320239691848194e-01 2.813263629271443422e-03 3.849212189759359262e+03
3.383738685344120313e+03 9.617096357773318172e-01 2.849985607275280601e-03 3.920265599611506332e+03
3.383747311640387579e+03 9.788682704266985501e-01 2.886077995406839333e-03 3.990011723531767529e+03
3.383755937936654846e+03 9.878499466578750665e-01 2.906025464752466994e-03 4.026422056091591912e+03
3.383764564232922112e+03 9.966154505676827480e-01 2.925552524919770078e-03 4.061947683549527028e+03
3.383773190529188923e+03 9.979288562699641929e-01 2.930578613461042037e-03 4.067098435898895332e+03
3.383781816825456190e+03 9.992302875299692300e-01 2.935509093121514614e-03 4.072199855723849851e+03
3.383790443121723456e+03 9.999023496579954040e-01 2.935442145059298687e-03 4.074735984265030766e+03
3.383799069417990268e+03 1.000558678172084548e+00 2.935404688229917031e-03 4.077207726863630342e+03
3.383807695714257534e+03 9.995559371343951671e-01 2.938464660837749546e-03 4.072918945505026841e+03
3.383816322010524800e+03 9.985530962929340948e-01 2.941524938007574006e-03 4.068630164146423340e+03
3.383824948306792066e+03 9.979892295165141425e-01 2.935853531183649136e-03 4.066130311540528510e+03
3.383833574603058878e+03 9.974253066123394129e-01 2.930181559823303618e-03 4.063630458934765556e+03
3.383842200899326144e+03 9.976002989241875563e-01 2.935893990184996680e-03 4.064141114503565404e+03
3.383850827195593411e+03 9.977823468293671727e-01 2.941715422871474077e-03 4.064680441578789669e+03
3.383859453491860222e+03 9.979114447290600154e-01 2.938126256439168617e-03 4.065004002356185083e+03
3.383868079788127488e+03 9.980395368132547462e-01 2.934355739452055179e-03 4.065323413781717136e+03
3.383876706084394755e+03 9.986416634532733205e-01 2.931913840428802039e-03 4.067573566356238189e+03
3.383885332380662021e+03 9.992576571950174680e-01 2.929510408736309308e-03 4.069879954109852861e+03
3.383893958676928833e+03 1.000465568905105185e+00 2.938408466712996801e-03 4.074596796761107271e+03
3.383902584973196099e+03 1.001696812119263091e+00 2.947750637888494046e-03 4.079408167055526974e+03
3.383911211269463365e+03 1.000437963943930253e+00 2.944034002159325557e-03 4.074078650984803971e+03
3.383919837565730631e+03 9.990557063397642601e-01 2.939670442449169880e-03 4.068247110836626234e+03
3.383928463861997443e+03 9.980371761763400240e-01 2.938385378176899907e-03 4.063897189231135144e+03
3.383937090158264709e+03 9.970403775605458652e-01 2.937284930913101021e-03 4.059636164737874424e+03
3.383945716454531976e+03 9.969911514719634882e-01 2.936015091487188203e-03 4.059233570918223904e+03
3.383954342750798787e+03 9.969790859314291431e-01 2.934738486710223877e-03 4.058982288105386942e+03
3.383962969047066053e+03 9.981914646235409139e-01 2.940757575061867489e-03 4.063715818785738975e+03
3.383971595343333320e+03 9.994645832229626103e-01 2.947138460249266404e-03 4.068696122411286069e+03
3.383980221639600586e+03 9.989848008656112555e-01 2.947644102823382319e-03 4.066540423196174288e+03
3.383988847935867398e+03 9.983997838004088354e-01 2.947797225513707365e-03 4.063956563810782882e+03
3.383997474232134664e+03 9.974691652117464447e-01 2.948512062987876988e-03 4.059966251050906976e+03
3.384006100528401930e+03 9.965140203290242527e-01 2.949266689795341807e-03 4.055876492092850640e+03
3.384014726824668742e+03 9.973767199781838899e-01 2.955796263815810027e-03 4.059185496657012663e+03
3.384023353120936008e+03 9.983879162309908795e-01 2.962797930120861060e-03 4.063098481917054414e+03
3.384031979417203274e+03 9.993936336976116941e-01 2.964213335303514819e-03 4.066988761413936572e+03
3.384040605713470541e+03 1.000398933677296931e+00 2.965110478087216485e-03 4.070876934190525844e+03
3.384049232009737352e+03 1.001786868630845317e+00 2.971911260532843387e-03 4.076321660423304365e+03
3.384057858306004618e+03 1.003214791278487450e+00 2.979327704608369844e-03 4.081928527641318851e+03
3.384066484602271885e+03 9.995508116397429088e-01 2.970446685119330042e-03 4.066817671676838017e+03
3.384075110898538696e+03 9.954707689479110888e-01 2.960234248528192773e-03 4.050015573004564430e+03
3.384083737194805963e+03 9.959071872422282645e-01 2.963865009686801263e-03 4.051589174928814828e+03
