9.999999006773647725e-01
9.999998963890337489e-01
9.999998904807458899e-01
9.999998831718552861e-01
9.999998746704346075e-01
9.999998650374186671e-01
9.999998541887444858e-01
9.999998419444997566e-01
9.999998280578311638e-01
9.999998122160553837e-01
9.999997940252884909e-01
9.999997729843352889e-01
9.999997484466429665e-01
9.999997195647444270e-01
9.999996852067052355e-01
9.999996438211092853e-01
9.999995931486191925e-01
9.999995290168492978e-01
9.999994372314140456e-01
9.999992379540959542e-01
9.999984559405568074e-01
9.999946014398114480e-01
9.999767199341531576e-01
9.999050218767777665e-01
9.996619231148958784e-01
9.989706691173885211e-01
9.973327992470158998e-01
9.941258825650037823e-01
9.890068232783291169e-01
9.825125911673830981e-01
9.763341511665950545e-01
9.726957760640320139e-01
9.729973512873820729e-01
9.767852367399074698e-01
9.820458719969614725e-01
9.866191492172686761e-01
9.895016486922978416e-01
9.910564923167104467e-01
9.922428119869850516e-01
9.937179322174323204e-01
9.954992714221875261e-01
9.972158322940349873e-01
9.985269281005501041e-01
9.993355779897263869e-01
9.997446243697714063e-01
9.999161499676211262e-01
9.999762346271803271e-01
9.999939401222837088e-01
9.999983802662812948e-01
9.999993632328633142e-01
9.999995845757273516e-01
9.999996577243530638e-01
9.999997006622216578e-01
9.999997338261883417e-01
9.999997612802022928e-01
9.999997844811696623e-01
9.999998043197477759e-01
9.999998214419671960e-01
9.999998363324138495e-01
9.999998493405164446e-01
9.999998606605418061e-01
9.999998702804722139e-01
9.999998779872874000e-01
9.999998835444927625e-01
9.999697126768882782e-01
9.999684813714323495e-01
9.999667763201320891e-01
9.999646827850567909e-01
9.999622743917819800e-01
9.999595728295809227e-01
9.999565571011953535e-01
9.999531826071225149e-01
9.999493900542737457e-01
9.999451059172097533e-01
9.999402392011798035e-01
9.999346762243681574e-01
9.999282732706593624e-01
9.999208461856359254e-01
9.999121552874039587e-01
9.999018825335537208e-01
9.998895925032196264e-01
9.998746368842181820e-01
9.998557575926712016e-01
9.998289607319084116e-01
9.997764453087588654e-01
9.996162908916645939e-01
9.990114323694836429e-01
9.967853193944709034e-01
9.895587744104088479e-01
9.696031317716820030e-01
9.235378760494605821e-01
8.356716393891063799e-01
6.984140673246479469e-01
5.240477834018847370e-01
3.449347962249549870e-01
1.971934225121226292e-01
1.016296328451163078e-01
5.981150780851324233e-02
6.491014750851362147e-02
1.106992625137009911e-01
1.877582242762853848e-01
2.749372363202352565e-01
3.432608815157165982e-01
3.749295008629014436e-01
3.784092671008534303e-01
3.826737503665472717e-01
4.168269184518875736e-01
4.931720678319410078e-01
6.030272678637532691e-01
7.236688571929772440e-01
8.307979298182645023e-01
9.095105195936146192e-01
9.578860519213765468e-01
9.829296408486458692e-01
9.939206110339877664e-01
9.980404849013121416e-01
9.993743165472114276e-01
9.997564011558627284e-01
9.998602214580252223e-01
9.998925955009421163e-01
9.999076990537303367e-01
9.999180107390686079e-01
9.999262774493173911e-01
9.999332287265858543e-01
9.999391778662531927e-01
9.999443239562002539e-01
9.999488132819391861e-01
9.999527582629555988e-01
9.999562471435401445e-01
9.999593502605619300e-01
9.999621244007577126e-01
9.999646159248229971e-01
9.999668630555922366e-01
9.999688975839208238e-01
9.999707461601592406e-01
9.999724312850271080e-01
9.999739720756253281e-01
9.999753848273995605e-01
9.999766831687950663e-01
9.999778767735303386e-01
9.999789661356407455e-01
9.999799324099729603e-01
9.999807321147465844e-01
9.999813164490640727e-01
