9.999974464599246105e-01
9.999973996566060563e-01
9.999973388568683674e-01
9.999972662386094058e-01
9.999971844904911311e-01
9.999970957432724461e-01
9.999970011720087371e-01
9.999969011484943771e-01
9.999967955650314044e-01
9.999966840809112467e-01
9.999965662442080738e-01
9.999964415331195067e-01
9.999963093622603605e-01
9.999961690767925626e-01
9.999960199419366536e-01
9.999958611290018506e-01
9.999956916964343190e-01
9.999955105618540951e-01
9.999953164560972940e-01
9.999951078394356818e-01
9.999948827367285409e-01
9.999946383990074850e-01
9.999943705984624120e-01
9.999940721650600883e-01
9.999937299931529466e-01
9.999933190456273824e-01
9.999927906378380804e-01
9.999920501572955311e-01
9.999909158976068024e-01
9.999890452604938140e-01
9.999858065566334941e-01
9.999800634877797911e-01
9.999698250567270463e-01
9.999516970670463412e-01
9.999200552020190980e-01
9.998658490882685879e-01
9.997749500528732014e-01
9.996259838750682913e-01
9.993876569862905068e-01
9.990157023676109471e-01
9.984497454818428430e-01
9.976106130459390098e-01
9.963988492255038132e-01
9.946954094962937587e-01
9.923655915687469298e-01
9.892671423330243741e-01
9.852630696064459404e-01
9.802389567089386802e-01
9.741235823206402245e-01
9.669105516221321306e-01
9.586777069419770703e-01
9.496006052588913393e-01
9.399565693747556905e-01
9.301168282419480793e-01
9.205259314276655891e-01
9.116696186677569758e-01
9.040341998523251377e-01
8.980618333648391349e-01
8.941066213848126720e-01
8.923961381378890945e-01
8.930020518952004327e-01
8.958222067461425464e-01
9.005752431906415278e-01
9.068078602330992277e-01
9.139143574448048701e-01
9.211681857780922300e-01
9.277656899887564146e-01
9.328825634204171990e-01
9.357430409054416920e-01
9.356998274750045752e-01
9.323189630129262717e-01
9.254589358417103506e-01
9.153291015738846959e-01
9.025111117923290127e-01
8.879303892270922205e-01
8.727728702477636213e-01
8.583533784371036868e-01
8.459528043662600805e-01
8.366485707774329317e-01
8.311650359157871648e-01
8.297678765254140609e-01
8.322205801203731435e-01
8.378132332083916278e-01
8.454641416597614700e-01
8.538833707725994593e-01
8.617749045262469432e-01
8.680435521591310932e-01
8.719680616676647178e-01
8.733064688954014221e-01
8.723137750447387262e-01
8.696718962019351906e-01
8.663511583683827233e-01
8.634354140558229140e-01
8.619460955546260905e-01
8.626950387233072171e-01
8.661853008513777930e-01
8.725676100510521005e-01
8.816504004610520306e-01
8.929545976956505537e-01
9.058000827302497004e-01
9.194084376892830424e-01
9.330059451827763528e-01
9.459121283901000821e-01
9.576026274417130946e-01
9.677405933599452226e-01
9.761769798503074913e-01
9.829256258332937923e-01
9.881225203047179217e-01
9.919795029595264158e-01
9.947411343694003705e-01
9.966504774907806175e-01
9.979261858416985653e-01
9.987505013981401447e-01
9.992660025340709407e-01
9.995782502940063763e-01
9.997616113097518298e-01
9.998661318043517987e-01
9.999240775397640890e-01
9.999554222959528005e-01
9.999720594354545300e-01
9.999808113031704027e-01
9.999854532013114916e-01
9.999880034300745457e-01
9.999895062248809197e-01
9.999904857684169812e-01
9.999911984036358170e-01
9.999917671448979029e-01
9.999922506805896116e-01
9.999926774861225276e-01
9.999930621134511810e-01
9.999934127286769225e-01
9.999937345098478536e-01
9.999940311532595771e-01
9.999943055415757565e-01
9.999945600492290421e-01
9.999947966926137077e-01
9.999950172130913639e-01
9.999952231293713911e-01
9.999954157738799587e-01
9.999955963165092498e-01
9.999957657666098676e-01
9.999959249199263933e-01
9.999960741829290178e-01
9.999962132089473821e-01
9.999963404188565441e-01
9.999964527818254734e-01
9.999965464257285497e-01
9.999966182541841775e-01
9.999988852754564395e-01
9.999988665205993277e-01
9.999988422611398864e-01
9.999988133635381304e-01
9.999987809060809640e-01
9.999987457644292643e-01
9.999987084471504417e-01
9.999986691454876286e-01
9.999986278572339238e-01
9.999985844861626338e-01
9.999985388939519604e-01
9.999984909195560601e-01
9.999984403837902658e-01
9.999983870887936277e-01
9.999983308159057227e-01
9.999982713228769970e-01
9.999982083405329902e-01
9.999981415687885233e-01
9.999980706717992440e-01
9.999979952718688336e-01
9.999979149413514845e-01
9.999978291909639161e-01
9.999977374510752304e-01
9.999976390384764935e-01
9.999975330924153472e-01
9.999974184454125670e-01
9.999972933572245370e-01
9.999971549669899318e-01
9.999969981784972983e-01
9.999968134347165805e-01
9.999965823765082362e-01
9.999962695889133002e-01
9.999958073342575249e-01
9.999950681153232379e-01
9.999938168263085014e-01
9.999916298730086028e-01
9.999877628448561317e-01
9.999809412860825031e-01
9.999690416130142534e-01
9.999486229377849700e-01
9.999142683677815224e-01
9.998577004715738514e-01
9.997666553450831328e-01
9.996235386266910661e-01
9.994039490406512183e-01
9.990752408742193946e-01
9.985953996816869793e-01
9.979126094461001628e-01
9.969659677989581859e-01
9.956878234082610080e-01
9.940081286111424053e-01
9.918609916044629493e-01
9.891932692413997197e-01
9.859745923730008910e-01
9.822077312367274438e-01
9.779377951392688173e-01
9.732585401402932268e-01
9.683141338623140193e-01
9.632951464769210492e-01
9.584282690314069875e-01
9.539601875814580634e-01
9.501369857450463474e-01
9.471812143164484166e-01
9.452691943935538355e-01
9.445111264350026792e-01
9.449361745735831430e-01
9.464839884625803057e-01
9.490032874494456205e-01
9.522573680700500143e-01
9.559358915387936584e-01
9.596721726373530492e-01
9.630654003184541123e-01
9.657075784532480611e-01
9.672151384016633990e-01
9.672647563499449097e-01
9.656316622148115592e-01
9.622267509379565098e-01
9.571266496837549376e-01
9.505894631124748306e-01
9.430491610491189558e-01
9.350840379812614955e-01
9.273591697782475052e-01
9.205483434061352277e-01
9.152460941190733168e-01
9.118838557796652422e-01
9.106649210778545722e-01
9.115307093910050007e-01
9.141661247064274409e-01
9.180453110139341621e-01
9.225118958316245177e-01
9.268811136414032426e-01
9.305464511596905908e-01
9.330719723035638680e-01
9.342539777569099924e-01
9.341418029205335039e-01
9.330159029133708870e-01
9.313297551568677779e-01
9.296284322770438369e-01
9.284596540997547276e-01
9.282925393393239855e-01
9.294559346684621026e-01
9.321033658323890636e-01
9.362065512373234366e-01
9.415749077860737781e-01
9.478950370344861875e-01
9.547820257628594209e-01
9.618336280545147776e-01
9.686790299501919499e-01
9.750157963787567938e-01
9.806314005821203938e-01
9.854088589557323807e-01
9.893187715808499094e-01
9.924019439483657834e-01
9.947474628800840879e-01
9.964706856878767782e-01
9.976944155669018599e-01
9.985350378709393349e-01
9.990940000779524599e-01
9.994540033063272766e-01
9.996787274563517789e-01
9.998147838711003432e-01
9.998947484670792640e-01
9.999404288578505051e-01
9.999658427247162251e-01
9.999796581703748188e-01
9.999870396585086585e-01
9.999909558690320832e-01
9.999930553053737459e-01
9.999942234802067231e-01
9.999949213031615880e-01
9.999953818128716199e-01
9.999957199290497867e-01
9.999959913208451567e-01
9.999962228193897129e-01
9.999964275782011747e-01
9.999966123811696583e-01
9.999967810596401829e-01
9.999969360500859938e-01
9.999970790925822861e-01
9.999972115439166309e-01
9.999973345218561294e-01
9.999974489763072683e-01
9.999975557285345484e-01
9.999976554958068808e-01
9.999977489087770177e-01
9.999978365247466083e-01
9.999979188382701611e-01
9.999979962898531971e-01
9.999980692731905707e-01
9.999981381412473835e-01
9.999982032114027586e-01
9.999982647698237859e-01
9.999983230751980923e-01
9.999983783618896505e-01
9.999984308423635060e-01
9.999984807078194926e-01
9.999985281230090450e-01
9.999985732042466768e-01
9.999986159604209446e-01
9.999986561800358054e-01
9.999986932905691184e-01
9.999987263022581674e-01
9.999987539956061156e-01
9.999987753930023038e-01
