9.999996327625091386e-01
9.999996273891136322e-01
9.999996202884261498e-01
9.999996118914808996e-01
9.999996026423065842e-01
9.999995928253846422e-01
9.999995825614031997e-01
9.999995718770768871e-01
9.999995607621274818e-01
9.999995491949256188e-01
9.999995371501202435e-01
9.999995246001405214e-01
9.999995115152769953e-01
9.999994978635065035e-01
9.999994836102652496e-01
9.999994687181924524e-01
9.999994531468379133e-01
9.999994368523352772e-01
9.999994197870285539e-01
9.999994018990487898e-01
9.999993831318306770e-01
9.999993634235575524e-01
9.999993427065242413e-01
9.999993209063988697e-01
9.999992979413681038e-01
9.999992737211355065e-01
9.999992481457470328e-01
9.999992211041994761e-01
9.999991924727728021e-01
9.999991621129936670e-01
9.999991298690609209e-01
9.999990955643693891e-01
9.999990589962828302e-01
9.999990199270623048e-01
9.999989780657740912e-01
9.999989330285901090e-01
9.999988842477961493e-01
9.999988307620180095e-01
9.999987707404043302e-01
9.999987004333159568e-01
9.999986119370976034e-01
9.999984886125519168e-01
9.999982960736186755e-01
9.999979652186538059e-01
9.999973617117471347e-01
9.999962337010872560e-01
9.999941268035478226e-01
9.999902534915938723e-01
9.999833047662677332e-01
9.999711979237086990e-01
9.999507681763794009e-01
9.999174359809535062e-01
9.998649158016705840e-01
9.997850708829385535e-01
9.996680516673094319e-01
9.995028664072920233e-01
9.992785025952144462e-01
9.989856327397157454e-01
9.986187965729877991e-01
9.981787736674665457e-01
9.976746882704261576e-01
9.971252798074745627e-01
9.965587829981310541e-01
9.960110188615155513e-01
9.955215823781822237e-01
9.951283517391649180e-01
9.948608322004035553e-01
9.947329901242785155e-01
9.947362041508474029e-01
9.948328484246311554e-01
9.949510262685992146e-01
9.949813209392568414e-01
9.947772195844162280e-01
9.941618657311296348e-01
9.929443392551853265e-01
9.909477946117702940e-01
9.880487442921859209e-01
9.842216852604397381e-01
9.795776720947775296e-01
9.743820966722012145e-01
9.690386530396988274e-01
9.640344103449869362e-01
9.598533552600374552e-01
9.568782711129267815e-01
9.553080635410154953e-01
9.551158843599171222e-01
9.560623670983734446e-01
9.577614759624359930e-01
9.597798868118192495e-01
9.617406079153278942e-01
9.634014696456962845e-01
9.646888910269679762e-01
9.656827669271254022e-01
9.665632770356720194e-01
9.675396971441180272e-01
9.687827701901523536e-01
9.703771224422246267e-01
9.723018484313097343e-01
9.744390911344272821e-01
9.766043586516455210e-01
9.785891190350748392e-01
9.802055666031392889e-01
9.813246448232921804e-01
9.819007675554214387e-01
9.819796815744583629e-01
9.816891358291456315e-01
9.812150572797584402e-01
9.807683584411049926e-01
9.805489339325812459e-01
9.807135860729632171e-01
9.813535121451846255e-01
9.824848091346769507e-01
9.840526682698463867e-01
9.859471577059821801e-01
9.880263535196758262e-01
9.901415482095818899e-01
9.921595201157737964e-01
9.939782126857699129e-01
9.955341795043506359e-01
9.968021941211000492e-01
9.977889669111220661e-01
9.985236523009047849e-01
9.990477598421749761e-01
9.994064296625972954e-01
9.996421316227498410e-01
9.997910046531404138e-01
9.998814594978127079e-01
9.999343801574240853e-01
9.999642288382821764e-01
9.999804886574642504e-01
9.999890690104656921e-01
9.999934790517275296e-01
9.999957089149942302e-01
9.999968385558655193e-01
9.999974297643632326e-01
9.999977632816974271e-01
9.999979742779727676e-01
9.999981257605676799e-01
9.999982464135229732e-01
9.999983492019191011e-01
9.999984401194025319e-01
9.999985221335407903e-01
9.999985969003928332e-01
9.999986654879793324e-01
9.999987286769707051e-01
9.999987870871371864e-01
9.999988412336473509e-01
9.999988915551776270e-01
9.999989384302760964e-01
9.999989821883545904e-01
9.999990231178346178e-01
9.999990614725305926e-01
9.999990974767979379e-01
9.999991313297539319e-01
9.999991632087745774e-01
9.999991932724139332e-01
9.999992216628569297e-01
9.999992485079933768e-01
9.999992739231793326e-01
9.999992980127421216e-01
9.999993208712703030e-01
9.999993425847253370e-01
9.999993632314035930e-01
9.999993828827704601e-01
9.999994016041882094e-01
9.999994194555510418e-01
9.999994364918431966e-01
9.999994527636287822e-01
9.999994683174853183e-01
9.999994831963849862e-01
9.999994974400350234e-01
9.999995110851790381e-01
9.999995241658656830e-01
9.999995367136884639e-01
9.999995487580020104e-01
9.999995603261124799e-01
9.999995714434528615e-01
9.999995821337381852e-01
9.999995924191052987e-01
9.999996023202420981e-01
9.999996118565002146e-01
9.999996210460012636e-01
9.999996299057305471e-01
9.999996384516233183e-01
9.999996466986440513e-01
9.999996546608571624e-01
9.999996623514906258e-01
9.999996697829756087e-01
9.999996769668237917e-01
9.999996839125515624e-01
9.999996906224739579e-01
9.999996970743277869e-01
9.999997031826786120e-01
9.999997087515040128e-01
9.999997134765576945e-01
9.999997170613237341e-01
9.999038997716851451e-01
9.998548661259323289e-01
9.997733717647065976e-01
9.996463436951661397e-01
9.994575791580674329e-01
9.991876938271586628e-01
9.988150261121355733e-01
9.983176312143471343e-01
9.976762708408875024e-01
9.968781729931843749e-01
9.959211595642558645e-01
9.948175106729477690e-01
9.935967501237207289e-01
9.923064923450259922e-01
9.910106391263885373e-01
9.897845490219733255e-01
9.887072565821088954e-01
9.878512757192452476e-01
9.872708504872287349e-01
9.869896282105885543e-01
9.869886360851070073e-01
9.871952914397581491e-01
9.874742327514374196e-01
9.876213024100357618e-01
9.873631496260836249e-01
9.863663658636753206e-01
9.842610040082079292e-01
9.806825591202736891e-01
9.753329142566473653e-01
9.680542226427264474e-01
9.589016986192686609e-01
9.481949780409996142e-01
9.365268071866476030e-01
9.247146915436390557e-01
9.136950723335652835e-01
9.043765375060113243e-01
8.974826721919235695e-01
8.934213375428672332e-01
8.922131284371865867e-01
8.934984467840557665e-01
8.966234993418604748e-01
9.007855045754888934e-01
9.052019091888943159e-01
9.092622628008265595e-01
9.126270326002766664e-01
9.152536225938452397e-01
9.173507989542999397e-01
9.192813450035044465e-01
9.214432150819232836e-01
9.241597401968119074e-01
9.276016609694406334e-01
9.317522705276195527e-01
9.364159100143887304e-01
9.412619273395732566e-01
9.458915725146460618e-01
9.499136343353612455e-01
9.530151529064398996e-01
9.550157168174531197e-01
9.558973303811943989e-01
9.558062515186949160e-01
9.550279855786328875e-01
9.539410102283008008e-01
9.529580260235438471e-01
9.524650259923802542e-01
9.527680881190659923e-01
9.540557458497960219e-01
9.563815987336290458e-01
9.596681324834169802e-01
9.637291689360822922e-01
9.683055275617089563e-01
9.731067900073548937e-01
9.778517709205170050e-01
9.823014088451060832e-01
9.862799984570665979e-01
9.896834306103607926e-01
9.924757168521414208e-01
9.946769659568424071e-01
9.963468295695641075e-01
9.975672514832534254e-01
9.984274237903736360e-01
9.990125878756163091e-01
9.993971089856104051e-01
9.996413582053556013e-01
9.997914489352716094e-01
9.998807555567446048e-01
9.999322747248902132e-01
9.999611446727088016e-01
9.999769102407416455e-01
9.999853474661194452e-01
9.999898167815963745e-01
9.999922006527041107e-01
9.999935160202887419e-01
9.999942936375401104e-01
9.999948018048783194e-01
9.999951724232027939e-01
9.999954690039650762e-01
9.999957218844732765e-01
9.999959457644378436e-01
9.999961481249575179e-01
9.999963331380139486e-01
9.999965034318587520e-01
9.999966608735517681e-01
9.999968069153147843e-01
9.999969427521701038e-01
9.999970693989753689e-01
9.999971877326840897e-01
9.999972985188043673e-01
9.999974024293516450e-01
9.999975000522486335e-01
9.999975918794092866e-01
9.999976782325357139e-01
9.999977590534350202e-01
9.999978335304626764e-01
9.999978997699094929e-01
9.999979550310014176e-01
9.999979968904176841e-01
9.999976940359692756e-01
9.999974716784781892e-01
9.999970341152206732e-01
9.999961798826090265e-01
9.999945061542048208e-01
9.999912445674543626e-01
9.999850049172256394e-01
9.999733963133771164e-01
9.999525099135062600e-01
9.999162835089676626e-01
9.998558299662669846e-01
9.997588972922146766e-01
9.996097225775665285e-01
9.993896116915694794e-01
9.990785727220152790e-01
9.986582038469965505e-01
9.981157584894988499e-01
9.974489056424229450e-01
9.966702621019533082e-01
9.958104446451716552e-01
9.949183347171981495e-01
9.940575664083521890e-01
9.932989107357537151e-01
9.927090504275863925e-01
9.923369326592530459e-01
9.921992003091991696e-01
9.922660946919036329e-01
9.924489914258833867e-01
9.925909645445856189e-01
9.924630349445122679e-01
9.917710194173625649e-01
9.901799805640003616e-01
9.873628312396491857e-01
9.830741500406878774e-01
9.772390706484102019e-01
9.700334268754591260e-01
9.619222658353234756e-01
9.536271993493279364e-01
9.460121234478341412e-01
9.399065569187515790e-01
9.359139809606608074e-01
9.342656109059656044e-01
9.347703412079952923e-01
9.368812725137705133e-01
9.398593075583976386e-01
9.429803885782752637e-01
9.457189057791220987e-01
9.478515002823120206e-01
9.494574072444714741e-01
9.508290866620724424e-01
9.523342474874840757e-01
9.542784561899374518e-01
9.568075432498290844e-01
9.598693534148754480e-01
9.632344509960737433e-01
9.665611340820252639e-01
9.694831051029553226e-01
9.716972507955472516e-01
9.730323573058877740e-01
9.734856968276288658e-01
9.732220784592745533e-01
9.725379621059906388e-01
9.718002380004877594e-01
9.713739529679863427e-01
9.715546925480722518e-01
9.725192856440387779e-01
9.743035645534249278e-01
9.768093293883046702e-01
9.798360406509538656e-01
9.831276969932971621e-01
9.864230366398356598e-01
9.894980587373574110e-01
9.921933918212682002e-01
9.944239500959790590e-01
9.961730028952872074e-01
9.974759121862648570e-01
9.983997802985211667e-01
9.990243380099336212e-01
9.994273937324290591e-01
9.996759813390707627e-01
9.998226659220192936e-01
9.999055725844427922e-01
9.999505247009867759e-01
9.999739598543534447e-01
9.999857544851197266e-01
9.999915284294230711e-01
9.999943179501853407e-01
9.999956841768197213e-01
9.999963927591879465e-01
9.999968029253368806e-01
9.999970766306008896e-01
9.999972846029325790e-01
9.999974572316310262e-01
9.999976077524521667e-01
9.999977423112136332e-01
9.999978641454025929e-01
9.999979752612581096e-01
9.999980770933132312e-01
9.999981707661802499e-01
9.999982572007390935e-01
9.999983371364090656e-01
9.999984110289203976e-01
9.999984787042828227e-01
9.999985388043146628e-01
9.999985886464921592e-01
9.999986254330022195e-01
9.999938924688533959e-01
9.999937081705650987e-01
9.999934493180411277e-01
9.999931042528109604e-01
9.999926400244687485e-01
9.999919750993853107e-01
9.999909363513093119e-01
9.999891847861864802e-01
9.999860867410657050e-01
9.999804999833250552e-01
9.999704364805510615e-01
9.999525584536070877e-01
9.999214675971107580e-01
9.998687668222618896e-01
9.997819178404714346e-01
9.996429926015598655e-01
9.994275218647321601e-01
9.991037681176451191e-01
9.986328646738842352e-01
9.979703235254627769e-01
9.970693669388706049e-01
9.958863330042131423e-01
9.943880229280481764e-01
9.925603292636377972e-01
9.904169060856637952e-01
9.880061671802538026e-01
9.854146984683074262e-01
9.827653768407590418e-01
9.802091256538844055e-01
9.779101911941940894e-01
9.760258493573288341e-01
9.746822489141468981e-01
9.739484397312077046e-01
9.738105033850080750e-01
9.741473869855673540e-01
9.747101130824669113e-01
9.751071577448857663e-01
9.748012767098048759e-01
9.731263464620265591e-01
9.693350170410308664e-01
9.626862460599083793e-01
9.525734484416898962e-01
9.386788291122316608e-01
9.211215559083701931e-01
9.005549341516576600e-01
8.781693840892638159e-01
8.555775903702298457e-01
8.345907709130064855e-01
8.169284249517618779e-01
8.039252438601655060e-01
7.963014114525986953e-01
7.940479837772405070e-01
7.964538710990546333e-01
8.022711745852866283e-01
8.099852932713439424e-01
8.181299805417732163e-01
8.255730228013982153e-01
8.317035573155866501e-01
8.364794274284733655e-01
8.403342202711410192e-01
8.439829293864624660e-01
8.481877533500560284e-01
8.535456859408633301e-01
8.603422370339262049e-01
8.684914523977042000e-01
8.775607697083569469e-01
8.868644883870189233e-01
8.956014920752383146e-01
9.030093556179323855e-01
9.085068140269914050e-01
9.117998164623053459e-01
9.129334749268784854e-01
9.122826906112062595e-01
9.104861868604358088e-01
9.083392446275186938e-01
9.066670303756998450e-01
9.062017781384827941e-01
9.074836835713080418e-01
9.107988509704333380e-01
9.161599784210401332e-01
9.233282088191596682e-01
9.318685819594973996e-01
9.412272180185232706e-01
9.508160661865908692e-01
9.600910932649395768e-01
9.686122960770722212e-01
9.760785089273700255e-01
9.823356135887244545e-01
9.873620248737772220e-01
9.912389252005744389e-01
9.941139749818150850e-01
9.961662572875130683e-01
9.975777871750227677e-01
9.985140325284835860e-01
9.991134058531427886e-01
9.994840673685574384e-01
9.997057019885640106e-01
9.998339936748920076e-01
9.999060081860875471e-01
9.999453209836208778e-01
9.999662947001686231e-01
9.999773265710117931e-01
9.999831361000630636e-01
9.999862772615488726e-01
9.999880832132915787e-01
9.999892268125875061e-01
9.999900375230121874e-01
9.999906723805418451e-01
9.999912036495293144e-01
9.999916609625916220e-01
9.999920506089343686e-01
9.999923664574689175e-01
9.999926006133115219e-01
9.999944661542893298e-01
9.999943398387598492e-01
9.999941723998690968e-01
9.999939706834024555e-01
9.999937423549873916e-01
9.999934922690404404e-01
9.999932214532238905e-01
9.999929273719980749e-01
9.999926034355048898e-01
9.999922361641350177e-01
9.999917981910917408e-01
9.999912337289382780e-01
9.999904301500862625e-01
9.999891646084955177e-01
9.999870075947216996e-01
9.999831555508504888e-01
9.999761524228125698e-01
9.999634468953497723e-01
9.999407218359851468e-01
9.999009319216310976e-01
9.998330044312733200e-01
9.997202087073600030e-01
9.995382926982434579e-01
9.992536245743999235e-01
9.988217539039832005e-01
9.981869891352852520e-01
9.972837200553369419e-01
9.960402193038602192e-01
9.943854569967259804e-01
9.922590052811280925e-01
9.896234065952035364e-01
9.864775331297447325e-01
9.828686710801413096e-01
9.789005717607737189e-01
9.747347487425455093e-01
9.705829724276987536e-01
9.666901341589555496e-01
9.633081313460094552e-01
9.606627478606950543e-01
9.589162843763017197e-01
9.581287667482385473e-01
9.582201469350832834e-01
9.589356702542349842e-01
9.598174661246307027e-01
9.601882252411746421e-01
9.591574553060502328e-01
9.556654559309839536e-01
9.485810503880360844e-01
9.368616353377319239e-01
9.197656686687402106e-01
8.970813803407522435e-01
8.693116190364060802e-01
8.377476457420832689e-01
8.043842760379354972e-01
7.716721472456029574e-01
7.421530385087149462e-01
7.180590441624530307e-01
7.009626573628089385e-01
6.915454982614930302e-01
6.895230531576309607e-01
6.937345568441930510e-01
7.023837175249617593e-01
7.133920114844023441e-01
7.247993646638339893e-01
7.351257146343981308e-01
7.436067839652106271e-01
7.502477195032650759e-01
7.556914471304309044e-01
7.609524314035468473e-01
7.670981981421090001e-01
7.749611038020465248e-01
7.849387479623899377e-01
7.969090436550663181e-01
8.102585740072640874e-01
8.240052448324916012e-01
8.369862205936918764e-01
8.480759293088149242e-01
8.563953298329234354e-01
8.614745463543784787e-01
8.633389697126410134e-01
8.625042904634134810e-01
8.598853656665046419e-01
8.566416394348275176e-01
8.539927313123567565e-01
8.530393768047096481e-01
8.546184177900291168e-01
8.592097030627433574e-01
8.669015180264689757e-01
8.774119649748892691e-01
8.901570969911863918e-01
9.043519956503885959e-01
9.191278803876319348e-01
9.336470078125046479e-01
9.471983641071414217e-01
9.592614872361779899e-01
9.695326536617832058e-01
9.779154654107793387e-01
9.844844195002546705e-01
9.894336361414106662e-01
9.930230189936157803e-01
9.955313955891877953e-01
9.972220528667128381e-01
9.983220108884587329e-01
9.990133738243431871e-01
9.994335253484478709e-01
9.996806332944797591e-01
9.998214600759616211e-01
9.998993718435884581e-01
9.999413444887541580e-01
9.999634810287246767e-01
9.999750217556409027e-01
9.999810713277834662e-01
9.999843486943087445e-01
9.999862526268035179e-01
9.999874798422685451e-01
9.999883676478409367e-01
9.999890758719706119e-01
9.999896795805707228e-01
9.999902145188153124e-01
9.999906985797133441e-01
9.999911416121202157e-01
9.999915497762791317e-01
9.999919274415567383e-01
9.999922780116127230e-01
9.999926042916481572e-01
9.999929086524339539e-01
9.999931930593879414e-01
9.999934588877705810e-01
9.999937063206536525e-01
9.999939332450977769e-01
9.999941342688912771e-01
9.999943014227549165e-01
9.999944276664545217e-01
