3.065529254562307869e+03 1.002540002660579299e+00 1.869120118592215024e-02 1.998888739926732342e+03
3.065537599663220590e+03 9.980179592139218903e-01 1.865347086827833997e-02 1.990717980423374229e+03
3.065545944764133765e+03 9.935080753948776211e-01 1.861727664367229806e-02 1.982547220919570464e+03
3.065554289865046485e+03 9.891475770376799703e-01 1.852202463485230072e-02 1.974650820253266829e+03
3.065562634965959205e+03 9.961302851328301955e-01 1.856124095642610466e-02 1.989384841942227695e+03
3.065570980066872380e+03 1.009782972435044002e+00 1.869852538548886015e-02 2.017439624736748101e+03
3.065579325167785100e+03 1.007791630858261067e+00 1.868922604479292260e-02 2.014232196203285639e+03
3.065587670268697821e+03 9.951116196938203373e-01 1.858392850573710106e-02 1.989634688972335880e+03
3.065596015369610996e+03 9.957344899799451809e-01 1.865262598691650245e-02 1.991610347401914623e+03
3.065604360470523716e+03 1.002820270135241554e+00 1.878833900882700275e-02 2.006502747188396597e+03
3.065612705571436436e+03 1.008819674155664758e+00 1.881836417419020455e-02 2.019215269604576179e+03
3.065621050672349611e+03 1.012684657949854516e+00 1.878178516483312507e-02 2.027647062337206307e+03
3.065629395773262331e+03 1.011743613635081473e+00 1.871955757848924040e-02 2.026442689021378101e+03
3.065637740874175051e+03 1.014387364154664350e+00 1.873153698990314905e-02 2.032404332607449078e+03
3.065646085975088226e+03 1.013943730545100230e+00 1.877087859419592636e-02 2.032166584599963244e+03
3.065654431076000947e+03 1.007736210602410365e+00 1.874585300360013737e-02 2.020357697254627055e+03
3.065662776176913667e+03 1.002319278275839665e+00 1.865653389321032113e-02 2.010111990872052502e+03
3.065671121277826842e+03 9.944653080996681549e-01 1.853302022572262883e-02 1.994956504192899956e+03
3.065679466378739562e+03 9.908710492279586557e-01 1.849385943247808944e-02 1.988325344688988480e+03
3.065687811479652737e+03 9.927205576641885409e-01 1.851073632309350667e-02 1.992602945297309816e+03
3.065696156580565457e+03 9.950945071392311991e-01 1.853908964350373112e-02 1.997921822188010538e+03
3.065704501681478177e+03 9.998991032223940589e-01 1.860510457195096307e-02 2.008111169013674498e+03
3.065712846782391352e+03 1.001942773928287123e+00 1.862382569459948914e-02 2.012745852312531042e+03
3.065721191883304073e+03 9.987986359101110878e-01 1.856470966154050856e-02 2.006945082999418901e+03
3.065729536984216793e+03 9.926637576935096741e-01 1.845841261593340540e-02 1.995116918325882125e+03
3.065737882085129968e+03 9.856402685214488146e-01 1.835904489254333583e-02 1.981483265453993909e+03
3.065746227186042688e+03 9.901095813109157540e-01 1.843791133767432727e-02 1.990940141909557269e+03
3.065754572286955408e+03 1.004543053089749005e+00 1.864048540705563056e-02 2.020429422062887170e+03
3.065762917387868583e+03 1.007725647502194510e+00 1.861550242490806958e-02 2.027285376012947836e+03
3.065771262488781304e+03 9.993641850297199092e-01 1.840367580864017694e-02 2.010902876927221769e+03
3.065779607589694024e+03 9.943335617590809417e-01 1.834174190133542118e-02 2.001204539558373654e+03
3.065787952690607199e+03 9.980180906316201694e-01 1.844423358144966357e-02 2.009033716818449193e+03
3.065796297791519919e+03 1.005267165070517832e+00 1.851511434777791329e-02 2.024030906765886812e+03
3.065804642892432639e+03 1.008820807229516614e+00 1.851796857065167792e-02 2.031580050432751477e+03
3.065812987993345814e+03 1.005405660723921013e+00 1.845914657218819185e-02 2.025083669852117509e+03
3.065821333094258534e+03 9.966888984443504906e-01 1.832637682748215063e-02 2.007892742278586411e+03
3.065829678195171255e+03 9.951218269794425142e-01 1.826957426500135442e-02 2.005090256757539919e+03
3.065838023296084430e+03 1.005673229010155767e+00 1.836958073786921011e-02 2.026697476250257296e+03
3.065846368396997150e+03 1.007827354478435078e+00 1.837722051779923371e-02 2.031375239712184339e+03
3.065854713497909870e+03 9.919537355077123753e-01 1.814462654038045616e-02 1.999700951658813665e+03
3.065863058598823045e+03 9.798706573483051407e-01 1.793493717556349579e-02 1.975648573042432872e+03
3.065871403699735765e+03 9.832130414414734787e-01 1.789937176861156054e-02 1.982684435808806938e+03
3.065879748800648485e+03 9.907204098897458566e-01 1.793626887104837753e-02 1.998112122574037585e+03
3.065888093901561660e+03 9.935004845120062322e-01 1.794694651327389395e-02 2.003998508263482790e+03
3.065896439002474381e+03 9.923996631247151701e-01 1.792876369304263751e-02 2.002047181166496784e+03
3.065904784103387101e+03 9.920498640625392550e-01 1.798701628072155514e-02 2.001600722500466418e+03
3.065913129204300276e+03 9.906500790853349780e-01 1.803535416950112491e-02 1.999025646750602846e+03
3.065921474305212996e+03 9.882518164851807896e-01 1.802884130500424092e-02 1.994425309443377955e+03
3.065929819406125716e+03 9.887155663460902577e-01 1.803526840087586736e-02 1.995591097281130260e+03
3.065938164507038891e+03 9.891024545973646775e-01 1.801617576754130368e-02 1.996592767103236383e+03
3.065946509607951612e+03 9.903077133608867433e-01 1.800847104441204161e-02 1.999237711756622275e+03
3.065954854708864787e+03 9.965092253209867357e-01 1.807183994546672848e-02 2.011961766314957686e+03
3.065963199809777507e+03 9.997853339788956850e-01 1.814189393359258440e-02 2.018772541622215613e+03
3.065971544910690227e+03 9.967221836522609513e-01 1.816766413031906113e-02 2.012774467705038205e+03
3.065979890011603402e+03 9.946174626676417274e-01 1.814652901573712493e-02 2.008702424230858014e+03
3.065988235112516122e+03 9.933424456112368572e-01 1.800723037422078884e-02 2.006297144728185685e+03
3.065996580213428842e+03 9.944511093994261586e-01 1.792126068964294133e-02 2.008698131171865043e+03
3.066004925314342017e+03 9.985113216800951541e-01 1.801361034331669386e-02 2.017053804715563501e+03
3.066013270415254738e+03 9.989268921782088473e-01 1.807079104714178278e-02 2.018039920895551859e+03
3.066021615516167458e+03 9.995874023639153005e-01 1.817034197731846878e-02 2.019513326197083416e+03
3.066029960617080633e+03 1.002720096953108042e+00 1.832306617561100734e-02 2.025974365729454803e+03
3.066038305717993353e+03 1.019366159514837777e+00 1.869076202997330474e-02 2.059733948286507257e+03
3.066046650818906073e+03 1.033480531151203863e+00 1.896834163400053230e-02 2.088374340134140766e+03
3.066054995919819248e+03 1.010891656517275861e+00 1.837475331248351190e-02 2.042839627026552989e+03
3.066063341020731968e+03 9.869235332032835206e-01 1.780893019372629602e-02 1.994505752011781624e+03
3.066071686121644689e+03 9.826363534495380359e-01 1.769201729315741239e-02 1.985936189155118655e+03
3.066080031222557864e+03 9.841627395308454318e-01 1.764297000766254508e-02 1.989109253571025647e+03
3.066088376323470584e+03 9.909506310092277559e-01 1.784359718143822826e-02 2.002910809400136259e+03
3.066096721424383304e+03 9.940581146149379821e-01 1.801349051174116686e-02 2.009268101747491528e+03
3.066105066525296479e+03 9.851198679278333481e-01 1.786818902966390635e-02 1.991271143267697425e+03
3.066113411626209199e+03 9.849031404394779088e-01 1.778880023419692619e-02 1.990896899558432779e+03
3.066121756727121920e+03 9.968072589299902253e-01 1.786321328846048398e-02 2.015018874456558251e+03
3.066130101828035095e+03 9.959051670444777349e-01 1.782230265767625194e-02 2.013248468396413045e+03
3.066138446928947815e+03 9.805843160428505678e-01 1.768988628691261014e-02 1.982323914789406444e+03
3.066146792029860535e+03 9.664434202143236119e-01 1.756907203167490730e-02 1.953778166569894665e+03
3.066155137130773710e+03 9.697337933356759976e-01 1.761325674494363530e-02 1.960466286101784590e+03
3.066163482231686430e+03 9.791904625489216141e-01 1.773072605804749610e-02 1.979616090537129821e+03
3.066171827332599150e+03 9.793729028911695167e-01 1.767963724856190522e-02 1.980011868757105731e+03
3.066180172433512325e+03 9.760744944974412141e-01 1.758929658072058699e-02 1.973365695777335986e+03
3.066188517534425046e+03 9.659168215237360355e-01 1.754319878255153342e-02 1.952847203843397892e+03
3.066196862635337766e+03 9.553431605821258721e-01 1.746835413963678668e-02 1.931483121776515873e+03
3.066205207736250941e+03 9.600239863854277411e-01 1.751935218130409519e-02 1.940955950933025633e+03
3.066213552837163661e+03 9.622020548021948949e-01 1.756107503354204652e-02 1.945364913687403714e+03
3.066221897938076836e+03 9.563431294280573258e-01 1.735645170297759124e-02 1.933521052359767509e+03
3.066230243038989556e+03 9.576932518955127982e-01 1.722613006962238000e-02 1.936248744394329606e+03
3.066238588139902276e+03 9.548813870982331142e-01 1.720312569828927676e-02 1.930558372062018407e+03
3.066246933240815451e+03 9.481888444320435427e-01 1.713265845278084606e-02 1.917018928630708388e+03
3.066255278341728172e+03 9.534104832551661968e-01 1.723752982620710070e-02 1.927564100786998551e+03
3.066263623442640892e+03 9.596154999223426296e-01 1.739733959358489776e-02 1.940094291982503591e+03
3.066271968543554067e+03 9.626311640600149211e-01 1.742471731871948065e-02 1.946173446954688643e+03
3.066280313644466787e+03 9.681625600190579828e-01 1.744199139822264627e-02 1.957335845847748942e+03
3.066288658745379507e+03 9.634417979906113594e-01 1.744129974176741177e-02 1.947768877170739643e+03
3.066297003846292682e+03 9.571162701207784895e-01 1.743336906125655603e-02 1.934955475097942781e+03
3.066305348947205403e+03 9.659191468409024095e-01 1.749132785516003055e-02 1.952724121717743856e+03
3.066313694048118123e+03 9.711493032809355164e-01 1.751110931819376340e-02 1.963267567871150277e+03
3.066322039149031298e+03 9.654797115848058331e-01 1.748798527739110764e-02 1.951774244514487236e+03
3.066330384249944018e+03 9.656122421695022551e-01 1.753971783547011304e-02 1.952008647765836486e+03
3.066338729350856738e+03 9.679177017529076998e-01 1.752542599373310347e-02 1.956633955895230883e+03
3.066347074451769913e+03 9.680759992473207953e-01 1.744677714889595818e-02 1.956917225499468941e+03
3.066355419552682633e+03 9.706347188405757276e-01 1.752884446848532868e-02 1.962051388205555440e+03
3.066363764653595354e+03 9.717169212090527308e-01 1.764227055088316357e-02 1.964199575141442665e+03
3.066372109754508529e+03 9.741919818201535408e-01 1.762093221376896321e-02 1.969162066008471811e+03
3.066380454855421249e+03 9.762869107215967901e-01 1.754611999413212275e-02 1.973355113875694769e+03
3.066388799956333969e+03 9.812359485732444764e-01 1.763802187011523706e-02 1.983316101810255986e+03
3.066397145057247144e+03 9.915923206660129940e-01 1.780375700070526909e-02 2.004205381168676922e+03
3.066405490158159864e+03 9.927807907709671476e-01 1.777145351665609593e-02 2.006563574523537682e+03
3.066413835259072584e+03 9.877412452802825094e-01 1.771121470511153456e-02 1.996333887686309026e+03
3.066422180359985759e+03 9.827919985741818687e-01 1.764512392504546251e-02 1.986287038600845335e+03
3.066430525460898480e+03 9.760918498332140647e-01 1.752926965768600992e-02 1.972702066041459148e+03
3.066438870561811200e+03 9.783834584655514144e-01 1.759602513194694073e-02 1.977290019004321493e+03
3.066447215662724375e+03 9.835498475616403224e-01 1.771049169790103045e-02 1.987687860268363238e+03
3.066455560763637095e+03 9.848709618105619956e-01 1.778138527783402686e-02 1.990314886616785316e+03
3.066463905864549815e+03 9.886470380301175531e-01 1.787392287046917980e-02 1.997903566742662179e+03
3.066472250965462990e+03 9.956129307048212640e-01 1.791014134355196213e-02 2.011938747107726158e+03
3.066480596066375711e+03 1.002298715649069027e+00 1.792098918044860920e-02 2.025408307329971649e+03
3.066488941167288885e+03 9.989261713865725811e-01 1.791560793144126792e-02 2.018553381377831556e+03
3.066497286268201606e+03 9.913913889537740998e-01 1.789859869466849107e-02 2.003289457255065372e+03
3.066505631369114326e+03 9.888919286746423731e-01 1.782381376617749730e-02 1.998202170364117364e+03
3.066513976470027501e+03 9.884045060023911589e-01 1.771519450335678689e-02 1.997182220647423037e+03
3.066522321570940221e+03 9.884409891558657568e-01 1.770806649861114690e-02 1.997222661079085810e+03
3.066530666671852941e+03 9.913824575985039633e-01 1.776910820371744096e-02 2.003134677841811026e+03
3.066539011772766116e+03 9.911433378759109125e-01 1.770497569888057968e-02 2.002622163402053047e+03
3.066547356873678837e+03 9.795971510878319632e-01 1.751674506396409467e-02 1.979266087049385987e+03
3.066555701974591557e+03 9.790256255023553900e-01 1.755424932548645817e-02 1.978086899662959240e+03
3.066564047075504732e+03 9.969416268282638161e-01 1.781201225297664517e-02 2.014263245364747490e+03
3.066572392176417452e+03 1.001994314875261916e+00 1.787976483336769715e-02 2.024452230417837882e+03
3.066580737277330172e+03 9.941208605399732834e-01 1.776586584645690678e-02 2.008527871075926214e+03
3.066589082378243347e+03 9.952026291707788408e-01 1.781709696963618486e-02 2.010699847151936865e+03
3.066597427479156067e+03 1.002600942161849140e+00 1.802520034081455183e-02 2.025636820796247775e+03
3.066605772580068788e+03 1.009126615462679233e+00 1.814442662868160153e-02 2.038813978739419326e+03
3.066614117680981963e+03 1.019279001972410725e+00 1.820122736527976168e-02 2.059321928917091100e+03
3.066622462781894683e+03 1.022743899512830179e+00 1.817921787563395175e-02 2.066322385026137908e+03
3.066630807882807403e+03 1.009956120020320647e+00 1.801459854455104287e-02 2.040490276455953790e+03
3.066639152983720578e+03 9.928204088811658501e-01 1.778552555704059415e-02 2.005877566393423422e+03
3.066647498084633298e+03 9.817407621524825156e-01 1.760849001445014342e-02 1.983504282955143481e+03
3.066655843185546019e+03 9.867586940188799449e-01 1.765158496111549069e-02 1.993658652811818229e+03
3.066664188286459193e+03 9.954934434676311339e-01 1.774535412425545106e-02 2.011327200737005569e+03
3.066672533387371914e+03 9.968418016533421300e-01 1.773087569452037882e-02 2.014076870011362416e+03
3.066680878488284634e+03 1.003880818690818133e+00 1.778723815794509486e-02 2.028329296078693005e+03
3.066689223589197809e+03 1.004812051981978760e+00 1.787100603936503385e-02 2.030246228609279569e+03
3.066697568690110529e+03 9.986179830285376591e-01 1.786943310645126154e-02 2.017771233226968434e+03
3.066705913791023249e+03 9.987613445119922773e-01 1.789044436738444419e-02 2.018106431402396538e+03
3.066714258891936424e+03 9.974892213294402898e-01 1.792432882282886039e-02 2.015586843409106677e+03
3.066722603992849145e+03 9.910182184141090866e-01 1.787460259850816302e-02 2.002567219056509202e+03
3.066730949093761865e+03 9.888018738054605850e-01 1.785000100769011666e-02 1.998150235184316443e+03
3.066739294194675040e+03 9.914796227282763885e-01 1.783114660985759062e-02 2.003629006732817970e+03
3.066747639295587760e+03 9.900960682276132019e-01 1.772839393339303501e-02 2.000906584887867666e+03
3.066755984396500935e+03 9.927326579980688681e-01 1.777142423060513315e-02 2.006314818358001276e+03
3.066764329497413655e+03 9.997762918389533349e-01 1.789711882648450242e-02 2.020636843768863855e+03
3.066772674598326375e+03 1.001660031235625414e+00 1.799182176917177300e-02 2.024537576489305138e+03
3.066781019699239550e+03 1.000550516183726701e+00 1.813333059778853354e-02 2.022395157166095260e+03
3.066789364800152271e+03 1.002013651258302440e+00 1.808767529206677452e-02 2.025459682585413930e+03
3.066797709901064991e+03 1.010254550396801676e+00 1.793221527558289813e-02 2.042232818216684791e+03
3.066806055001978166e+03 1.013776016186393125e+00 1.791407558149441318e-02 2.049474201877452288e+03
3.066814400102890886e+03 1.007895692199587412e+00 1.792819019750811760e-02 2.037715788728970438e+03
3.066822745203803606e+03 1.002649706583132572e+00 1.794883583433731430e-02 2.027245917781709068e+03
3.066831090304716781e+03 1.000465421274402633e+00 1.801377721816762451e-02 2.022973091198534348e+03
3.066839435405629501e+03 9.985537651671024806e-01 1.794313095562927868e-02 2.019258722269519239e+03
3.066847780506542222e+03 9.934761256540773910e-01 1.775624840276344638e-02 2.009148995212311547e+03
3.066856125607455397e+03 9.897523178565805768e-01 1.770279455907179320e-02 2.001783802892151471e+03
3.066864470708368117e+03 9.929128515868086424e-01 1.778254846606987585e-02 2.008350372162639815e+03
3.066872815809280837e+03 9.981479096676606488e-01 1.784809528026245345e-02 2.019122934362550041e+03
3.066881160910194012e+03 1.000706487696026548e+00 1.782600720703071337e-02 2.024491349198745866e+03
3.066889506011106732e+03 1.004455264222722910e+00 1.785771990729590614e-02 2.032277603490977981e+03
3.066897851112019453e+03 1.004252721841127904e+00 1.793618408691356747e-02 2.032078948908724897e+03
3.066906196212932628e+03 9.952111893787788377e-01 1.786039115928295118e-02 2.014001900028523323e+03
3.066914541313845348e+03 9.887782438553784914e-01 1.772676725793471963e-02 2.001209547687355098e+03
3.066922886414758068e+03 9.862317880180522245e-01 1.762110661404927073e-02 1.996290336948802178e+03
3.066931231515671243e+03 9.865760107794784295e-01 1.755493814047683065e-02 1.997231199272410322e+03
3.066939576616583963e+03 9.922195972708375278e-01 1.760662524000590479e-02 2.008911224523468036e+03
3.066947921717496683e+03 9.986958690666303262e-01 1.772051454929597994e-02 2.022290107811597409e+03
3.066956266818409858e+03 1.001346270429998686e+00 1.776080638582446664e-02 2.027934322736784907e+03
3.066964611919322579e+03 1.005598702728294880e+00 1.777880865929415410e-02 2.036835115020474859e+03
3.066972957020235299e+03 1.005240878095825519e+00 1.775174065072672447e-02 2.036409348514091107e+03
3.066981302121148474e+03 9.950962444897889503e-01 1.763308701585136751e-02 2.016164842484418386e+03
3.066989647222061194e+03 9.900677186330283375e-01 1.764050474819685299e-02 2.006291943545034428e+03
3.066997992322973914e+03 9.926319611999987469e-01 1.773648283203570208e-02 2.011815104892987620e+03
3.067006337423887089e+03 1.002289684668469016e+00 1.778575478471106086e-02 2.031729970299182696e+03
3.067014682524799809e+03 1.011281862136760079e+00 1.780550744232487631e-02 2.050313298705426405e+03
3.067023027625712984e+03 1.006476513409954254e+00 1.776363756466069546e-02 2.040935784579898154e+03
3.067031372726625705e+03 1.002170867000585996e+00 1.778364345963765261e-02 2.032579716203004182e+03
3.067039717827538425e+03 1.010286258466535747e+00 1.792508487330790601e-02 2.049428839151551074e+03
3.067048062928451600e+03 1.016362562872400455e+00 1.800421496271973829e-02 2.062158956415108150e+03
3.067056408029364320e+03 1.008940298612015507e+00 1.789911627269337793e-02 2.047512491638608708e+03
3.067064753130277040e+03 9.999273156636026005e-01 1.775627826932796999e-02 2.029643202554845629e+03
3.067073098231190215e+03 1.005415840079859180e+00 1.774758925500551435e-02 2.041219737884019651e+03
3.067081443332102936e+03 1.011458645304066373e+00 1.774180137160556031e-02 2.053939106038544196e+03
3.067089788433015656e+03 1.006457678529080413e+00 1.768551962723266535e-02 2.044245293538680016e+03
3.067098133533928831e+03 9.985030834593169313e-01 1.764450636424582525e-02 2.028559013986798163e+03
3.067106478634841551e+03 9.965588261804713133e-01 1.763283710069872209e-02 2.025091479231483845e+03
3.067114823735754271e+03 1.000933939989232524e+00 1.765113276476220142e-02 2.034479636348201893e+03
3.067123168836667446e+03 1.003485524015011121e+00 1.766653006203399573e-02 2.040177976699115561e+03
3.067131513937580166e+03 1.005080493920836648e+00 1.769847710232557575e-02 2.043946941250898362e+03
3.067139859038492887e+03 1.001598454703075847e+00 1.767439770554992198e-02 2.037403739426794573e+03
3.067148204139406062e+03 9.970490635176906258e-01 1.765580049547785940e-02 2.028698668516919497e+03
3.067156549240318782e+03 9.925084476456661475e-01 1.763854001584013939e-02 2.020020142515072394e+03
3.072562902843070333e+03 9.917524395228130007e-01 1.609349523614632405e-02 2.367086569615111330e+03
3.072570688942008474e+03 9.945133568550249548e-01 1.613541954354132807e-02 2.373968236832505227e+03
3.072578475040946159e+03 9.979760966075182926e-01 1.614538659937618179e-02 2.382515727364886516e+03
3.072586261139883845e+03 1.003056794063357460e+00 1.613383904277652936e-02 2.394917431032632066e+03
3.072594047238821986e+03 1.006503997917695958e+00 1.609627482886376304e-02 2.403410960084859653e+03
3.072601833337759672e+03 1.006791513041709774e+00 1.603337360354517224e-02 2.404350707755210351e+03
3.072609619436697358e+03 1.001476656814513921e+00 1.595307779393554531e-02 2.391900774279824873e+03
3.072617405535635498e+03 9.955234017879296404e-01 1.589500454478080457e-02 2.377914731521100293e+03
3.072625191634573184e+03 9.922340153815730757e-01 1.591407940572687682e-02 2.370281262963697372e+03
3.072632977733511325e+03 9.861583822908963626e-01 1.592393447406387913e-02 2.355982002667105917e+03
3.072640763832449011e+03 9.853740775624992843e-01 1.589316682717095697e-02 2.354315051556197432e+03
3.072648549931386697e+03 9.931787312053452776e-01 1.590388726640148617e-02 2.373163673186400047e+03
3.072656336030324837e+03 9.933831997123279134e-01 1.586556394320717822e-02 2.373846750925094966e+03
3.072664122129262523e+03 9.842744167532668786e-01 1.573406289237540626e-02 2.352266196762429900e+03
3.072671908228200209e+03 9.813015047114280742e-01 1.572245706019385555e-02 2.345341123821299334e+03
3.072679694327138350e+03 9.858093180577849335e-01 1.584692974131227117e-02 2.356289789135469618e+03
3.072687480426076036e+03 9.858603132821468495e-01 1.586298349940405000e-02 2.356581177642276543e+03
3.072695266525013722e+03 9.786820564079813378e-01 1.575400510229107640e-02 2.339585702368216516e+03
3.072703052623951862e+03 9.744610740820051076e-01 1.566859772798817954e-02 2.329653219977228218e+03
3.072710838722889548e+03 9.777375826345364729e-01 1.564369210505657873e-02 2.337640626674958639e+03
3.072718624821827689e+03 9.791337449730482811e-01 1.565244144137766316e-02 2.341129173173119852e+03
3.072726410920765375e+03 9.751574207691060536e-01 1.566233235076612204e-02 2.331768017363938725e+03
3.072734197019703061e+03 9.747807270716843941e-01 1.566678592475436935e-02 2.331010307606383321e+03
3.072741983118641201e+03 9.807123393886414409e-01 1.568685029746146042e-02 2.345335670849515282e+03
3.072749769217578887e+03 9.827825964556754501e-01 1.569360874608510467e-02 2.350425338748269496e+03
3.072757555316516573e+03 9.793810748822386891e-01 1.569615943802183874e-02 2.342426290481856995e+03
3.072765341415454714e+03 9.770117694596202051e-01 1.568843935201810064e-02 2.336893376969217115e+03
3.072773127514392399e+03 9.752853734192510338e-01 1.565325409718092489e-02 2.332896153807445444e+03
3.072780913613330085e+03 9.705548377162678264e-01 1.560915784086434888e-02 2.321710953174804672e+03
3.072788699712268226e+03 9.624670316738883624e-01 1.555612756400669844e-02 2.302492134491584693e+03
3.072796485811205912e+03 9.527417178736800052e-01 1.545284024226635348e-02 2.279353095621295324e+03
3.072804271910144053e+03 9.379595247361059984e-01 1.523135151544117993e-02 2.244112522423120936e+03
3.072812058009081738e+03 9.259084190611802656e-01 1.505153180295395673e-02 2.215402845683029227e+03
3.072819844108019424e+03 9.194956516104442201e-01 1.497795856947323374e-02 2.200181981482543506e+03
3.072827630206957565e+03 9.115381271190083901e-01 1.489609778235026667e-02 2.181263726887639223e+03
3.072835416305895251e+03 9.016213595295509142e-01 1.477361469788547078e-02 2.157655855292724027e+03
3.072843202404832937e+03 8.946380458101550470e-01 1.465064432397812644e-02 2.141067153402036638e+03
3.072850988503771077e+03 8.902703628905710431e-01 1.452747669398881704e-02 2.130738446029224178e+03
3.072858774602708763e+03 8.852404235852968650e-01 1.444903604887987254e-02 2.118825483038343009e+03
3.072866560701646449e+03 8.807966220010827740e-01 1.448142814169066026e-02 2.108316473673774908e+03
3.072874346800584590e+03 8.783057646206726687e-01 1.453369237649435215e-02 2.102483800432330099e+03
3.072882132899522276e+03 8.817058857844135566e-01 1.460735702590429397e-02 2.110756055746495804e+03
3.072889918998460416e+03 8.852538314410953735e-01 1.465686082919770775e-02 2.119386569006658192e+03
3.072897705097398102e+03 8.914277153787648622e-01 1.472281209118845614e-02 2.134309009890996549e+03
3.072905491196335788e+03 9.003184025833056436e-01 1.483526263235400953e-02 2.155742592895683629e+03
3.072913277295273929e+03 9.090391222372796731e-01 1.494382453911291889e-02 2.176776456083562607e+03
3.072921063394211615e+03 9.121643442225032539e-01 1.498285099667966136e-02 2.184418101457795274e+03
3.072928849493149301e+03 9.088394263495330749e-01 1.494292931510885110e-02 2.176618172290633993e+03
3.072936635592087441e+03 9.105965857863983492e-01 1.495218197189459274e-02 2.180994598697331639e+03
3.072944421691025127e+03 9.198609574322066385e-01 1.503297526631783287e-02 2.203359520439042626e+03
3.072952207789962813e+03 9.259967149843975065e-01 1.507785061795215500e-02 2.218239454224947622e+03
3.072959993888900954e+03 9.238283601815833190e-01 1.504127863916965638e-02 2.213233952532664262e+03
3.072967779987838639e+03 9.237816708013297795e-01 1.502455468732758793e-02 2.213317651179439054e+03
3.072975566086776780e+03 9.339775054021118850e-01 1.507980057758533284e-02 2.237951026372799788e+03
3.072983352185714466e+03 9.416603288525992044e-01 1.512638319385567996e-02 2.256574302556855855e+03
3.072991138284652152e+03 9.416742668567157359e-01 1.514967424266411289e-02 2.256829645023592093e+03
3.072998924383590293e+03 9.448433958878171834e-01 1.522168421974123657e-02 2.264655739599432309e+03
3.073006710482527978e+03 9.563338242626853170e-01 1.542187071495695547e-02 2.292439057786694320e+03
3.073014496581465664e+03 9.656324326056781038e-01 1.557127089416446633e-02 2.314982698700713627e+03
3.073022282680403805e+03 9.641714725537583464e-01 1.551010902537487170e-02 2.311743101963656045e+03
3.073030068779341491e+03 9.609797285074705986e-01 1.541812182769249778e-02 2.304362154228061627e+03
3.073037854878279177e+03 9.533260887250736282e-01 1.524701092641115273e-02 2.286288812725633761e+03
3.073045640977217317e+03 9.481351141238401059e-01 1.513714704354036239e-02 2.274127993257514845e+03
3.073053427076155003e+03 9.495583369124283024e-01 1.521524997302595508e-02 2.277840980228427725e+03
3.073061213175093144e+03 9.475401635371692999e-01 1.524148746260556991e-02 2.273309343282843201e+03
3.073068999274030830e+03 9.439270308186690217e-01 1.519308664617418855e-02 2.264960511938281343e+03
3.073076785372968516e+03 9.468940268127160609e-01 1.522579893493154236e-02 2.272412127177306957e+03
3.073084571471906656e+03 9.636155849309309129e-01 1.543738939673393491e-02 2.312891799952433757e+03
3.073092357570844342e+03 9.763921142789534491e-01 1.560177568890312554e-02 2.343925894341692583e+03
3.073100143669782028e+03 9.789456030247806195e-01 1.565640820321198209e-02 2.350437363939126953e+03
3.073107929768720169e+03 9.803128789670306764e-01 1.569875753601750884e-02 2.354115667604616647e+03
3.073115715867657855e+03 9.744571093202883949e-01 1.563343002791854619e-02 2.340460449431995585e+03
3.073123501966595541e+03 9.695967301949450778e-01 1.557240132528460441e-02 2.329205425219999597e+03
3.073131288065533681e+03 9.768359205191371464e-01 1.562252009220754974e-02 2.347031893355848297e+03
3.073139074164471367e+03 9.872855589312418134e-01 1.573231197084350858e-02 2.372594846205057365e+03
3.073146860263409508e+03 9.964110256808398347e-01 1.593183299192066013e-02 2.395000021596037186e+03
3.073154646362347194e+03 1.002452078749694442e+00 1.608468527570021053e-02 2.410014186714674906e+03
3.073162432461284880e+03 1.004872437382176908e+00 1.613166916506625359e-02 2.416343007938658047e+03
3.073170218560223020e+03 1.007331718303215107e+00 1.615867994954518772e-02 2.422782432685955428e+03
3.073178004659160706e+03 9.982740542317539711e-01 1.597204426241542047e-02 2.401532284928233821e+03
3.073185790758098392e+03 9.888661508552352153e-01 1.579584832195475227e-02 2.379442820544774349e+03
3.073193576857036533e+03 9.901393263597433325e-01 1.577112353706834266e-02 2.383062655303504926e+03
3.073201362955974218e+03 9.917916959872294935e-01 1.575841102745083322e-02 2.387608829896708357e+03
3.073209149054911904e+03 9.972446912227481697e-01 1.586041078083039527e-02 2.401320144820677342e+03
3.073216935153850045e+03 1.003233954559616947e+00 1.595603123371852616e-02 2.416340520982270391e+03
3.073224721252787731e+03 1.002134871026911123e+00 1.588084734869166237e-02 2.414301636794504702e+03
3.073232507351725872e+03 1.000813017466960275e+00 1.582357766434221852e-02 2.411734481828086246e+03
3.073240293450663557e+03 1.002450678066023615e+00 1.589729536191449716e-02 2.416308619042560167e+03
3.073248079549601243e+03 1.003579855735097448e+00 1.594775364577841539e-02 2.419667614016715561e+03
3.073255865648539384e+03 1.003155708037904326e+00 1.591978121932797682e-02 2.419290131648295755e+03
3.073263651747477070e+03 1.001847897342553084e+00 1.590220908807875658e-02 2.416788042169635446e+03
3.073271437846414756e+03 9.982165849484307962e-01 1.588028666015707524e-02 2.408684708681190841e+03
3.073279223945352896e+03 9.972104679112443471e-01 1.586690057643209625e-02 2.406919339430934087e+03
3.073287010044290582e+03 9.985758369886912345e-01 1.586645076651630945e-02 2.410884042284726092e+03
3.073294796143228268e+03 9.973518214865855214e-01 1.586466504735501923e-02 2.408602546858475762e+03
3.073302582242166409e+03 1.000801383264672939e+00 1.596257020145803660e-02 2.417613999603391221e+03
3.073310368341104095e+03 1.006887006025628306e+00 1.607383094845330970e-02 2.433004035331067826e+03
3.073318154440042235e+03 1.004940034158273932e+00 1.605900740523768383e-02 2.428990885472919217e+03
3.073325940538979921e+03 1.000335939862145862e+00 1.600776017969063672e-02 2.418553886011654413e+03
3.073333726637917607e+03 9.988794626531901644e-01 1.590158078307149156e-02 2.415725307794759829e+03
3.073341512736855748e+03 9.997792436923702564e-01 1.583719599565400898e-02 2.418596719956586639e+03
3.073349298835793434e+03 1.001621467445103164e+00 1.594489650898923278e-02 2.423751283859298383e+03
3.073357084934731120e+03 1.001913983686597565e+00 1.602915176493086707e-02 2.425158093574369104e+03
3.073364871033669260e+03 1.002873295417488819e+00 1.601556996422441245e-02 2.428179985699390727e+03
3.073372657132606946e+03 1.005889395367463246e+00 1.602181664550282950e-02 2.436184237688020403e+03
3.073380443231544632e+03 1.011869949145467462e+00 1.609371228019966168e-02 2.451373501578174910e+03
3.073388229330482773e+03 1.014029791651515966e+00 1.613157785890248844e-02 2.457310801610288763e+03
3.073396015429420459e+03 1.001079200048915707e+00 1.600069275146748932e-02 2.426621237994410876e+03
3.073403801528358599e+03 9.907125889327639268e-01 1.589871173931432444e-02 2.402176492145193151e+03
3.073411587627296285e+03 9.993793236788534040e-01 1.600875782215539778e-02 2.423877447063542149e+03
3.073419373726233971e+03 1.008651440558335555e+00 1.611642334783748229e-02 2.447055213274786183e+03
3.073427159825172112e+03 1.009432138486566100e+00 1.611906791918507609e-02 2.449634728519343753e+03
3.073434945924109797e+03 1.007761089501002294e+00 1.610040709768137401e-02 2.446258931642117204e+03
3.073442732023047483e+03 9.996734428766753666e-01 1.598510830119014708e-02 2.427295310475654333e+03
3.073450518121985624e+03 9.915517523456578441e-01 1.587730190949709561e-02 2.408232198195166347e+03
3.073458304220923310e+03 9.871744533148922862e-01 1.586807600242077024e-02 2.398248472393728662e+03
3.228695194438641465e+03 1.010882389993049246e+00 1.053418794740575322e-02 4.955055150153866634e+03
3.228704566992624677e+03 1.009090563454083878e+00 1.052489661086173159e-02 4.947349370049842037e+03
3.228713939546607889e+03 1.007723780116012824e+00 1.050462317835318925e-02 4.941724111467423427e+03
3.228723312100590647e+03 1.004569010602610613e+00 1.045990359785938656e-02 4.927326013775995307e+03
3.228732684654573859e+03 1.001409251148423607e+00 1.040586166141398324e-02 4.912896699869759686e+03
3.228742057208556616e+03 1.000520663318275050e+00 1.037948722799754420e-02 4.909605393449433905e+03
3.228751429762539829e+03 1.001481198320040233e+00 1.039133001212068710e-02 4.915387902900869449e+03
3.228760802316523041e+03 1.002237075304873049e+00 1.039799954986396144e-02 4.920167758983163367e+03
3.228770174870505798e+03 1.002457386720430943e+00 1.040354673153270210e-02 4.922319466431117689e+03
3.228779547424489010e+03 1.002924404297331318e+00 1.041106084479039018e-02 4.925683297314059018e+03
3.228788919978471768e+03 1.005525301842984165e+00 1.042066616947239302e-02 4.939530571972407415e+03
3.228798292532454980e+03 1.008683683817655607e+00 1.043630140512378894e-02 4.956122574760283896e+03
3.228807665086438192e+03 1.010197408993191992e+00 1.044107145462318080e-02 4.964638616893642393e+03
3.228817037640420949e+03 1.010047668988098390e+00 1.042641811667186988e-02 4.964980976882807227e+03
3.228826410194404161e+03 1.006447267595952599e+00 1.036358571637217146e-02 4.948357294277509936e+03
3.228835782748386919e+03 1.003759714710792617e+00 1.031366296251556673e-02 4.936215063236793867e+03
3.228845155302370131e+03 1.003408812278758999e+00 1.030168307396906423e-02 4.935560594799258979e+03
3.228854527856352888e+03 1.001455644237073894e+00 1.027688537736819001e-02 4.927022453258688984e+03
3.228863900410336100e+03 9.951371900548215965e-01 1.022123165035292158e-02 4.896998880936516798e+03
3.228873272964319312e+03 9.903523813703959400e-01 1.016911627550537434e-02 4.874510415215694593e+03
3.228882645518302070e+03 9.935821760342347098e-01 1.014320393719351024e-02 4.891468134725509117e+03
3.228892018072285282e+03 9.974918731837999486e-01 1.013337539985749089e-02 4.911780678993056426e+03
3.228901390626268039e+03 9.968038262177227882e-01 1.012254521375308483e-02 4.909456768042700787e+03
3.228910763180251251e+03 9.953030697600988574e-01 1.010196679412489300e-02 4.903127764852971268e+03
3.228920135734234464e+03 9.995363816531154244e-01 1.013374066125605211e-02 4.925049225251313146e+03
3.228929508288217221e+03 1.004234314370128223e+00 1.016649337409613468e-02 4.949269561871360565e+03
3.228938880842200433e+03 1.007999562756557221e+00 1.018163512236260060e-02 4.968902290690521113e+03
3.228948253396183190e+03 1.011342304489488919e+00 1.019805526401823710e-02 4.986459874211739589e+03
3.228957625950166403e+03 1.002275497468614329e+00 1.012888261298199380e-02 4.942825617355111717e+03
3.228966998504149615e+03 9.925325328195498953e-01 1.005304497925857410e-02 4.895836738913298177e+03
3.228976371058132372e+03 9.934929839045497646e-01 1.005988726831232027e-02 4.901634916438254550e+03
3.228985743612115584e+03 9.947960027662928750e-01 1.007143778362233622e-02 4.909125650239038805e+03
3.228995116166098342e+03 9.865324404942132919e-01 1.000694031589330867e-02 4.869399727911541049e+03
3.229004488720081554e+03 9.784806889269195285e-01 9.941588740618593698e-03 4.830701859354121552e+03
3.229013861274064311e+03 9.696976297040443837e-01 9.847292808936081859e-03 4.788375595986850385e+03
3.229023233828047523e+03 9.598152404006576877e-01 9.743503054909856756e-03 4.740600904808423365e+03
3.229032606382030735e+03 9.522387141290084012e-01 9.703913485247272694e-03 4.704196409563650377e+03
3.229041978936013493e+03 9.452341863307044401e-01 9.672731219649092702e-03 4.670602103390518096e+03
3.229051351489996705e+03 9.431906829001950321e-01 9.620716991337579377e-03 4.661511609166300332e+03
3.229060724043979462e+03 9.419749450100650678e-01 9.570982322968537778e-03 4.656508683927999300e+03
3.229070096597962674e+03 9.451191379458445674e-01 9.604262228972105728e-03 4.673060466801959592e+03
3.229079469151945887e+03 9.508788497790486849e-01 9.660505739714891557e-03 4.702553963624024618e+03
3.229088841705928644e+03 9.560821961006134018e-01 9.689537558498271738e-03 4.729307668424701660e+03
3.229098214259911856e+03 9.580615311752167518e-01 9.694416938310969692e-03 4.740121310575394091e+03
3.229107586813894613e+03 9.499920182450654060e-01 9.634968213806846191e-03 4.701210602215245672e+03
3.229116959367877826e+03 9.411868144033830319e-01 9.572486448596550374e-03 4.658641177436785256e+03
3.229126331921861038e+03 9.432027344784237322e-01 9.598718635793576648e-03 4.669626383008588164e+03
3.229135704475843795e+03 9.480409018804221155e-01 9.647151874262739971e-03 4.694591342334162618e+03
3.229145077029827007e+03 9.481211144431843652e-01 9.626502941311291389e-03 4.696000697862204106e+03
3.229154449583809765e+03 9.473466951377393919e-01 9.592730152261898235e-03 4.693176359581354518e+03
3.229163822137792977e+03 9.518439411762632529e-01 9.614572393649540097e-03 4.716471941582838554e+03
3.229173194691776189e+03 9.566222251790519326e-01 9.639531619917998673e-03 4.741169993805155173e+03
3.229182567245758946e+03 9.596398748811113544e-01 9.643855083822410607e-03 4.757150388338209268e+03
3.229191939799742158e+03 9.626534839940611432e-01 9.650486235551630071e-03 4.773117191340394129e+03
3.229201312353724916e+03 9.636936745222290934e-01 9.679197632105000781e-03 4.779303536079971309e+03
3.229210684907708128e+03 9.643854080065910050e-01 9.712175684324203181e-03 4.783763605901172923e+03
3.229220057461690885e+03 9.650662598330005393e-01 9.705709669214461488e-03 4.788171163332428478e+03
3.229229430015674097e+03 9.649294626537319175e-01 9.681672171663274415e-03 4.788522540327264323e+03
3.229238802569657310e+03 9.637499447562896115e-01 9.654687813375100250e-03 4.783697945620795508e+03
3.229248175123640067e+03 9.639043462113315863e-01 9.643277000592651374e-03 4.785493338416020379e+03
3.229257547677623279e+03 9.666816325118489095e-01 9.667762669849097948e-03 4.800313690290295199e+03
3.229266920231606036e+03 9.688974031889474592e-01 9.692076137837410746e-03 4.812351017868840245e+03
3.229276292785589249e+03 9.700683534945139241e-01 9.711772735948439803e-03 4.819202513211673249e+03
3.229285665339572461e+03 9.713826885327525584e-01 9.730576560189932098e-03 4.826768982686878189e+03
3.229295037893555218e+03 9.731564693997584170e-01 9.734393782427755437e-03 4.836621720210790954e+03
3.229304410447538430e+03 9.750916739963052526e-01 9.735758184836176485e-03 4.847280698791428222e+03
3.229313783001521188e+03 9.803221781115175615e-01 9.756292346729155546e-03 4.874328598825406516e+03
3.229323155555504400e+03 9.858345016403101679e-01 9.778318018854287308e-03 4.902789221253467986e+03
3.229332528109487612e+03 9.874474071261716279e-01 9.804014911725583703e-03 4.911864717639193259e+03
3.229341900663470369e+03 9.885934214614950921e-01 9.833447253998473664e-03 4.918620700214669341e+03
3.229351273217453581e+03 9.880897902478270600e-01 9.823830366890294596e-03 4.917169767161118216e+03
3.229360645771436339e+03 9.876313967395925486e-01 9.813793257303483550e-03 4.915942929849453321e+03
3.229370018325419551e+03 9.916458842065707380e-01 9.843761817262292046e-03 4.936983688502640689e+03
3.229379390879402763e+03 9.959264089512817053e-01 9.868337881385927379e-03 4.959357788982685634e+03
3.229388763433385520e+03 9.989907017453198979e-01 9.878378123639189323e-03 4.975683329611256340e+03
3.229398135987368732e+03 1.001775121874149077e+00 9.891727702961214744e-03 4.990621149261814935e+03
3.229407508541351490e+03 1.002673966321927512e+00 9.893509334413429224e-03 4.996169381693358446e+03
3.229416881095334702e+03 1.002815999659474322e+00 9.886774620770876626e-03 4.997947652522819226e+03
3.229426253649317459e+03 9.995764136050149240e-01 9.844109241408617247e-03 4.982868919910037221e+03
3.229435626203300671e+03 9.954762484193302452e-01 9.789466646614891979e-03 4.963492381680623112e+03
3.229444998757283884e+03 9.955108832963269760e-01 9.774994885812250331e-03 4.964727815040852875e+03
3.229454371311266641e+03 9.972687246541457329e-01 9.780148198176883551e-03 4.974558991782760131e+03
3.229463743865249853e+03 9.980903763803918860e-01 9.784544731775625392e-03 4.979723036930225135e+03
3.229473116419232610e+03 9.994909077009803688e-01 9.804804903349990594e-03 4.987777629714155410e+03
3.229482488973215823e+03 1.001556162549131157e+00 9.807904018667174678e-03 4.999153104236872423e+03
3.229491861527199035e+03 1.002790964175937605e+00 9.781109875044970148e-03 5.006386989352851742e+03
3.229501234081181792e+03 1.003165550847150422e+00 9.773328697363846754e-03 5.009328009611679590e+03
3.229510606635165004e+03 1.002561542705630471e+00 9.770930866582112212e-03 5.007382151436619097e+03
3.229519979189147762e+03 1.001349290636551315e+00 9.750043698199845066e-03 5.002396426336835248e+03
3.229529351743130974e+03 1.000357957038514378e+00 9.731354712314241664e-03 4.998511981482261945e+03
3.229538724297114186e+03 1.001562997415309075e+00 9.747820714943438575e-03 5.005602437934550835e+03
3.229548096851096943e+03 1.004641612653714988e+00 9.780324563644896343e-03 5.022061202737592794e+03
3.229557469405080155e+03 1.005334788295241699e+00 9.774137811764021036e-03 5.026599519199955466e+03
3.229566841959062913e+03 1.004093646945966034e+00 9.752811235034781687e-03 5.021465808928336628e+03
3.229576214513046125e+03 1.005591612874539464e+00 9.770434513863319667e-03 5.030030630537724392e+03
3.229585587067028882e+03 1.008450466469592577e+00 9.801328541029500491e-03 5.045407346380672607e+03
3.229594959621012094e+03 1.007695065467554940e+00 9.794334848708679750e-03 5.042703727275833444e+03
3.229604332174995307e+03 1.005287581224057591e+00 9.776253501696545792e-03 5.031729383150627655e+03
3.229613704728978064e+03 1.004194815207742675e+00 9.758960153629493359e-03 5.027331813733542731e+03
3.229623077282961276e+03 1.004113264991113530e+00 9.736397916855384083e-03 5.027995471880671175e+03
3.229632449836944033e+03 1.004921906743338367e+00 9.730630540215437149e-03 5.033117452343136392e+03
3.229641822390927246e+03 1.005150474316147235e+00 9.719537535029906111e-03 5.035335258113123928e+03
3.229651194944910458e+03 1.006390699922038445e+00 9.725140931098953320e-03 5.042622566964081670e+03
3.229660567498893215e+03 1.009752331849504081e+00 9.766470865746237906e-03 5.060544309766473816e+03
3.229669940052876427e+03 1.006424241110857931e+00 9.734855214670884091e-03 5.044939413661009894e+03
3.229679312606859185e+03 9.977174124480034934e-01 9.641735156467644632e-03 5.002359474557917565e+03
3.241440839316781421e+03 9.990693423210922353e-01 6.537617330472406292e-03 4.958971454777971303e+03
3.241449170311027956e+03 1.001094430744865260e+00 6.551540523494045649e-03 4.967385351180082580e+03
3.241457501305274036e+03 1.001100894631520744e+00 6.553964869961732657e-03 4.965838244649303306e+03
3.241465832299520571e+03 9.984638621982777629e-01 6.537786611973466118e-03 4.951240414392521416e+03
3.241474163293766651e+03 9.967015561613118413e-01 6.525832544323316095e-03 4.941044053873214580e+03
3.241482494288013186e+03 9.971761403143439839e-01 6.540555636986051559e-03 4.941995271262751885e+03
3.241490825282259266e+03 9.976603047522490941e-01 6.558200187974983809e-03 4.943048570119450233e+03
3.241499156276505801e+03 9.978673763122793972e-01 6.561146279289987310e-03 4.942783377701654899e+03
3.241507487270751881e+03 9.980401342315904367e-01 6.559281900439785373e-03 4.942402449505763798e+03
3.241515818264997961e+03 9.978191990838968239e-01 6.548166185657580685e-03 4.940126057842055161e+03
3.241524149259244496e+03 9.975237707419593036e-01 6.539745035007992618e-03 4.937534915942092994e+03
3.241532480253490576e+03 9.966944833988120589e-01 6.534044657117718015e-03 4.932355336281475502e+03
3.241540811247737111e+03 9.960236591729145772e-01 6.527910321067111749e-03 4.928013685571183487e+03
3.241549142241983191e+03 9.984689628742825507e-01 6.548830220867414044e-03 4.939139467798120677e+03
3.241557473236229725e+03 1.000472603805958594e+00 6.569047604879086656e-03 4.948127241542702905e+03
3.241565804230475806e+03 9.979170503454632968e-01 6.555695100447238473e-03 4.934617058510667448e+03
3.241574135224721886e+03 9.954916068373299565e-01 6.542672108039075327e-03 4.921804212189721511e+03
3.241582466218968420e+03 9.954288334444284514e-01 6.533652585436228177e-03 4.920723658303367301e+03
3.241590797213214501e+03 9.956302397372791546e-01 6.521397539252920920e-03 4.920997291034549562e+03
3.241599128207461035e+03 9.932537025865503244e-01 6.498957773092240917e-03 4.908578402949155134e+03
3.241607459201707115e+03 9.899843550047963125e-01 6.476398237432759615e-03 4.891797999695453655e+03
3.241615790195953650e+03 9.904694939199426562e-01 6.479432961173581078e-03 4.893617611344184297e+03
3.241624121190199730e+03 9.920606141292771518e-01 6.488628203688357604e-03 4.900946055361451727e+03
3.241632452184445810e+03 9.897036176339232272e-01 6.480142135348247734e-03 4.888815539797485144e+03
3.241640783178692345e+03 9.856150604944416971e-01 6.457060135009748750e-03 4.868179030782679547e+03
3.241649114172938425e+03 9.836298028515408909e-01 6.434737647200475773e-03 4.857977397734824081e+03
3.241657445167184960e+03 9.837437078774002863e-01 6.424353195952872686e-03 4.858186792774393325e+03
3.241665776161431040e+03 9.839453891316308765e-01 6.434040958303988492e-03 4.858871822033623175e+03
3.241674107155677575e+03 9.830351291272808600e-01 6.446761062988250537e-03 4.854107754364948960e+03
3.241682438149923655e+03 9.798238229351995399e-01 6.427079385847597401e-03 4.838023394703280246e+03
3.241690769144170190e+03 9.755315462219408262e-01 6.396130014202514036e-03 4.816643402985364446e+03
3.241699100138416270e+03 9.730620509682632591e-01 6.369090234865837710e-03 4.804303971768893462e+03
3.241707431132662350e+03 9.724348435409929658e-01 6.345126062484699250e-03 4.801099677589758357e+03
3.241715762126908885e+03 9.718516986672144364e-01 6.332981499821427850e-03 4.798151166643046963e+03
3.241724093121154965e+03 9.713073579339009944e-01 6.328549962314087077e-03 4.795431792647952534e+03
3.241732424115401500e+03 9.729932905734129944e-01 6.358510816402902256e-03 4.803760374038050941e+03
3.241740755109647580e+03 9.750730995369685239e-01 6.398178797437173611e-03 4.814069981788889891e+03
3.241749086103894115e+03 9.731074946801664405e-01 6.394037292637126321e-03 4.804442550778415352e+03
3.241757417098140195e+03 9.694183592952850814e-01 6.368987180597738586e-03 4.786340207985801499e+03
3.241765748092386275e+03 9.646922105676249970e-01 6.342067574626479055e-03 4.763151022441202258e+03
3.241774079086632810e+03 9.581494563613075499e-01 6.309321509856923721e-03 4.731024056056467089e+03
3.241782410080878890e+03 9.486375676317745365e-01 6.251941077433700519e-03 4.684265961236398653e+03
3.241790741075125425e+03 9.376613827383887267e-01 6.180961421756982210e-03 4.630304323808140907e+03
3.241799072069371505e+03 9.236364749607159919e-01 6.093471403079367237e-03 4.561311770413967679e+03
3.241807403063618040e+03 9.075495730868844424e-01 5.997286396675083515e-03 4.482156932388308633e+03
3.241815734057864120e+03 8.884865610420300541e-01 5.881603846222006535e-03 4.388320815078207488e+03
3.241824065052110200e+03 8.641376746362464667e-01 5.730570500037093264e-03 4.268388906757586483e+03
3.241832396046356735e+03 8.377715259634156419e-01 5.572583563759090503e-03 4.138498950420324945e+03
3.241840727040602815e+03 8.116777677507261979e-01 5.421557760542863522e-03 4.009957181808403675e+03
3.241849058034849349e+03 7.963942264909943392e-01 5.324445520055138409e-03 3.934826453075233076e+03
3.241857389029095430e+03 7.938188512891186654e-01 5.293820389770281451e-03 3.922498541406502227e+03
3.241865720023341964e+03 7.946682945771428308e-01 5.294881622886068659e-03 3.927115047684769706e+03
3.241874051017588044e+03 7.994255824635324581e-01 5.322130884844848871e-03 3.951068263727133854e+03
3.241882382011834579e+03 8.086673084880089402e-01 5.370526732203818876e-03 3.997214660737326085e+03
3.241890713006080659e+03 8.157183688380366116e-01 5.408553897608352201e-03 4.032563424398599636e+03
3.241899044000326739e+03 8.180639207297412119e-01 5.426138189449755851e-03 4.044676699405857107e+03
3.241907374994573274e+03 8.204335394640723811e-01 5.443628887076472876e-03 4.056932325767887050e+03
3.241915705988819354e+03 8.269951645025330755e-01 5.483613521606920012e-03 4.089942750278043150e+03
3.241924036983065889e+03 8.384241049895999609e-01 5.551763595930832816e-03 4.147056752965999294e+03
3.241932367977311969e+03 8.466170863951124614e-01 5.600834417325051967e-03 4.188198171836722395e+03
3.241940698971558504e+03 8.485015493636983708e-01 5.615619450253201556e-03 4.198157767180172414e+03
3.241949029965804584e+03 8.524130725299767786e-01 5.631200502288859211e-03 4.218169570291162017e+03
3.241957360960050664e+03 8.597710506908563532e-01 5.655748562180531666e-03 4.255263005899726522e+03
3.241965691954297199e+03 8.654616675881950938e-01 5.690348369690566808e-03 4.284132238819516715e+03
3.241974022948543279e+03 8.700964763685999914e-01 5.733010069778008214e-03 4.307800768869909007e+03
3.241982353942789814e+03 8.780878520390802411e-01 5.783168904130921162e-03 4.348114879886417839e+03
3.241990684937035894e+03 8.872636513142605486e-01 5.833467217435425733e-03 4.394325157153274631e+03
3.241999015931282429e+03 8.942969507157672027e-01 5.874895894442489462e-03 4.429954530734250511e+03
3.242007346925528509e+03 9.039312529796961204e-01 5.932355422377533390e-03 4.478498631800260227e+03
3.242015677919774589e+03 9.126416528702731013e-01 5.979142756923222675e-03 4.522497179988702555e+03
3.242024008914021124e+03 9.168409841933685689e-01 5.996730944760970440e-03 4.544168289595045280e+03
3.242032339908267204e+03 9.190908314034745841e-01 6.007626540345472645e-03 4.556197380384071948e+03
3.242040670902513739e+03 9.173149965086483393e-01 5.999426361898505498e-03 4.548284070031058036e+03
3.242049001896759819e+03 9.154834475972902785e-01 5.993744362385974161e-03 4.540104025020866175e+03
3.242057332891006354e+03 9.126763460858002830e-01 5.978704435707223389e-03 4.527093811575348809e+03
3.242065663885252434e+03 9.091813534179892242e-01 5.951925220796738802e-03 4.510676987047485454e+03
3.242073994879498514e+03 9.063867775255646242e-01 5.929706865918883338e-03 4.497739928575594604e+03
3.242082325873745049e+03 9.048799680841527193e-01 5.918753883703808602e-03 4.491199316112558336e+03
3.242090656867991129e+03 9.070090831422745747e-01 5.925815757299099373e-03 4.502715621619222475e+03
3.242098987862237664e+03 9.110545942534034047e-01 5.945898375161741758e-03 4.523761588926676268e+03
3.242107318856483744e+03 9.202294417126445358e-01 6.002006775796402648e-03 4.570299845752633701e+03
3.242115649850730279e+03 9.325389731747867339e-01 6.073246413583794842e-03 4.632437945273149126e+03
3.242123980844976359e+03 9.481747272648838321e-01 6.163695149587941277e-03 4.711137436787458682e+03
3.242132311839222893e+03 9.605857589619773984e-01 6.242306557738171169e-03 4.773852505435630519e+03
3.242140642833468974e+03 9.645066401520635546e-01 6.272156958729282680e-03 4.794398726592101411e+03
3.242148973827715054e+03 9.683834664149970628e-01 6.290261491794471582e-03 4.814741031592297077e+03
3.242157304821961588e+03 9.761593714090869289e-01 6.320943686868200212e-03 4.854488140643636143e+03
3.242165635816207669e+03 9.832886790980297498e-01 6.359696563581614288e-03 4.891041639910747108e+03
3.242173966810454203e+03 9.865257374894649267e-01 6.388542289460258372e-03 4.908250802263753940e+03
3.242182297804700283e+03 9.880714795648780635e-01 6.403204706343508003e-03 4.917054708099472009e+03
3.242190628798946818e+03 9.881342549803915354e-01 6.405387910239319048e-03 4.918484112165243459e+03
3.242198959793192898e+03 9.902727241394370106e-01 6.417630051867535129e-03 4.930250800028795311e+03
3.242207290787438978e+03 9.952423192856836298e-01 6.443362785807199046e-03 4.956123140096487987e+03
3.242215621781685513e+03 9.986240202968613699e-01 6.462671800113208020e-03 4.974099255207223905e+03
3.242223952775931593e+03 9.991149506784330336e-01 6.469089366513357774e-03 4.977682069321081144e+03
3.242232283770178128e+03 9.996988330910115961e-01 6.478370090289779781e-03 4.981729665183574980e+03
3.242240614764424208e+03 9.990944200607955183e-01 6.479925230005097528e-03 4.979855525528761973e+03
3.242248945758670743e+03 9.968866029893641567e-01 6.475357446547503996e-03 4.969985440702279448e+03
3.242257276752916823e+03 9.944003283462791165e-01 6.475584955806520243e-03 4.958720357407626580e+03
3.242265607747162903e+03 9.940465755584800833e-01 6.479388615865875646e-03 4.958084148359563187e+03
3.242273938741409438e+03 9.955071423391127494e-01 6.482885104805945903e-03 4.966495969282718761e+03
3.242282269735655518e+03 9.953193211011388541e-01 6.481891061635091170e-03 4.966682299219512061e+03
3.242290600729902053e+03 9.948562712103338201e-01 6.484118007824100395e-03 4.965490601196339412e+03
3.242298931724148133e+03 9.949001029246737904e-01 6.484247412335223532e-03 4.966823847248835591e+03
3.242307262718394668e+03 9.947920020720645295e-01 6.476013291553166240e-03 4.967393396079912236e+03
3.242315593712640748e+03 9.946799223503640652e-01 6.472006330536584848e-03 4.967937075600498247e+03
3.242323924706887283e+03 9.945311392485788327e-01 6.471693424369150648e-03 4.968290774065590085e+03
3.242332255701133363e+03 9.965374802652428032e-01 6.481955415514054769e-03 4.979405671033523504e+03
3.242340586695379443e+03 1.000070462285990169e+00 6.499893366593611013e-03 4.998147153734548738e+03
3.242348917689625978e+03 9.999516706871355298e-01 6.502576126529446138e-03 4.998633249813907241e+03
3.242357248683872058e+03 9.964481783068916965e-01 6.499513512820496303e-03 4.982186859361194365e+03
3.242365579678118593e+03 9.950245275876985485e-01 6.499604906039584476e-03 4.976124799225906827e+03
3.242373910672364673e+03 9.959523818228114278e-01 6.492434563230819675e-03 4.981811986192000404e+03
3.383130662976916483e+03 1.002398291043772538e+00 4.494636091597995452e-03 4.061177016143500168e+03
3.383139261376972172e+03 1.002691722810687525e+00 4.495328549217255699e-03 4.062041152597036671e+03
3.383147859777027861e+03 1.003315780203331897e+00 4.497347199237932205e-03 4.064254317549155985e+03
3.383156458177083096e+03 1.002782806923407932e+00 4.497140151722119408e-03 4.061790345149186578e+03
3.383165056577138785e+03 1.001403947608843215e+00 4.495184000519754537e-03 4.055910387704618188e+03
3.383173654977194019e+03 9.995577473130239365e-01 4.491754195905950896e-03 4.048148143694642386e+03
3.383182253377249708e+03 9.985944072951806749e-01 4.488845258653694804e-03 4.043971727687252042e+03
3.383190851777304943e+03 1.000499577346507740e+00 4.489794810259455961e-03 4.051420976198586686e+03
3.383199450177360632e+03 1.001773637733085476e+00 4.490430531056637149e-03 4.056323105909496007e+03
3.383208048577416321e+03 9.998916863164886148e-01 4.486045481891266611e-03 4.048455483681362693e+03
3.383216646977471555e+03 9.986404797367416375e-01 4.481260899662116437e-03 4.043151581017277749e+03
3.383225245377527244e+03 1.000681065076370002e+00 4.482139533618041682e-03 4.051183873741823845e+03
3.383233843777582479e+03 1.002635074206331911e+00 4.485431427162178686e-03 4.058873728778907207e+03
3.383242442177638168e+03 1.002455558586175854e+00 4.485913407976354315e-03 4.057935124691354758e+03
3.383251040577693857e+03 1.001940868302714449e+00 4.483511824921278775e-03 4.055648664287093197e+03
3.383259638977749091e+03 1.000925172591076828e+00 4.472982145001864161e-03 4.051343228135973732e+03
3.383268237377804780e+03 9.996157581166612571e-01 4.463047607925191458e-03 4.045857962963674254e+03
3.383276835777860015e+03 9.994953789982067294e-01 4.450715223652024904e-03 4.045193961684592068e+03
3.383285434177915704e+03 1.000072015158782079e+00 4.438333633171189126e-03 4.047359258504062382e+03
3.383294032577970938e+03 9.994126091882762353e-01 4.439091325167639386e-03 4.044530517577338287e+03
3.383302630978026627e+03 9.985986717224000220e-01 4.441809844758740945e-03 4.041084832795405418e+03
3.383311229378082317e+03 9.994156439532534408e-01 4.444680664471811239e-03 4.044247149046645063e+03
3.383319827778137551e+03 1.000131869039021293e+00 4.446209632494611819e-03 4.047009581228288880e+03
3.383328426178193240e+03 9.988239385881613197e-01 4.443137028058830214e-03 4.041589314566573194e+03
3.383337024578248474e+03 9.966883844240553847e-01 4.438191981480522907e-03 4.032828442492917020e+03
3.383345622978304164e+03 9.954766176501703701e-01 4.427718250278788771e-03 4.027813532264904097e+03
3.383354221378359398e+03 9.946645691723571270e-01 4.416664908418097522e-03 4.024423762406502647e+03
3.383362819778415087e+03 9.917782334465790051e-01 4.409684606519160069e-03 4.012649282850634336e+03
3.383371418178470776e+03 9.892902928680300523e-01 4.407200202217550870e-03 4.002494578893026301e+03
3.383380016578526011e+03 9.885123511656197515e-01 4.397217038152612285e-03 3.999265805822817129e+03
3.383388614978581700e+03 9.872118010430460666e-01 4.382376895111142652e-03 3.993930046747679626e+03
3.383397213378636934e+03 9.843408058558289486e-01 4.379731348605820848e-03 3.982248172242341752e+03
3.383405811778692623e+03 9.812991033305100697e-01 4.378380881901916370e-03 3.969883041302624406e+03
3.383414410178748312e+03 9.784989225348449393e-01 4.361219622552790949e-03 3.958502195533646955e+03
3.383423008578803547e+03 9.753337802328306827e-01 4.340744167418967257e-03 3.945651956204094404e+03
3.383431606978859236e+03 9.715123732061999862e-01 4.326091890125567663e-03 3.930153781221039480e+03
3.383440205378914470e+03 9.674593138973105466e-01 4.311408103948810577e-03 3.913725293271641021e+03
3.383448803778970159e+03 9.630738077187155355e-01 4.295834166673193587e-03 3.895958596009318171e+03
3.383457402179025394e+03 9.594861557177450928e-01 4.284513542251632695e-03 3.881425966070695267e+03
3.383466000579081083e+03 9.592156504730433575e-01 4.285271724430820238e-03 3.880318499011695167e+03
3.383474598979136772e+03 9.599995265113937526e-01 4.288314217688844049e-03 3.883482406649003678e+03
3.383483197379192006e+03 9.623918109022783218e-01 4.294153731911679039e-03 3.893158793811073338e+03
3.383491795779247695e+03 9.658182233668880512e-01 4.304481349175849451e-03 3.907024473727633449e+03
3.383500394179302930e+03 9.651912605015958713e-01 4.304279638611245747e-03 3.904498900919149946e+03
3.383508992579358619e+03 9.624777987019821346e-01 4.295852066279679839e-03 3.893538500327254951e+03
3.383517590979413853e+03 9.576313883869412846e-01 4.276221666611149282e-03 3.873955122635572479e+03
3.383526189379469542e+03 9.502009261626055414e-01 4.248084970483649234e-03 3.843923562687528829e+03
3.383534787779525232e+03 9.391986931415288176e-01 4.208435758508793055e-03 3.799447649564140647e+03
3.383543386179580466e+03 9.273133403634900018e-01 4.163986134441970306e-03 3.751403555179525938e+03
3.383551984579636155e+03 9.130872828518110662e-01 4.108998149652441471e-03 3.693894229372954214e+03
3.383560582979691389e+03 8.961360418454168419e-01 4.044293464855773686e-03 3.625363606012880155e+03
3.383569181379747079e+03 8.740719141080430798e-01 3.952841062938318960e-03 3.536151203857100882e+03
3.383577779779802768e+03 8.466305127736387659e-01 3.838407034300664582e-03 3.425186108102847356e+03
3.383586378179858002e+03 8.130291073818670666e-01 3.704824478463228463e-03 3.289300101733956581e+03
3.383594976579913691e+03 7.752824358992032039e-01 3.558741803046350585e-03 3.136642604693454359e+03
3.383603574979968926e+03 7.410046050992524780e-01 3.421999083287803525e-03 2.998017871961673336e+03
3.383612173380024615e+03 7.117003339927110428e-01 3.301649540308257153e-03 2.879514164983070259e+03
3.383620771780079849e+03 6.926469064260137865e-01 3.222516214749397007e-03 2.802484364850868133e+03
3.383629370180135538e+03 6.866048604550835099e-01 3.190720402905512960e-03 2.778100313040104083e+03
3.383637968580191227e+03 6.917584145023460973e-01 3.209560097250037641e-03 2.799018324063568798e+03
3.383646566980246462e+03 7.025547077622168457e-01 3.254729014256104586e-03 2.842772863087538553e+03
3.383655165380302151e+03 7.115644825925052652e-01 3.294533864189402427e-03 2.879303647033916604e+03
3.383663763780357385e+03 7.162931148381966873e-01 3.320784835136818443e-03 2.898515548478780147e+03
3.383672362180413074e+03 7.208732406425486516e-01 3.342360481919685097e-03 2.917130549890953262e+03
3.383680960580468309e+03 7.282718569536638098e-01 3.370085437536837151e-03 2.947155372585430996e+03
3.383689558980523998e+03 7.368913628301148044e-01 3.404110919829427158e-03 2.982125695875257406e+03
3.383698157380579687e+03 7.467562394438783668e-01 3.443978823308935233e-03 3.022141072702081146e+03
3.383706755780634921e+03 7.560270896832357312e-01 3.480381327630101274e-03 3.059757692342741848e+03
3.383715354180690611e+03 7.627455313896305267e-01 3.506648611225948991e-03 3.087049228281025535e+03
3.383723952580745845e+03 7.706017493207346636e-01 3.540082459749873539e-03 3.118950405337366647e+03
3.383732550980801534e+03 7.804566916374553465e-01 3.585625371529635886e-03 3.158946441598995079e+03
3.383741149380857223e+03 7.897922683802464094e-01 3.628786906573988353e-03 3.196845720963110580e+03
3.383749747780912458e+03 7.986556846469168303e-01 3.665250130060768684e-03 3.232839122149327522e+03
3.383758346180968147e+03 8.078695708310080770e-01 3.703656676569339664e-03 3.270256460293543114e+03
3.383766944581023381e+03 8.182750279615095268e-01 3.749120156500687726e-03 3.312502812910096509e+03
3.383775542981079070e+03 8.294584788348512427e-01 3.797391299880226341e-03 3.357904459706884154e+03
3.383784141381134305e+03 8.417520772702562493e-01 3.849604481005125881e-03 3.407806503778055230e+03
3.383792739781189994e+03 8.530003105892606241e-01 3.897268606098121951e-03 3.453482631659192521e+03
3.383801338181245683e+03 8.620865674982993720e-01 3.935324896842604114e-03 3.490411423494796054e+03
3.383809936581300917e+03 8.681496502703225371e-01 3.960322840312687984e-03 3.515104850367909421e+03
3.383818534981356606e+03 8.691071988905564316e-01 3.965045419027945529e-03 3.519129612790283772e+03
3.383827133381411841e+03 8.688313798390210341e-01 3.962952461194606431e-03 3.518162615254420416e+03
3.383835731781467530e+03 8.632408886957255723e-01 3.941036623044585734e-03 3.495675979636671400e+03
3.383844330181523219e+03 8.548129313687699016e-01 3.909129091573788385e-03 3.461698630152025089e+03
3.383852928581578453e+03 8.465800287117835055e-01 3.874854981049621373e-03 3.428510132178529147e+03
3.383861526981634142e+03 8.434495755471917988e-01 3.862321698776440080e-03 3.415985491809015912e+03
3.383870125381689377e+03 8.505606352112921043e-01 3.892939820000098413e-03 3.444941630126452765e+03
3.383878723781745066e+03 8.611396192626877832e-01 3.936273174927905176e-03 3.487948500506527125e+03
3.383887322181800300e+03 8.774828500906343143e-01 3.998310098357661137e-03 3.554309439409584229e+03
3.383895920581855989e+03 8.960480146210054730e-01 4.071955756439296116e-03 3.629678624638317160e+03
3.383904518981911679e+03 9.149941337004451336e-01 4.151262095486780990e-03 3.706599608750880634e+03
3.383913117381966913e+03 9.319324742822853169e-01 4.220817565685204380e-03 3.775395509854627107e+03
3.383921715782022602e+03 9.441452154202779612e-01 4.271398356061528387e-03 3.825054340993500773e+03
3.383930314182077836e+03 9.521727927149052917e-01 4.306540959888145725e-03 3.857762911885305584e+03
3.383938912582133526e+03 9.554851341774766027e-01 4.325666939236240578e-03 3.871371002786010649e+03
3.383947510982188760e+03 9.606229683426018573e-01 4.350022605020324035e-03 3.892378337405012189e+03
3.383956109382244449e+03 9.689972786419732698e-01 4.380765654617997835e-03 3.926503417703955620e+03
3.383964707782300138e+03 9.753312678625840615e-01 4.402969076173020649e-03 3.952364786929070760e+03
3.383973306182355373e+03 9.772665938121584128e-01 4.410042367578396842e-03 3.960403891704231683e+03
3.383981904582411062e+03 9.801575432755212924e-01 4.423971527999836194e-03 3.972317491421918930e+03
3.383990502982466296e+03 9.857097364375508874e-01 4.451779484672509050e-03 3.995018850792828744e+03
3.383999101382521985e+03 9.904275965306543750e-01 4.473469019019233120e-03 4.014341446942416951e+03
3.384007699782577674e+03 9.924885611127907126e-01 4.480638257069192651e-03 4.022897215666893317e+03
3.384016298182632909e+03 9.935689587957978741e-01 4.483787797232462700e-03 4.027479521245006254e+03
3.384024896582688598e+03 9.932280080539608313e-01 4.482333050050252808e-03 4.026300852007550930e+03
3.384033494982743832e+03 9.934443885758232895e-01 4.485165302477361025e-03 4.027381726169716785e+03
3.384042093382799521e+03 9.947590326223966217e-01 4.492687905996671331e-03 4.032915421807165330e+03
3.384050691782854756e+03 9.953614316527916728e-01 4.496153304440204945e-03 4.035562054243720013e+03
3.384059290182910445e+03 9.951649013276372413e-01 4.497012092949308724e-03 4.034969624082037171e+03
3.384067888582966134e+03 9.961980837194832628e-01 4.502369559004837200e-03 4.039363242097840157e+03
3.384076486983021368e+03 9.983447184936775631e-01 4.510358279321021076e-03 4.048272138501575228e+03
3.384085085383077057e+03 9.996421787749173449e-01 4.515779769138724212e-03 4.053738080822917254e+03
3.384093683783132292e+03 9.996890803300212403e-01 4.518869682852748315e-03 4.054132681970872454e+03
3.384102282183187981e+03 9.990972384903651360e-01 4.519660388052283012e-03 4.051936358555370589e+03
3.384110880583243215e+03 9.984565587708995604e-01 4.519629630542271008e-03 4.049541166902876284e+03
3.384119478983298904e+03 9.984199287235620002e-01 4.521948672346790682e-03 4.049595099749280507e+03
3.384128077383354594e+03 9.976013596318235033e-01 4.522933667166415678e-03 4.046476575947652691e+03
3.384136675783409828e+03 9.974607588006830783e-01 4.524250772658290273e-03 4.046107008986783967e+03
3.384145274183465517e+03 9.993160833513985430e-01 4.524887925634691298e-03 4.053833150349801144e+03
3.384153872583520752e+03 1.000122411325297334e+00 4.522479460830866778e-03 4.057303440715927536e+03
3.384162470983576441e+03 9.992540797460290891e-01 4.522604680077482557e-03 4.053978839400084325e+03
3.384171069383632130e+03 9.988613845901694877e-01 4.529612219720572167e-03 4.052582445905375607e+03
3.384179667783687364e+03 9.985137293130553759e-01 4.539921786103765997e-03 4.051367348235668942e+03
3.384188266183743053e+03 9.974807805618693957e-01 4.543040992802412255e-03 4.047370086383821217e+03
3.384196864583798288e+03 9.982848126221537388e-01 4.549090602422061445e-03 4.050825018866603841e+03
3.384205462983853977e+03 9.996323834088687299e-01 4.558182259943054093e-03 4.056484354419029387e+03
3.384214061383909211e+03 9.990579177536363931e-01 4.559038743643033069e-03 4.054342592604133642e+03
3.384222659783964900e+03 9.988734339330437306e-01 4.560888921520392034e-03 4.053781537850704808e+03
3.384231258184020589e+03 9.996029406393417416e-01 4.566026167285626262e-03 4.056928027780981211e+03
3.384239856584075824e+03 9.999610853132168131e-01 4.567804742927939615e-03 4.058565584300689352e+03
3.384248454984131513e+03 9.997161477674552099e-01 4.563813084790286669e-03 4.057753376802610546e+03
3.384257053384186747e+03 9.984465060444253082e-01 4.558189219229073948e-03 4.052779584976402930e+03
3.384265651784242436e+03 9.980773562351563655e-01 4.557588140974100019e-03 4.051458448483705979e+03
