9.999999829582897348e-01
9.999999827573968769e-01
9.999999824928458292e-01
9.999999821815633849e-01
9.999999818408480401e-01
9.999999814818327781e-01
9.999999811093979174e-01
9.999999807248747263e-01
9.999999803282263455e-01
9.999999799190242289e-01
9.999999794967378008e-01
9.999999790607955186e-01
9.999999786105926436e-01
9.999999781454895764e-01
9.999999776648096361e-01
9.999999771678367289e-01
9.999999766538120172e-01
9.999999761219313665e-01
9.999999755713414595e-01
9.999999750011361321e-01
9.999999744103524879e-01
9.999999737979662351e-01
9.999999731628872457e-01
9.999999725039536713e-01
9.999999718199266141e-01
9.999999711094826882e-01
9.999999703712088017e-01
9.999999696035921648e-01
9.999999688050129620e-01
9.999999679737345826e-01
9.999999671078922958e-01
9.999999662054828153e-01
9.999999652643491999e-01
9.999999642821677526e-01
9.999999632564304797e-01
9.999999621844273268e-01
9.999999610632249736e-01
9.999999598896430753e-01
9.999999586602282831e-01
9.999999573712238243e-01
9.999999560185349745e-01
9.999999545976903104e-01
9.999999531037966349e-01
9.999999515314870191e-01
9.999999498748617377e-01
9.999999481274182145e-01
9.999999462819715301e-01
9.999999443305584990e-01
9.999999422643272018e-01
9.999999400734043142e-01
9.999999377467377881e-01
9.999999352719042278e-01
9.999999326348749662e-01
9.999999298197124187e-01
9.999999268081622983e-01
9.999999235790280050e-01
9.999999201070839394e-01
9.999999163608865871e-01
9.999999122979410515e-01
9.999999078535362074e-01
9.999999029147952356e-01
9.999998972613246551e-01
9.999998904332010330e-01
9.999998814473106679e-01
9.999998682107928971e-01
9.999998463570274332e-01
9.999998070337663414e-01
9.999997328879129954e-01
9.999995911206760457e-01
9.999993220803113925e-01
9.999988215469854946e-01
9.999979148849404975e-01
9.999963219454468533e-01
9.999936134173318392e-01
9.999891625806631712e-01
9.999821011507108448e-01
9.999712935250372192e-01
9.999553488450696470e-01
9.999326925829512547e-01
9.999017161459496927e-01
9.998610119859578926e-01
9.998096823521329668e-01
9.997476844860878620e-01
9.996761495212045379e-01
9.995975950644928609e-01
9.995159512366946775e-01
9.994363426500161296e-01
9.993646139402951878e-01
9.993066455383861069e-01
9.992675637874017802e-01
9.992509862771978835e-01
9.992584418269658819e-01
9.992890529340570094e-01
9.993394633519626646e-01
9.994038463306063047e-01
9.994736848428273923e-01
9.995369834669771691e-01
9.995768382943079899e-01
9.995700281102823936e-01
9.994873936196633224e-01
9.992985386586652474e-01
9.989825396532538981e-01
9.985428673163805335e-01
9.980193093154235973e-01
9.974856336119684030e-01
9.970239196740207088e-01
9.966784708542056892e-01
9.964123665979738309e-01
9.961064866703670528e-01
9.956316680467895974e-01
9.949724728135490581e-01
9.943112606547308552e-01
9.939713603062046987e-01
9.942207303687253805e-01
9.950783636752211780e-01
9.962872199620855795e-01
9.974737456995497187e-01
9.983543297585247833e-01
9.988382706762053420e-01
9.989966394067260058e-01
9.989697117664932957e-01
9.988903478524089330e-01
9.988489878122750465e-01
9.988882185639449407e-01
9.990103837378077056e-01
9.991905715168665214e-01
9.993920640680364897e-01
9.995807451260643184e-01
9.997344639722379744e-01
9.998454758249277763e-01
9.999172952402531900e-01
9.999591976732131737e-01
9.999813493863655145e-01
9.999920021097992162e-01
9.999966829018142045e-01
9.999985756917084689e-01
9.999992911258016592e-01
9.999995536804697771e-01
9.999996556854118257e-01
9.999997038169817776e-01
9.999997336782339152e-01
9.999997563922127242e-01
9.999997754042191378e-01
9.999997919148400083e-01
9.999998064765485140e-01
9.999998194314182465e-01
9.999998310305295846e-01
9.999998414713395789e-01
9.999998509135976654e-01
9.999998594885707304e-01
9.999998673053478448e-01
9.999998744554470242e-01
9.999998810162795682e-01
9.999998870538069351e-01
9.999998926246043141e-01
9.999998977774861020e-01
9.999999025548003129e-01
9.999999069934673024e-01
9.999999111258232043e-01
9.999999149803089349e-01
9.999999185820376280e-01
9.999999219532651473e-01
9.999999251137823286e-01
9.999999280812446045e-01
9.999999308714495605e-01
9.999999334985723021e-01
9.999999359753664052e-01
9.999999383133351127e-01
9.999999405228789939e-01
9.999999426134223990e-01
9.999999445935245923e-01
9.999999464709741215e-01
9.999999482528727501e-01
9.999999499457077334e-01
9.999999515554162111e-01
9.999999530874400522e-01
9.999999545467768147e-01
9.999999559380218228e-01
9.999999572654083568e-01
9.999999585328405161e-01
9.999999597439248600e-01
9.999999609019969427e-01
9.999999620101462927e-01
9.999999630712375076e-01
9.999999640879297935e-01
9.999999650626927306e-01
9.999999659977999444e-01
9.999999668952082033e-01
9.999999677559316957e-01
9.999999685779256131e-01
9.999999693513502708e-01
9.999999700527296698e-01
9.999999706452549209e-01
9.999999710931679608e-01
9.999994045520306241e-01
9.999991917413235676e-01
9.999987845633272476e-01
9.999980369187635443e-01
9.999967063137658041e-01
9.999944032919646508e-01
9.999905264536935734e-01
9.999841848239395814e-01
9.999741140606009937e-01
9.999586000828438737e-01
9.999354318732209812e-01
9.999019125259169805e-01
9.998549613840623795e-01
9.997913370624686991e-01
9.997079983094016020e-01
9.996025956849674543e-01
9.994740536200324987e-01
9.993231651629650436e-01
9.991530898577763997e-01
9.989696298345414061e-01
9.987811701490373339e-01
9.985982114267609733e-01
9.984324925085619196e-01
9.982957853813683169e-01
9.981985240749136068e-01
9.981484801300340992e-01
9.981496985177407133e-01
9.982018446680083201e-01
9.982999798278622272e-01
9.984345868102113553e-01
9.985914499140248202e-01
9.987508522148741408e-01
9.988856843040069267e-01
9.989587142106295392e-01
9.989205736817607928e-01
9.987116125671136047e-01
9.982715212424104756e-01
9.975588434805804372e-01
9.965771296410379509e-01
9.953966913165457342e-01
9.941549422282660586e-01
9.930201773521650788e-01
9.921181212410536965e-01
9.914472755118632907e-01
9.908375922451416740e-01
9.900129015056342574e-01
9.887713610077664139e-01
9.872003908206290479e-01
9.857609150687252075e-01
9.851156040591595442e-01
9.857603661345848423e-01
9.877053275641632935e-01
9.904447020812657820e-01
9.932326612854118775e-01
9.954514706460655393e-01
9.968298927544553267e-01
9.974328980734125105e-01
9.975132232019432443e-01
9.973568217738161268e-01
9.971913219575274656e-01
9.971557100939537621e-01
9.973036464081053154e-01
9.976208667702345378e-01
9.980493856946540676e-01
9.985145797907208909e-01
9.989493969266367568e-01
9.993097504971648615e-01
9.995785876754577082e-01
9.997607450979268950e-01
9.998734879869785042e-01
9.999374879917953818e-01
9.999709186688715556e-01
9.999870405677273588e-01
9.999942507527144198e-01
9.999972656890752098e-01
9.999984647457464959e-01
9.999989344515030076e-01
9.999991262499117184e-01
9.999992119985149364e-01
9.999998863108304770e-01
9.999998828861180744e-01
9.999998782147160314e-01
9.999998725275398570e-01
9.999998660300009057e-01
9.999998587688720963e-01
9.999998505895015821e-01
9.999998410515531511e-01
9.999998291452472099e-01
9.999998125942863858e-01
9.999997863417180444e-01
9.999997394558790553e-01
9.999996491276008648e-01
9.999994696294791652e-01
9.999991131306622538e-01
9.999984183483163758e-01
9.999971027010745583e-01
9.999946947874442937e-01
9.999904477744050446e-01
9.999832416778142719e-01
9.999714937948267490e-01
9.999531102737353461e-01
9.999255240917401810e-01
9.998858691862305692e-01
9.998313296374379266e-01
9.997596709448826058e-01
9.996699077340100992e-01
9.995629980893746547e-01
9.994423983407233480e-01
9.993142883098968809e-01
9.991873071772536807e-01
9.990717313612562656e-01
9.989781629043374966e-01
9.989159419587083644e-01
9.988915985857502733e-01
9.989076669179810519e-01
9.989620633582283471e-01
9.990479697820286997e-01
9.991537989955886490e-01
9.992624960480644969e-01
9.993494889190257524e-01
9.993795773696760865e-01
9.993052484157739501e-01
9.990714887530612875e-01
9.986324074797160444e-01
9.979793989333907156e-01
9.971686827889304494e-01
9.963242977835825576e-01
9.955935500660866300e-01
9.950567838006554311e-01
9.946404530904991992e-01
9.941229381249775399e-01
9.932964552854491869e-01
9.922152070886259834e-01
9.913055757551582081e-01
9.911500827343637798e-01
9.920563382326328394e-01
9.937910413804140752e-01
9.957332260076727781e-01
9.972877765634415859e-01
9.981879996044118464e-01
9.985061570097567563e-01
9.984821620979480450e-01
9.983578590380532969e-01
9.982974281009284745e-01
9.983741533988350625e-01
9.985861605582574407e-01
9.988835482835489721e-01
9.991998948465732333e-01
9.994796010567047473e-01
9.996927019596567598e-01
9.998351184582424667e-01
9.999194650928304728e-01
9.999640294191216583e-01
9.999851403284398810e-01
9.999941522518114301e-01
9.999976454548713534e-01
9.999988953939139558e-01
9.999993260331819789e-01
9.999994840318551237e-01
9.999995562999288712e-01
9.999995999902215882e-01
9.999996304522709156e-01
9.999996512038569207e-01
9.992156325191252630e-01
9.990346227276951652e-01
9.987847111737835348e-01
9.984738835230310139e-01
9.981179087165539254e-01
9.977369219845875215e-01
9.973537958754861155e-01
9.969933719581595133e-01
9.966811208713876047e-01
9.964408504695456692e-01
9.962919376648181613e-01
9.962467626463522574e-01
9.963088709279015465e-01
9.964720904844268645e-01
9.967204223225942794e-01
9.970280305296626011e-01
9.973582277828270115e-01
9.976603360192122238e-01
9.978642578425985787e-01
9.978750041801249804e-01
9.975729736656571145e-01
9.968284963170009894e-01
9.955373993090524953e-01
9.936748209476355953e-01
9.913479875386619344e-01
9.888129275007138119e-01
9.864183461172435496e-01
9.844645039780619555e-01
9.830188427080697178e-01
9.817961044580568730e-01
9.802403626848287255e-01
9.778705757751433580e-01
9.747492801266883777e-01
9.717302352713208524e-01
9.701744116124754180e-01
9.711955897868124188e-01
9.749362826615312061e-01
9.804262552432161382e-01
9.861234131081786369e-01
9.907044386930565771e-01
9.935630976889646693e-01
9.948130148291487451e-01
9.949770612021613392e-01
9.946539836995158534e-01
9.943195613647624054e-01
9.942610515310162933e-01
9.945848306485230994e-01
9.952545907117331669e-01
9.961442058848379855e-01
9.970962764122541788e-01
9.979733129041118422e-01
9.986887645842578154e-01
9.992132954539654222e-01
9.995619244907809620e-01
9.997731761978624343e-01
9.998903426996369470e-01
9.999500018804048374e-01
9.999779522855509750e-01
9.999900126581779958e-01
9.999970234815571679e-01
9.999953788738850102e-01
9.999922930556289780e-01
9.999867764018600669e-01
9.999772720760885525e-01
9.999614131203513612e-01
9.999357482324815471e-01
9.998954681718132953e-01
9.998341878980997466e-01
9.997438675208146774e-01
9.996149768780471234e-01
9.994370123767858383e-01
9.991994499162579757e-01
9.988931567240149079e-01
9.985121877820322123e-01
9.980557712013481408e-01
9.975301668350258222e-01
9.969499990295246361e-01
9.963386544265910860e-01
9.957274247839441594e-01
9.951532652408747737e-01
9.946553022322648374e-01
9.942705055640719269e-01
9.940291617171614913e-01
9.939508753668649943e-01
9.940417238031176161e-01
9.942928601867959681e-01
9.946803073639411963e-01
9.951649727013260893e-01
9.956912662355649202e-01
9.961826154304684877e-01
9.965334390293234534e-01
9.966005111151798879e-01
9.962018157762951853e-01
9.951353635420449040e-01
9.932289073644601229e-01
9.904189758476902306e-01
9.868342957214043532e-01
9.828343514022497285e-01
9.789467817356987123e-01
9.756760114951530394e-01
9.732271516507493558e-01
9.712860353337791075e-01
9.690588805475363054e-01
9.657057434998223000e-01
9.610421747702393436e-01
9.560561974314124578e-01
9.527188177071488351e-01
9.529937718295042881e-01
9.576337095320529569e-01
9.656402741038505599e-01
9.747918660618590803e-01
9.828103940643131420e-01
9.883322583360266700e-01
9.911696418565678623e-01
9.919615600896500851e-01
9.916398919385356336e-01
9.910391768309291249e-01
9.907264158073264548e-01
9.909777937706992779e-01
9.918218935657149293e-01
9.931120748434802969e-01
9.946137572868045673e-01
9.960901105952342238e-01
9.973652868056758214e-01
9.983515798549089659e-01
9.990420426283610489e-01
9.994824494804303017e-01
9.997395485461735287e-01
9.998773791697896929e-01
9.999454372857627948e-01
9.999764956348151657e-01
9.999896655285487324e-01
9.999949124839996317e-01
9.999969274116081719e-01
9.999977162600763858e-01
9.999980612787644496e-01
9.999982409896055469e-01
9.999983468019786326e-01
