3.065537720943459135e+03 9.958017451759609839e-01 1.424415583755176198e-02 2.554432926205202421e+03
3.065546071756175479e+03 9.955162139467097493e-01 1.420009698650184261e-02 2.553584303446396007e+03
3.065554422568891368e+03 9.931410037856326367e-01 1.415937846467766464e-02 2.547378143165825804e+03
3.065562773381607713e+03 1.000761757308281874e+00 1.421834430773555834e-02 2.566813118246336217e+03
3.065571124194323602e+03 1.008999175054618114e+00 1.427658508872848078e-02 2.587830369871488983e+03
3.065579475007039946e+03 1.007332099392463487e+00 1.424162945062938321e-02 2.583446745629791621e+03
3.065587825819756290e+03 1.005509839368443625e+00 1.421397127880862955e-02 2.578667889712146462e+03
3.065596176632472179e+03 1.000594953125265807e+00 1.423064593945876435e-02 2.565960958534290057e+03
3.065604527445188523e+03 9.975812309755904828e-01 1.424993048150942875e-02 2.558132619753660038e+03
3.065612878257904413e+03 1.006419747203932458e+00 1.426077777863212458e-02 2.580699198343382250e+03
3.065621229070620757e+03 1.012120053803922781e+00 1.425578441021816897e-02 2.595219644034951216e+03
3.065629579883337101e+03 9.950132924724768291e-01 1.417313034850562099e-02 2.551262975798651496e+03
3.065637930696052990e+03 9.776476759989184417e-01 1.408469365587773463e-02 2.506648115503804547e+03
3.065646281508769334e+03 9.898399152058628969e-01 1.410502674446078263e-02 2.537821190061046764e+03
3.065654632321485224e+03 1.006689193784103820e+00 1.416280314706815091e-02 2.580934137172163901e+03
3.065662983134201568e+03 1.001548232328924870e+00 1.418217416316382672e-02 2.567670220210680327e+03
3.065671333946917912e+03 9.893462319149723960e-01 1.415207233330072721e-02 2.536307706420770955e+03
3.065679684759633801e+03 9.837333779843031589e-01 1.409920677818443310e-02 2.521841039502864078e+03
3.065688035572350145e+03 9.841108002095422247e-01 1.409737469229190021e-02 2.522733440299131416e+03
3.065696386385066489e+03 9.932461739443164683e-01 1.418331179857211348e-02 2.546078173159018661e+03
3.065704737197782379e+03 9.979951195455784019e-01 1.423463228448406878e-02 2.558180117907214935e+03
3.065713088010498723e+03 9.943683819792380474e-01 1.422944492727910674e-02 2.548814792482637586e+03
3.065721438823214612e+03 9.933210440502724392e-01 1.424027345104222041e-02 2.546063794585948472e+03
3.065729789635930956e+03 9.931045795982846869e-01 1.417465002220365776e-02 2.545444919318982556e+03
3.065738140448647300e+03 9.928554326161956878e-01 1.411178022830637292e-02 2.544744661495043147e+03
3.065746491261363190e+03 9.963183940595760069e-01 1.416498519031019962e-02 2.553560912880092474e+03
3.065754842074079534e+03 9.970382116318388110e-01 1.419442247834208116e-02 2.555348611839020123e+03
3.065763192886795423e+03 9.926021194491329025e-01 1.412944173304992064e-02 2.543924595239941482e+03
3.065771543699511767e+03 9.889388197985446993e-01 1.406322381427718878e-02 2.534483949342597953e+03
3.065779894512228111e+03 1.000632491620900399e+00 1.415136651934366559e-02 2.564402592316525443e+03
3.065788245324944000e+03 1.015797669130533043e+00 1.429024079462393008e-02 2.603219008059492808e+03
3.065796596137660345e+03 9.952710576115090246e-01 1.409187554477770929e-02 2.550569489110242557e+03
3.065804946950376234e+03 9.678463264675272182e-01 1.381617889896276548e-02 2.480246718467072242e+03
3.065813297763092578e+03 9.809273807748249974e-01 1.394187450712267018e-02 2.513728850267246344e+03
3.065821648575808922e+03 1.002825074943304084e+00 1.416031274531199743e-02 2.569805497464535620e+03
3.065829999388524811e+03 1.001165671963973436e+00 1.413488014949333162e-02 2.565517126881452896e+03
3.065838350201241155e+03 9.953495872746265238e-01 1.404784728201848715e-02 2.550579766130069402e+03
3.065846701013957045e+03 9.952516189039141148e-01 1.400552099480628469e-02 2.550297619216694329e+03
3.065855051826673389e+03 9.933048832020744401e-01 1.395713960476302473e-02 2.545280491981487557e+03
3.065863402639389733e+03 9.874265491223220836e-01 1.388978284778825262e-02 2.530191464047669797e+03
3.065871753452105622e+03 9.838872458510521390e-01 1.383485787278100274e-02 2.521098576521866107e+03
3.065880104264821966e+03 9.817251840126461904e-01 1.379053469230698270e-02 2.515537180487848218e+03
3.065888455077537856e+03 9.777005058221306388e-01 1.374728598204727828e-02 2.505205538795493339e+03
3.065896805890254200e+03 9.800312797638411899e-01 1.373069493054644707e-02 2.511161114100763825e+03
3.065905156702970544e+03 9.866854921029504233e-01 1.373897629368758810e-02 2.528196943715054658e+03
3.065913507515686433e+03 9.920734157618237292e-01 1.379388849566177619e-02 2.541990324046812930e+03
3.065921858328402777e+03 9.950130207183431885e-01 1.383561268199099380e-02 2.549512635483946269e+03
3.065930209141118667e+03 9.960125525035091743e-01 1.384231480931475376e-02 2.552066240587191260e+03
3.065938559953835011e+03 9.974457088897582535e-01 1.386573379409737107e-02 2.555733263960583827e+03
3.065946910766551355e+03 1.000705601962518454e+00 1.389622882358344802e-02 2.564083245805456954e+03
3.065955261579267244e+03 1.003634896881704153e+00 1.391454568785389576e-02 2.571588509240812073e+03
3.065963612391983588e+03 9.997060623023049653e-01 1.389869082760377197e-02 2.561523732851421755e+03
3.065971963204699932e+03 9.928545346869326327e-01 1.386620913580358452e-02 2.543972542954173150e+03
3.065980314017415822e+03 9.975263912681040512e-01 1.393065462207506919e-02 2.555949862367805508e+03
3.065988664830132166e+03 1.007946643662057662e+00 1.404294614157071408e-02 2.582658721110568422e+03
3.065997015642848055e+03 1.000190877270016765e+00 1.400988527788118998e-02 2.562797618645497096e+03
3.066005366455564399e+03 9.812282427601812795e-01 1.389388209775671741e-02 2.514223084874690812e+03
3.066013717268280743e+03 9.842959827331653200e-01 1.392703567207453919e-02 2.522099588869550189e+03
3.066022068080996632e+03 1.001974754240589016e+00 1.405353088656168328e-02 2.567417217704472023e+03
3.066030418893712977e+03 1.006627837733957476e+00 1.408052275061627730e-02 2.579361185717296848e+03
3.066038769706428866e+03 1.005188178796988741e+00 1.406210982593099346e-02 2.575695696870375286e+03
3.066047120519145210e+03 1.004998412466076241e+00 1.402531443014336417e-02 2.575235282125813683e+03
3.066055471331861554e+03 1.000255027971574062e+00 1.394020379321841453e-02 2.563108799611578434e+03
3.066063822144577443e+03 9.946135084804508253e-01 1.388643540397651449e-02 2.548682955420540111e+03
3.066072172957293787e+03 9.920721212042848958e-01 1.387542348219300732e-02 2.542203261395938625e+03
3.066080523770009677e+03 9.957428289717571435e-01 1.389078834135311011e-02 2.551644577013108119e+03
3.066088874582726021e+03 1.003970205481046873e+00 1.392508093156328598e-02 2.572765403381249598e+03
3.066097225395442365e+03 1.006827756834548726e+00 1.389808864175655009e-02 2.580128368428375325e+03
3.066105576208158254e+03 1.004655649118659566e+00 1.381922538343717359e-02 2.574604583510677912e+03
3.066113927020874598e+03 1.001662816649345533e+00 1.377247865504437757e-02 2.566979707773924929e+03
3.066122277833590488e+03 9.971690591700251849e-01 1.375338920765805870e-02 2.555510416121542221e+03
3.066130628646306832e+03 9.902690262181821357e-01 1.373940316559114916e-02 2.537876218921499003e+03
3.066138979459023176e+03 9.777288060772505451e-01 1.371575653290956626e-02 2.505788625331786534e+03
3.066147330271739065e+03 9.700506920215885565e-01 1.370290496182175431e-02 2.486163216358880163e+03
3.066155681084455409e+03 9.704991397115511065e-01 1.371284865312981209e-02 2.487367454258844646e+03
3.066164031897171299e+03 9.710300716661713905e-01 1.368873270211163826e-02 2.488785457696480535e+03
3.066172382709887643e+03 9.763058368169476031e-01 1.362697289418928100e-02 2.502367301130105261e+03
3.066180733522603987e+03 9.804547026976302426e-01 1.359164504215296283e-02 2.513063696660286041e+03
3.066189084335319876e+03 9.805480061290960947e-01 1.360982701728224303e-02 2.513367628467062787e+03
3.066197435148036220e+03 9.804298951490610925e-01 1.364567623280420715e-02 2.513131982529019751e+03
3.066205785960752110e+03 9.787374685813609032e-01 1.368145258722566759e-02 2.508863099018798948e+03
3.066214136773468454e+03 9.788336077329961027e-01 1.369643816452310869e-02 2.509181175736134264e+03
3.066222487586184798e+03 9.808108989312016579e-01 1.368398684624161192e-02 2.514323952544892563e+03
3.066230838398900687e+03 9.808356638775039826e-01 1.366371594280099168e-02 2.514463877389721347e+03
3.066239189211617031e+03 9.819034417331048425e-01 1.363549300781823938e-02 2.517280079064026722e+03
3.066247540024333375e+03 9.833579254921545054e-01 1.361525645270677577e-02 2.521090205147007509e+03
3.066255890837049265e+03 9.789148939854407372e-01 1.359885516029350760e-02 2.509782614983131680e+03
3.066264241649765609e+03 9.761398611694215299e-01 1.357762380202495733e-02 2.502753212082560367e+03
3.066272592462481498e+03 9.793466647491607668e-01 1.356019206502936773e-02 2.511063174771190461e+03
3.066280943275197842e+03 9.801847855570476886e-01 1.354279017172720263e-02 2.513302480294932593e+03
3.066289294087914186e+03 9.815380885941025202e-01 1.354756367962719685e-02 2.516865301935942625e+03
3.066297644900630075e+03 9.872579873166997810e-01 1.358794112372512658e-02 2.531627984064113662e+03
3.066305995713346420e+03 9.926867286859251127e-01 1.364795170500056158e-02 2.545647487473166620e+03
3.066314346526062309e+03 9.928074468419183507e-01 1.366644065045363558e-02 2.546057994927529762e+03
3.066322697338778653e+03 9.940932233820112263e-01 1.365756798145458320e-02 2.549458801035880242e+03
3.066331048151494997e+03 9.965347650010358826e-01 1.366963113366332326e-02 2.555826443932682650e+03
3.066339398964210886e+03 9.913537674621492046e-01 1.367284157678412722e-02 2.542646517150712953e+03
3.066347749776927230e+03 9.922916161138940483e-01 1.370156458186041516e-02 2.545162238852605242e+03
3.066356100589643120e+03 1.007628128274696833e+00 1.380328095481104383e-02 2.584613779092636833e+03
3.066364451402359464e+03 1.014841281585993515e+00 1.384457266261036705e-02 2.603233488921973276e+03
3.066372802215075808e+03 1.004769864070018226e+00 1.372882138812671696e-02 2.577517507686626686e+03
3.066381153027791697e+03 9.967328544289553172e-01 1.364954044354860403e-02 2.557020579153349900e+03
3.066389503840508041e+03 9.967828299948627846e-01 1.368533622593393236e-02 2.557271421875038868e+03
3.066397854653223931e+03 9.955975293054806219e-01 1.368448901437184853e-02 2.554355355745452925e+03
3.066406205465940275e+03 9.899749619944107071e-01 1.361447813367273191e-02 2.540056310083767585e+03
3.066414556278656619e+03 9.868096534639261286e-01 1.357515416928565741e-02 2.532063265139654504e+03
3.066422907091372508e+03 9.925844673241474014e-01 1.359586911880630508e-02 2.547012451727466214e+03
3.066431257904088852e+03 9.979058452117818279e-01 1.361319801731859444e-02 2.560801942151846561e+03
3.066439608716804742e+03 9.939223405640134068e-01 1.358531998989612535e-02 2.550716006786235994e+03
3.066447959529521086e+03 9.928444767785246095e-01 1.359247912041756066e-02 2.548088517684814178e+03
3.066456310342237430e+03 9.979669231823636855e-01 1.368916535918280990e-02 2.561376765785516909e+03
3.066464661154953319e+03 1.000835533218533691e+00 1.375024160788056692e-02 2.568883839524585710e+03
3.066473011967669663e+03 1.012170019271163790e+00 1.377250322277331560e-02 2.598125062767711370e+03
3.066481362780386007e+03 1.025420969303113772e+00 1.381854893887488923e-02 2.632291672838617160e+03
3.066489713593101897e+03 1.029941062381098282e+00 1.387640947641064285e-02 2.644050961241619916e+03
3.066498064405818241e+03 1.027855028181807073e+00 1.389570060202446368e-02 2.638853896282324058e+03
3.066506415218534130e+03 1.007097169938435899e+00 1.379086354178245613e-02 2.585718775293384624e+03
3.066514766031250474e+03 9.903930555634697930e-01 1.370085672040730757e-02 2.542988125695756935e+03
3.066523116843966818e+03 9.984275481255062701e-01 1.374406397737249277e-02 2.563778689544187728e+03
3.066531467656682707e+03 1.009177641918052037e+00 1.380311790977560918e-02 2.591547838766185578e+03
3.066539818469399052e+03 1.011319423131707307e+00 1.380822914242463458e-02 2.597215521584550515e+03
3.066548169282114941e+03 1.010438699921137884e+00 1.380690111803894310e-02 2.595123580366514034e+03
3.066556520094831285e+03 1.009805401532748892e+00 1.379701511322641190e-02 2.593669246019539514e+03
3.066564870907547629e+03 1.008943261704401406e+00 1.377672143405109760e-02 2.591629275876650354e+03
3.066573221720263518e+03 1.006836901914756055e+00 1.378915217566779351e-02 2.586395207918711094e+03
3.066581572532979862e+03 1.001144775712826007e+00 1.377662760977317429e-02 2.571950916805368252e+03
3.066589923345695752e+03 9.914532538978960696e-01 1.366662051734656921e-02 2.547231759260068884e+03
3.066598274158412096e+03 9.859504049183293040e-01 1.358303295610155566e-02 2.533273703257975740e+03
3.066606624971128440e+03 9.875694176250715550e-01 1.358751250559035381e-02 2.537615997491736380e+03
3.066614975783844329e+03 9.912168489805278648e-01 1.362445131451029377e-02 2.547173754922331227e+03
3.066623326596560673e+03 9.965836519792310444e-01 1.369062654635451806e-02 2.561153909868495248e+03
3.066631677409276563e+03 9.983223241943669501e-01 1.371166149355700081e-02 2.565813725280229392e+03
3.066640028221992907e+03 9.927225375414574504e-01 1.364470222189665370e-02 2.551614395459507250e+03
3.066648379034709251e+03 9.906464702051200888e-01 1.362582076788619763e-02 2.546473011606054570e+03
3.066656729847425140e+03 9.963367418272297549e-01 1.372902749025244756e-02 2.561298205001085080e+03
3.066665080660141484e+03 9.994914501893654712e-01 1.378976597786250521e-02 2.569609319277610666e+03
3.066673431472857374e+03 1.006000736207710800e+00 1.377349413699614951e-02 2.586549107228511730e+03
3.066681782285573718e+03 1.012514721021752884e+00 1.376736775776845646e-02 2.603506032904511812e+03
3.066690133098290062e+03 1.006281552637683596e+00 1.372032170324708790e-02 2.587688310884697785e+03
3.066698483911005951e+03 9.997540860228920634e-01 1.367496255100989107e-02 2.571113503301418859e+03
3.066706834723722295e+03 9.914038014199041404e-01 1.363341421732886839e-02 2.549850087123082631e+03
3.066715185536438184e+03 9.853931354021796540e-01 1.359490613897658927e-02 2.534603351158840269e+03
3.066723536349154529e+03 9.879352482332607321e-01 1.357198775903179638e-02 2.541357454196202070e+03
3.066731887161870873e+03 9.904454403088879255e-01 1.357062376859642476e-02 2.548032896690520374e+03
3.066740237974586762e+03 1.001650838786757536e+00 1.370023408602349946e-02 2.577083140628148612e+03
3.066748588787303106e+03 1.011013873168452148e+00 1.379343727471653118e-02 2.601400265013441185e+03
3.066756939600019450e+03 1.003946766551653935e+00 1.368615773409471471e-02 2.583444535788636131e+03
3.066765290412735339e+03 9.979397793739442912e-01 1.359813440097165996e-02 2.568216194328867459e+03
3.066773641225451684e+03 1.003149116378112327e+00 1.362619232646652967e-02 2.581855465119009750e+03
3.066781992038167573e+03 1.007329874970647188e+00 1.364842588173391380e-02 2.592852003293688995e+03
3.066790342850883917e+03 1.001716591179841576e+00 1.363143524424298252e-02 2.578640864738792970e+03
3.066798693663600261e+03 9.972207465463950316e-01 1.361113736734807962e-02 2.567306234117098029e+03
3.066807044476316150e+03 9.957415716616005996e-01 1.355630216105217258e-02 2.563738836495392206e+03
3.066815395289032494e+03 9.920501606625652391e-01 1.348894008046445415e-02 2.554476692787622596e+03
3.066823746101748384e+03 9.808184093459419994e-01 1.339085659013302884e-02 2.525797257132005143e+03
3.066832096914464728e+03 9.711023230339292933e-01 1.331542339605920958e-02 2.501018094486382324e+03
3.066840447727181072e+03 9.800951956231422901e-01 1.339532052026993353e-02 2.524424924175348679e+03
3.066848798539896961e+03 9.915191628532149526e-01 1.349056358915722009e-02 2.554100991029786655e+03
3.066857149352613305e+03 9.979092927507816624e-01 1.353823092458467624e-02 2.570817044689685645e+03
3.066865500165329195e+03 1.000387199918160386e+00 1.355274025206317651e-02 2.577459062191889188e+03
3.066873850978045539e+03 9.950042765477016271e-01 1.351311581793547198e-02 2.563849564082040615e+03
3.066882201790761883e+03 9.919299646365643541e-01 1.348947485334529676e-02 2.556188865902966427e+03
3.066890552603477772e+03 9.880702922575331781e-01 1.347540311532782406e-02 2.546504826525133922e+03
3.066898903416194116e+03 9.846345253291879374e-01 1.347032215439614156e-02 2.537913698321026004e+03
3.066907254228910006e+03 9.914404571645634157e-01 1.351404775764644510e-02 2.555723993945971870e+03
3.066915605041626350e+03 9.976793247502200312e-01 1.355232344239537881e-02 2.572078410452824755e+03
3.066923955854342694e+03 9.998029616088254246e-01 1.359739051716810782e-02 2.577828162528417579e+03
3.066932306667058583e+03 1.001433951628614372e+00 1.363848492096546468e-02 2.582311114712592371e+03
3.066940657479774927e+03 1.003458627575761986e+00 1.363379159543590471e-02 2.587812626305109006e+03
3.066949008292490817e+03 1.006367189031604381e+00 1.362025430970341920e-02 2.595597352681073062e+03
3.066957359105207161e+03 1.005707757965677240e+00 1.356952070155389989e-02 2.594182622552153589e+03
3.066965709917923505e+03 1.004658360673730044e+00 1.353864817425636143e-02 2.591763888851171941e+03
3.066974060730639394e+03 9.978358313186899142e-01 1.354438193248849037e-02 2.574452048632363130e+03
3.066982411543355738e+03 9.917856663968306341e-01 1.354872406143440601e-02 2.559131567744984295e+03
3.066990762356071627e+03 1.004275371701531805e+00 1.364003511911844949e-02 2.591654280176494467e+03
3.066999113168787972e+03 1.015330857721362445e+00 1.371244137367589114e-02 2.620485146551028720e+03
3.067007463981504316e+03 1.010644430007815231e+00 1.363260568320585203e-02 2.608691718806122935e+03
3.067015814794220205e+03 1.006767972547165435e+00 1.356524721515396485e-02 2.598988831470770037e+03
3.067024165606936549e+03 1.009736338876617401e+00 1.358298403638834306e-02 2.606958097750509751e+03
3.067032516419652893e+03 1.010282924384241499e+00 1.359414677173754853e-02 2.608678224881449751e+03
3.067040867232368782e+03 9.942331761883370644e-01 1.352871875768636364e-02 2.567542139451918501e+03
3.067049218045085127e+03 9.803215408423088251e-01 1.346386289697874827e-02 2.531920684250972954e+03
3.067057568857801016e+03 9.865514283700339560e-01 1.348550786870262100e-02 2.548319605277727533e+03
3.067065919670517360e+03 9.918028736868739204e-01 1.350719200915933595e-02 2.562197100115750345e+03
3.067074270483233704e+03 9.920733436121386140e-01 1.350651160340104150e-02 2.563210971710303966e+03
3.067082621295949593e+03 9.958388124942526565e-01 1.352695374435508406e-02 2.573258486444085065e+03
3.067090972108665937e+03 1.004971486739437259e+00 1.357521952136514672e-02 2.597181432378030877e+03
3.067099322921381827e+03 1.010998540067558071e+00 1.359629062986379699e-02 2.613085705649620650e+03
3.067107673734098171e+03 1.009140672540216110e+00 1.357476613364590190e-02 2.608613902641941422e+03
3.067116024546814515e+03 1.010310106773588235e+00 1.358409790312006642e-02 2.611969803306301856e+03
3.067124375359530404e+03 1.016956542370629490e+00 1.360989258893176811e-02 2.629490466784073760e+03
3.067132726172246748e+03 1.017198184304910935e+00 1.358295259466518572e-02 2.630455296387933686e+03
3.067141076984962638e+03 9.972283414779451460e-01 1.340427712738661084e-02 2.579149380324194681e+03
3.067149427797678982e+03 9.828099552800484418e-01 1.328231876763106070e-02 2.542192051052721126e+03
3.072738541199588326e+03 9.972825749834876019e-01 1.180635028447806802e-02 3.095331104635256452e+03
3.072746328639378589e+03 1.003366909577705579e+00 1.184647705152591483e-02 3.114697906240054635e+03
3.072754116079169307e+03 9.944914243172006119e-01 1.177523743252063479e-02 3.087633977971192508e+03
3.072761903518960025e+03 9.874844501699466814e-01 1.171633593060500064e-02 3.066372734463828237e+03
3.072769690958750743e+03 9.847532550591059364e-01 1.168683528813424695e-02 3.058392874510187085e+03
3.072777478398541462e+03 9.833336158191209320e-01 1.167731499947651658e-02 3.054492925944724448e+03
3.072785265838332180e+03 9.866760415835924558e-01 1.172752911714094667e-02 3.065394625578024716e+03
3.072793053278122898e+03 9.895708017492234054e-01 1.177293971612547625e-02 3.074916986023281424e+03
3.072800840717913616e+03 9.907185061486530886e-01 1.180863369079300160e-02 3.079020760008676007e+03
3.072808628157704334e+03 9.883585595717243599e-01 1.181443922520726553e-02 3.072230198525680862e+03
3.072816415597495052e+03 9.714836978527330302e-01 1.168965889630794314e-02 3.020317887323491505e+03
3.072824203037285315e+03 9.577988164256003856e-01 1.157942729929725342e-02 2.978312975167972581e+03
3.072831990477076033e+03 9.584179822352327793e-01 1.155511634464508226e-02 2.980786296888733887e+03
3.072839777916866751e+03 9.593658055225997572e-01 1.154631710715660342e-02 2.984289039666858116e+03
3.072847565356657469e+03 9.622974737151718250e-01 1.157125950108135043e-02 2.993971272936262721e+03
3.072855352796448187e+03 9.639248851034459831e-01 1.157834444413465350e-02 2.999604140805614406e+03
3.072863140236238905e+03 9.558833466721864403e-01 1.149536540802729295e-02 2.975150311815096302e+03
3.072870927676029623e+03 9.474410021959370765e-01 1.142257338230688070e-02 2.949444406494775649e+03
3.072878715115820341e+03 9.378009969478041663e-01 1.140246631170855653e-02 2.920004160911032159e+03
3.072886502555611060e+03 9.299150345099930215e-01 1.138611380138384623e-02 2.896019430430142165e+03
3.072894289995401778e+03 9.342712272926992911e-01 1.140486525042734393e-02 2.910162501408167373e+03
3.072902077435192041e+03 9.395015811159138641e-01 1.143126743632145656e-02 2.927038599842358053e+03
3.072909864874982759e+03 9.516446119295581818e-01 1.151910483722939915e-02 2.965466081826351001e+03
3.072917652314773477e+03 9.621930006238160749e-01 1.158535593190249818e-02 2.998942385730864771e+03
3.072925439754564195e+03 9.614183200528775286e-01 1.151646934698859204e-02 2.997136844194411424e+03
3.072933227194354913e+03 9.626160033116282211e-01 1.147572167492817534e-02 3.001483480538215645e+03
3.072941014634145631e+03 9.824235584027052326e-01 1.165974330915057512e-02 3.063873015899495385e+03
3.072948802073936349e+03 1.000819105701889367e+00 1.182593636658195793e-02 3.121886206658988613e+03
3.072956589513727067e+03 9.992280480828201750e-01 1.179874045622735131e-02 3.117567904926370829e+03
3.072964376953517785e+03 9.975930544619420193e-01 1.177148302097285812e-02 3.113112750528875040e+03
3.072972164393308503e+03 9.993558476599616602e-01 1.176239340957686667e-02 3.119263045130908722e+03
3.072979951833098767e+03 1.001578320337209504e+00 1.175673260829999608e-02 3.126852718191673375e+03
3.072987739272889485e+03 1.004631410484002174e+00 1.174846250019383719e-02 3.137040812097329763e+03
3.072995526712680203e+03 1.006705770187967586e+00 1.173591214124340178e-02 3.144177801754999564e+03
3.073003314152470921e+03 1.002102369790263126e+00 1.172604575134843924e-02 3.130458473571303330e+03
3.073011101592261639e+03 9.974068172890340200e-01 1.171301822550261870e-02 3.116446553254538230e+03
3.073018889032052357e+03 9.911408092985020124e-01 1.164016127861247814e-02 3.097521681901003376e+03
3.073026676471843075e+03 9.858145575248756787e-01 1.157451163497235681e-02 3.081527172796696050e+03
3.073034463911633793e+03 9.937723419450226192e-01 1.161555429116622670e-02 3.107059488628558029e+03
3.073042251351424511e+03 1.001514552100673860e+00 1.165694061179788771e-02 3.131928974227638264e+03
3.073050038791215229e+03 1.003078019152001676e+00 1.166739486322191863e-02 3.137483135316545940e+03
3.073057826231005492e+03 1.004263320945296023e+00 1.167559568483720299e-02 3.141856753315916194e+03
3.228861849898019500e+03 1.000655539730311183e+00 6.806586915241259403e-03 8.274141663592839905e+03
3.228871233160120937e+03 1.001390390877554104e+00 6.807103456819500742e-03 8.279541574231612685e+03
3.228880616422222829e+03 1.001034261168078476e+00 6.787639972317457276e-03 8.275934197256199695e+03
3.228889999684324266e+03 1.001221720191290521e+00 6.777229180985723869e-03 8.276833431859406119e+03
3.228899382946426158e+03 9.997885890197166781e-01 6.770478931856170265e-03 8.264348107822064776e+03
3.228908766208527595e+03 9.977383250532330106e-01 6.749699755477946324e-03 8.246774519678770957e+03
3.228918149470629487e+03 9.978655816940525947e-01 6.715615531988064144e-03 8.247210354290691612e+03
3.228927532732730924e+03 9.975599110573843964e-01 6.682545759967606011e-03 8.244077401305083185e+03
3.228936915994832816e+03 9.957098250103161297e-01 6.660144386932500583e-03 8.228190697335490768e+03
3.228946299256934253e+03 9.961014288862978239e-01 6.654510722561082781e-03 8.230836956247068883e+03
3.228955682519036145e+03 9.998987795546215862e-01 6.674310575620499321e-03 8.261629379874366350e+03
3.228965065781137582e+03 1.001083640427908872e+00 6.679734186991960650e-03 8.270839266680413857e+03
3.228974449043239474e+03 9.981391331343080209e-01 6.663566549127706087e-03 8.245939156957165324e+03
3.228983832305340911e+03 9.960636409278940118e-01 6.656358804285403274e-03 8.228226427324656470e+03
3.228993215567442803e+03 9.919111200824033414e-01 6.654226029762935236e-03 8.193364764117690356e+03
3.229002598829544240e+03 9.876276307762252848e-01 6.646917723143954022e-03 8.157431386939402728e+03
3.229011982091646132e+03 9.858038513088451804e-01 6.626062929382074175e-03 8.141823092830857604e+03
3.229021365353747569e+03 9.840091375330285439e-01 6.606884835767048818e-03 8.126462298534150250e+03
3.229030748615849461e+03 9.828902250028339616e-01 6.605356874087957991e-03 8.116689710948689026e+03
3.229040131877950898e+03 9.820701014819132046e-01 6.604568573207868221e-03 8.109391109500829771e+03
3.229049515140052790e+03 9.820639174725623866e-01 6.609214978166745059e-03 8.108819608603160304e+03
3.229058898402154227e+03 9.811772505952272017e-01 6.609089838024250971e-03 8.100984152389778501e+03
3.229068281664256119e+03 9.745524415363302495e-01 6.560809368369152801e-03 8.045781941762994393e+03
3.229077664926357556e+03 9.685430539973799435e-01 6.514176384575262255e-03 7.995672801291644646e+03
3.229087048188458994e+03 9.675950105057534723e-01 6.506513645705440732e-03 7.987356176122288161e+03
3.229096431450560885e+03 9.674399116785108443e-01 6.505604872983968001e-03 7.985591530845201305e+03
3.229105814712662323e+03 9.688239227598142156e-01 6.513837930276999283e-03 7.996536467894854468e+03
3.229115197974764214e+03 9.702243281014131249e-01 6.519289613373103337e-03 8.007621244821153596e+03
3.229124581236865652e+03 9.730274204750543054e-01 6.516034819242140681e-03 8.030286836146972746e+03
3.229133964498967543e+03 9.766570694019389709e-01 6.520299542833118966e-03 8.059776850911045585e+03
3.229143347761068981e+03 9.841993346859454483e-01 6.573633453569262611e-03 8.121556217285289677e+03
3.229152731023170873e+03 9.919581835169781758e-01 6.629273191699028810e-03 8.185121878887875937e+03
3.229162114285272310e+03 9.953072393895598946e-01 6.646566608197319349e-03 8.212301404095498583e+03
3.229171497547374202e+03 9.975251408583838408e-01 6.655537926882208570e-03 8.230151599747257933e+03
3.229180880809475639e+03 9.970884383876535972e-01 6.639819312786916089e-03 8.226105442366124407e+03
3.229190264071577531e+03 9.967478761850642188e-01 6.622664428209407497e-03 8.222859299488860415e+03
3.229199647333678968e+03 9.966600880989757716e-01 6.610942929044858266e-03 8.221705205674723402e+03
3.229209030595780860e+03 9.954455840747701290e-01 6.595099976833170008e-03 8.211263704640052310e+03
3.229218413857882297e+03 9.943265490515219573e-01 6.590008876014134993e-03 8.201617349924204973e+03
3.229227797119984189e+03 9.950762544087714545e-01 6.594497722540142680e-03 8.207392001621859890e+03
3.229237180382085626e+03 9.994721786297352528e-01 6.600293006119617098e-03 8.243245353097585394e+03
3.229246563644187518e+03 1.003226525162851823e+00 6.604123205073167586e-03 8.273810804960487076e+03
3.229255946906288955e+03 1.000841277768991011e+00 6.602240827343052246e-03 8.253748157890275252e+03
3.229265330168390847e+03 9.972290205142351205e-01 6.593648667322188524e-03 8.223575876881015574e+03
3.229274713430492284e+03 9.975056415295987522e-01 6.585334846739771160e-03 8.225481221940855903e+03
3.229284096692594176e+03 9.991167697945413373e-01 6.584892084136202521e-03 8.238397332195148920e+03
3.229293479954695613e+03 1.000021633033544521e+00 6.587323314432348177e-03 8.245496001200268438e+03
3.229302863216797505e+03 1.000542537276890798e+00 6.585286408689738392e-03 8.249435472346125607e+03
3.229312246478898942e+03 9.992170747767483707e-01 6.563740338308162066e-03 8.238159233444828715e+03
3.229321629741000834e+03 9.970811374115107206e-01 6.538662434225299587e-03 8.220209414413622653e+03
3.229331013003102271e+03 9.977614408855615125e-01 6.540007932212510769e-03 8.225485277805988517e+03
3.229340396265203708e+03 1.000083015595916391e+00 6.549328759294039196e-03 8.244298080391501571e+03
3.229349779527305600e+03 1.000075374406484530e+00 6.540588406949443719e-03 8.243916426015814068e+03
3.229359162789407037e+03 9.986255593564726807e-01 6.524274914893663478e-03 8.231654469064797013e+03
3.229368546051508929e+03 9.972975810321961232e-01 6.507270729853192534e-03 8.220405216997995012e+03
3.229377929313610366e+03 9.970297494877917721e-01 6.497813166499312454e-03 8.217902495544929479e+03
3.241492268246937329e+03 9.978610904595019981e-01 4.253037865857908252e-03 7.859120031991011274e+03
3.241500604187283898e+03 9.999960206711410171e-01 4.269664791568637298e-03 7.871140550529287793e+03
3.241508940127630012e+03 1.001013260920811998e+00 4.278489713525224919e-03 7.874428206687794045e+03
3.241517276067976582e+03 1.000511296047857490e+00 4.276487173992325579e-03 7.865852610913487297e+03
3.241525612008322696e+03 1.000177828204412256e+00 4.271430137947280874e-03 7.858705680863695306e+03
3.241533947948668811e+03 9.998250810684305989e-01 4.258560866033594440e-03 7.851520637038327550e+03
3.241542283889015380e+03 1.000163651479073046e+00 4.254736261425803162e-03 7.849884998384328355e+03
3.241550619829361494e+03 1.001175141124727386e+00 4.267293343836467238e-03 7.853655865291183545e+03
3.241558955769708064e+03 1.002077183515561076e+00 4.274413888217237084e-03 7.856701376213602998e+03
3.241567291710054178e+03 1.003350506828821320e+00 4.270649606868831723e-03 7.862800705094809018e+03
3.241575627650400293e+03 1.004215464684580228e+00 4.267306771524248359e-03 7.865853522265060747e+03
3.241583963590746862e+03 1.004241561460516019e+00 4.265802016474630649e-03 7.862504556167194096e+03
3.241592299531092976e+03 1.003563730726539927e+00 4.263320858889058096e-03 7.853828936896443338e+03
3.241600635471439546e+03 1.001170049503537163e+00 4.257541884859313529e-03 7.831927555847121766e+03
3.241608971411785660e+03 9.998097024475477435e-01 4.253562505682750676e-03 7.818323598232331278e+03
3.241617307352132229e+03 1.000754684947061879e+00 4.254637356234616807e-03 7.822960510283855001e+03
3.241625643292478344e+03 1.001178519312569959e+00 4.254481972216108028e-03 7.823742503615072565e+03
3.241633979232824458e+03 1.000652563729889311e+00 4.251162960461478749e-03 7.817335368284409014e+03
3.241642315173171028e+03 1.001363698559550874e+00 4.254221008294147358e-03 7.820835404320881025e+03
3.241650651113517142e+03 1.005724475454712996e+00 4.276913572335767563e-03 7.853083872557014729e+03
3.241658987053863711e+03 1.008582035984632919e+00 4.291356511187558072e-03 7.873847128456560313e+03
3.241667322994209826e+03 1.006578144851640655e+00 4.278299657625100373e-03 7.856931661581735170e+03
3.241675658934556395e+03 1.004442764128973264e+00 4.268211853627247067e-03 7.839279931748775198e+03
3.241683994874902510e+03 1.001587826007100057e+00 4.269794080401068115e-03 7.816311491621478126e+03
3.241692330815248624e+03 9.994323236320471482e-01 4.271436292720789431e-03 7.799108647658571499e+03
3.241700666755595194e+03 1.000125336510440333e+00 4.271678797837869662e-03 7.804449087389495617e+03
3.241709002695941308e+03 1.000095800306172178e+00 4.267958716752181560e-03 7.804475503227256922e+03
3.241717338636287877e+03 9.969835955866404031e-01 4.249837697271936603e-03 7.780772772341031668e+03
3.241725674576633992e+03 9.941274162584498031e-01 4.233001350414865652e-03 7.759378494274764307e+03
3.241734010516980561e+03 9.930281545920129904e-01 4.224259684679505973e-03 7.751990595957386176e+03
3.241742346457326676e+03 9.917547947816580667e-01 4.219207276627321736e-03 7.743520558224426168e+03
3.241750682397672790e+03 9.900903960455306185e-01 4.235856633301992961e-03 7.732255669331488207e+03
3.241759018338019359e+03 9.886060726184309200e-01 4.250093171622193813e-03 7.722637303463821809e+03
3.241767354278365474e+03 9.863752587511467329e-01 4.240319718882788573e-03 7.707408788928576541e+03
3.241775690218712043e+03 9.836500965316896661e-01 4.229413132962965734e-03 7.688517893661388371e+03
3.241784026159058158e+03 9.794687443934715354e-01 4.218120190071970865e-03 7.658422177916067085e+03
3.241792362099404727e+03 9.751260299535297049e-01 4.204098507729017546e-03 7.627219118988893570e+03
3.241800698039750841e+03 9.701186866901996275e-01 4.173150696404996640e-03 7.590950746931810500e+03
3.241809033980096956e+03 9.651712509390948380e-01 4.143634311872496784e-03 7.555264036591342119e+03
3.241817369920443525e+03 9.607134155468416425e-01 4.127046197326094366e-03 7.523506229148993953e+03
3.241825705860789640e+03 9.561946724490939520e-01 4.110176270618411468e-03 7.491351323631435662e+03
3.241834041801136209e+03 9.488805905515873551e-01 4.083224258313542313e-03 7.437348639072355581e+03
3.241842377741482323e+03 9.415568119987111073e-01 4.056042923376772767e-03 7.383294952626980375e+03
3.241850713681828438e+03 9.351748810538412782e-01 4.026010668941378857e-03 7.336637761225190843e+03
3.241859049622175007e+03 9.285485348533685235e-01 3.994810067670640473e-03 7.288059638576996804e+03
3.241867385562521122e+03 9.210742636934901029e-01 3.959007902106174114e-03 7.232802379153930815e+03
3.241875721502867691e+03 9.136405313727680166e-01 3.924118341411345252e-03 7.177820592950738501e+03
3.241884057443213806e+03 9.052555672794506680e-01 3.895084642386884184e-03 7.115303902418969301e+03
3.241892393383560375e+03 8.972684288080255977e-01 3.867054339358695202e-03 7.055835322979191915e+03
3.241900729323906489e+03 8.977080219818169837e-01 3.859335304644071016e-03 7.062570904683429944e+03
3.241909065264252604e+03 8.991901247107625395e-01 3.855964637519993746e-03 7.077466976767345841e+03
3.241917401204599173e+03 9.132998297070183957e-01 3.912956472492215045e-03 7.191745798894833570e+03
3.241925737144945288e+03 9.278011123855608444e-01 3.971021813635607599e-03 7.309128031422607819e+03
3.241934073085291857e+03 9.426385743803851192e-01 4.019382995248195652e-03 7.429161481226796241e+03
3.241942409025637971e+03 9.574407038520501567e-01 4.067748527203366403e-03 7.548899627905570014e+03
3.241950744965984541e+03 9.701444794448023101e-01 4.114402166660949441e-03 7.652048284938829966e+03
3.241959080906330655e+03 9.823832286449395435e-01 4.159694367954843916e-03 7.751454062153652558e+03
3.241967416846676770e+03 9.879184929379086766e-01 4.184617047053185851e-03 7.797849046741631355e+03
3.241975752787023339e+03 9.931650493001125124e-01 4.208317686315098116e-03 7.841808110153945563e+03
3.241984088727369453e+03 9.945136070355354851e-01 4.208998609169583086e-03 7.854802646370724688e+03
3.241992424667716023e+03 9.954696119141894783e-01 4.207945883435321686e-03 7.864481555127145839e+03
3.242000760608062137e+03 9.982534247509436964e-01 4.216681690402575289e-03 7.888370631797118222e+03
3.242009096548408706e+03 1.001293681160221105e+00 4.226866312213730693e-03 7.914041685181988214e+03
3.242017432488754821e+03 9.997838964295866493e-01 4.222863063362266266e-03 7.903480613871155583e+03
3.242025768429100935e+03 9.979195624064356451e-01 4.217073773382624437e-03 7.889828709415804951e+03
3.242034104369447505e+03 9.987056046821587429e-01 4.212282740100595745e-03 7.896853176180656192e+03
3.242042440309793619e+03 9.994901862580192198e-01 4.207543620933531375e-03 7.903601184422849656e+03
3.242050776250140188e+03 9.976971581778549814e-01 4.206200797543145457e-03 7.889711229363281745e+03
3.242059112190486303e+03 9.961245399287337321e-01 4.206412074930319413e-03 7.877320124811052665e+03
3.242067448130832872e+03 9.970327211790148692e-01 4.219071853303538525e-03 7.884314763220705572e+03
3.242075784071178987e+03 9.979340631597533040e-01 4.231935277256404504e-03 7.891033543749686942e+03
3.242084120011525101e+03 9.976942689849606083e-01 4.221316712145689772e-03 7.888518367011308328e+03
3.242092455951871671e+03 9.972281520518134768e-01 4.208342603033751739e-03 7.884015023847374323e+03
3.242100791892217785e+03 9.979493061075088711e-01 4.210852963293133799e-03 7.888709764041578637e+03
3.242109127832564354e+03 9.991235601015410195e-01 4.216062148101341542e-03 7.896806998585332622e+03
3.242117463772910469e+03 9.974464318958935483e-01 4.211787131948895209e-03 7.882202325646892859e+03
3.242125799713257038e+03 9.953658184332435654e-01 4.206546167845870259e-03 7.864259704537311336e+03
3.242134135653603153e+03 9.951888436452266395e-01 4.204627009133443845e-03 7.861217440366519440e+03
3.242142471593949267e+03 9.953587013282720886e-01 4.203358482407415150e-03 7.860782468795327077e+03
3.242150807534295836e+03 9.962027664373483971e-01 4.209415750170839715e-03 7.865548723898331446e+03
3.242159143474641951e+03 9.970656429630128104e-01 4.215992594211460422e-03 7.870349744457575980e+03
3.242167479414988520e+03 9.969474755997216331e-01 4.204659779969584059e-03 7.867305960332952964e+03
3.242175815355334635e+03 9.966386530292055124e-01 4.190921245156587101e-03 7.862670224366134789e+03
3.242184151295680749e+03 9.978282923441633701e-01 4.198518786515450033e-03 7.869776849699559534e+03
3.242192487236027318e+03 9.992581123410535504e-01 4.208949074563543731e-03 7.878705418696361448e+03
3.242200823176373433e+03 9.989651256643646837e-01 4.209728936386435659e-03 7.873992509857698678e+03
3.242209159116720002e+03 9.983928076066510560e-01 4.209082798676011886e-03 7.867035828173542541e+03
3.242217495057066117e+03 9.964997148885129663e-01 4.204925795716118846e-03 7.849644905986728190e+03
3.242225830997412686e+03 9.946156647971257092e-01 4.201100608623811218e-03 7.832312729007793678e+03
3.242234166937758800e+03 9.968237281417392515e-01 4.208549462912150249e-03 7.847193118365987175e+03
3.242242502878104915e+03 9.995053600558891915e-01 4.217067151653098624e-03 7.865789464386385589e+03
3.242250838818451484e+03 1.000756721820798223e+00 4.227710006306399822e-03 7.873131492778071333e+03
3.383185303707413368e+03 9.999946624320523725e-01 2.971741899680816357e-03 6.527907685210013369e+03
3.383193907015663626e+03 9.986342121846044639e-01 2.970598938781370858e-03 6.518600629798980663e+03
3.383202510323914339e+03 9.983727657927201626e-01 2.970964051193937527e-03 6.516468966173924855e+03
3.383211113632165052e+03 9.984543103704150990e-01 2.971279835234587070e-03 6.516577075760831576e+03
3.383219716940415310e+03 9.994763602146985448e-01 2.975934704299333655e-03 6.522824073217843761e+03
3.383228320248666023e+03 1.001221318470995270e+00 2.984070757058857135e-03 6.533788797222265202e+03
3.383236923556916736e+03 1.002037910250176189e+00 2.987470527349806067e-03 6.538695141163778317e+03
3.383245526865166994e+03 1.002269591157915363e+00 2.987184712622315691e-03 6.539785350892714632e+03
3.383254130173417707e+03 1.002363825491987548e+00 2.987040246280860990e-03 6.539979700529263027e+03
3.383262733481668420e+03 1.002146557763396117e+00 2.986601014341780987e-03 6.538142830319886343e+03
3.383271336789918678e+03 1.002103826844822798e+00 2.983638725388208096e-03 6.537445941614468211e+03
3.383279940098169391e+03 1.002362785623216235e+00 2.978667936397257857e-03 6.538718301914677795e+03
3.383288543406420104e+03 1.001767543202865873e+00 2.970192189783500084e-03 6.534419815129866038e+03
3.383297146714670362e+03 1.000278793458058146e+00 2.958585745131020375e-03 6.524295197742677374e+03
3.383305750022921075e+03 9.996500621914200524e-01 2.957425566258279487e-03 6.519782189990917686e+03
3.383314353331171787e+03 9.997716273396775044e-01 2.967104914662146726e-03 6.520164185466348499e+03
3.383322956639422046e+03 9.997695041047166553e-01 2.968447739030968726e-03 6.519740820557501138e+03
3.383331559947672758e+03 9.998794745879876489e-01 2.960617958617129709e-03 6.520049772554722949e+03
3.383340163255923471e+03 9.991460862255555631e-01 2.951826638298348914e-03 6.514860973131833816e+03
3.383348766564173729e+03 9.971123897113369772e-01 2.940895580158123159e-03 6.501196157263399982e+03
3.383357369872424442e+03 9.961532178220469103e-01 2.934913836314338026e-03 6.494539932563702678e+03
3.383365973180675155e+03 9.969476669323441564e-01 2.936976696473353379e-03 6.499318198165887225e+03
3.383374576488925413e+03 9.969840698165943760e-01 2.936059631976981575e-03 6.499155772572923524e+03
3.383383179797176126e+03 9.955479345247670864e-01 2.929938445099270362e-03 6.489396240407935693e+03
3.383391783105426839e+03 9.939601414183986128e-01 2.923005411437727425e-03 6.478650911267684023e+03
3.383400386413677097e+03 9.925432493856790606e-01 2.915389028398734320e-03 6.469022304504243948e+03
3.383408989721927810e+03 9.921704647935282173e-01 2.912647074612018366e-03 6.466201123851396005e+03
3.383417593030178523e+03 9.934715879344258038e-01 2.917966977230209216e-03 6.474290464852159857e+03
3.383426196338428781e+03 9.940906861566374264e-01 2.919257163231109807e-03 6.477936086901165254e+03
3.383434799646679494e+03 9.932426497520361330e-01 2.912712674853699859e-03 6.472023005001137790e+03
3.383443402954930207e+03 9.916425956292409527e-01 2.907920655698523291e-03 6.461212421250809712e+03
3.383452006263180465e+03 9.884978708354710264e-01 2.906301662834794453e-03 6.440340874483731568e+03
3.383460609571431178e+03 9.852874140819791737e-01 2.903001556867827997e-03 6.419045297504879272e+03
3.383469212879681891e+03 9.821317982207208308e-01 2.896239382777525059e-03 6.398111250660514997e+03
3.383477816187932149e+03 9.788057684477833309e-01 2.888956174955511699e-03 6.376071342201362313e+03
3.383486419496182862e+03 9.753624110398891878e-01 2.882196599458146380e-03 6.353271567311247054e+03
3.383495022804433574e+03 9.731360638544315211e-01 2.878775074839523985e-03 6.338403114825747252e+03
3.383503626112683833e+03 9.733316294985646655e-01 2.881040790557502351e-03 6.339312159473995052e+03
3.383512229420934545e+03 9.727536509682108701e-01 2.880029113590681662e-03 6.335185176886379850e+03
3.383520832729185258e+03 9.706780127166652061e-01 2.873337390690357783e-03 6.321307428234733379e+03
3.383529436037435516e+03 9.679234447535824959e-01 2.867409289438693082e-03 6.303012075498685590e+03
3.383538039345686229e+03 9.627775464630585756e-01 2.861135622380603111e-03 6.269149542293445847e+03
3.383546642653936942e+03 9.567452433926905142e-01 2.848395562548496594e-03 6.229521265635112286e+03
3.383555245962187200e+03 9.483457264826717914e-01 2.817351798058274469e-03 6.174486956681540505e+03
3.383563849270437913e+03 9.403038494244089218e-01 2.792153098558149398e-03 6.121789151750250312e+03
3.383572452578688626e+03 9.337885140170834042e-01 2.786475430338558688e-03 6.079037082532381646e+03
3.383581055886938884e+03 9.273199398452222075e-01 2.777038592342681318e-03 6.036596132424789175e+03
3.383589659195189597e+03 9.201865754509520601e-01 2.752143990832114570e-03 5.989834483877151797e+03
3.383598262503440310e+03 9.124412732153799332e-01 2.728374349961734495e-03 5.939096837800520916e+03
3.383606865811690568e+03 9.037535852230529354e-01 2.713357704986602090e-03 5.882233036594632722e+03
3.383615469119941281e+03 8.947992101724940861e-01 2.695298043441490474e-03 5.823641698119203284e+03
3.383624072428191994e+03 8.838026126943140381e-01 2.661740013083285002e-03 5.751767917910390679e+03
3.383632675736442252e+03 8.723702737665148810e-01 2.628522045655482323e-03 5.677068146834571962e+03
3.383641279044692965e+03 8.600968282245661234e-01 2.599342816237876479e-03 5.596904943865722998e+03
3.383649882352943678e+03 8.484720261034121025e-01 2.571694597532746176e-03 5.520972844257617908e+03
3.383658485661193936e+03 8.390721973064227956e-01 2.549635222635615421e-03 5.459527717775858946e+03
3.383667088969444649e+03 8.318497136619151799e-01 2.532483067496059826e-03 5.412257402024079056e+03
3.383675692277695362e+03 8.355992749291205612e-01 2.541049447894323712e-03 5.436377685218712941e+03
3.383684295585945620e+03 8.420878756096420448e-01 2.557122694358654989e-03 5.478316836108453572e+03
3.383692898894196333e+03 8.645096936965416257e-01 2.616671303828952549e-03 5.623904473433094608e+03
3.383701502202447045e+03 8.871714443464223665e-01 2.676178502534218209e-03 5.771040638096338625e+03
3.383710105510697304e+03 9.122134959196540605e-01 2.739688934487575101e-03 5.933647692359157190e+03
3.383718708818948016e+03 9.367936320750822610e-01 2.803193672557859496e-03 6.093236803100578072e+03
3.383727312127198729e+03 9.559800327361630545e-01 2.859659965990055813e-03 6.217731881546903423e+03
3.383735915435448987e+03 9.735125098416322897e-01 2.911175016948858770e-03 6.331460911095769916e+03
3.383744518743699700e+03 9.805464447338024803e-01 2.926349578790511143e-03 6.376905338234660121e+03
3.383753122051950413e+03 9.872970243618837127e-01 2.941185573597949760e-03 6.420505491259697010e+03
3.383761725360200671e+03 9.910121542421905794e-01 2.955479471386692706e-03 6.444365363220033032e+03
3.383770328668451384e+03 9.945793279103026796e-01 2.968745176525764556e-03 6.467263731887242102e+03
3.383778931976702097e+03 9.976845067833619574e-01 2.973986119395449334e-03 6.487158843497366433e+03
3.383787535284952355e+03 1.000384595120035636e+00 2.978588665435227215e-03 6.504421152494574926e+03
3.383796138593203068e+03 9.996488230367085448e-01 2.976780711727901926e-03 6.499346126495174758e+03
3.383804741901453781e+03 9.991411331881704383e-01 2.975403071765630493e-03 6.495757330424408792e+03
3.383813345209704039e+03 1.000085222258090933e+00 2.976999528195664862e-03 6.501609912002046258e+03
3.383821948517954752e+03 1.000887807685633568e+00 2.978997153625641877e-03 6.506545097131876901e+03
3.383830551826205465e+03 1.000024621188937646e+00 2.982040216730670774e-03 6.500654544337472544e+03
3.383839155134455723e+03 9.990342187358028925e-01 2.984160189841313267e-03 6.493940619521972621e+03
3.383847758442706436e+03 9.975820863013021844e-01 2.977451397681705591e-03 6.484229124904677519e+03
3.383856361750957149e+03 9.965685758182640797e-01 2.971576953695906614e-03 6.477372449395565127e+03
3.383864965059207407e+03 1.000013616065636768e+00 2.978710911975061305e-03 6.499497418208899035e+03
3.383873568367458120e+03 1.003024642388074428e+00 2.985399521720908788e-03 6.518803037071279505e+03
3.383882171675708832e+03 1.000889436959805590e+00 2.982901668372309797e-03 6.504665544376324760e+03
3.383890774983959091e+03 9.988674207324564902e-01 2.979768135165236035e-03 6.491267987489335610e+03
3.383899378292209803e+03 9.983311460341884880e-01 2.971198658382905467e-03 6.487529647317025592e+03
3.383907981600460516e+03 9.979280846728217913e-01 2.963787673106191723e-03 6.484660520650770195e+03
3.383916584908710774e+03 9.994106016853749885e-01 2.975069707685798308e-03 6.494047184828790705e+03
3.383925188216961487e+03 1.000836844240442058e+00 2.985642942323037032e-03 6.503070838521825863e+03
3.383933791525212200e+03 9.998535424702429397e-01 2.979554087968182361e-03 6.496441447067018089e+03
3.383942394833462458e+03 9.986865006252868548e-01 2.973522303403906310e-03 6.488622164122385584e+03
3.383950998141713171e+03 9.978487408902526612e-01 2.980593751856261409e-03 6.482946202657793037e+03
3.383959601449963884e+03 9.974091136314950923e-01 2.988074009444108975e-03 6.479860651991968552e+03
3.383968204758214142e+03 1.000073330569794861e+00 2.987808189657045494e-03 6.496942827189093805e+03
3.383976808066464855e+03 1.002561491407732541e+00 2.987236227797860754e-03 6.512883646052769109e+03
3.383985411374715568e+03 1.001695341532135242e+00 2.991608729067125882e-03 6.507037262712919983e+03
3.383994014682965826e+03 1.000810845650193182e+00 2.996047124064455270e-03 6.501075691708427257e+03
3.384002617991216539e+03 1.000088770439934827e+00 2.996685188965815452e-03 6.496173151730370591e+03
3.384011221299467252e+03 9.993564208579471808e-01 2.997219336787029873e-03 6.491207839208280348e+03
3.384019824607717510e+03 9.999254079189315858e-01 3.000036366953288697e-03 6.494698935579886893e+03
3.384028427915968223e+03 1.000530291025659269e+00 3.002668664607271130e-03 6.498426662525573192e+03
3.384037031224218936e+03 1.000331767930624505e+00 2.999738528289343318e-03 6.496939946349990350e+03
3.384045634532469194e+03 1.000127257402447567e+00 2.996819675729948517e-03 6.495418198509231843e+03
3.384054237840719907e+03 9.986593553745758411e-01 2.997158988724131848e-03 6.485695361588324886e+03
3.384062841148970620e+03 9.971324974310900036e-01 2.997949433959248497e-03 6.475594031656351035e+03
3.384071444457220878e+03 9.990706073215801508e-01 3.005564824135793095e-03 6.487998734362068717e+03
