3.065542755141237649e+03 9.455486494356571958e-01 6.917948228424951329e-02 1.010489711761474609e+02
3.065551114074248744e+03 9.752182846577167608e-01 6.937679969362801902e-02 1.042432250071115618e+02
3.065559473007259385e+03 1.004871503795687238e+00 6.957381814036647794e-02 1.074374788379018781e+02
3.065567831940270480e+03 1.041242378116114198e+00 7.057929315928833380e-02 1.113519111341420995e+02
3.065576190873281121e+03 1.077697668398816200e+00 7.159663715723994792e-02 1.152775218572314486e+02
3.065584549806292216e+03 1.039095804695833847e+00 7.129799167961874129e-02 1.111748147319791826e+02
3.065592908739302857e+03 9.981436932554179631e-01 7.095780884180923065e-02 1.068189511589137481e+02
3.065601267672313952e+03 1.013262189053999229e+00 7.122768547934489602e-02 1.084632921749655026e+02
3.065609626605324593e+03 1.032917977932297893e+00 7.154671459576752990e-02 1.105945607884278985e+02
3.065617985538335688e+03 1.023934402795348753e+00 7.104536327671581719e-02 1.096600236088056732e+02
3.065626344471346329e+03 1.012109839705239267e+00 7.046262853649115643e-02 1.084209969835721523e+02
3.065634703404357424e+03 9.706841665152914356e-01 6.955693092872761163e-02 1.040098630309655903e+02
3.065643062337368065e+03 9.257813485080923499e-01 6.861334522823826776e-02 9.922408763789644581e+01
3.065651421270379160e+03 9.816182226416337864e-01 6.947496341069903103e-02 1.052360857041075803e+02
3.065659780203389801e+03 1.055208984720569010e+00 7.065465395348063948e-02 1.131553827853678484e+02
3.065668139136400896e+03 1.068324806166920604e+00 7.064757813906612227e-02 1.145924461428063381e+02
3.065676498069411537e+03 1.069456646164103741e+00 7.040532194891481466e-02 1.147448165787837837e+02
3.065684857002422632e+03 1.018740478916786207e+00 6.929273053816487060e-02 1.093331709637649283e+02
3.065693215935433273e+03 9.566185363355048654e-01 6.798866851259045829e-02 1.026944409078327993e+02
3.065701574868444368e+03 9.722327804674417706e-01 6.843768370728671446e-02 1.043997446835178522e+02
3.065709933801455009e+03 1.010411906252971503e+00 6.939543575615852999e-02 1.085300332911662053e+02
3.065718292734466104e+03 9.859229108483851256e-01 6.890969197511469246e-02 1.059297663122509618e+02
3.065726651667477199e+03 9.416179268373920941e-01 6.796738161962308233e-02 1.011986260859844151e+02
3.065735010600487840e+03 9.404445389007176637e-01 6.768060756074160966e-02 1.011018721073694024e+02
3.065743369533498935e+03 9.540783989105444673e-01 6.761888040913059672e-02 1.025976583395615336e+02
3.065751728466509576e+03 9.940389960201335695e-01 6.842365070123292148e-02 1.069265241955789350e+02
3.065760087399520671e+03 1.043762448712103552e+00 6.954987320957853325e-02 1.123087522288114002e+02
3.065768446332531312e+03 1.056348257952081759e+00 7.038085612246766654e-02 1.136973188996319521e+02
3.065776805265542407e+03 1.051824089143539753e+00 7.107547464807296989e-02 1.132448986283407066e+02
3.065785164198553048e+03 1.011886927861296526e+00 7.000934021019818154e-02 1.089785968346103573e+02
3.065793523131564143e+03 9.544707720722991340e-01 6.807381934886061470e-02 1.028269162512073933e+02
3.065801882064574784e+03 9.761265633955304999e-01 6.814363900964236220e-02 1.051929219935990147e+02
3.065810240997585879e+03 1.039585950444904316e+00 6.927372131619059792e-02 1.120671315377048813e+02
3.065818599930596520e+03 1.043007038452238300e+00 6.942124750031608560e-02 1.124718441941381286e+02
3.065826958863607615e+03 1.012484063414464508e+00 6.901316855703493180e-02 1.092156188018108622e+02
3.065835317796618256e+03 1.021057242900868856e+00 6.926725760654364739e-02 1.101762219775655893e+02
3.065843676729629351e+03 1.053228661759967322e+00 6.992093766920810805e-02 1.136849403042424171e+02
3.065852035662639992e+03 1.060533409798874338e+00 6.970629705694732225e-02 1.145113033441629966e+02
3.065860394595651087e+03 1.049761344882604641e+00 6.886049271112594516e-02 1.133860337664523570e+02
3.065868753528661728e+03 1.058886733716428052e+00 6.884006912329862504e-02 1.144101952930088828e+02
3.065877112461672823e+03 1.083403703348599256e+00 6.945816172920633857e-02 1.170989538400655761e+02
3.065885471394683464e+03 1.067123449207228125e+00 6.930621483934658322e-02 1.153788187180079774e+02
3.065893830327694559e+03 1.017266291747568108e+00 6.852046478888740300e-02 1.100261835674492374e+02
3.065902189260705654e+03 9.701623699800016043e-01 6.790348856242769959e-02 1.049680269840371380e+02
3.065910548193716295e+03 9.254724201720160304e-01 6.743427186706496546e-02 1.001678944946042975e+02
3.065918907126727390e+03 9.343218105029831300e-01 6.749673132406211473e-02 1.011614969668486879e+02
3.065927266059738031e+03 9.929947735657032037e-01 6.805395683037776533e-02 1.075525368323230140e+02
3.065935624992749126e+03 1.023237468935627614e+00 6.837006998795829016e-02 1.108680232151879039e+02
3.065943983925759767e+03 1.025353774782611582e+00 6.844764528191064901e-02 1.111376000043598395e+02
3.065952342858770862e+03 1.001154849929518198e+00 6.800097430754736827e-02 1.085543372991815829e+02
3.065960701791781503e+03 9.458371712312462209e-01 6.693439298920760006e-02 1.025940517690611813e+02
3.065969060724792598e+03 9.500294149817004596e-01 6.681128621847613747e-02 1.030870159024180595e+02
3.065977419657803239e+03 1.029071445009201780e+00 6.787485870292507550e-02 1.117055590133909959e+02
3.065985778590814334e+03 1.058214391785660347e+00 6.851181273356393708e-02 1.149122941450569897e+02
3.065994137523824975e+03 1.020579108277910985e+00 6.857799297836926489e-02 1.108675132029199517e+02
3.066002496456836070e+03 1.010922077588568557e+00 6.854433335234398628e-02 1.098604418575223036e+02
3.066010855389846711e+03 1.041135092988378252e+00 6.836846815722548432e-02 1.131873777776264234e+02
3.066019214322857806e+03 1.062897242631459793e+00 6.846042307829325324e-02 1.155980933836891182e+02
3.066027573255868447e+03 1.071837371530813154e+00 6.895918982316777412e-02 1.166159584281896855e+02
3.066035932188879542e+03 1.075229623354724939e+00 6.892817946535495510e-02 1.170310852818223424e+02
3.066044291121890183e+03 1.069641963328705536e+00 6.803942951972959119e-02 1.164690637870073857e+02
3.066052650054901278e+03 1.043693428489456343e+00 6.722455945500528662e-02 1.136890034677226424e+02
3.066061008987911919e+03 9.825384465642595933e-01 6.653707249175680460e-02 1.070704528195580281e+02
3.066069367920923014e+03 9.622589801253400577e-01 6.635534941809442810e-02 1.049029858017596126e+02
3.066077726853933655e+03 1.017475963500205971e+00 6.710794792385306462e-02 1.109678161922289092e+02
3.066086085786944750e+03 1.060173406308982047e+00 6.782238291412184816e-02 1.156719357358076365e+02
3.066094444719955845e+03 1.078158639816958919e+00 6.846213497647939128e-02 1.176828539179362707e+02
3.066102803652966486e+03 1.077735915500030117e+00 6.858256839954517126e-02 1.176856516695000465e+02
3.066111162585977581e+03 1.038314460871018641e+00 6.760303155659713736e-02 1.134284263446650272e+02
3.066119521518988222e+03 1.011621087711818801e+00 6.684268107814260451e-02 1.105589557176293170e+02
3.066127880451999317e+03 1.013858337957466160e+00 6.658040356461281117e-02 1.108504819019283332e+02
3.066136239385009958e+03 1.007568872317843089e+00 6.628808526722973493e-02 1.102098744030645321e+02
3.066144598318021053e+03 9.804067711968191823e-01 6.592216837004812036e-02 1.072849309380477649e+02
3.066152957251031694e+03 9.637190909525252813e-01 6.562929704155497090e-02 1.055044418853459263e+02
3.066161316184042789e+03 9.746583572401564810e-01 6.552912569221373829e-02 1.067484922214553507e+02
3.066169675117053430e+03 9.851350129586078364e-01 6.560391907275146817e-02 1.079432142830728338e+02
3.066178034050064525e+03 9.943136859310854891e-01 6.617850684400594652e-02 1.089969778489394088e+02
3.066186392983075166e+03 9.905431356683833677e-01 6.634893400580667289e-02 1.086318243800537431e+02
3.066194751916086261e+03 9.466921802659872265e-01 6.526915304411282093e-02 1.038690843693494230e+02
3.066203110849096902e+03 9.208805323329801729e-01 6.464396957383491960e-02 1.010824659878009157e+02
3.066211469782107997e+03 9.557903155985062460e-01 6.554933174333486823e-02 1.049618250677458775e+02
3.066219828715118638e+03 9.833985696344242911e-01 6.610882637598076983e-02 1.080427720294799343e+02
3.066228187648129733e+03 9.842006885405827354e-01 6.539688222195701173e-02 1.081803528993446122e+02
3.066236546581140374e+03 9.829750618549696339e-01 6.485600022538873244e-02 1.080953459981119806e+02
3.066244905514151469e+03 9.735575653624176651e-01 6.500572338832399932e-02 1.071092752317970849e+02
3.066253264447162110e+03 9.676368977680288586e-01 6.511486220790776991e-02 1.065074516760713408e+02
3.066261623380173205e+03 9.773168390372789505e-01 6.504384523955272779e-02 1.076232894922779764e+02
3.066269982313184300e+03 9.865250420400237807e-01 6.506945811890203768e-02 1.086884707070729235e+02
3.066278341246194941e+03 9.934379127588544023e-01 6.557542546220015978e-02 1.095019247634816679e+02
3.066286700179206036e+03 1.001624237677505969e+00 6.600082771074966548e-02 1.104568567167206652e+02
3.066295059112216677e+03 1.016940469566971039e+00 6.598095314487892327e-02 1.121996208545146061e+02
3.066303418045227772e+03 1.017100668204759639e+00 6.566714106188993594e-02 1.122713569944772161e+02
3.066311776978238413e+03 9.413270043835462175e-01 6.387998433503450091e-02 1.039575154783666306e+02
3.066320135911249508e+03 8.861337621027309819e-01 6.259806629039228743e-02 9.790980046873006870e+01
3.066328494844260149e+03 9.463609687511567170e-01 6.415053855673283345e-02 1.046155817789280178e+02
3.066336853777271244e+03 9.953854883461006331e-01 6.535889439578176918e-02 1.100891946589697596e+02
3.066345212710281885e+03 9.733712218478608458e-01 6.438411303450908285e-02 1.077077337953110430e+02
3.066353571643292980e+03 9.613913885371410117e-01 6.371648293426097898e-02 1.064350748246943965e+02
3.066361930576303621e+03 1.022616360246163092e+00 6.528838668699245285e-02 1.132699195054316448e+02
3.066370289509314716e+03 1.073899589450963976e+00 6.659577261885880894e-02 1.190101495121040500e+02
3.066378648442325357e+03 1.040999483688997085e+00 6.566371400300338723e-02 1.154224959672935000e+02
3.066387007375336452e+03 1.009339462729837766e+00 6.476898432051847454e-02 1.119690454870565901e+02
3.066395366308347093e+03 9.899735711810467853e-01 6.424578341534620263e-02 1.098768621813402433e+02
3.066403725241358188e+03 9.726197959542802751e-01 6.379452001411654860e-02 1.080062347982001398e+02
3.066412084174368829e+03 9.725237329327504066e-01 6.396222043798180379e-02 1.080513384082759956e+02
3.066420443107379924e+03 9.727783598268703313e-01 6.406921569696544250e-02 1.081357280475266265e+02
3.066428802040390565e+03 9.766734809811958851e-01 6.355376526376223245e-02 1.086253557684802331e+02
3.066437160973401660e+03 9.771568690845555683e-01 6.305968628598425385e-02 1.087361006713477707e+02
3.066445519906412756e+03 9.344824644088648435e-01 6.283232289778842294e-02 1.040421721537696129e+02
3.066453878839423396e+03 8.971565690295751905e-01 6.266992222019483749e-02 9.993932734455573552e+01
3.066462237772434491e+03 9.463038426772277800e-01 6.356479401854261968e-02 1.054702185758762454e+02
3.066470596705445132e+03 9.936257810532705959e-01 6.443868639188143899e-02 1.108037067482861886e+02
3.066478955638456227e+03 1.001057698902285908e+00 6.486494528203956556e-02 1.116924648440568575e+02
3.066487314571466868e+03 1.008010196553878357e+00 6.523912875645358767e-02 1.125289191506500117e+02
3.066495673504477963e+03 1.007124709575166754e+00 6.475350639441850020e-02 1.124910728530209383e+02
3.066504032437488604e+03 1.006424216695610552e+00 6.429301702539522156e-02 1.124741181716372012e+02
3.066512391370499699e+03 1.010073785880168051e+00 6.441003919167985481e-02 1.129438152569617273e+02
3.066520750303510340e+03 1.012889554445845386e+00 6.451922104460977581e-02 1.133210015340129786e+02
3.066529109236521435e+03 9.845899101938633269e-01 6.434494383016370334e-02 1.102157780233579984e+02
3.066537468169532076e+03 9.570460942473795196e-01 6.416794443559903360e-02 1.071920166321243926e+02
3.066545827102543171e+03 9.974240593454127835e-01 6.373613185152544880e-02 1.117768171955505494e+02
3.066554186035553812e+03 1.035526415471456074e+00 6.332265933871723818e-02 1.161118403609162328e+02
3.066562544968564907e+03 9.849962996294983064e-01 6.362690959385257361e-02 1.105081900295248829e+02
3.066570903901575548e+03 9.352198561333410209e-01 6.393048515024896128e-02 1.049830622582070845e+02
3.066579262834586643e+03 9.605305407165798393e-01 6.421759253083936247e-02 1.078855935182872372e+02
3.066587621767597284e+03 9.858096573039147881e-01 6.450418874117720691e-02 1.107881247782094647e+02
3.066595980700608379e+03 1.008723828892720276e+00 6.455747158676719555e-02 1.134282924404236752e+02
3.066604339633619020e+03 1.031263578863673480e+00 6.460335751651213876e-02 1.160296194015047462e+02
3.066612698566630115e+03 1.012065505835894053e+00 6.392654543146369939e-02 1.139354796829946395e+02
3.066621057499641211e+03 9.928867760332356074e-01 6.325033436723426217e-02 1.118413399644845327e+02
3.066629416432651851e+03 1.016298503991507562e+00 6.409595623628580596e-02 1.145453045960340432e+02
3.066637775365662947e+03 1.039997810924775168e+00 6.495176439366956433e-02 1.172851141907564596e+02
3.066646134298673587e+03 1.027038382143847128e+00 6.436205772099146127e-02 1.158917982118760932e+02
3.066654493231684683e+03 1.013241038902802593e+00 6.373933469811293717e-02 1.144024821033983557e+02
3.066662852164695323e+03 9.601059641838711745e-01 6.288536476081695026e-02 1.084674874113258909e+02
3.066671211097706419e+03 9.066830662254593554e-01 6.203017909005449637e-02 1.024931264047799004e+02
3.066679570030717059e+03 9.758014613223900957e-01 6.314691704256192306e-02 1.103724311314372670e+02
3.066687928963728154e+03 1.047852153756705595e+00 6.431070409347294792e-02 1.185932977827423969e+02
3.066696287896738795e+03 9.846993441439957362e-01 6.356272858014781757e-02 1.115130914174539072e+02
3.066704646829749890e+03 9.202369162247640011e-01 6.279592184939952748e-02 1.042761549045477949e+02
3.066713005762760531e+03 8.977090527790069219e-01 6.214815005457460795e-02 1.017853298649232840e+02
3.066721364695771626e+03 8.762973932529372068e-01 6.150407461405820592e-02 9.941831642875986574e+01
3.066729723628782267e+03 9.078063067045082368e-01 6.185084517033846707e-02 1.030562780393742059e+02
3.066738082561793362e+03 9.415172704730405684e-01 6.223900944050157757e-02 1.069490650625037347e+02
3.066746441494804003e+03 9.528019170585991793e-01 6.284137654366366010e-02 1.082978502147096549e+02
3.066754800427815098e+03 9.634542497308488107e-01 6.344872936571795130e-02 1.095766169668607546e+02
3.066763159360825739e+03 9.384986808574353745e-01 6.224882722087460990e-02 1.068048808364056868e+02
3.066771518293836834e+03 9.120094545366502770e-01 6.097096612343436833e-02 1.038552553217540435e+02
3.066779877226847475e+03 9.075193938593518750e-01 6.083550888291524433e-02 1.034088755514144395e+02
3.066788236159858570e+03 9.036682856123003926e-01 6.073307504180969207e-02 1.030349971371351785e+02
3.066796595092869211e+03 9.234130564081183268e-01 6.135755333789988386e-02 1.053529280748241064e+02
3.066804954025880306e+03 9.442007584803281395e-01 6.201405254652449933e-02 1.077930784848850010e+02
3.066813312958891402e+03 9.317720599379611945e-01 6.182758486065730724e-02 1.064420415958895489e+02
3.066821671891902042e+03 9.183481252343626000e-01 6.161559583617502722e-02 1.049757261284342889e+02
3.066830030824913138e+03 9.080353416616954165e-01 6.177334414498786286e-02 1.038636006322605567e+02
3.066838389757923778e+03 8.978783863570963808e-01 6.194803832045481240e-02 1.027680848052775673e+02
3.066846748690934874e+03 9.432302006242884174e-01 6.284005293063767150e-02 1.080288143878977962e+02
3.066855107623945514e+03 9.920656422164394472e-01 6.377658032006056077e-02 1.136958278902459654e+02
3.066863466556956610e+03 9.492493458797434114e-01 6.267455156963273877e-02 1.088598349515647357e+02
3.066871825489967250e+03 9.020574094827636946e-01 6.147527289903205461e-02 1.035156051471315806e+02
3.066880184422978346e+03 9.668435436339994915e-01 6.292889550670505150e-02 1.110230528463279001e+02
3.066888543355988986e+03 1.038863421191184466e+00 6.455388948483231637e-02 1.193718067474810169e+02
3.066896902289000082e+03 9.711445211317895065e-01 6.228651540230696615e-02 1.116643533550363685e+02
3.066905261222010722e+03 8.965507356969071306e-01 5.982803012886268174e-02 1.031558753213089830e+02
3.066913620155021817e+03 8.949020899187035694e-01 6.005266840884385116e-02 1.030348282904449491e+02
3.066921979088032458e+03 8.957839158144592639e-01 6.036994355739879609e-02 1.032053580970432165e+02
3.066930338021043553e+03 9.104122616236274279e-01 6.111245703716337158e-02 1.049611450420597123e+02
3.066938696954054194e+03 9.257245822758005671e-01 6.187567157557513631e-02 1.067984018447879606e+02
3.066947055887065289e+03 9.299637858220634046e-01 6.151328902755036354e-02 1.073600010318659059e+02
3.066955414820075930e+03 9.337946572321791372e-01 6.111052262490253295e-02 1.078753908870081659e+02
3.066963773753087025e+03 9.135796389366440673e-01 6.082065702223495712e-02 1.056119227617412974e+02
3.066972132686097666e+03 8.921188687118015714e-01 6.053696517709820923e-02 1.032014532264930580e+02
3.066980491619108761e+03 9.145121600389252148e-01 6.083929862330095251e-02 1.058644463911071796e+02
3.066988850552119857e+03 9.385228318755298726e-01 6.116311086163885719e-02 1.087186504617921088e+02
3.066997209485130497e+03 9.386285112347787507e-01 6.142755480022586700e-02 1.088059187128006187e+02
3.067005568418141593e+03 9.374335543040079877e-01 6.168826808592366845e-02 1.087426324538153040e+02
3.067013927351152233e+03 1.031878429734677249e+00 6.367212032522455434e-02 1.197814181093586967e+02
3.067022286284163329e+03 1.129931558457261120e+00 6.572048493034153560e-02 1.312549287078034581e+02
3.067030645217173969e+03 1.026858478504214300e+00 6.386474568647380889e-02 1.193651740662758982e+02
3.067039004150185065e+03 9.190387379145249502e-01 6.191655108063649771e-02 1.069068203476641230e+02
3.067047363083195705e+03 9.702665497450214671e-01 6.204738666699192995e-02 1.129453089746284178e+02
3.067055722016206801e+03 1.027871015099202534e+00 6.226217329468108908e-02 1.197353228506130876e+02
3.067064080949217441e+03 1.020098283081763313e+00 6.197599460021388507e-02 1.189140590691783075e+02
3.067072439882228537e+03 1.010652446819019445e+00 6.167716247521971840e-02 1.178966648791780187e+02
3.067080798815239177e+03 1.020831473780023702e+00 6.203539163091235237e-02 1.191689798621463012e+02
3.067089157748250273e+03 1.031818465893649117e+00 6.242057480629093630e-02 1.205377074534584239e+02
3.067097516681260913e+03 9.877366035102033148e-01 6.172419106368897540e-02 1.154708113723437890e+02
3.067105875614272009e+03 9.422188112646258107e-01 6.099925514435470403e-02 1.102288439177457064e+02
3.067114234547282649e+03 9.514458271903162290e-01 6.144870062011451028e-02 1.113886479875347959e+02
3.067122593480293745e+03 9.613519623491666444e-01 6.191224425100678996e-02 1.126298845534419542e+02
3.067130952413304385e+03 1.003957259744790997e+00 6.225220090173025356e-02 1.177068585480327698e+02
3.067139311346315480e+03 1.047434272231413610e+00 6.258797913555716463e-02 1.228936979986889781e+02
3.067147670279326121e+03 1.017784366198651647e+00 6.182430113499638724e-02 1.195021887847106967e+02
3.067156029212337216e+03 9.871442230934205364e-01 6.104606735367577169e-02 1.159895610809326172e+02
3.072159669056040912e+03 1.044308891559942332e+00 5.213057304085803173e-02 1.503221054077148438e+02
3.072167469727095522e+03 1.008539544504735153e+00 5.124520924598038180e-02 1.450858350022014349e+02
3.072175270398150587e+03 9.727270350124079812e-01 5.035877709335315200e-02 1.398495645963827485e+02
3.072183071069205198e+03 9.727914025195185665e-01 5.018466105476420552e-02 1.397744357867107681e+02
3.072190871740259809e+03 9.729648614873193102e-01 5.001249970969025987e-02 1.397149610307489809e+02
3.072198672411314419e+03 9.802304991584928073e-01 5.042995187252689165e-02 1.406732574866708489e+02
3.072206473082369484e+03 9.877802160815873922e-01 5.087080423802638196e-02 1.416710371355898417e+02
3.072214273753424095e+03 9.986933757394619304e-01 5.102221777305795958e-02 1.431496124671655537e+02
3.072222074424478706e+03 1.009878856798198887e+00 5.115141563323110513e-02 1.446653045989835675e+02
3.072229875095533771e+03 9.938836203490589716e-01 5.062313713736987797e-02 1.422877718987005551e+02
3.072237675766588382e+03 9.746430897883739952e-01 5.001620689238894107e-02 1.394486882755156216e+02
3.072245476437642992e+03 9.996330244789413122e-01 5.078970122048290931e-02 1.429374536367155031e+02
3.072253277108697603e+03 1.030070973193393469e+00 5.173322019204133065e-02 1.472004221400881079e+02
3.072261077779752668e+03 1.001665696672085826e+00 5.149845212038949016e-02 1.430543300615463522e+02
3.072268878450807279e+03 9.633684366447731184e-01 5.106594331188614444e-02 1.375012860888004980e+02
3.072276679121861889e+03 9.467577777425599805e-01 5.037014438945407874e-02 1.350483270311724198e+02
3.072284479792916954e+03 9.348248310736396727e-01 4.961669861643398100e-02 1.332650866303963255e+02
3.072292280463971565e+03 9.686826729967503713e-01 5.040499164153938033e-02 1.380077057535017389e+02
3.072300081135026176e+03 1.014910660361174166e+00 5.160946422077696688e-02 1.445057460302155903e+02
3.072307881806081241e+03 9.727058790342668626e-01 5.119310820171966286e-02 1.384121386856682818e+02
3.072315682477135852e+03 9.061991684455984464e-01 5.033165380959499224e-02 1.288698944160367716e+02
3.072323483148190462e+03 9.183558972609157101e-01 5.033405899989571580e-02 1.305190325134900604e+02
3.072331283819245073e+03 9.566964946025268146e-01 5.062390106516689858e-02 1.358851070700715979e+02
3.072339084490300138e+03 9.721443014035627828e-01 5.078469964297788880e-02 1.379949211081093381e+02
3.072346885161354749e+03 9.785225453764638814e-01 5.089442881071613856e-02 1.388154264222215772e+02
3.072354685832409359e+03 9.798947393424061181e-01 5.119810869246255863e-02 1.389250898373256575e+02
3.072362486503464424e+03 9.792524861382745360e-01 5.158009617163377553e-02 1.387490906325869844e+02
3.072370287174519035e+03 9.719701383846781617e-01 5.141478814917761764e-02 1.376329519329077300e+02
3.072378087845573646e+03 9.615383843243203721e-01 5.099017822452178716e-02 1.360723874599826217e+02
3.072385888516628256e+03 9.669082122799991241e-01 5.089441570305534152e-02 1.367484276041037106e+02
3.072393689187683322e+03 9.810056906129649423e-01 5.098017035727524238e-02 1.386571180414672142e+02
3.072401489858737932e+03 9.768360511214517761e-01 5.092285014123845016e-02 1.379830398454739395e+02
3.072409290529792543e+03 9.624443385039131993e-01 5.078545345841323222e-02 1.358666521158305613e+02
3.072417091200847608e+03 9.490039571817758812e-01 5.061882171123625179e-02 1.338869764714441999e+02
3.072424891871902219e+03 9.361739029324180894e-01 5.043318206376747048e-02 1.319956855136783815e+02
3.072432692542956829e+03 9.491068768220601859e-01 5.055703045723724393e-02 1.337368395447169860e+02
3.072440493214011440e+03 9.812759006138159767e-01 5.091194922142754792e-02 1.381845963855440687e+02
3.072448293885066505e+03 1.007981394020210475e+00 5.170958982524233999e-02 1.418578645458375149e+02
3.072456094556121116e+03 1.030565792842151662e+00 5.284206904733450283e-02 1.449468765234131808e+02
3.072463895227175726e+03 1.022789329108805934e+00 5.307321419953262703e-02 1.437644135748581675e+02
3.072471695898230791e+03 9.886466598589154220e-01 5.252169214456771373e-02 1.388795234465719659e+02
3.072479496569285402e+03 9.656250822436824865e-01 5.193470484412483074e-02 1.355618203407000522e+02
3.072487297240340013e+03 9.523755045336754765e-01 5.131645442713372862e-02 1.336191314514152282e+02
3.072495097911394623e+03 9.391586497761040819e-01 5.097931454913565141e-02 1.316833294025474572e+02
3.072502898582449689e+03 9.259749067839475600e-01 5.092568987323371765e-02 1.297544601619721902e+02
3.072510699253504299e+03 9.354311797833272379e-01 5.119877115467533907e-02 1.309984009286699802e+02
3.072518499924558910e+03 9.679986143753803729e-01 5.180535403838366221e-02 1.354751987783206459e+02
3.072526300595613975e+03 9.870397177328275040e-01 5.208370914990014672e-02 1.380544568885933927e+02
3.072534101266668586e+03 9.902319070100044085e-01 5.197751565222601122e-02 1.384150435750721044e+02
3.072541901937723196e+03 9.851778942140504425e-01 5.200472507970405056e-02 1.376231340751891423e+02
3.072549702608777807e+03 9.690247343022024840e-01 5.221151424910527861e-02 1.352825833496107180e+02
3.072557503279832872e+03 9.559582442018096371e-01 5.215163584292309418e-02 1.333754877721661387e+02
3.072565303950887483e+03 9.471047325187135213e-01 5.172831748388017487e-02 1.320580892059025473e+02
3.072573104621942093e+03 9.549673645931084920e-01 5.173892691932999166e-02 1.330715663424498700e+02
3.072580905292997159e+03 9.890934257957179065e-01 5.243143541818944681e-02 1.377411238539360170e+02
3.072588705964051769e+03 1.001728543135913974e+00 5.276703635683730603e-02 1.394137968908616756e+02
3.072596506635106380e+03 9.801489230916208273e-01 5.253432894061228070e-02 1.363254702878836042e+02
3.072604307306161445e+03 9.826919284568419455e-01 5.259407498743662313e-02 1.365939262017838303e+02
3.072612107977216056e+03 1.029726787971351198e+00 5.319319284522298907e-02 1.430424379007324660e+02
3.072619908648270666e+03 1.054637444562909199e+00 5.367655727025863466e-02 1.464113694072191265e+02
3.072627709319325277e+03 1.038166929866472188e+00 5.394303399501183122e-02 1.440347756501487595e+02
3.072635509990380342e+03 1.032206672963323912e+00 5.406291609834826262e-02 1.431183156700827794e+02
3.072643310661434953e+03 1.046162487696836729e+00 5.390497250139571900e-02 1.449625806544368913e+02
3.072651111332489563e+03 1.063469340120679174e+00 5.399084036009096921e-02 1.472684738000809261e+02
3.072658912003544629e+03 1.088166730470071286e+00 5.461620004973374853e-02 1.505941597738795679e+02
3.072666712674599239e+03 1.087996593789664734e+00 5.471693938666920276e-02 1.504762379021714480e+02
3.072674513345653850e+03 1.032004427173157213e+00 5.363986105223623319e-02 1.426426772879850091e+02
3.072682314016708460e+03 9.930867804735524773e-01 5.295666611058996720e-02 1.371773734651135044e+02
3.072690114687763526e+03 9.995154602719055204e-01 5.331909855876723614e-02 1.379786807776896751e+02
3.072697915358818136e+03 9.947898715056643359e-01 5.349503827999176064e-02 1.372400430042590926e+02
3.072705716029872747e+03 9.600492001454656865e-01 5.316860258401762129e-02 1.323639830941144453e+02
3.072713516700927812e+03 9.432672841091238602e-01 5.306516340504718876e-02 1.299684034204064460e+02
3.072721317371982423e+03 9.844832680381827572e-01 5.368159908205057118e-02 1.355619646233940614e+02
3.072729118043037033e+03 1.017920666846393818e+00 5.426585348905647865e-02 1.400779499021469974e+02
3.072736918714091644e+03 1.025736121206575868e+00 5.474282580685443933e-02 1.410644735081778549e+02
3.072744719385146709e+03 1.029481063225897497e+00 5.495197595257547696e-02 1.414901966694534394e+02
3.072752520056201320e+03 1.019628908305346249e+00 5.426660540295898810e-02 1.400476867837371628e+02
3.072760320727255930e+03 1.006855329094494822e+00 5.364308590019226108e-02 1.382058771532242361e+02
3.072768121398310996e+03 9.821670923548622145e-01 5.327530887030220569e-02 1.347318530272159478e+02
3.072775922069365606e+03 9.680076725942018401e-01 5.309223672142612815e-02 1.327055221778352916e+02
3.072783722740420217e+03 9.978639324462766913e-01 5.368106064647792941e-02 1.367120006541725843e+02
3.072791523411474827e+03 1.015239398207791632e+00 5.396064161282026345e-02 1.390044552539173139e+02
3.072799324082529893e+03 9.794089535756139719e-01 5.292253459464685283e-02 1.340136687134792339e+02
3.072807124753584503e+03 9.512034501271852127e-01 5.207218289991933508e-02 1.300717664410441330e+02
3.072814925424639114e+03 9.644293895319534515e-01 5.224290331404946724e-02 1.317966822679419181e+02
3.072822726095694179e+03 9.805683708776933294e-01 5.256063218988115543e-02 1.339171404413517052e+02
3.072830526766748790e+03 1.012751712392460979e+00 5.369090932170125091e-02 1.382246002748777300e+02
3.072838327437803400e+03 1.036649149931691438e+00 5.461019582734501221e-02 1.413963005682095684e+02
3.072846128108858466e+03 1.013411902285299426e+00 5.432741062101160978e-02 1.381388927299645673e+02
3.072853928779913076e+03 9.998142979155189014e-01 5.418513964496910612e-02 1.361986666506907113e+02
3.072861729450967687e+03 1.060065848586124959e+00 5.511887304162256529e-02 1.443144182796642099e+02
3.072869530122022297e+03 1.110345810121357690e+00 5.593210644723333597e-02 1.510630776300511116e+02
3.072877330793077363e+03 1.081599117525365639e+00 5.578855403725912349e-02 1.470582550895501015e+02
3.072885131464131973e+03 1.054624471429004728e+00 5.555260364944263063e-02 1.432992000516106827e+02
3.072892932135186584e+03 1.042294044153594390e+00 5.456799513127775364e-02 1.415333668507994389e+02
3.072900732806241649e+03 1.025057839316861008e+00 5.356684166635340000e-02 1.391039415998498896e+02
3.072908533477296260e+03 9.478365346350481335e-01 5.237696276750417046e-02 1.285425215930225136e+02
3.072916334148350870e+03 8.777637959010676783e-01 5.131806232171127330e-02 1.189633436974853566e+02
3.072924134819405481e+03 9.004851411311659559e-01 5.195596363980823501e-02 1.219646571472985670e+02
3.072931935490460546e+03 9.268595357319242556e-01 5.266360787131385557e-02 1.254564928519363747e+02
3.072939736161515157e+03 1.001894285383954308e+00 5.429701232163830493e-02 1.355260289394940685e+02
3.072947536832569767e+03 1.071593015787855263e+00 5.578059475194404454e-02 1.448612081930778004e+02
3.072955337503624833e+03 1.064920929917318349e+00 5.512781934701223990e-02 1.438668807315232812e+02
3.072963138174679443e+03 1.057334595607634986e+00 5.447544694029054363e-02 1.427502785056431094e+02
3.072970938845734054e+03 1.022371251345443044e+00 5.385976011605479730e-02 1.379412091045480793e+02
3.072978739516788664e+03 9.880626855218017646e-01 5.325958172706203586e-02 1.332264931167236455e+02
3.072986540187843730e+03 9.771306591174185874e-01 5.320420291484161818e-02 1.316677022319516652e+02
3.072994340858898340e+03 9.660520302357124001e-01 5.314687380378077530e-02 1.300910660345129770e+02
3.073002141529952951e+03 9.499926322810255952e-01 5.301905204046183234e-02 1.278460606232945764e+02
3.073009942201008016e+03 9.349458552918069598e-01 5.291684734734002776e-02 1.257400277803216397e+02
3.073017742872062627e+03 9.638384287905760184e-01 5.391129048844105209e-02 1.295421576656221703e+02
3.073025543543117237e+03 9.923204311780240428e-01 5.488444480073043780e-02 1.332841289754074978e+02
3.073033344214171848e+03 9.988309353305290239e-01 5.474965555456902389e-02 1.340719496282813736e+02
3.073041144885226913e+03 1.005349859529792056e+00 5.461469198523252744e-02 1.348597702812011789e+02
3.073048945556281524e+03 1.025042300829139386e+00 5.514664691118061762e-02 1.374124409051219402e+02
3.073056746227336134e+03 1.044952219519457159e+00 5.568901840739020476e-02 1.399908303121057713e+02
3.073064546898391200e+03 1.070906500958850538e+00 5.636632937306142871e-02 1.433749963872485012e+02
3.073072347569445810e+03 1.097001003865133884e+00 5.704689543944919256e-02 1.467734207045318158e+02
3.073080148240500421e+03 1.044470558258947746e+00 5.599260181787872603e-02 1.396545008877154714e+02
3.073087948911555031e+03 9.902318682898108015e-01 5.490074899921275342e-02 1.323164359163457959e+02
3.073095749582610097e+03 1.048008485465959261e+00 5.636253781439622829e-02 1.399457364590962811e+02
3.073103550253664707e+03 1.108551743102383469e+00 5.788758196455576210e-02 1.479342166977346551e+02
3.073111350924719318e+03 1.040473352511770866e+00 5.618002455243174126e-02 1.387590252119325669e+02
3.073119151595774383e+03 9.688062295420933889e-01 5.438227716830562608e-02 1.291173571685619663e+02
3.073126952266828994e+03 1.039678817948501699e+00 5.582662383695134040e-02 1.384726949595540475e+02
3.073134752937883604e+03 1.114979594223879156e+00 5.737147862071610011e-02 1.484051344999808748e+02
3.073142553608938670e+03 1.074674028144744442e+00 5.638215739329296289e-02 1.429471942520206085e+02
3.073150354279993280e+03 1.030425764413001044e+00 5.530627590099067986e-02 1.369721526362516784e+02
3.073158154951047891e+03 1.018510029009996876e+00 5.498848320746829027e-02 1.352998722952239348e+02
3.073165955622102501e+03 1.007772748762305604e+00 5.469827297039066977e-02 1.337861040874724097e+02
3.073173756293157567e+03 1.032285188971495682e+00 5.508439204662377714e-02 1.369506907844420027e+02
3.073181556964212177e+03 1.059479658501225829e+00 5.552186878154930644e-02 1.404666103756351845e+02
3.073189357635266788e+03 1.039268207319380632e+00 5.566876434007830832e-02 1.376968115974108571e+02
3.073197158306321853e+03 1.015298735082893256e+00 5.579295149280871779e-02 1.344329299337018426e+02
3.073204958977376464e+03 1.005679871002623127e+00 5.541420708436629872e-02 1.330720866221477081e+02
3.073212759648431074e+03 9.972304091335477683e-01 5.499361776374725452e-02 1.318675465259646273e+02
3.073220560319485685e+03 9.926435229746001232e-01 5.465551802743919690e-02 1.311749002300103371e+02
3.073228360990540750e+03 9.883827488046734722e-01 5.432409433387123260e-02 1.305261161407900943e+02
3.073236161661595361e+03 1.014442332920831191e+00 5.576730468763387710e-02 1.338795565764379774e+02
3.073243962332649971e+03 1.043244938121672183e+00 5.737096428321130509e-02 1.375902443263403825e+02
3.073251763003705037e+03 1.019106313853659351e+00 5.617302797667373532e-02 1.343182777683420284e+02
3.073259563674759647e+03 9.900129135117079482e-01 5.471298490645257889e-02 1.303978889169933382e+02
3.073267364345814258e+03 9.688676290866026219e-01 5.431934283737673008e-02 1.275287306712062474e+02
3.073275165016868868e+03 9.484655415881591001e-01 5.402832738475667890e-02 1.247610008426050285e+02
3.073282965687923934e+03 9.828076516847796817e-01 5.528572235660101503e-02 1.291931045316817404e+02
3.073290766358978544e+03 1.022683136987388774e+00 5.669996582945593250e-02 1.343461496339694179e+02
3.073298567030033155e+03 1.013619124279710570e+00 5.621143292911313927e-02 1.330675188895952488e+02
3.073306367701088220e+03 9.994541247336324874e-01 5.552441143505104648e-02 1.311212475618747249e+02
3.073314168372142831e+03 1.059310764269126182e+00 5.646593760416866725e-02 1.388821235166412293e+02
3.073321969043197441e+03 1.127211396387417075e+00 5.758399577701531213e-02 1.476865340583009072e+02
3.073329769714252052e+03 1.063308910310523547e+00 5.606353227213769358e-02 1.392218354543401233e+02
3.073337570385307117e+03 9.846424116099719015e-01 5.424722877453005965e-02 1.288364126812425638e+02
3.073345371056361728e+03 1.028724877619486167e+00 5.531699980439907377e-02 1.345151873695706115e+02
3.073353171727416338e+03 1.086999651305808223e+00 5.672049960493483894e-02 1.420408573151546818e+02
3.073360972398471404e+03 1.052285586904224468e+00 5.576534742282946572e-02 1.374134085360181246e+02
3.073368773069526014e+03 1.006467196849605950e+00 5.452844776505595681e-02 1.313428796923759023e+02
3.073376573740580625e+03 1.019969963159860660e+00 5.543459047809689427e-02 1.330165006976233997e+02
3.073384374411635690e+03 1.040772173578657256e+00 5.660492232626862519e-02 1.356390823599542159e+02
3.073392175082690301e+03 1.074949492041905152e+00 5.723935890531341858e-02 1.400000116501454102e+02
3.073399975753744911e+03 1.110860100539135864e+00 5.780668188994305540e-02 1.445806027147343684e+02
3.073407776424799522e+03 1.100015874885573730e+00 5.759335090696492826e-02 1.430737868397954173e+02
3.073415577095854587e+03 1.084867217677787821e+00 5.730811076536652948e-02 1.410093689096414664e+02
3.073423377766909198e+03 1.087481495315681945e+00 5.684749525228365019e-02 1.412548371449819626e+02
3.073431178437963808e+03 1.091793612823167559e+00 5.636959099176237081e-02 1.417202398966958867e+02
3.073438979109018874e+03 1.076317216487483241e+00 5.671365696932110373e-02 1.396179635774505243e+02
3.073446779780073484e+03 1.058862062162073681e+00 5.713955575007960419e-02 1.372618628610062501e+02
3.073454580451128095e+03 1.079281644219040714e+00 5.725514290565401898e-02 1.398152633697414444e+02
3.073462381122182705e+03 1.103616397811957306e+00 5.733899288867529143e-02 1.428719716385157881e+02
3.073470181793237771e+03 1.589802524130270456e+00 7.819027189028809888e-02 2.056747507457199049e+02
3.073477982464292381e+03 2.125721452278828583e+00 1.012766048720930290e-01 2.748228643480779283e+02
3.073485783135346992e+03 4.935857609400073898e+00 2.898323211004886768e-01 6.377017993108456722e+02
3.073493583806402057e+03 7.999835424493945801e+00 4.968382349955751676e-01 1.032866971578241191e+03
3.073501384477456668e+03 6.317708511436215701e+00 4.008332593056285198e-01 8.151378196525473641e+02
3.073509185148511278e+03 4.093065939101024675e+00 2.702054298885739891e-01 5.277498584120032774e+02
3.073516985819565889e+03 2.626780562866793733e+00 1.673786259878875526e-01 3.384627720580144796e+02
3.073524786490620954e+03 1.219210181367304635e+00 6.664343610804317197e-02 1.569904468661787291e+02
3.073532587161675565e+03 1.074470414589004053e+00 5.776024597364975977e-02 1.382599646531467386e+02
3.073540387832730175e+03 1.034827774003087342e+00 5.652333057863873078e-02 1.330690920318952521e+02
3.073548188503785241e+03 1.051846031485874855e+00 5.747309711289046857e-02 1.351662390296564809e+02
3.073555989174839851e+03 1.073810947346031330e+00 5.861412870911201362e-02 1.378956690307858253e+02
3.073563789845894462e+03 1.073374906196843614e+00 5.806255007549388641e-02 1.377465660053719603e+02
3.073571590516949072e+03 1.070910528582210253e+00 5.735707267345659804e-02 1.373374174643356582e+02
3.073579391188004138e+03 1.059191291309464766e+00 5.729563383824699124e-02 1.357426227688748384e+02
3.073587191859058748e+03 1.046586442810301332e+00 5.729474764952536409e-02 1.340364408727367902e+02
3.073594992530113359e+03 1.067169133443350848e+00 5.781393891939862195e-02 1.365798987414920305e+02
3.073602793201168424e+03 1.089810794875384792e+00 5.836564647620193919e-02 1.393831212100736252e+02
3.073610593872223035e+03 1.055292133209466243e+00 5.790922162044627453e-02 1.348767615890765228e+02
3.073618394543277645e+03 1.017032847712412202e+00 5.738701727406304159e-02 1.298986262692266678e+02
3.073626195214332256e+03 1.066813737381553828e+00 5.798093376304019192e-02 1.361642589293378762e+02
3.073633995885387321e+03 1.122654913264877541e+00 5.865163181905684586e-02 1.431942426828294970e+02
3.073641796556441932e+03 1.167183461903605668e+00 6.003508835099367197e-02 1.487725983928220614e+02
3.073649597227496542e+03 1.210958498898804914e+00 6.147131813323443439e-02 1.542472495884824468e+02
3.073657397898551608e+03 1.177891442014790124e+00 6.059295409877205746e-02 1.499331207100193808e+02
3.073665198569606218e+03 1.141705958383209873e+00 5.962081265529161483e-02 1.452280562753880133e+02
3.073672999240660829e+03 1.141817782786518354e+00 5.903123048022047847e-02 1.451432357968934639e+02
3.073680799911715894e+03 1.143501651805395758e+00 5.845744508859148508e-02 1.452580914765212867e+02
3.073688600582770505e+03 1.126719424467276465e+00 5.880497156184651131e-02 1.430285235256665999e+02
3.073696401253825115e+03 1.109054527345926022e+00 5.919589761270993566e-02 1.406898953617267978e+02
3.073704201924879726e+03 1.138044668188082476e+00 5.994743770016552897e-02 1.442687426028142568e+02
3.073712002595934791e+03 1.169402654172141176e+00 6.071796607740743285e-02 1.481425243323490974e+02
3.073719803266989402e+03 1.110685372906825563e+00 5.930493123473828260e-02 1.406077444682525197e+02
3.073727603938044012e+03 1.050122060301342364e+00 5.784715968124417435e-02 1.328496121576870053e+02
3.073735404609099078e+03 1.083174732587563804e+00 5.903148859390648651e-02 1.369371059157443256e+02
3.073743205280153688e+03 1.118404110052396705e+00 6.027758761446895541e-02 1.412938600771994686e+02
3.073751005951208299e+03 1.109026697149267271e+00 5.975126907699804951e-02 1.400129618560104348e+02
3.073758806622262910e+03 1.098397445940068939e+00 5.917826410758796757e-02 1.385757563614851051e+02
3.073766607293317975e+03 1.060890569604517442e+00 5.861275919378584887e-02 1.337517978201893527e+02
3.073774407964372585e+03 1.023332046185029265e+00 5.804647557798017082e-02 1.289278392791748047e+02
3.228985947533951730e+03 1.015239823959441789e+00 2.581495070827769314e-02 3.435989011208617399e+02
3.228995335566373342e+03 1.007882111762219202e+00 2.564161353289684184e-02 3.411738517272296463e+02
3.229004723598794953e+03 1.003844022632512489e+00 2.554728665563789358e-02 3.398717776049594477e+02
3.229014111631216565e+03 1.007874695596770565e+00 2.564500523707018836e-02 3.413015462523217138e+02
3.229023499663638177e+03 1.003842529562840813e+00 2.561634468392637656e-02 3.400009561294024252e+02
3.229032887696059788e+03 9.799737006708814091e-01 2.527677812365923538e-02 3.319798961157873691e+02
3.229042275728481400e+03 9.658399500970697993e-01 2.507305284639295070e-02 3.272542762902091908e+02
3.229051663760903011e+03 9.793189745562264070e-01 2.525462599855564719e-02 3.318846143148786041e+02
3.229061051793324623e+03 9.913001602342491614e-01 2.537664746316527567e-02 3.360089894220133715e+02
3.229070439825746234e+03 9.989860812308618554e-01 2.532764287103180315e-02 3.386787211412241163e+02
3.229079827858167846e+03 1.007422441622832343e+00 2.534571801710158723e-02 3.416039100717462134e+02
3.229089215890589912e+03 1.018382338540638754e+00 2.558870509737307813e-02 3.453860504522301085e+02
3.229098603923011524e+03 1.027421062452814615e+00 2.580110263272044832e-02 3.485179136250822580e+02
3.229107991955433135e+03 1.029938110810745933e+00 2.590972251995310449e-02 3.494382649444161189e+02
3.229117379987854747e+03 1.024992061676452515e+00 2.584449202057928149e-02 3.478263733968406086e+02
3.229126768020276359e+03 9.943220905605445470e-01 2.518007784905873514e-02 3.374828858714121793e+02
3.229136156052697970e+03 9.734230395288394622e-01 2.467874486170619497e-02 3.304524155387747442e+02
3.229145544085119582e+03 9.924581714502607177e-01 2.484375247114780499e-02 3.369784663544100454e+02
3.229154932117541193e+03 1.005519502397975717e+00 2.493644023881373337e-02 3.414782507224322217e+02
3.229164320149962805e+03 9.937876664552397488e-01 2.472889922123019252e-02 3.375582671115349740e+02
3.229173708182384416e+03 9.867923152517109608e-01 2.458974513938932613e-02 3.352459080356181857e+02
3.229183096214806028e+03 1.003646113147304009e+00 2.479487436629837158e-02 3.410365285898704428e+02
3.229192484247227640e+03 1.016141241191766964e+00 2.493028851922395039e-02 3.453479794002633412e+02
3.229201872279649706e+03 1.006309661512356124e+00 2.470849532064886209e-02 3.420715986566211200e+02
3.229211260312071317e+03 9.979196025441947615e-01 2.453011024987335198e-02 3.392840523954243963e+02
3.229220648344492929e+03 9.970393137057896871e-01 2.457798399013474619e-02 3.390491643587283193e+02
3.229230036376914541e+03 9.968988746040383653e-01 2.463761233129448808e-02 3.390658007042831628e+02
3.229239424409336152e+03 1.001607708492811000e+00 2.477441563742629679e-02 3.407320695714383305e+02
3.229248812441757764e+03 1.006047502099145063e+00 2.492198568829571623e-02 3.423074058742176362e+02
3.229258200474179375e+03 1.008695592895280990e+00 2.514196169602237255e-02 3.432735735864997082e+02
3.229267588506600987e+03 1.011620398391982922e+00 2.534010578688270302e-02 3.443342712537187253e+02
3.229276976539022598e+03 1.016444735915064568e+00 2.538933410212433628e-02 3.460420301509357728e+02
3.229286364571444210e+03 1.019746869877453443e+00 2.539983153351054249e-02 3.472320896200341167e+02
3.229295752603865822e+03 1.012412339306403730e+00 2.513952287952269868e-02 3.448000179770504019e+02
3.229305140636287433e+03 1.007082585166418243e+00 2.493979780413408190e-02 3.430499004495046620e+02
3.229314528668709499e+03 1.020467010835439448e+00 2.530548571175367939e-02 3.476750510299906978e+02
3.229323916701131111e+03 1.032445114409351161e+00 2.564055028903534580e-02 3.518227032609942739e+02
3.229333304733552723e+03 1.030949806548227210e+00 2.568246732275929201e-02 3.513797454208477689e+02
3.229342692765974334e+03 1.028040051468846361e+00 2.566872439818619622e-02 3.504544154549507198e+02
3.229352080798395946e+03 1.011135051321982337e+00 2.510459364611831654e-02 3.447568869529957851e+02
3.229361468830817557e+03 9.948679031496078240e-01 2.458317932881606827e-02 3.392746979212535052e+02
3.229370856863239169e+03 9.850386370970467542e-01 2.449488128061355977e-02 3.359863011393618422e+02
3.229380244895660780e+03 9.765916158666947400e-01 2.442458291458148717e-02 3.331681929684601187e+02
3.229389632928082392e+03 9.893775212580470102e-01 2.463099759000869637e-02 3.375940641473370079e+02
3.229399020960504004e+03 1.001085474037865630e+00 2.481267862508952649e-02 3.416536999408568249e+02
3.229408408992925615e+03 9.955365047129662859e-01 2.459790300657251766e-02 3.398242351775322163e+02
3.229417797025347227e+03 9.899868828930807885e-01 2.438914011153390723e-02 3.379938307861315252e+02
3.229427185057769293e+03 9.843930909506564131e-01 2.428017585728469915e-02 3.361476263701255220e+02
3.229436573090190905e+03 9.793410795705024263e-01 2.417957804506001493e-02 3.344857399169268319e+02
3.229445961122612516e+03 9.837961317681906959e-01 2.422565108149592542e-02 3.360708728100439657e+02
3.229455349155034128e+03 9.878848071372590134e-01 2.427493701553207206e-02 3.375314009734496494e+02
3.229464737187455739e+03 9.852289287508406712e-01 2.438393153989778725e-02 3.366876045506060109e+02
3.229474125219877351e+03 9.828245322331373712e-01 2.448941038783437885e-02 3.359294215229451765e+02
3.229483513252298962e+03 9.911164581352586156e-01 2.444648903836928872e-02 3.388276217572349651e+02
3.229492901284720574e+03 9.991354801586445067e-01 2.440208166110584276e-02 3.416335794051909716e+02
3.229502289317142186e+03 9.942404976308633069e-01 2.428579512526161249e-02 3.400240638088168907e+02
3.229511677349563797e+03 9.894199655930699944e-01 2.416943402940727528e-02 3.384393822546392698e+02
3.229521065381985409e+03 9.885507301346339037e-01 2.404667172436775885e-02 3.382059072503084280e+02
3.229530453414407020e+03 9.879285425140332810e-01 2.393253301296540542e-02 3.380568566481519497e+02
3.229539841446828632e+03 1.002840268094354892e+00 2.435846805771431714e-02 3.432242409051224854e+02
3.229549229479250698e+03 1.017376405659393024e+00 2.477680213894321859e-02 3.482649815049798576e+02
3.229558617511672310e+03 1.004288556498554419e+00 2.463954682906720553e-02 3.438496623843371935e+02
3.229568005544093921e+03 9.913413258862568966e-01 2.450218590831189716e-02 3.394808067257885682e+02
3.229577393576515533e+03 9.908239582439406501e-01 2.435046379736600236e-02 3.393676373776353330e+02
3.229586781608937144e+03 9.903883808678893841e-01 2.420237189765242838e-02 3.392824205024367643e+02
3.229596169641358756e+03 9.996015051854774125e-01 2.447683860905852313e-02 3.425031757632718836e+02
3.229605557673780368e+03 1.008712222140893511e+00 2.474758221081632681e-02 3.456900258014036922e+02
3.229614945706201979e+03 1.001345332670884325e+00 2.441549408255180506e-02 3.432300417440330875e+02
3.229624333738623591e+03 9.940583023091494885e-01 2.408595665145296660e-02 3.407964843530842813e+02
3.229633721771045202e+03 1.008390210703415057e+00 2.443673591036047213e-02 3.457750784004429647e+02
3.229643109803466814e+03 1.022693494006692960e+00 2.478668963717456028e-02 3.507457066149634670e+02
3.229652497835888425e+03 1.016587823913597255e+00 2.452738761351407407e-02 3.487173548901506592e+02
3.229661885868310492e+03 1.010484452845886727e+00 2.426818322728332977e-02 3.466890031652396260e+02
3.229671273900732103e+03 1.006652558744986825e+00 2.423460659050280866e-02 3.454393349697863869e+02
3.229680661933153715e+03 1.002825012305908814e+00 2.420133134963641311e-02 3.441906639501303289e+02
3.229690049965575326e+03 1.001904307321489718e+00 2.408688810857959745e-02 3.439393754288015543e+02
3.229699437997996938e+03 1.000994721289069522e+00 2.397218692955871422e-02 3.436917856587061806e+02
3.229708826030418550e+03 9.841320148697005887e-01 2.373478462876461165e-02 3.379655400695133380e+02
3.229718214062840161e+03 9.667463886108472737e-01 2.349339953087337812e-02 3.320575038160370696e+02
3.229727602095261773e+03 9.860990074800553007e-01 2.397308778536037799e-02 3.387684263153651045e+02
3.229736990127683384e+03 1.006757880891848478e+00 2.447837812031289015e-02 3.459306892583949775e+02
3.229746378160104996e+03 1.011632775082591529e+00 2.436976049302804273e-02 3.476710901574954846e+02
3.229755766192526607e+03 1.016331334235230255e+00 2.425439526708282265e-02 3.493515078126504818e+02
3.229765154224948219e+03 1.007196561162903681e+00 2.410867541126421321e-02 3.462765995816361055e+02
3.229774542257370285e+03 9.978779920782644419e-01 2.396259882568271826e-02 3.431373098679106306e+02
3.229783930289791897e+03 1.004310568966458872e+00 2.398418053625835447e-02 3.454141330233886151e+02
3.229793318322213509e+03 1.010993063403902159e+00 2.400843974491491048e-02 3.477777578719586131e+02
3.229802706354635120e+03 1.014513541073140734e+00 2.408886889624473754e-02 3.490543200611073189e+02
3.229812094387056732e+03 1.017974173305744134e+00 2.417030846295834673e-02 3.503107427191680472e+02
3.229821482419478343e+03 1.021953233573959618e+00 2.435361199470634577e-02 3.517460501767833421e+02
3.229830870451899955e+03 1.025941733053316041e+00 2.453899008372991547e-02 3.531851211712390182e+02
3.229840258484321566e+03 1.014413265891057181e+00 2.423978815745802401e-02 3.492819185874286632e+02
3.229849646516743178e+03 1.002523591044442774e+00 2.392928378295068603e-02 3.452528326118535915e+02
3.229859034549164789e+03 1.013524203115244271e+00 2.406160082092345665e-02 3.491067320295928766e+02
3.229868422581586401e+03 1.025117918901024883e+00 2.420542107491556461e-02 3.531663844927853120e+02
3.229877810614008013e+03 1.019063782685760255e+00 2.414564513244122149e-02 3.511464814628610043e+02
3.229887198646430079e+03 1.012506510353769595e+00 2.408006104431836825e-02 3.489523944134635371e+02
3.229896586678851691e+03 9.952737857554662115e-01 2.383486873952325724e-02 3.430775601324455124e+02
3.229905974711273302e+03 9.777142873031176018e-01 2.358416241610912512e-02 3.370878373463397111e+02
3.229915362743694914e+03 9.896596782426526628e-01 2.370359357970705169e-02 3.412701913421839777e+02
3.229924750776116525e+03 1.002597119153971983e+00 2.383548097522766515e-02 3.457962470653987452e+02
3.229934138808538137e+03 1.001755824352096536e+00 2.381959157367477889e-02 3.455707912966152549e+02
3.241963362761470762e+03 1.006409944380672883e+00 1.635391807929523558e-02 3.581395643281276762e+02
3.241971709951842058e+03 1.002751075890165433e+00 1.634335870246451591e-02 3.568207524973543059e+02
3.241980057142213354e+03 1.000441797037532332e+00 1.625445015110851127e-02 3.559833796522850662e+02
3.241988404332584196e+03 9.980619663804343178e-01 1.616852769708024620e-02 3.551220720446848418e+02
3.241996751522955492e+03 9.943042434322353351e-01 1.614474879819718933e-02 3.537716754965821906e+02
3.242005098713326788e+03 9.907994336804014646e-01 1.612507131508623612e-02 3.525124507176375914e+02
3.242013445903697630e+03 9.960157965632979726e-01 1.624673523019770291e-02 3.543571688182550474e+02
3.242021793094068926e+03 1.001184970873439939e+00 1.636751721550304059e-02 3.561860813050835759e+02
3.242030140284439767e+03 1.005275624577531612e+00 1.646793857269325881e-02 3.576323046298545023e+02
3.242038487474811063e+03 1.009139437721260135e+00 1.656409150967677948e-02 3.589988645891883152e+02
3.242046834665182359e+03 1.002829717810559629e+00 1.646842517154308710e-02 3.567473360629804802e+02
3.242055181855553201e+03 9.965236456832153866e-01 1.637282363652372078e-02 3.544982859629509448e+02
3.242063529045924497e+03 9.922420434730522265e-01 1.631181212987000903e-02 3.529705611156563236e+02
3.242071876236295793e+03 9.880061352300202326e-01 1.624983132663982213e-02 3.514602156549104279e+02
3.242080223426666635e+03 9.870754456085276685e-01 1.612566765883622841e-02 3.511267272817161711e+02
3.242088570617037931e+03 9.861416985376065814e-01 1.600145287827988566e-02 3.507932389085036675e+02
3.242096917807408772e+03 9.919657354752343670e-01 1.618174613881605620e-02 3.528647322661439603e+02
3.242105264997780068e+03 9.978109011821986174e-01 1.636307933527713851e-02 3.549448345218333998e+02
3.242113612188151365e+03 1.000460014330156078e+00 1.628681676235108414e-02 3.558891315744983217e+02
3.242121959378522206e+03 1.003035224160437000e+00 1.620479601688382468e-02 3.568082510872650914e+02
3.242130306568893502e+03 9.996166293676548298e-01 1.620736619426856387e-02 3.555962985373486163e+02
3.242138653759264798e+03 9.961311161902735023e-01 1.621078939848523415e-02 3.543616063575698263e+02
3.242147000949635640e+03 9.981902319618118913e-01 1.621187529594194168e-02 3.551004377225425515e+02
3.242155348140006936e+03 1.000409970582430974e+00 1.621284357807811424e-02 3.558975355728725845e+02
3.242163695330377777e+03 9.933899706631712512e-01 1.616885917066530204e-02 3.534086361537079597e+02
3.242172042520749073e+03 9.859138115261624202e-01 1.612262268735885698e-02 3.507584125157640642e+02
3.242180389711120370e+03 9.889735550928069330e-01 1.612347340775176566e-02 3.518575890558634001e+02
3.242188736901491211e+03 9.924198346878280175e-01 1.612601763742860933e-02 3.530954473601418613e+02
3.242197084091862507e+03 9.890966317210109215e-01 1.613503323912090712e-02 3.519258628757476117e+02
3.242205431282233803e+03 9.853860152004885187e-01 1.614436904992287355e-02 3.506194258685542877e+02
3.242213778472604645e+03 9.848812596607087189e-01 1.615398359266355388e-02 3.504547188166561114e+02
3.242222125662975941e+03 9.845164787122122618e-01 1.616356210659482262e-02 3.503408876599053201e+02
3.242230472853346782e+03 9.771139771473756896e-01 1.598851234607480062e-02 3.477236257575613081e+02
3.242238820043718079e+03 9.692539955843041399e-01 1.580148703796532481e-02 3.449443615009461723e+02
3.242247167234089375e+03 9.700110935232800768e-01 1.585025445395437868e-02 3.452327335642241906e+02
3.242255514424460216e+03 9.712153936135686783e-01 1.591128710674455382e-02 3.456813724702512900e+02
3.242263861614831512e+03 9.745660029215363895e-01 1.594467373184615608e-02 3.468951041018302703e+02
3.242272208805202808e+03 9.780694341147352366e-01 1.597600143864952651e-02 3.481644554219109295e+02
3.242280555995573650e+03 9.763374167793326119e-01 1.595959713683391817e-02 3.475712510375934698e+02
3.242288903185944946e+03 9.741110654905702493e-01 1.593866630147759700e-02 3.468030414192643889e+02
3.242297250376315787e+03 9.722868638262360808e-01 1.596095543020379856e-02 3.461789716502893270e+02
3.242305597566687084e+03 9.704926452783823043e-01 1.598668770807349856e-02 3.455665486478238790e+02
3.242313944757058380e+03 9.605614087305435200e-01 1.580822333909621263e-02 3.420574865107612368e+02
3.242322291947429221e+03 9.497960107885777825e-01 1.560883848520603495e-02 3.382518354975062493e+02
3.242330639137800517e+03 9.531630431395424763e-01 1.563314186693944355e-02 3.394800108048390257e+02
3.242338986328171814e+03 9.577847541978047330e-01 1.567730740762163233e-02 3.411563499534909170e+02
3.242347333518542655e+03 9.738620228812303603e-01 1.588038484612436935e-02 3.469148036241946897e+02
3.242355680708913951e+03 9.912046124109104017e-01 1.610101169194985346e-02 3.531261785449421495e+02
3.242364027899284793e+03 9.898339495038136482e-01 1.604331218198650280e-02 3.526724041155099485e+02
3.242372375089656089e+03 9.866389196124306649e-01 1.595848151448690452e-02 3.515695420241910938e+02
3.242380722280027385e+03 9.863641576969992553e-01 1.604675210317973652e-02 3.515082188967312504e+02
3.242389069470398226e+03 9.863323158222637721e-01 1.614952138825171205e-02 3.515345364802212771e+02
3.242397416660769522e+03 9.930879547388874462e-01 1.624629853400398269e-02 3.539812988697709670e+02
3.242405763851140819e+03 1.000557850180400887e+00 1.634237731969992100e-02 3.566843122004049746e+02
3.242414111041511660e+03 9.968974694948851134e-01 1.620441340655236553e-02 3.554207927710621107e+02
3.242422458231882956e+03 9.922067295616318061e-01 1.604480994164388455e-02 3.537906658095250805e+02
3.242430805422253798e+03 9.991764502933515590e-01 1.623983812812273414e-02 3.563194979731476337e+02
3.242439152612625094e+03 1.007476372946073839e+00 1.647536429896623994e-02 3.593244711083344214e+02
3.242447499802996390e+03 1.006533345472622631e+00 1.645298269121983625e-02 3.590343073327341585e+02
3.242455846993367231e+03 1.004656123906029652e+00 1.640456536589464734e-02 3.584118869375649297e+02
3.242464194183738527e+03 1.000306928942911622e+00 1.634749603097272394e-02 3.569083941554022772e+02
3.242472541374109824e+03 9.956515628897278924e-01 1.628933046550247107e-02 3.552963204973448228e+02
3.242480888564480665e+03 1.003228371041583911e+00 1.638632343486956869e-02 3.580505198287943358e+02
3.242489235754851961e+03 1.012137769363376405e+00 1.650020933472964163e-02 3.612822586722278402e+02
3.242497582945222803e+03 1.005955301055038165e+00 1.641394250307627589e-02 3.591282053408630190e+02
3.242505930135594099e+03 9.983259162098441220e-01 1.630847884851183496e-02 3.564579714898844145e+02
3.242514277325965395e+03 9.920490807766710883e-01 1.624163367848791006e-02 3.542710178109134631e+02
3.242522624516336236e+03 9.859308564254587459e-01 1.617931923822874679e-02 3.521411110816810037e+02
3.242530971706707533e+03 9.890266725464629261e-01 1.623917757119191022e-02 3.533030652392541811e+02
3.242539318897078829e+03 9.930794485613291256e-01 1.631171059410337423e-02 3.548083645847268031e+02
3.242547666087449670e+03 1.002145954526661775e+00 1.640935459168421998e-02 3.581068350655939412e+02
3.242556013277820966e+03 1.011662400934655537e+00 1.650920438765739878e-02 3.615682957322602533e+02
3.383687208198672579e+03 9.983120345022225006e-01 1.141116942133255617e-02 2.777506932286262895e+02
3.383695825506693382e+03 9.971315198461484508e-01 1.143610409314563085e-02 2.774140159678396458e+02
3.383704442814713730e+03 9.994970920150977323e-01 1.142778124346011809e-02 2.780641609948656878e+02
3.383713060122734532e+03 1.001472077399860661e+00 1.142102796989786541e-02 2.786058769847850272e+02
3.383721677430754880e+03 9.980272537594162552e-01 1.143624541447109920e-02 2.776401007864304233e+02
3.383730294738775228e+03 9.949407944430744832e-01 1.144972339379930933e-02 2.767743329708262650e+02
3.383738912046796031e+03 9.979623669127195562e-01 1.143380577924581545e-02 2.776079758927748458e+02
3.383747529354816379e+03 1.000658757368849017e+00 1.141797790506181472e-02 2.783513900802586818e+02
3.383756146662836727e+03 9.963158703140753136e-01 1.140434150886435183e-02 2.771369795442985264e+02
3.383764763970857530e+03 9.922401443048494141e-01 1.139120860254146973e-02 2.759972027184463172e+02
3.383773381278877878e+03 9.961425120097946451e-01 1.139338207407389683e-02 2.770768458463251704e+02
3.383781998586898226e+03 1.000003875958312305e+00 1.139688249464165630e-02 2.781453064908628789e+02
3.383790615894919029e+03 1.001991148970457601e+00 1.146270801611062873e-02 2.786927355559345756e+02
3.383799233202939376e+03 1.003912421563838642e+00 1.152737285663531404e-02 2.792220557165439914e+02
3.383807850510959724e+03 9.990362710927787049e-01 1.147176590695883798e-02 2.778610649533149513e+02
3.383816467818980527e+03 9.941589950062240666e-01 1.141614604487314368e-02 2.765000741900140611e+02
3.383825085127000875e+03 9.910018024232036815e-01 1.135346396987305453e-02 2.756177828274416015e+02
3.383833702435021678e+03 9.879373631536451095e-01 1.129243510781101703e-02 2.747615792566230084e+02
3.383842319743042026e+03 9.908927207869108189e-01 1.134344035223686445e-02 2.755798459804112213e+02
3.383850937051062374e+03 9.938274559720080559e-01 1.139411180509454502e-02 2.763926219710074861e+02
3.383859554359083177e+03 9.907124480864174521e-01 1.134545621498274891e-02 2.755231745817603155e+02
3.383868171667103525e+03 9.875964173068020324e-01 1.129678862795273180e-02 2.746537271925590744e+02
3.383876788975123873e+03 9.964419670398131368e-01 1.141622410006623567e-02 2.771110841946050414e+02
3.383885406283144675e+03 1.005386458514474279e+00 1.153705244486899831e-02 2.795961797244207787e+02
3.383894023591165023e+03 9.953088037131626598e-01 1.140782044635132823e-02 2.767915198236196943e+02
3.383902640899185371e+03 9.848459884917546425e-01 1.127352685384950919e-02 2.738800552910963120e+02
3.383911258207206174e+03 9.881590555657571162e-01 1.131379126013121530e-02 2.747998630429581226e+02
3.383919875515226522e+03 9.919165568797054799e-01 1.135968832461090039e-02 2.758435196469268931e+02
3.383928492823246870e+03 9.913595272297441863e-01 1.136996420663836591e-02 2.756876036970958239e+02
3.383937110131267673e+03 9.906084915919044498e-01 1.137863551198699079e-02 2.754780034352412486e+02
3.383945727439288021e+03 9.733099560643327930e-01 1.126586202608647821e-02 2.706669886315141866e+02
3.383954344747308824e+03 9.550592965389269606e-01 1.114609703286384597e-02 2.655914716442503050e+02
3.383962962055329172e+03 9.654141911747128324e-01 1.121890160712472537e-02 2.684711047268305606e+02
3.383971579363349520e+03 9.768841957830808331e-01 1.129920860705463034e-02 2.716611007064376508e+02
3.383980196671370322e+03 9.797259223447851717e-01 1.132963571594775877e-02 2.724519316054407909e+02
3.383988813979390670e+03 9.821214904452535421e-01 1.135747834110610241e-02 2.731189566940884106e+02
3.383997431287411018e+03 9.823835742172699614e-01 1.138307145757167654e-02 2.731929450434518571e+02
3.384006048595431821e+03 9.825071571006601667e-01 1.140850899056211794e-02 2.732286812395204265e+02
3.384014665903452169e+03 9.755514159957624498e-01 1.130083989185382866e-02 2.712959567048507665e+02
3.384023283211472517e+03 9.680446899267861616e-01 1.118281706189779359e-02 2.692102415041999279e+02
3.384031900519493320e+03 9.584714711854549485e-01 1.115642503057465498e-02 2.665500650632464499e+02
3.384040517827513668e+03 9.487765554201006424e-01 1.113538769204007114e-02 2.638562567977792241e+02
3.384049135135534470e+03 9.608429640890021606e-01 1.124203342553802519e-02 2.672145706183616198e+02
3.384057752443554818e+03 9.744666780581495713e-01 1.135781083144007941e-02 2.710063092193359466e+02
3.384066369751575166e+03 9.650164995073928775e-01 1.129290461214198585e-02 2.683813008073737478e+02
3.384074987059595969e+03 9.536041836602634492e-01 1.121263007709349772e-02 2.652107886780769377e+02
3.384083604367616317e+03 9.496545803138720654e-01 1.118158077570963541e-02 2.641159625086538654e+02
3.384092221675636665e+03 9.464411582361879072e-01 1.115538329968365251e-02 2.632261080089566008e+02
3.384100838983657468e+03 9.319914155520298005e-01 1.100758809417202479e-02 2.592113634377669769e+02
3.384109456291677816e+03 9.166556243876312626e-01 1.085020313392220763e-02 2.549503018517351336e+02
3.384118073599698164e+03 9.270615448438149775e-01 1.095422735004888438e-02 2.578490328366082167e+02
3.384126690907718967e+03 9.398448070760868633e-01 1.108239237274123538e-02 2.614093528285739580e+02
3.384135308215739315e+03 9.633659476138388689e-01 1.131758153807414097e-02 2.679567618775200231e+02
3.384143925523759663e+03 9.880270908930771645e-01 1.156413157496697687e-02 2.748217843250404258e+02
3.384152542831780465e+03 9.936585965433469836e-01 1.159236520059554916e-02 2.763941121209915650e+02
3.384161160139800813e+03 9.976500688601898093e-01 1.160178493274325630e-02 2.775105761989544249e+02
3.384169777447821616e+03 9.997826069018584949e-01 1.161928445094076272e-02 2.781102573380306353e+02
3.384178394755841964e+03 1.001728499285516882e+00 1.163758021416058490e-02 2.786583141190906190e+02
3.384187012063862312e+03 9.989662352906441001e-01 1.161279024477620235e-02 2.778969300922705656e+02
3.384195629371883115e+03 9.956664906392715952e-01 1.158307949871998331e-02 2.769862516211256320e+02
3.384204246679903463e+03 9.931777489192376018e-01 1.152827973771124170e-02 2.763014115632341259e+02
3.384212863987923811e+03 9.907641176490020740e-01 1.147112611142630904e-02 2.756376957328366757e+02
3.384221481295944614e+03 9.902982362225127844e-01 1.149435662276446397e-02 2.755161008453724776e+02
3.384230098603964962e+03 9.900408759256478231e-01 1.152621586219658260e-02 2.754527792795320238e+02
3.384238715911985310e+03 9.944584583394238120e-01 1.154261139975823122e-02 2.766904386951773631e+02
3.384247333220006112e+03 9.994443390673574124e-01 1.155711285264931880e-02 2.780865661410367693e+02
3.384255950528026460e+03 9.931118041002028329e-01 1.152051142115110595e-02 2.763336985680775797e+02
3.384264567836046808e+03 9.856352377173843715e-01 1.147873905332781781e-02 2.742626414985758174e+02
3.384273185144067611e+03 9.847959696369851246e-01 1.148092891961177177e-02 2.740386631157979309e+02
3.384281802452087959e+03 9.847204035370641373e-01 1.148817246262339754e-02 2.740274547949769612e+02
3.384290419760108762e+03 9.942038586715163939e-01 1.156573880104387088e-02 2.766766860114689734e+02
3.384299037068129110e+03 1.004590683516430660e+00 1.164994671772447837e-02 2.795777884883381716e+02
3.384307654376149458e+03 1.002655506436034294e+00 1.163093527351302323e-02 2.790500329639532424e+02
3.384316271684170260e+03 9.993808949266532737e-01 1.160070103173981536e-02 2.781497099109066085e+02
3.384324888992190608e+03 9.945652182536672825e-01 1.156804092379534570e-02 2.768206517626811092e+02
3.384333506300210956e+03 9.895595196155564377e-01 1.153507506214845706e-02 2.754388583492890916e+02
3.384342123608231759e+03 9.969940253474646186e-01 1.161291799435200736e-02 2.775200279406574850e+02
3.384350740916252107e+03 1.005698273053842406e+00 1.170206765156120952e-02 2.799550996229065731e+02
