9.999991597982619274e-01
9.999991285978800937e-01
9.999990860342808929e-01
9.999990337803379425e-01
9.999989735228509424e-01
9.999989059967606675e-01
9.999988309572680478e-01
9.999987475280469607e-01
9.999986544497478924e-01
9.999985501469246252e-01
9.999984326886977026e-01
9.999982996970711024e-01
9.999981482135691380e-01
9.999979745069977888e-01
9.999977737478706885e-01
9.999975391481432663e-01
9.999972581868806776e-01
9.999968926049409568e-01
9.999962749157739195e-01
9.999946194002944377e-01
9.999884519844047803e-01
9.999638290154498899e-01
9.998705817015673958e-01
9.995480805916632239e-01
9.985421042204454256e-01
9.957293935230595583e-01
9.887142165088607104e-01
9.731804089320130746e-01
9.427865886237132287e-01
8.904795834378930186e-01
8.116467986681366042e-01
7.080522793224657274e-01
5.900121833011705563e-01
4.746544448462933774e-01
3.808118137476849130e-01
3.236737796889929686e-01
3.119246841353696675e-01
3.472687014025814256e-01
4.244879513069840238e-01
5.314370706469162542e-01
6.505362798614877651e-01
7.630757858296833840e-01
8.548926146199083975e-01
9.200495945072311166e-01
9.604567948237301422e-01
9.824495000282251755e-01
9.930023638579476009e-01
9.974874781269156276e-01
9.991839497626674449e-01
9.997577251345730609e-01
9.999321569564960654e-01
9.999802139702458348e-01
9.999924661420225291e-01
9.999955608565778142e-01
9.999964997913532994e-01
9.999969404358287628e-01
9.999972437165719485e-01
9.999974872012900029e-01
9.999976912263334183e-01
9.999978644404143857e-01
9.999980123775277230e-01
9.999981391649314100e-01
9.999982480114366634e-01
9.999983414463747833e-01
9.999984214761551415e-01
9.999984896958874492e-01
9.999985473707988515e-01
9.999985954959995649e-01
9.999986348402031267e-01
9.999986659771762376e-01
9.999986893074315208e-01
9.999987050717734638e-01
9.999987133576047071e-01
9.999987140982995459e-01
9.999987070653770793e-01
9.999986918525776147e-01
9.999986678501588955e-01
9.999986342066555789e-01
9.999985897736267670e-01
9.999985330250404925e-01
9.999984619269550734e-01
9.999983736384686628e-01
9.999982633413355693e-01
9.999981181696133703e-01
9.999978852287696451e-01
9.999973159230649555e-01
9.999952841724961683e-01
9.999871263283047762e-01
9.999554603507734285e-01
9.998423917606944489e-01
9.994766009456517164e-01
9.984108159066091837e-01
9.956246290320425185e-01
9.891119494819639035e-01
9.755484485067353884e-01
9.504750375812963670e-01
9.094991661532705329e-01
8.505788920738328596e-01
7.765273773477796571e-01
6.961540567300862348e-01
6.228489398665583154e-01
5.709000643973911604e-01
5.511774730440897052e-01
5.679178551747846582e-01
6.175213849206988570e-01
6.895720681177932576e-01
7.699075710156766394e-01
8.449013042450488342e-01
9.052705886266225743e-01
9.477158439750841268e-01
9.739623163899233660e-01
9.883051416297574665e-01
9.952600672174188867e-01
9.982639742474666011e-01
9.994237441206421657e-01
9.998253963488235030e-01
9.999506401241612386e-01
9.999860095493556811e-01
9.999951898147776408e-01
9.999974888739215917e-01
9.999981354768523456e-01
9.999984030657107503e-01
9.999985746758326410e-01
9.999987105657456299e-01
9.999988251685940632e-01
9.999989237523624341e-01
9.999990094131648855e-01
9.999990844143294977e-01
9.999991505183858376e-01
9.999992091279736872e-01
9.999992613736568003e-01
9.999993081761735514e-01
9.999993502922753796e-01
9.999993883490643221e-01
9.999994228697349774e-01
9.999994542909087514e-01
9.999994829641156713e-01
9.999995091172457773e-01
9.999995327433490733e-01
9.999995534491665783e-01
9.999995704590824985e-01
9.999995830077703651e-01
9.994982442163627967e-01
9.994903660644318677e-01
9.994800458092774065e-01
9.994678004928377879e-01
9.994542061986305681e-01
9.994396732207170286e-01
9.994244033731023436e-01
9.994084566453693697e-01
9.993918259095720957e-01
9.993744793755322542e-01
9.993563767166693257e-01
9.993374733776256846e-01
9.993177212507007301e-01
9.992970685181739032e-01
9.992754593253716511e-01
9.992528333976620214e-01
9.992291256119683052e-01
9.992042655185860989e-01
9.991781768067345970e-01
9.991507767061122980e-01
9.991219753154898520e-01
9.990916748479305998e-01
9.990597687805089500e-01
9.990261408943681420e-01
9.989906641885284433e-01
9.989531996479604770e-01
9.989135948429612721e-01
9.988716823326813099e-01
9.988272778405875574e-01
9.987801781635091691e-01
9.987301587684225268e-01
9.986769710219702834e-01
9.986203389864454216e-01
9.985599557020393702e-01
9.984954788578705998e-01
9.984265257327027410e-01
9.983526672591457318e-01
9.982734210308523704e-01
9.981882430286304064e-01
9.980965177855567472e-01
9.979975466391443062e-01
9.978905336249267455e-01
9.977745684429328854e-01
9.976486057657836248e-01
9.975114399394044984e-01
9.973616738324158071e-01
9.971976801843660532e-01
9.970175532293901188e-01
9.968190475163729580e-01
9.965994994131284201e-01
9.963557238307589881e-01
9.960838709785504452e-01
9.957792041368954683e-01
9.954356816850169487e-01
9.950449760121304887e-01
9.945937917838524323e-01
9.940561356094861356e-01
9.933713803745857218e-01
9.923854024716618483e-01
9.907055008248514261e-01
9.873821551692754106e-01
9.803158551676625088e-01
9.653971919768666865e-01
9.357717320153081664e-01
8.822510287194343936e-01
7.961653362232785636e-01
6.747630615953754685e-01
5.264102528296190631e-01
3.708003566161531261e-01
2.317779599615963915e-01
1.266693999758926881e-01
5.978172352689430785e-02
2.411865154775874598e-02
8.249373449761737351e-03
2.375853983974451217e-03
5.729516596360780022e-04
1.151595972357014454e-04
1.921691179619161642e-05
2.653713267652264130e-06
3.026170366743177288e-07
3.150477853061031528e-08
4.175868331686455522e-08
4.108748328195225654e-07
3.510734966444820311e-06
2.477219327043257561e-05
1.447123300711838651e-04
7.022172933922844144e-04
2.841732403906955650e-03
9.636130869034077034e-03
2.753733651244054045e-02
6.678395171661377638e-02
1.386301292946141017e-01
2.488913566790725840e-01
3.914177544159340716e-01
5.474548624082988812e-01
6.930980527061324503e-01
8.099233290830609722e-01
8.912412134080598403e-01
9.409601591656000519e-01
9.680926112274367279e-01
9.816124027597274981e-01
9.879863619737120350e-01
9.909982828030878821e-01
9.925459842924413412e-01
9.934759014405307731e-01
9.941348237850755609e-01
9.946583962147739211e-01
9.951003066228123473e-01
9.954840192585069358e-01
9.958218763993493816e-01
9.961217976980945021e-01
9.963896098848455951e-01
9.966299115301401335e-01
9.968464517882261733e-01
9.970423378407280435e-01
9.972201712784137806e-01
9.973821473898334400e-01
9.975301309648014758e-01
9.976657155149263323e-01
9.977902701740126723e-01
9.979049772174579669e-01
9.980108623333134865e-01
9.981088192315910046e-01
9.981996297901614135e-01
9.982839806527858961e-01
9.983624769856422887e-01
9.984356539421516130e-01
9.985039862675177957e-01
9.985678963840278755e-01
9.986277612286085237e-01
9.986839180601646548e-01
9.987366694120458632e-01
9.987862873317961965e-01
9.988330170240526940e-01
9.988770799915058785e-01
9.989186767520539245e-01
9.989579891967503844e-01
9.989951826421988867e-01
9.990304076221301344e-01
9.990638014556112445e-01
9.990954896233601445e-01
9.991255869786968002e-01
9.991541988155909770e-01
9.991814218128620695e-01
9.992073448707683436e-01
9.992320498538470597e-01
9.992556122518854167e-01
9.992781017692208279e-01
9.992995828511607170e-01
9.993201151551083239e-01
9.993397539729609313e-01
9.993585506104850635e-01
9.993765527286208039e-01
9.993938046510399964e-01
9.994103476417319776e-01
9.994262201559215297e-01
9.994414580672119630e-01
9.994560948734023675e-01
9.994701618819861189e-01
9.994836883651895265e-01
9.994967015951718992e-01
9.995092262426106267e-01
9.995212809688313049e-01
9.995328658601343452e-01
9.995439294357386650e-01
9.995543105829645114e-01
9.995636865719368380e-01
9.995716056461164678e-01
9.995776608355896320e-01
9.997529773694955324e-01
9.997492830854171064e-01
9.997444720505924698e-01
9.997387667563026881e-01
9.997324235931800418e-01
9.997256346346377054e-01
9.997185019050031096e-01
9.997110611090123111e-01
9.997033138780289097e-01
9.996952483278219725e-01
9.996868478237743716e-01
9.996780936712403864e-01
9.996689656767727694e-01
9.996594421540462294e-01
9.996494998109569652e-01
9.996391136066573591e-01
9.996282565910378226e-01
9.996168997264291978e-01
9.996050116894508175e-01
9.995925586504348370e-01
9.995795040274624288e-01
9.995658082115973508e-01
9.995514282593704891e-01
9.995363175479470286e-01
9.995204253876726064e-01
9.995036965858277167e-01
9.994860709543824662e-01
9.994674827533205352e-01
9.994478600596279350e-01
9.994271240502838882e-01
9.994051881854706387e-01
9.993819572756597047e-01
9.993573264131245804e-01
9.993311797446498002e-01
9.993033890575783174e-01
9.992738121456463674e-01
9.992422909140401543e-01
9.992086491743719101e-01
9.991726900694014590e-01
9.991341930536464799e-01
9.990929103387633514e-01
9.990485626906238092e-01
9.990008344368948023e-01
9.989493675076633883e-01
9.988937542844711359e-01
9.988335289712406695e-01
9.987681571185665907e-01
9.986970228229834490e-01
9.986194129734473623e-01
9.985344977095043095e-01
9.984413059534057444e-01
9.983386943951295667e-01
9.982253073890503536e-01
9.980995230235365501e-01
9.979593743360770652e-01
9.978024151005140396e-01
9.976254384176956869e-01
9.974237709073041636e-01
9.971893323712393009e-01
9.969052175014396777e-01
9.965310004496525931e-01
9.959650073528025782e-01
9.949544190510684061e-01
9.929008047635806689e-01
9.884902748790926896e-01
9.791087188376406125e-01
9.601675729779699520e-01
9.248216478302953014e-01
8.649475393662736655e-01
7.741232897339533903e-01
6.520979383240864680e-01
5.082247575775236115e-01
3.605216965049347078e-01
2.293694733160834276e-01
1.292185283073109259e-01
6.377015473921639199e-02
2.732195778599119315e-02
1.008721558780301120e-02
3.189401897740464994e-03
8.591835955193257096e-04
1.963462836012790644e-04
3.792558094871829730e-05
6.173640865539501508e-06
8.584469070853501276e-07
2.407576607276744924e-07
1.225950474463792376e-06
8.624856948651929390e-06
5.139312668560691799e-05
2.581885626993610260e-04
1.096995387998863855e-03
3.956801912609211533e-03
1.217007078394245073e-02
3.208951532175922938e-02
7.300126007713481080e-02
1.443910607599079299e-01
2.506253530537788654e-01
3.860239111588718575e-01
5.345735812214827964e-01
6.756942524137796724e-01
7.925786794806651825e-01
8.776669583583849299e-01
9.326280894650449405e-01
9.644889719410966178e-01
9.813019024567558590e-01
9.895344827904395402e-01
9.933842192564994455e-01
9.951847536875078060e-01
9.960867601416962813e-01
9.966065713392873171e-01
9.969599977883689679e-01
9.972333780775664014e-01
9.974611665972192842e-01
9.976580249438959935e-01
9.978311843400740067e-01
9.979849707574111051e-01
9.981224234889530811e-01
9.982458897265981124e-01
9.983572678411922752e-01
9.984581278128257242e-01
9.985497842583493933e-01
9.986333473859183574e-01
9.987097612356086174e-01
9.987798333852931920e-01
9.988442584451824313e-01
9.989036368560235690e-01
9.989584900656274247e-01
9.990092728769621733e-01
9.990563835655317249e-01
9.991001722224919224e-01
9.991409476757235897e-01
9.991789832631394752e-01
9.992145216735486279e-01
9.992477790254133962e-01
9.992789483191757416e-01
9.993082023719427331e-01
9.993356963222821410e-01
9.993615697763257311e-01
9.993859486532464809e-01
9.994089467777214075e-01
9.994306672585924201e-01
9.994512036861774584e-01
9.994706411751994590e-01
9.994890572758416969e-01
9.995065227717782053e-01
9.995231023810370319e-01
9.995388553730721881e-01
9.995538361133720073e-01
9.995680945452277699e-01
9.995816766168628131e-01
9.995946246609297425e-01
9.996069777323852712e-01
9.996187719099046687e-01
9.996300405652891463e-01
9.996408146047091048e-01
9.996511226851151344e-01
9.996609914087097870e-01
9.996704454979955523e-01
9.996795079535960582e-01
9.996882001967674070e-01
9.996965421982819677e-01
9.997045525951593348e-01
9.997122487965418580e-01
9.997196470798557222e-01
9.997267626782700978e-01
9.997336098603427645e-01
9.997402020026450176e-01
9.997465516560644083e-01
9.997526706064110424e-01
9.997585699298795481e-01
9.997642600438633176e-01
9.997697507535596717e-01
9.997750512947640722e-01
9.997801703732023260e-01
9.997851162007147519e-01
9.997898965284761630e-01
9.997945186765138104e-01
9.997989895516152803e-01
9.998033156021974843e-01
9.998075024598009897e-01
9.998115533655913545e-01
9.998154641197634085e-01
9.998192112663122355e-01
9.998227335340982291e-01
9.998259180434209137e-01
9.998286147079338271e-01
9.998306921573570927e-01
