3.301954319188352656e+03 9.991862102531853251e-01 4.755610990040916829e-03 2.549542233626181405e+04
3.301963520324963611e+03 9.985705177997450388e-01 4.750663393428662500e-03 2.548146716961853963e+04
3.301972721461574110e+03 9.988086325949961930e-01 4.744871286926921790e-03 2.548968911496076544e+04
3.301981922598184610e+03 9.992827456137916009e-01 4.736746880266724108e-03 2.550431632313085720e+04
3.301991123734795565e+03 9.995703635337299664e-01 4.733923989365207072e-03 2.551455723862713421e+04
3.302000324871406065e+03 1.000301486581641086e+00 4.739702248996681931e-03 2.553648417859588153e+04
3.302009526008016564e+03 1.000407131231879632e+00 4.741134346579772840e-03 2.554279902120097177e+04
3.302018727144627519e+03 9.997073510261970108e-01 4.736973400332790581e-03 2.552889038974245341e+04
3.302027928281238019e+03 9.996428824957505066e-01 4.732085842109584779e-03 2.553153584526627310e+04
3.302037129417848519e+03 1.000184400557961650e+00 4.723980053766392399e-03 2.554998486117449647e+04
3.302046330554459473e+03 1.000395958634647586e+00 4.720717289752424453e-03 2.556032319202333747e+04
3.302055531691069973e+03 1.000296717213016828e+00 4.727710146204020664e-03 2.556302628198813545e+04
3.302064732827680473e+03 9.999846146793851531e-01 4.731069767187640746e-03 2.556058303348669506e+04
3.302073933964290973e+03 9.993160970089399742e-01 4.727327273539186879e-03 2.554930989998549194e+04
3.302083135100901927e+03 9.986758094882560721e-01 4.720058034235419253e-03 2.553902706864049469e+04
3.302092336237512427e+03 9.981398495460992448e-01 4.705054540698487033e-03 2.553167153284197411e+04
3.302101537374122927e+03 9.976224413835779181e-01 4.697984540533994835e-03 2.552504070228825367e+04
3.302110738510733881e+03 9.973623484334073197e-01 4.708717380717190697e-03 2.552523565822903765e+04
3.302119939647344381e+03 9.968094811310529435e-01 4.713663763779477912e-03 2.551816979996536611e+04
3.302129140783954881e+03 9.958836030870691358e-01 4.706785025003216300e-03 2.550177237567957854e+04
3.302138341920565836e+03 9.945582583982705005e-01 4.698511034977950057e-03 2.547534740648634761e+04
3.302147543057176335e+03 9.904792264132514790e-01 4.679726811912824670e-03 2.537855448979156427e+04
3.302156744193786835e+03 9.855136633263683610e-01 4.656699896836307730e-03 2.525917362811136627e+04
3.302165945330397790e+03 9.797748866608000373e-01 4.628449374587147516e-03 2.512007662775731660e+04
3.302175146467008290e+03 9.721545634180974726e-01 4.592607171941895036e-03 2.493280664616521244e+04
3.302184347603618789e+03 9.591679758576412418e-01 4.531444444631412341e-03 2.460790125462456490e+04
3.302193548740229744e+03 9.439152864009583421e-01 4.462093635881490133e-03 2.422477081554320830e+04
3.302202749876840244e+03 9.213861721344293043e-01 4.363327138188357636e-03 2.365471031577244503e+04
3.302211951013450744e+03 8.929626389670292097e-01 4.238421790972675407e-03 2.293300090777558216e+04
3.302221152150061243e+03 8.444266226557134436e-01 4.013598017140182668e-03 2.169418697653651543e+04
3.302230353286672198e+03 7.883981823435505243e-01 3.758516750749393148e-03 2.026203127694794966e+04
3.302239554423282698e+03 7.043496267346693873e-01 3.376519947824537307e-03 1.810854017442375698e+04
3.302248755559893198e+03 6.158730884510740244e-01 2.971089953602045527e-03 1.583966096033074064e+04
3.302257956696504152e+03 5.086795673252285654e-01 2.451977314433381825e-03 1.308759971695300919e+04
3.302267157833114652e+03 4.096830786134735281e-01 1.968179579216507245e-03 1.054450470411776587e+04
3.302276358969725152e+03 3.507128236655342457e-01 1.671744898996611276e-03 9.030119176395695831e+03
3.302285560106336106e+03 3.113749490028296929e-01 1.460129593753465562e-03 8.020293298331190272e+03
3.302294761242946606e+03 3.742097899648629267e-01 1.747320956641897115e-03 9.642449589373611161e+03
3.302303962379557106e+03 4.483052197277950235e-01 2.082850450064287727e-03 1.155613009341774705e+04
3.302313163516168061e+03 5.838399035633672352e-01 2.730898127193018970e-03 1.505564544982866028e+04
3.302322364652778560e+03 7.146157300433585435e-01 3.358650132744081702e-03 1.843510331283400228e+04
3.302331565789389060e+03 8.126299266215997186e-01 3.819135401486497237e-03 2.097169228655039478e+04
3.302340766926000015e+03 9.018738166395249278e-01 4.248106132333910948e-03 2.328381845461996272e+04
3.302349968062610515e+03 9.325894396563917388e-01 4.401582939640730045e-03 2.408610749728455266e+04
3.302359169199221014e+03 9.612265349217085086e-01 4.546162168217355269e-03 2.483529707309659352e+04
3.302368370335831514e+03 9.714464955595223383e-01 4.579859598928526926e-03 2.510901033840326272e+04
3.302377571472442469e+03 9.809839193313405481e-01 4.612089137055849948e-03 2.536525075317021037e+04
3.302386772609052969e+03 9.881519473857685032e-01 4.640874615400510626e-03 2.556035409395589159e+04
3.302395973745663468e+03 9.947642173712121227e-01 4.668116081189047605e-03 2.574117075784223198e+04
3.302405174882274423e+03 9.947965100733684451e-01 4.667526384737606324e-03 2.575172836599987204e+04
3.302414376018884923e+03 9.949159528011163323e-01 4.666391073535911503e-03 2.576447741037651940e+04
3.302423577155495423e+03 9.965246323368709414e-01 4.667017012673615496e-03 2.581573305679012628e+04
3.302432778292106377e+03 9.978362730223889754e-01 4.667751207631863457e-03 2.585923655564999353e+04
3.302441979428716877e+03 9.974597806992393512e-01 4.676268861136205664e-03 2.585890576778046670e+04
3.302451180565327377e+03 9.972990629969491483e-01 4.685529194834586741e-03 2.586405960185499134e+04
3.302460381701938331e+03 9.977007316329311593e-01 4.680535812331580031e-03 2.588368692246068895e+04
3.302469582838548831e+03 9.981632879986336304e-01 4.674545934551615350e-03 2.590477853928161858e+04
3.302478783975159331e+03 9.978797945495619937e-01 4.674019251090350512e-03 2.590637718654898345e+04
3.302487985111770286e+03 9.973349695048969732e-01 4.673581731366554561e-03 2.590104164939391194e+04
3.302497186248380785e+03 9.979257491966113669e-01 4.672566567939876944e-03 2.592504665994657989e+04
3.302506387384991285e+03 9.987668267086475815e-01 4.672192280021805581e-03 2.595540512755942473e+04
3.302515588521602240e+03 9.980807115915679706e-01 4.670339416118650736e-03 2.594590623124454578e+04
3.302524789658212740e+03 9.970447992829474249e-01 4.667403807183031009e-03 2.592711954396138390e+04
3.302533990794823239e+03 9.969311052552358721e-01 4.668151189626049830e-03 2.593211516702414883e+04
3.302543191931433739e+03 9.971488436383585396e-01 4.669863529148879887e-03 2.594553364699376834e+04
3.302552393068044694e+03 9.971370751353133555e-01 4.662695619691488783e-03 2.595277335400001903e+04
3.302561594204655194e+03 9.969785667911833515e-01 4.654671680643675084e-03 2.595597439901617327e+04
3.302570795341265693e+03 9.976008663398934218e-01 4.653540271658154585e-03 2.597927912972328340e+04
3.302579996477876648e+03 9.984985618738403401e-01 4.653621717243082781e-03 2.600952899052274006e+04
3.302589197614487148e+03 9.990296474795063997e-01 4.657284120562065789e-03 2.602999186447034663e+04
3.302598398751097648e+03 9.991964324773201511e-01 4.660609324293223804e-03 2.604071072671240472e+04
3.302607599887708602e+03 9.976499549386121934e-01 4.652291712515820021e-03 2.600650458204249298e+04
3.302616801024319102e+03 9.962260078028272181e-01 4.643189191545854522e-03 2.597520385548426930e+04
3.302626002160929602e+03 9.967736715318279428e-01 4.643673251047626335e-03 2.599503712671330140e+04
3.302635203297540556e+03 9.973082099311330051e-01 4.645143386677466971e-03 2.601426973559306498e+04
3.302644404434151056e+03 9.960760990220670630e-01 4.638491111391696009e-03 2.598715607312757129e+04
3.302653605570761556e+03 9.948801963261993953e-01 4.631357332346350969e-03 2.596071832308327430e+04
3.302662806707372511e+03 9.951090443716039680e-01 4.635199028452422279e-03 2.597120091697157113e+04
3.302672007843983010e+03 9.953308892582105605e-01 4.639936046340706333e-03 2.598125343076347053e+04
3.302681208980593510e+03 9.952351431058684694e-01 4.636550707216215844e-03 2.598277066901882426e+04
3.302690410117204010e+03 9.952167240284252037e-01 4.632451610791970924e-03 2.598606417707790752e+04
3.302699611253814965e+03 9.954538062217811456e-01 4.637980124182248566e-03 2.599579141065352815e+04
3.302708812390425464e+03 9.956480698514189598e-01 4.645196271618517482e-03 2.600416708851215662e+04
3.302718013527035964e+03 9.957227756287819753e-01 4.642767345098657017e-03 2.600918977867672220e+04
3.302727214663646919e+03 9.958252998673091660e-01 4.638348174843262735e-03 2.601471197930753988e+04
3.302736415800257419e+03 9.948685518638293868e-01 4.623640132280940583e-03 2.599233572231504149e+04
3.302745616936867918e+03 9.937014050714902957e-01 4.606033310484028073e-03 2.596423696823314094e+04
3.302754818073478873e+03 9.920990122426430746e-01 4.599469344788358581e-03 2.592454310608784726e+04
3.302764019210089373e+03 9.903866043636023742e-01 4.596965762166555294e-03 2.588175518665526033e+04
3.302773220346699873e+03 9.867200558459159332e-01 4.565671162027508043e-03 2.578768150199897354e+04
3.302782421483310827e+03 9.827349883602038982e-01 4.526056118704044513e-03 2.568506669788642466e+04
3.302791622619921327e+03 9.781037755334086592e-01 4.510982070730361858e-03 2.556535193379667908e+04
3.302800823756531827e+03 9.729743082277474420e-01 4.501503211690553556e-03 2.543240664142067544e+04
3.302810024893142781e+03 9.574704334264910743e-01 4.424773165811041881e-03 2.502807513061756254e+04
3.302819226029753281e+03 9.397599656884514374e-01 4.330213148389806810e-03 2.456585119144104465e+04
3.302828427166363781e+03 9.100580366471473504e-01 4.197228154340670349e-03 2.378995566317841804e+04
3.302837628302974281e+03 8.771180693736979617e-01 4.052008767535767754e-03 2.292921552288882231e+04
3.302846829439585235e+03 8.224891099312290343e-01 3.812254081162731213e-03 2.150130795168711848e+04
3.302856030576195735e+03 7.625185092101343098e-01 3.545439284749285404e-03 1.993360038097372308e+04
3.302865231712806235e+03 6.769013836680433105e-01 3.150475164809539950e-03 1.769532339981837868e+04
3.302874432849417190e+03 5.853259398688078763e-01 2.718254728307654879e-03 1.530121049408607723e+04
3.302883633986027689e+03 5.205636971922419365e-01 2.398498093109722833e-03 1.360799197454305067e+04
3.302892835122638189e+03 4.629786203301690661e-01 2.112627828711404789e-03 1.210237323860109427e+04
3.302902036259249144e+03 4.933263441347436884e-01 2.226502766445139121e-03 1.289527791237245037e+04
3.302911237395859644e+03 5.465541699949867382e-01 2.463947580966031111e-03 1.428610427434752091e+04
3.302920438532470143e+03 6.494525841436721292e-01 2.930857194718184972e-03 1.697499797197399675e+04
3.302929639669081098e+03 7.650289027069450132e-01 3.471365444240627051e-03 1.999490461625988246e+04
3.302938840805691598e+03 8.473069864777823534e-01 3.859362222637195434e-03 2.214415366686565540e+04
3.302948041942302098e+03 9.207625015287029813e-01 4.199298266205604181e-03 2.406247982194295764e+04
3.302957243078913052e+03 9.519630638679938972e-01 4.342639348867274179e-03 2.487625672745856355e+04
3.302966444215523552e+03 9.711218741040992253e-01 4.417124350714535241e-03 2.537514989898061685e+04
3.302975645352134052e+03 9.798606552167550277e-01 4.454150254626924182e-03 2.560159257086316939e+04
3.302984846488745006e+03 9.860553999993354468e-01 4.481176613485638935e-03 2.576141150730011213e+04
3.302994047625355506e+03 9.901824567747627981e-01 4.507052827169067723e-03 2.586706762896707369e+04
3.303003248761966006e+03 9.937566688163617101e-01 4.532380635942065417e-03 2.595814617325653307e+04
3.303012449898576506e+03 9.956133815858476677e-01 4.544183000435286605e-03 2.600423393626522738e+04
3.303021651035187460e+03 9.969421510609719483e-01 4.550675439785009310e-03 2.603641315636534273e+04
3.303030852171797960e+03 9.981669727337297848e-01 4.547829624481214764e-03 2.606576310203289540e+04
3.303040053308408460e+03 9.993074784427172785e-01 4.542052374902508759e-03 2.609280044891401849e+04
3.303049254445019415e+03 9.983017115080079495e-01 4.533980652688223735e-03 2.606369554645110475e+04
3.303058455581629914e+03 9.966574282932009199e-01 4.524195216012145623e-03 2.601783078244991339e+04
3.303067656718240414e+03 9.971171093290448484e-01 4.527861544010036883e-03 2.602680026921574608e+04
3.303076857854851369e+03 9.983343836320155429e-01 4.537844819083052331e-03 2.605544951107691668e+04
3.303086058991461869e+03 9.989450459139193050e-01 4.533370957823570566e-03 2.606817481725349353e+04
3.303095260128072368e+03 9.991072924744138772e-01 4.522552475126557017e-03 2.606911324716763193e+04
3.303104461264683323e+03 9.986880026806264077e-01 4.523756692006560866e-03 2.605479985283158021e+04
3.303113662401293823e+03 9.983713371304754336e-01 4.531065383314483372e-03 2.604309098814099707e+04
3.303122863537904323e+03 9.996502731579697265e-01 4.532556290024000560e-03 2.607292921299163572e+04
3.303132064674515277e+03 1.001395589935125452e+00 4.530966923304576011e-03 2.611485269819732275e+04
3.303141265811125777e+03 1.000837676817674993e+00 4.529550615097695243e-03 2.609664267560142616e+04
3.303150466947736277e+03 9.994883899602335919e-01 4.528644591323401775e-03 2.605774389090216573e+04
3.303159668084346777e+03 9.989006773451186705e-01 4.526545829109603764e-03 2.603865022701087219e+04
3.303168869220957731e+03 9.982345017070453075e-01 4.522807803041213603e-03 2.601746251037934417e+04
3.303178070357568231e+03 9.985491424039261155e-01 4.518885675313292528e-03 2.602178978238467244e+04
3.303187271494178731e+03 9.996521679939530669e-01 4.517058818329996658e-03 2.604661029819240503e+04
3.303196472630789685e+03 1.000247754290770397e+00 4.517007217932445494e-03 2.605815984386514174e+04
3.303205673767400185e+03 1.000154432797925708e+00 4.515511678137496508e-03 2.605172119549252602e+04
3.303214874904010685e+03 1.000419507710933464e+00 4.518880843820699371e-03 2.605458192070481164e+04
3.303224076040621640e+03 1.001230082677907696e+00 4.525963009976000963e-03 2.607161339735593720e+04
3.303233277177232139e+03 1.000030864550940812e+00 4.516411900058035604e-03 2.603628425295917987e+04
3.303242478313842639e+03 9.982271213312018387e-01 4.499404063857799507e-03 2.598520398528478472e+04
3.303251679450453594e+03 9.990336763396603370e-01 4.503425493930635244e-03 2.600205671505497230e+04
5.888909732824039565e+03 1.001641858574137567e+00 1.027151960260782584e-03 4.762966987634875841e+04
5.888920586624544740e+03 1.002624588113659065e+00 1.029360525123284914e-03 4.767942762528741878e+04
5.888931440425050823e+03 1.003201062300901336e+00 1.031511575954553077e-03 4.770987076477217488e+04
5.888942294225556907e+03 1.002566685862110285e+00 1.031370689466260329e-03 4.768272853633030900e+04
5.888953148026062991e+03 1.001491507208074561e+00 1.028941117554541635e-03 4.763461630374271772e+04
5.888964001826569074e+03 1.000455790653330901e+00 1.025457540037600594e-03 4.758837465983582661e+04
5.888974855627074248e+03 9.991486864136372992e-01 1.021661005517164296e-03 4.752921692684178561e+04
5.888985709427580332e+03 9.986805511912137945e-01 1.022813771363113378e-03 4.750996334950413438e+04
5.888996563228086416e+03 9.992372459569619503e-01 1.027168228689910069e-03 4.753946400310555327e+04
5.889007417028592499e+03 9.998386703024664257e-01 1.030016033952280792e-03 4.757109619702772761e+04
5.889018270829097673e+03 1.000213186805636312e+00 1.032765070222420268e-03 4.759193534125864971e+04
5.889029124629603757e+03 1.000245977506221351e+00 1.033357846408129070e-03 4.759651578944035282e+04
5.889039978430109841e+03 9.999947423083702658e-01 1.031585786017366656e-03 4.758758025934136094e+04
5.889050832230615924e+03 1.000594241182753086e+00 1.032757441473338171e-03 4.761913036960968748e+04
5.889061686031122008e+03 1.002277549374429810e+00 1.037489637930513698e-03 4.770226677930291771e+04
5.889072539831627182e+03 1.002866023158619946e+00 1.039743151018152501e-03 4.773330264276686648e+04
5.889083393632133266e+03 1.002014913673802132e+00 1.037908154197048505e-03 4.769581802835629787e+04
5.889094247432639349e+03 1.001335815762181447e+00 1.036626678192453061e-03 4.766651652865232609e+04
5.889105101233145433e+03 1.001297161918334400e+00 1.037767799818456460e-03 4.766769987443200807e+04
5.889115955033651517e+03 1.001337765722086770e+00 1.038705124175675829e-03 4.767265636149050260e+04
5.889126808834156691e+03 1.001032839884255621e+00 1.038190573971664935e-03 4.766116174123142264e+04
5.889137662634662775e+03 1.000542709842965339e+00 1.037040952605883422e-03 4.764084678035293473e+04
5.889148516435168858e+03 9.999355855522203962e-01 1.035691738319631169e-03 4.761495782450460683e+04
5.889159370235674942e+03 9.996463172779189721e-01 1.035791403981918763e-03 4.760420183780356456e+04
5.889170224036180116e+03 9.998035527893583962e-01 1.037126975831604517e-03 4.761470842911917134e+04
5.889181077836686200e+03 9.993367947068066970e-01 1.037483520238888929e-03 4.759549697495932924e+04
5.889191931637192283e+03 9.983939185944717964e-01 1.036497644270703133e-03 4.755360515129356645e+04
5.889202785437698367e+03 9.975660993676080945e-01 1.035133332652876529e-03 4.751718815237774106e+04
5.889213639238204451e+03 9.973197323128265568e-01 1.036206691305158970e-03 4.750846429249918583e+04
5.889224493038709625e+03 9.959457784891616594e-01 1.035263446634221603e-03 4.744602165678585152e+04
5.889235346839215708e+03 9.934733297853938216e-01 1.030873300974762333e-03 4.733123603213739261e+04
5.889246200639721792e+03 9.915571396887717937e-01 1.025465794520471693e-03 4.724293852929941204e+04
5.889257054440227876e+03 9.899328622499929953e-01 1.018848177167073479e-03 4.716853857319601229e+04
5.889267908240733050e+03 9.906455540177060426e-01 1.015424977688431313e-03 4.720548828692638926e+04
5.889278762041239133e+03 9.909865072313507328e-01 1.015424144306882647e-03 4.722472737933031749e+04
5.889289615841745217e+03 9.895475723673472501e-01 1.015803765732873178e-03 4.715914390951563837e+04
5.889300469642251301e+03 9.855413633173772947e-01 1.010239564083578907e-03 4.697119469828322326e+04
5.889311323442757384e+03 9.793283520407162213e-01 1.005121200543082453e-03 4.667803777954537509e+04
5.889322177243262558e+03 9.754904660806457128e-01 1.005170244946630796e-03 4.649805686356859951e+04
5.889333031043768642e+03 9.744231529118521085e-01 1.008686330955868571e-03 4.645012419163656159e+04
5.889343884844274726e+03 9.770541366805677308e-01 1.019430364035167234e-03 4.657849167454038979e+04
5.889354738644780809e+03 9.808905675484433928e-01 1.024784050650908969e-03 4.676434521231787221e+04
5.889365592445285984e+03 9.839623723274407707e-01 1.018383953649535083e-03 4.691376575849442452e+04
5.889376446245792067e+03 9.864942143857567958e-01 1.015887396910355317e-03 4.703745865832140407e+04
5.889387300046298151e+03 9.889298195199252017e-01 1.022758842186138450e-03 4.715657784264646762e+04
5.889398153846804234e+03 9.903643507372362764e-01 1.027805334177937400e-03 4.722797305022791261e+04
5.889409007647310318e+03 9.902886339132235261e-01 1.027545789730397114e-03 4.722735244829137810e+04
5.889419861447815492e+03 9.896526535123283397e-01 1.024824951716335865e-03 4.720001045162283845e+04
5.889430715248321576e+03 9.887453943142214818e-01 1.020028050852025579e-03 4.715972555669592111e+04
5.889441569048827660e+03 9.865923503848311737e-01 1.013841028660233175e-03 4.706001181097611698e+04
5.889452422849333743e+03 9.815353758387022065e-01 9.983555148368162234e-04 4.682176010925197625e+04
5.889463276649838917e+03 9.751432628129451663e-01 9.822535925583274815e-04 4.651978430043738626e+04
5.889474130450345001e+03 9.674576682874312938e-01 9.701757003208017708e-04 4.615605968688805297e+04
5.889484984250851085e+03 9.595190100829743551e-01 9.608561697123260649e-04 4.578021458032341616e+04
5.889495838051357168e+03 9.514951590486204758e-01 9.605003719142641248e-04 4.540025658686411771e+04
5.889506691851863252e+03 9.412974026353665424e-01 9.585249439075776284e-04 4.491651644395798212e+04
5.889517545652368426e+03 9.276012461798437414e-01 9.493782013602457140e-04 4.426576866433959367e+04
5.889528399452874510e+03 9.088641621498539935e-01 9.379554594233915563e-04 4.337436642706576822e+04
5.889539253253380593e+03 8.841315040859858421e-01 9.266635117075168416e-04 4.219670191955898190e+04
5.889550107053886677e+03 8.494050320884658500e-01 9.085905108135659521e-04 4.054188585937359312e+04
5.889560960854392761e+03 7.978599134494661627e-01 8.638358591506971719e-04 3.808405958421475952e+04
5.889571814654897935e+03 7.276063425304493126e-01 8.077741603184059385e-04 3.473285938988265116e+04
5.889582668455404018e+03 6.203187016318866265e-01 7.024874671837440677e-04 2.961327274140092777e+04
5.889593522255910102e+03 5.022440517765588419e-01 5.894471019605422189e-04 2.397804671600998336e+04
5.889604376056416186e+03 3.615365509369587449e-01 4.465476698502633028e-04 1.726150573704484850e+04
5.889615229856921360e+03 2.403650490459639522e-01 3.144535894744591737e-04 1.147691721937895090e+04
5.889626083657427444e+03 1.617476123720327230e-01 2.361323935975576853e-04 7.723591084433787728e+03
5.889636937457933527e+03 1.035604312864202153e-01 1.714177032312118581e-04 4.945414587981943441e+03
5.889647791258439611e+03 8.107224057037458465e-02 1.474125534904181074e-04 3.871760548621263297e+03
5.889658645058945694e+03 6.086196238257476909e-02 1.249784822456042439e-04 2.906763670264354460e+03
5.889669498859450869e+03 4.173312540092886241e-02 1.019739473665995778e-04 1.993297575913288256e+03
5.889680352659956952e+03 2.523547179579921709e-02 8.097266909623028149e-05 1.205397013511423893e+03
5.889691206460463036e+03 1.557598318738101506e-02 6.836274611609267666e-05 7.440491155262732264e+02
5.889702060260969120e+03 8.694349876678291247e-03 5.899344546943053127e-05 4.153466373947071020e+02
5.889712914061474294e+03 7.101726292322208152e-03 5.670627312173830836e-05 3.392852385295899467e+02
5.889723767861980377e+03 6.057135483866332368e-03 5.517963279444774283e-05 2.893981629991991440e+02
5.889734621662486461e+03 5.824271942632074615e-03 5.478313745124086681e-05 2.782899816932679755e+02
5.889745475462992545e+03 5.660013657284078056e-03 5.454295718376425033e-05 2.704586342533020229e+02
5.889756329263498628e+03 5.761952323507506246e-03 5.478427321359843563e-05 2.753470792498985134e+02
5.889767183064003802e+03 5.981835684483473824e-03 5.520043731907371519e-05 2.858727326879596831e+02
5.889778036864509886e+03 6.343219346275701456e-03 5.588013324110967413e-05 3.031624596675632120e+02
5.889788890665015970e+03 6.622205081320175352e-03 5.640543692434701677e-05 3.165160634101958976e+02
5.889799744465522053e+03 6.725234634660361664e-03 5.646242355927129749e-05 3.214607884351703433e+02
5.889810598266027228e+03 6.900207094619975265e-03 5.662574607669597528e-05 3.298451657577667220e+02
5.889821452066533311e+03 6.651901807364904960e-03 5.637145993044302098e-05 3.179957088400627754e+02
5.889832305867039395e+03 6.494780436283739515e-03 5.625262730019664660e-05 3.105040960138993000e+02
5.889843159667545478e+03 6.655234562155121388e-03 5.645947248849461446e-05 3.181952224539309100e+02
5.889854013468051562e+03 7.173772768811790407e-03 5.713308067323755705e-05 3.430088540736749678e+02
5.889864867268556736e+03 8.735418080801766322e-03 5.938667933763129114e-05 4.177041927357918780e+02
5.889875721069062820e+03 1.211903068945819305e-02 6.399626957648307281e-05 5.795360381300448580e+02
5.889886574869568904e+03 1.839128543864011062e-02 7.228104828872763889e-05 8.795328574129631534e+02
5.889897428670074987e+03 3.364951857029673671e-02 8.987232700810201646e-05 1.609334265260384427e+03
5.889908282470580161e+03 7.352786932770231931e-02 1.328210914325203627e-04 3.516792967066252459e+03
5.889919136271086245e+03 1.361120203571614118e-01 1.947722020538814774e-04 6.510565574534992265e+03
5.889929990071592329e+03 2.677568749449218966e-01 3.233780671275711133e-04 1.280826433978185014e+04
5.889940843872098412e+03 4.138011870058997954e-01 4.682075256369784945e-04 1.979560576893056350e+04
5.889951697672604496e+03 5.746299575497048062e-01 6.248838234510291660e-04 2.749113931049542225e+04
5.889962551473109670e+03 7.159182143537439202e-01 7.713469231478025691e-04 3.425273826925369940e+04
5.889973405273615754e+03 7.880029036335852721e-01 8.425962518311383345e-04 3.770397245170226961e+04
5.889984259074121837e+03 8.364814815914767276e-01 8.915320509178005764e-04 4.002607715381041635e+04
5.889995112874627921e+03 8.492075499012204931e-01 9.063078540277230742e-04 4.063759034265880473e+04
5.890005966675134005e+03 8.577285630512824222e-01 9.177302065739078923e-04 4.104794089675728173e+04
5.890016820475639179e+03 8.647576822779950989e-01 9.274390278154702591e-04 4.138694148861165013e+04
5.890027674276145262e+03 8.726521736831283071e-01 9.361031461114763036e-04 4.176740349280626106e+04
5.890038528076651346e+03 8.840840058486042485e-01 9.433197873275470970e-04 4.231723018438047438e+04
5.890049381877157430e+03 8.965129827343082392e-01 9.509754048976595169e-04 4.291485787435487146e+04
5.890060235677662604e+03 9.106468703347848637e-01 9.656793781696708118e-04 4.359417752844438655e+04
5.890071089478168687e+03 9.250715366948940588e-01 9.821102532777689978e-04 4.428750347606463038e+04
5.890081943278674771e+03 9.381969093006388150e-01 9.979799949004109372e-04 4.491870933780197811e+04
5.890092797079180855e+03 9.500860120278659116e-01 1.012556649550956384e-03 4.549080097260317416e+04
5.890103650879686938e+03 9.589801812325017272e-01 1.018229802818851381e-03 4.591955579259703518e+04
5.890114504680192113e+03 9.660710009990797209e-01 1.021284463495198509e-03 4.626200776660499105e+04
5.890125358480698196e+03 9.703818968009647605e-01 1.025291531910771077e-03 4.647137262289043429e+04
5.890136212281204280e+03 9.739959882399573665e-01 1.029263312705029501e-03 4.664739160286155675e+04
5.890147066081710364e+03 9.771733301587904874e-01 1.034518512569032904e-03 4.680251393346285477e+04
5.890157919882215538e+03 9.803910002116938971e-01 1.040176765954696015e-03 4.695958712246532377e+04
5.890168773682721621e+03 9.827508331175637268e-01 1.042132791826175025e-03 4.707558775225952559e+04
5.890179627483227705e+03 9.847897485666955442e-01 1.043796689073748412e-03 4.717622912249282672e+04
5.890190481283733789e+03 9.867717994024648442e-01 1.043510266377456214e-03 4.727415854173825210e+04
5.890201335084239872e+03 9.882437130743427778e-01 1.040707289149107959e-03 4.734765879305303679e+04
5.890212188884745046e+03 9.893650277483500011e-01 1.042456083335697049e-03 4.740436935636268026e+04
5.890223042685251130e+03 9.907495554952132633e-01 1.047696222312058173e-03 4.747369905943539197e+04
5.890233896485757214e+03 9.922819115986272198e-01 1.053371321617571545e-03 4.755012105422698369e+04
5.890244750286263297e+03 9.936207424393332932e-01 1.057493007528158497e-03 4.761727799336866155e+04
5.890255604086768471e+03 9.933411783510377457e-01 1.053610012893170435e-03 4.760687980515574600e+04
5.890266457887274555e+03 9.924803606799001976e-01 1.047792483926868060e-03 4.756862100824967638e+04
5.890277311687780639e+03 9.915437346188252787e-01 1.043049120912897853e-03 4.752672336142723361e+04
5.890288165488286722e+03 9.907713093266593551e-01 1.038620858442870906e-03 4.749269103356574487e+04
5.890299019288792806e+03 9.917990427653050611e-01 1.042950529434256588e-03 4.754495020949398895e+04
5.890309873089297980e+03 9.933221854637648285e-01 1.050103217356896735e-03 4.762096606060598424e+04
5.890320726889804064e+03 9.940503083051518418e-01 1.055083449305673675e-03 4.765887457659532083e+04
5.890331580690310147e+03 9.945961961483616998e-01 1.059692356928503779e-03 4.768804984145479830e+04
5.890342434490816231e+03 9.949804703386214699e-01 1.058997061731664592e-03 4.770947900136034150e+04
5.890353288291321405e+03 9.953076806002040255e-01 1.056522835760859451e-03 4.772817408469930524e+04
5.890364142091827489e+03 9.950727045281579919e-01 1.054573229626671249e-03 4.771991082085470407e+04
5.890374995892333573e+03 9.947537787810691867e-01 1.052548793056970293e-03 4.770761997667888500e+04
5.890385849692839656e+03 9.950045272133937191e-01 1.054188953761432202e-03 4.772265005860824749e+04
5.890396703493345740e+03 9.954276428895617590e-01 1.057543543813946330e-03 4.774594929507846973e+04
5.890407557293850914e+03 9.959614019892485404e-01 1.056409643466357361e-03 4.777455846177421336e+04
5.890418411094356998e+03 9.962336942944658436e-01 1.053863520074831226e-03 4.779062794910270168e+04
5.890429264894863081e+03 9.957373606074155781e-01 1.051561611444615111e-03 4.776982476993119781e+04
5.890440118695369165e+03 9.947083994818268771e-01 1.048087589154916323e-03 4.772346454494011414e+04
5.890450972495875249e+03 9.944795671409517590e-01 1.051799223384382136e-03 4.771548857400956331e+04
5.890461826296380423e+03 9.952006679980056614e-01 1.059564221184686053e-03 4.775309222716728982e+04
5.890472680096886506e+03 9.956937115762127810e-01 1.060356953676561262e-03 4.777975658722814842e+04
5.890483533897392590e+03 9.958721239723059560e-01 1.057909802711985746e-03 4.779132495701187872e+04
5.890494387697898674e+03 9.963231305764271850e-01 1.056680667413196703e-03 4.781597686506053287e+04
5.890505241498403848e+03 9.965635600823854467e-01 1.055002068449746502e-03 4.783052475238080660e+04
5.890516095298909931e+03 9.964076138722198772e-01 1.055613629142818739e-03 4.782604866065679380e+04
5.890526949099416015e+03 9.966226365737664850e-01 1.059007895121910018e-03 4.783937869035812037e+04
5.890537802899922099e+03 9.971263590120867937e-01 1.060542519012014611e-03 4.786656890988926898e+04
5.890548656700428182e+03 9.976829754345587498e-01 1.059761184511801447e-03 4.789630148121992534e+04
5.890559510500933357e+03 9.986158601768930776e-01 1.062559615130020951e-03 4.794410226500449789e+04
5.890570364301439440e+03 9.995669969573184321e-01 1.067444038608018550e-03 4.799278502801604918e+04
5.890581218101945524e+03 9.992854017669938749e-01 1.066543700265050248e-03 4.798228194368839468e+04
5.890592071902451607e+03 9.984803654706790876e-01 1.063002069644874894e-03 4.794664171897478809e+04
5.890602925702956782e+03 9.985416353792723188e-01 1.063272834600128679e-03 4.795259893803451996e+04
5.890613779503462865e+03 9.991224522992595558e-01 1.064924376978423383e-03 4.798350811154032272e+04
5.890624633303968949e+03 9.991387771602664447e-01 1.066463624201816670e-03 4.798730898839829752e+04
5.890635487104475033e+03 9.985372233926170793e-01 1.068046246830926154e-03 4.796143220795285742e+04
5.890646340904981116e+03 9.977246494267560939e-01 1.065752527718494876e-03 4.792541550046478369e+04
5.890657194705486290e+03 9.971624742832427835e-01 1.061518848447185566e-03 4.790142247711280652e+04
5.890668048505992374e+03 9.980918961215096141e-01 1.065037961600541396e-03 4.794908349688309681e+04
5.890678902306498458e+03 9.994833485375308468e-01 1.072569325526349579e-03 4.801894782004095032e+04
5.890689756107004541e+03 9.999420945017710727e-01 1.073263657187939349e-03 4.804400699583766982e+04
5.890700609907509715e+03 1.000164036975472293e+00 1.071067574209621457e-03 4.805769057956473262e+04
5.890711463708015799e+03 1.000437419080076662e+00 1.074623855026540916e-03 4.807384732332847489e+04
5.890722317508521883e+03 1.000369323778871999e+00 1.079760211875560637e-03 4.807359573186738271e+04
5.890733171309027966e+03 9.987933174803074188e-01 1.073611649797873852e-03 4.800087523506858270e+04
5.894876144620945524e+03 9.945904998677438380e-01 1.164448286717121401e-03 4.863560928169443650e+04
5.894886624869372099e+03 9.953990759335354932e-01 1.170861648329538313e-03 4.867622245357448264e+04
5.894897105117797764e+03 9.950573178620297776e-01 1.168867793629638002e-03 4.866058339406564482e+04
5.894907585366224339e+03 9.942674234211237305e-01 1.164179929546557343e-03 4.862302821835496434e+04
5.894918065614650004e+03 9.940358759274409151e-01 1.163544689098215852e-03 4.861277698850654269e+04
5.894928545863076579e+03 9.940531422156865249e-01 1.164398020167325140e-03 4.861469362847882439e+04
5.894939026111502244e+03 9.932824401792743618e-01 1.160650819911312071e-03 4.857807344890836248e+04
5.894949506359928819e+03 9.922752028398708068e-01 1.154980227225217487e-03 4.852988321256489871e+04
5.894959986608354484e+03 9.924081356248203312e-01 1.153914046836764743e-03 4.853745511461794376e+04
5.894970466856781059e+03 9.928668505059839999e-01 1.154779532153079073e-03 4.856096125445485086e+04
5.894980947105206724e+03 9.943035067511386549e-01 1.160153695016488511e-03 4.863230039680579648e+04
5.894991427353632389e+03 9.965691553812406900e-01 1.168566762519689540e-03 4.874419031382766843e+04
5.895001907602058964e+03 9.974681529440934113e-01 1.171984850612316957e-03 4.878923800770750677e+04
5.895012387850484629e+03 9.972860251464481518e-01 1.171478390330037925e-03 4.878140530528035015e+04
5.895022868098911204e+03 9.967909250474014105e-01 1.170396170279923171e-03 4.875826309603921254e+04
5.895033348347336869e+03 9.962274707570966115e-01 1.169761159220320586e-03 4.873177618360148335e+04
5.895043828595763443e+03 9.964072269575982022e-01 1.173769606239990788e-03 4.874164397532673320e+04
5.895054308844189109e+03 9.970295669087955170e-01 1.180560451012176160e-03 4.877316267553553189e+04
5.895064789092615683e+03 9.975021424180867680e-01 1.182769060763883039e-03 4.879735630916539230e+04
5.895075269341041349e+03 9.978282682582348961e-01 1.181662780821663610e-03 4.881438655235175975e+04
5.895085749589467923e+03 9.980709635413707037e-01 1.182610928904246446e-03 4.882733593377088255e+04
5.895096229837893588e+03 9.982557884251856972e-01 1.185246744169509477e-03 4.883745465757765487e+04
5.895106710086320163e+03 9.981691646715715738e-01 1.187009993703322689e-03 4.883429346361644275e+04
5.895117190334745828e+03 9.980403843206112624e-01 1.188636863116917641e-03 4.882906957363055699e+04
5.895127670583172403e+03 9.975336193972472731e-01 1.185362588935528084e-03 4.880535212420052994e+04
5.895138150831598068e+03 9.965138060170510848e-01 1.177546972499573944e-03 4.875653160786868102e+04
5.895148631080024643e+03 9.966667257448019734e-01 1.178274368268309499e-03 4.876508858764342585e+04
5.895159111328450308e+03 9.977908708600153886e-01 1.186489302678244654e-03 4.882116723515022750e+04
5.895169591576876883e+03 9.981391457373307574e-01 1.188527805077953074e-03 4.883928471562610503e+04
5.895180071825302548e+03 9.979109246222496177e-01 1.186021505428614970e-03 4.882919418244512781e+04
5.895190552073729123e+03 9.977840883399715644e-01 1.186900483549088205e-03 4.882406416966857068e+04
5.895201032322154788e+03 9.980093720094189713e-01 1.190649396767996717e-03 4.883616437059742748e+04
5.895211512570581363e+03 9.979706027662672563e-01 1.191199583304856230e-03 4.883534372026043275e+04
5.895221992819007028e+03 9.970624302110574488e-01 1.187318732183497349e-03 4.879197810035205475e+04
5.895232473067433602e+03 9.954229258354266863e-01 1.183053302295661476e-03 4.871282147570842062e+04
5.895242953315859268e+03 9.929447150651816711e-01 1.178243074596870606e-03 4.859261679492632538e+04
5.895253433564285842e+03 9.909131062187310768e-01 1.176421320478872583e-03 4.849426300431893469e+04
5.895263913812711507e+03 9.894952350325939561e-01 1.178826893054818687e-03 4.842594117951694352e+04
5.895274394061138082e+03 9.872288763714750504e-01 1.176945533171052652e-03 4.831609036561872199e+04
5.895284874309563747e+03 9.838920063541061189e-01 1.168413010307002304e-03 4.815384147926353762e+04
5.895295354557990322e+03 9.823699599717393705e-01 1.166895887112077415e-03 4.808040881703807099e+04
5.895305834806415987e+03 9.841799426597415135e-01 1.176271722298774828e-03 4.817005689987813821e+04
5.895316315054842562e+03 9.860895247421898047e-01 1.179689446515499963e-03 4.826458382341524702e+04
5.895326795303268227e+03 9.875483976786478824e-01 1.173560020102646902e-03 4.833705422373793408e+04
5.895337275551694802e+03 9.893679930713754622e-01 1.172838851252561328e-03 4.842718426816193823e+04
5.895347755800120467e+03 9.923683692554797764e-01 1.182780938140112715e-03 4.857511589216045104e+04
5.895358236048547042e+03 9.948278072783411918e-01 1.189706756237903689e-03 4.869657519965988467e+04
5.895368716296972707e+03 9.957591962668509433e-01 1.190285877183501527e-03 4.874324054226765293e+04
5.895379196545399282e+03 9.961654798533070565e-01 1.190898473314420990e-03 4.876420298175555945e+04
5.895389676793824947e+03 9.954730854553456298e-01 1.191465225049240587e-03 4.873138272674221662e+04
5.895400157042251521e+03 9.948222735122658200e-01 1.191863914580226476e-03 4.870059660831592919e+04
5.895410637290677187e+03 9.942705310172734734e-01 1.191847229476013714e-03 4.867465904518360912e+04
5.895421117539103761e+03 9.931264457777997379e-01 1.189882218644057032e-03 4.861972142727674509e+04
5.895431597787529427e+03 9.901310569998237332e-01 1.183647985014850195e-03 4.847414651229577430e+04
5.895442078035956001e+03 9.868281023143803399e-01 1.178725703656673118e-03 4.831350720613567682e+04
5.895452558284381666e+03 9.825732924712227145e-01 1.176700318712584027e-03 4.810625845932081575e+04
5.895463038532808241e+03 9.780259757843315915e-01 1.174307661456268316e-03 4.788467924072821188e+04
5.895473518781233906e+03 9.726562129467719586e-01 1.169787182168953790e-03 4.762282191791932564e+04
5.895483999029660481e+03 9.668149617509799176e-01 1.164064715147739883e-03 4.733786766940517555e+04
5.895494479278086146e+03 9.581214293784515723e-01 1.156027483032627794e-03 4.691324236489593750e+04
5.895504959526512721e+03 9.479298445257423600e-01 1.147899042085057195e-03 4.641524638483027229e+04
5.895515439774938386e+03 9.297100655711477701e-01 1.135547257028232020e-03 4.552412040704883839e+04
5.895525920023364961e+03 9.070248948109882470e-01 1.116052370975729709e-03 4.441429823270905763e+04
5.895536400271790626e+03 8.640241192270293746e-01 1.068451737464189968e-03 4.230961075575359428e+04
5.895546880520217201e+03 8.114620700543634380e-01 1.010464680102286968e-03 3.973662289460058673e+04
5.895557360768642866e+03 7.204956416006732534e-01 9.093289117510785450e-04 3.528284969281343365e+04
5.895567841017069441e+03 6.218321658323561207e-01 8.000699444874200634e-04 3.045194563565077988e+04
5.895578321265495106e+03 5.057810517556774466e-01 6.635980005240870111e-04 2.476931427336659181e+04
5.895588801513921680e+03 3.960764146086934723e-01 5.347702689514774671e-04 1.939724163380677419e+04
5.895599281762347346e+03 3.230004465196456565e-01 4.516182767898796295e-04 1.581880534527532654e+04
5.895609762010773920e+03 2.585789828601358087e-01 3.769038836466781744e-04 1.266407130673220126e+04
5.895620242259199586e+03 2.202489058249985643e-01 3.341971187275358853e-04 1.078706880619010371e+04
5.895630722507625251e+03 1.803273362496395082e-01 2.888496800795270210e-04 8.832035815828779960e+03
5.895641202756051825e+03 1.303079951652185153e-01 2.271345910219810683e-04 6.382339198760550062e+03
5.895651683004477491e+03 8.196411711080209272e-02 1.674823128433094110e-04 4.014598778372304423e+03
5.895662163252904065e+03 4.918661100213493620e-02 1.240490529264198566e-04 2.409211055336857953e+03
5.895672643501329730e+03 2.066597511077601992e-02 8.543774866881967650e-05 1.012263116614644787e+03
5.895683123749756305e+03 1.317594714278952014e-02 7.443234355752876121e-05 6.453999368055727928e+02
5.895693603998181970e+03 7.244611162526357583e-03 6.552063564511180537e-05 3.548719874572363437e+02
5.895704084246608545e+03 6.365581830544078321e-03 6.405689257536442043e-05 3.118202438113842732e+02
5.895714564495034210e+03 5.676757864628479214e-03 6.291247242623292308e-05 2.780840851172603720e+02
5.895725044743460785e+03 5.536761437314170406e-03 6.262623748985629200e-05 2.712321326033216451e+02
5.895735524991886450e+03 5.441669122013095480e-03 6.240469091887050439e-05 2.665796669537191406e+02
5.895746005240313025e+03 5.440030825755606467e-03 6.243885180916611786e-05 2.665052770626365373e+02
5.895756485488738690e+03 5.456327932853083373e-03 6.250640666067915790e-05 2.673095523501573894e+02
5.895766965737165265e+03 5.754741173509688237e-03 6.289276712589514904e-05 2.819352457285638707e+02
5.895777445985590930e+03 6.023708470703693918e-03 6.326601220249566037e-05 2.951189407434137593e+02
5.895787926234017505e+03 6.339814346322504568e-03 6.405097245365495341e-05 3.106127224631378567e+02
5.895798406482443170e+03 6.905274295399473419e-03 6.521820121240399560e-05 3.383243029942332782e+02
5.895808886730869744e+03 9.759723880712884228e-03 6.956571561916795690e-05 4.781887485708856502e+02
5.895819366979295410e+03 1.337282249590601019e-02 7.505293625106444105e-05 6.552310406750399352e+02
5.895829847227721984e+03 2.263328476144086873e-02 8.858772101427447334e-05 1.108992302151449167e+03
5.895840327476147650e+03 3.289171986300779699e-02 1.032354070840303271e-04 1.611673582523099185e+03
5.895850807724574224e+03 4.954148632867218932e-02 1.244725966474266251e-04 2.427555103924622472e+03
5.895861287972999889e+03 6.748156874739039135e-02 1.470071406797233743e-04 3.306699997708410137e+03
5.895871768221426464e+03 9.763700925522809937e-02 1.816968532313845695e-04 4.784467984586071907e+03
5.895882248469852129e+03 1.331733161454231318e-01 2.217251729167098769e-04 6.525983310459072527e+03
5.895892728718278704e+03 2.220376584720223923e-01 3.249430548677594336e-04 1.088090310236562436e+04
5.895903208966704369e+03 3.212025735570381846e-01 4.389544534630983688e-04 1.574080285261265090e+04
5.895913689215130944e+03 4.772912814363931000e-01 6.194560548778026057e-04 2.339057637963382876e+04
5.895924169463556609e+03 6.351164197214420604e-01 8.034059324403974465e-04 3.112578562044008868e+04
5.895934649711983184e+03 7.497577672740693977e-01 9.347069993324397079e-04 3.674493753437064152e+04
5.895945129960408849e+03 8.534419579290465352e-01 1.056102785285911987e-03 4.182732478014868684e+04
5.895955610208835424e+03 8.873324607363817229e-01 1.091784970084863724e-03 4.348926078741014499e+04
5.895966090457261089e+03 9.122801110861991081e-01 1.117967601402374174e-03 4.471296000705657934e+04
5.895976570705687664e+03 9.182859782581155317e-01 1.123871264773900749e-03 4.500831197457309463e+04
5.895987050954113329e+03 9.228477171069416896e-01 1.128060402908070362e-03 4.523289371117659175e+04
5.895997531202539903e+03 9.278311617100288844e-01 1.135733335623253246e-03 4.547815542869183264e+04
5.896008011450965569e+03 9.330646816353233008e-01 1.143742085253986922e-03 4.573568574645609624e+04
5.896018491699392143e+03 9.398385709198737725e-01 1.148941714080168154e-03 4.606873273017635074e+04
5.896028971947817809e+03 9.467230358195731776e-01 1.153757238840655850e-03 4.640721460979223048e+04
5.896039452196244383e+03 9.532184427252448078e-01 1.158382217430078834e-03 4.672663977084587532e+04
5.896049932444670048e+03 9.598334686042107045e-01 1.163005400070688108e-03 4.705194277952161792e+04
5.896060412693096623e+03 9.656561983382074832e-01 1.168934238820162376e-03 4.733842009925232560e+04
5.896070892941522288e+03 9.711590805955515604e-01 1.175142050051209168e-03 4.760923006515640736e+04
5.896081373189948863e+03 9.753102210260454763e-01 1.180418929602833431e-03 4.781378386781403242e+04
5.896091853438374528e+03 9.792449179659662439e-01 1.185407030164553231e-03 4.800773542766099126e+04
5.896102333686801103e+03 9.821509359116050719e-01 1.188539996203683089e-03 4.815126311248071579e+04
5.896112813935226768e+03 9.849522443416354189e-01 1.191548242812598760e-03 4.828966342950778926e+04
5.896123294183653343e+03 9.869751497750202107e-01 1.191405994713390197e-03 4.838990586266652826e+04
5.896133774432079008e+03 9.891472996052407263e-01 1.190822376357217978e-03 4.849747004896149156e+04
5.896144254680505583e+03 9.908846267107441763e-01 1.194650292679214640e-03 4.858371927957623120e+04
5.896154734928931248e+03 9.923461877668909858e-01 1.199440157647979491e-03 4.865645097149914363e+04
5.896165215177357823e+03 9.930453534024143991e-01 1.199789954702545685e-03 4.869180342720506451e+04
5.896175695425783488e+03 9.933157514316727221e-01 1.199362009179054259e-03 4.870613324847017066e+04
5.896186175674210062e+03 9.918870148946359322e-01 1.193407418953945816e-03 4.863714664636119414e+04
5.896196655922635728e+03 9.901261399970865407e-01 1.186050516498821919e-03 4.855187021034342615e+04
5.896207136171062302e+03 9.911488947894151469e-01 1.195114268934043380e-03 4.860309116959751555e+04
5.896217616419487968e+03 9.929539649425309644e-01 1.207613756303945211e-03 4.869267767438825103e+04
5.896228096667914542e+03 9.931856393535121175e-01 1.202679694172631387e-03 4.870510987700261467e+04
5.896238576916340207e+03 9.930725399463945502e-01 1.194847716946887675e-03 4.870063474729376321e+04
5.896249057164765873e+03 9.930082492076638401e-01 1.191796735271482980e-03 4.869855302090493933e+04
5.896259537413192447e+03 9.928880135139657170e-01 1.188879507015514533e-03 4.869372747440508829e+04
5.896270017661618112e+03 9.921687106403254131e-01 1.185760343478997527e-03 4.865952125985897146e+04
5.896280497910044687e+03 9.913980729848896889e-01 1.182743753147864592e-03 4.862279579588781780e+04
5.896290978158470352e+03 9.926936290967073306e-01 1.188236545788080595e-03 4.868740669890539721e+04
5.896301458406896927e+03 9.943946879767825431e-01 1.195430574272750377e-03 4.877190902291939710e+04
5.896311938655322592e+03 9.950484530321748178e-01 1.192909150246851228e-03 4.880504744289459632e+04
5.896322418903749167e+03 9.955883070622182363e-01 1.189051843013659094e-03 4.883260005260113394e+04
5.896332899152174832e+03 9.960724548783790322e-01 1.190230106441529222e-03 4.885742143337430753e+04
5.896343379400601407e+03 9.963213844329454894e-01 1.191684097757557620e-03 4.887070613320994016e+04
5.896353859649027072e+03 9.963261869624970846e-01 1.191370496119711474e-03 4.887201639628021076e+04
5.896364339897453647e+03 9.963839544698910311e-01 1.191173892537251153e-03 4.887592477685770427e+04
5.896374820145879312e+03 9.969427359019191748e-01 1.197268801895294771e-03 4.890441021071087744e+04
5.896385300394305887e+03 9.975263192970433845e-01 1.203667407519525999e-03 4.893411352176542277e+04
5.896395780642731552e+03 9.971757272923865711e-01 1.207338077802583677e-03 4.891799067918175570e+04
5.896406260891158126e+03 9.965881296934939737e-01 1.211037454798200063e-03 4.889024015026530105e+04
5.896416741139583792e+03 9.955812686809252243e-01 1.210149168425589221e-03 4.884191983692641952e+04
5.896427221388010366e+03 9.944772406052312386e-01 1.208163698928589862e-03 4.878883035715195001e+04
5.896437701636436032e+03 9.948619562152224427e-01 1.209159894124536578e-03 4.880877753277246666e+04
5.896448181884862606e+03 9.958197790558448448e-01 1.210574033251986302e-03 4.885684328689982794e+04
5.896458662133288271e+03 9.974972065679708066e-01 1.206838195958045805e-03 4.894021707974112360e+04
5.896469142381714846e+03 9.996643570449381677e-01 1.202376372896040227e-03 4.904762230309636652e+04
5.896479622630140511e+03 1.001775243150611727e+00 1.206475298970018485e-03 4.915227158078757202e+04
5.896490102878567086e+03 1.003923628150599212e+00 1.213409471919992813e-03 4.925876534235428699e+04
5.896500583126992751e+03 1.004398979240286316e+00 1.218997025359596894e-03 4.928317243789093482e+04
5.896511063375419326e+03 1.003754937419187643e+00 1.223984104216991166e-03 4.925265373427014856e+04
5.896521543623844991e+03 1.002821538273673152e+00 1.223551939214089336e-03 4.920793502676461503e+04
5.896532023872271566e+03 1.001877220406262481e+00 1.221657906603036909e-03 4.916267851780290948e+04
5.896542504120697231e+03 1.001167712261436415e+00 1.220653909255219223e-03 4.912894247004194040e+04
5.896552984369123806e+03 1.000412556002403752e+00 1.219427687069731762e-03 4.909296481454292370e+04
5.896563464617549471e+03 1.000050886852944965e+00 1.221085737433021123e-03 4.907629543695542088e+04
5.896573944865976046e+03 9.999917080193865271e-01 1.223760391307344552e-03 4.907446995414543198e+04
5.896584425114401711e+03 9.998197915140957237e-01 1.226377718705118055e-03 4.906711163470269094e+04
5.896594905362828285e+03 9.996803190357845814e-01 1.229002169330962752e-03 4.906134520100390364e+04
5.896605385611253951e+03 1.000242204648129407e+00 1.229673376511762443e-03 4.908999979794137471e+04
5.896615865859680525e+03 1.001042551219835541e+00 1.230157086926714476e-03 4.913035907813331141e+04
5.896626346108106191e+03 1.000648142968566745e+00 1.221992478538793964e-03 4.911208119543217617e+04
5.896636826356532765e+03 9.997942356915650031e-01 1.211183615488020801e-03 4.907124962990495260e+04
5.896647306604958430e+03 9.989016463519644340e-01 1.204350673613843606e-03 4.902851761270063434e+04
5.896657786853385005e+03 9.979451448109089018e-01 1.198839841941163860e-03 4.898264663497018773e+04
5.896668267101810670e+03 9.972561338091341376e-01 1.193371347529758588e-03 4.894990325582232617e+04
5.896678747350237245e+03 9.967590470967910843e-01 1.188138584573900395e-03 4.892657912134040816e+04
5.896689227598662910e+03 9.968110460300151354e-01 1.189054632702209787e-03 4.893020673996234837e+04
5.896699707847089485e+03 9.970409811470336559e-01 1.191124691431901753e-03 4.894256897025866783e+04
5.896710188095515150e+03 9.987297931348212421e-01 1.199929194548298231e-03 4.902654635656283062e+04
5.896720668343941725e+03 1.000791724583692144e+00 1.210303177967520958e-03 4.912884381232439046e+04
5.896731148592367390e+03 1.002050963866200517e+00 1.217255491769237514e-03 4.919174070964389102e+04
5.896741628840793965e+03 1.003087066640609315e+00 1.223338386328070041e-03 4.924368607587181032e+04
5.896752109089219630e+03 1.002368046684480873e+00 1.228757839754881544e-03 4.920946906142271473e+04
5.896762589337646205e+03 1.001139362551782375e+00 1.234235371952165441e-03 4.915022889356226369e+04
5.896773069586071870e+03 1.000276413128270647e+00 1.231989786802666813e-03 4.910894195640960970e+04
5.896783549834498444e+03 9.994396284315876233e-01 1.227462797658463063e-03 4.906893775280812406e+04
5.896794030082924110e+03 9.997569459769383160e-01 1.226402435062158743e-03 4.908559531190960115e+04
5.896804510331350684e+03 1.000379087512149434e+00 1.225997252304862053e-03 4.911721998894417629e+04
5.896814990579776349e+03 1.001384607231011969e+00 1.233314057818355033e-03 4.916766975655985880e+04
