3.065545472685603727e+03 9.890247988120600686e-01 2.360282321909343631e-02 8.235894546508789062e+02
3.065553839395102841e+03 1.001310174518866170e+00 2.370637510330543540e-02 8.335690576232839248e+02
3.065562206104601955e+03 1.013642486588822944e+00 2.381091817160174012e-02 8.435486605956889434e+02
3.065570572814100615e+03 9.927598941411043265e-01 2.370880972865208741e-02 8.258579515237971691e+02
3.065578939523599729e+03 9.704156053382417824e-01 2.359824951635509233e-02 8.069349259636876468e+02
3.065587306233098843e+03 9.679470855288174747e-01 2.360231635640711381e-02 8.045187672720345518e+02
3.065595672942597957e+03 9.666911482760915941e-01 2.361398895651898797e-02 8.030835548581326293e+02
3.065604039652096617e+03 9.680514939955748854e-01 2.366886693860049615e-02 8.037942197128729731e+02
3.065612406361595731e+03 9.697288649524976600e-01 2.372923915061030814e-02 8.047399555047770718e+02
3.065620773071094845e+03 9.773661304681369177e-01 2.369799645557923995e-02 8.106010018372766126e+02
3.065629139780593960e+03 9.857927475703518461e-01 2.365577208614575919e-02 8.170831585957876086e+02
3.065637506490092619e+03 9.813795204371636993e-01 2.368390881362645098e-02 8.128960103614275567e+02
3.065645873199591733e+03 9.746283141635017078e-01 2.372555918126666163e-02 8.067544134130486100e+02
3.065654239909090848e+03 9.863576991046202336e-01 2.378555925243169833e-02 8.158840537036687692e+02
3.065662606618589962e+03 1.001869541081499282e+00 2.384987133793410596e-02 8.281034753151003542e+02
3.065670973328088621e+03 9.974085688630653923e-01 2.390527979445135343e-02 8.237854104010673382e+02
3.065679340037587735e+03 9.885157923651846090e-01 2.395924940235654929e-02 8.157943856196665138e+02
3.065687706747086850e+03 9.813561030489540427e-01 2.381870414152206794e-02 8.092239939258046206e+02
3.065696073456585964e+03 9.747068014199006258e-01 2.362198130244853866e-02 8.030645611992301838e+02
3.065704440166084623e+03 9.798854948968461764e-01 2.371950149527582083e-02 8.066327404120241908e+02
3.065712806875583738e+03 9.887855265166838326e-01 2.390954854772414304e-02 8.132363359277479731e+02
3.065721173585082852e+03 9.973854537582265145e-01 2.395827319787348017e-02 8.195630353699474426e+02
3.065729540294581966e+03 1.005908111466619959e+00 2.395981062267964548e-02 8.257968024061939332e+02
3.065737907004080625e+03 9.903921971752103204e-01 2.378812802835670800e-02 8.122859556944675887e+02
3.065746273713579740e+03 9.648334060939864898e-01 2.354417904231995845e-02 7.905559378628164495e+02
3.065754640423078854e+03 9.716203720288120183e-01 2.367161797798291237e-02 7.953302738475181286e+02
3.065763007132577968e+03 9.928207599117306881e-01 2.396471338011674571e-02 8.118669654994553184e+02
3.065771373842076628e+03 1.001841127211402060e+00 2.402780770894957438e-02 8.184061561984950686e+02
3.065779740551575742e+03 1.005107193950993905e+00 2.398215834544796532e-02 8.202225737407244424e+02
3.065788107261074856e+03 1.009665015589846782e+00 2.396891232840829902e-02 8.230754492241012485e+02
3.065796473970573970e+03 1.014971872573377620e+00 2.397433025740464477e-02 8.265201643489064054e+02
3.065804840680072630e+03 1.021543746798708518e+00 2.404017515713463907e-02 8.309751453391697851e+02
3.065813207389571744e+03 1.028892787615858451e+00 2.414283738437447702e-02 8.360412869225096983e+02
3.065821574099070858e+03 1.005888007611404289e+00 2.397375219558131251e-02 8.164490731433314750e+02
3.065829940808569972e+03 9.633648002851267211e-01 2.362999201407324848e-02 7.810662161235343319e+02
3.065838307518068632e+03 9.595764971121322207e-01 2.365760642688332846e-02 7.771242246880426592e+02
3.065846674227567746e+03 9.821141985473911262e-01 2.393769259459429741e-02 7.944803696904018580e+02
3.065855040937066860e+03 9.931006658856407210e-01 2.400897977567355290e-02 8.024570171627932496e+02
3.065863407646565975e+03 9.947431240958658494e-01 2.391130850143350847e-02 8.028680661075297849e+02
3.065871774356065089e+03 9.903466851562630069e-01 2.386435301131599115e-02 7.984046389292614094e+02
3.065880141065563748e+03 9.807877082328337881e-01 2.386070999400130566e-02 7.897899921638729666e+02
3.065888507775062862e+03 9.834279550691749083e-01 2.388513507444349135e-02 7.910039463805384230e+02
3.065896874484561977e+03 9.970723364003921674e-01 2.393486525911877466e-02 8.010532005325970886e+02
3.065905241194061091e+03 1.002135898733679920e+00 2.393519288253919894e-02 8.041914231740975083e+02
3.065913607903559750e+03 9.990298730799359594e-01 2.388846386503955602e-02 8.007729217553539911e+02
3.065921974613058865e+03 9.889700251797151065e-01 2.385015373191442384e-02 7.917945638242948689e+02
3.065930341322557979e+03 9.719229078030243718e-01 2.382027861990646672e-02 7.772496203565873429e+02
3.065938708032057093e+03 9.641357391644200803e-01 2.379536337495669063e-02 7.701360665722679641e+02
3.065947074741555753e+03 9.673896976188849361e-01 2.377636669532513444e-02 7.718502072480217748e+02
3.065955441451054867e+03 9.667938390995378661e-01 2.377568345507136138e-02 7.704950883733175715e+02
3.065963808160553981e+03 9.613536868177960937e-01 2.379806326670677250e-02 7.652903188007521749e+02
3.065972174870053095e+03 9.589781466949446331e-01 2.380118007999006136e-02 7.625385263570062762e+02
3.065980541579551755e+03 9.606797404970076615e-01 2.377872895117372209e-02 7.630363897300780991e+02
3.065988908289050869e+03 9.668357593560983343e-01 2.384010628297817194e-02 7.670731658409898728e+02
3.065997274998549983e+03 9.792454286600658087e-01 2.401924023391439206e-02 7.760639061543133721e+02
3.066005641708049097e+03 1.001780450723559257e+00 2.421178971626621393e-02 7.930583899298962933e+02
3.066014008417547757e+03 1.039329638036336378e+00 2.442416615274943525e-02 8.218979338618291877e+02
3.066022375127046871e+03 1.045515918563775903e+00 2.442409338221244661e-02 8.259103966589121910e+02
3.066030741836545985e+03 1.002444480562454832e+00 2.409053060058806775e-02 7.910547060556154975e+02
3.066039108546045100e+03 9.697831719778864379e-01 2.382188379077407325e-02 7.644892760916052339e+02
3.066047475255543759e+03 9.568359388053920833e-01 2.367653424672398407e-02 7.535150244558794839e+02
3.066055841965042873e+03 9.471383894090802391e-01 2.356152588627494215e-02 7.451318738181619210e+02
3.066064208674541987e+03 9.439862158935098391e-01 2.350793732741958755e-02 7.419227069151477281e+02
3.066072575384041102e+03 9.405898635268675756e-01 2.344583425613976785e-02 7.385418720181149865e+02
3.066080942093539761e+03 9.367021813431152255e-01 2.336626382454474668e-02 7.347966276306611917e+02
3.066089308803038875e+03 9.249268732101508794e-01 2.324218654040609636e-02 7.248919180877142026e+02
3.066097675512537990e+03 8.953326427375695173e-01 2.301820096889973383e-02 7.010684565769911387e+02
3.066106042222037104e+03 8.708809500300976891e-01 2.281549205552114296e-02 6.813265748208995092e+02
3.066114408931535763e+03 8.589448715571686988e-01 2.266548015828096646e-02 6.714183548024658421e+02
3.066122775641034877e+03 8.462932729840744184e-01 2.251559883724621458e-02 6.609848569081829055e+02
3.066131142350533992e+03 8.318656680025257044e-01 2.236739438668395100e-02 6.491997120554541425e+02
3.066139509060033106e+03 8.238104808508994736e-01 2.226565750384450898e-02 6.424202070828880551e+02
3.066147875769531765e+03 8.334075034390495684e-01 2.229357154307905556e-02 6.494246775330984747e+02
3.066156242479030880e+03 8.374653961491599352e-01 2.229794732160927592e-02 6.521251726860788267e+02
3.066164609188529994e+03 8.251671356765146736e-01 2.223397184164310411e-02 6.421144054681888065e+02
3.066172975898029108e+03 7.997130258034943484e-01 2.203846319057022399e-02 6.219066695505475764e+02
3.066181342607527768e+03 7.325360422014324246e-01 2.142662248790829990e-02 5.693184080322381533e+02
3.066189709317026882e+03 6.778210275797004192e-01 2.093324299362786869e-02 5.264917287218662523e+02
3.066198076026525996e+03 6.660753088752257023e-01 2.084946011816647335e-02 5.170894904432589101e+02
3.066206442736025110e+03 6.464111291869676368e-01 2.069493540878717536e-02 5.015717964362252133e+02
3.066214809445524224e+03 5.974958682554754041e-01 2.028051138173285473e-02 4.634016888921561872e+02
3.066223176155022884e+03 5.661041524288799032e-01 2.000788186543123529e-02 4.388685450218026745e+02
3.066231542864521998e+03 6.054409465349019914e-01 2.030943591933009537e-02 4.691835382655278863e+02
3.066239909574021112e+03 6.355171602638306494e-01 2.051988198199838562e-02 4.923217717742847981e+02
3.066248276283520227e+03 6.249409509036329968e-01 2.033259905951266891e-02 4.839827838380762159e+02
3.066256642993018886e+03 6.162721685682780448e-01 2.017871579964859025e-02 4.771462375225079882e+02
3.066265009702518000e+03 6.169016435594200098e-01 2.018919808368567839e-02 4.775316998744539205e+02
3.066273376412017114e+03 6.162217862963206283e-01 2.019286356297236157e-02 4.769253745813403498e+02
3.066281743121516229e+03 6.087216687652328151e-01 2.016431660477775029e-02 4.710635193283766853e+02
3.066290109831014888e+03 6.051760285757235014e-01 2.016414917245970898e-02 4.682852086094385982e+02
3.066298476540514002e+03 6.250422235415910022e-01 2.033562804158527484e-02 4.836455838927229820e+02
3.066306843250013117e+03 6.409196662293240587e-01 2.046267882387937248e-02 4.959434955320032827e+02
3.066315209959512231e+03 6.307040973939448403e-01 2.030280215379590136e-02 4.880755055201004211e+02
3.066323576669010890e+03 6.240218933863067585e-01 2.018110967604708206e-02 4.829658439267689687e+02
3.066331943378510005e+03 6.438446344703557811e-01 2.035027734277896141e-02 4.983974505413490874e+02
3.066340310088009119e+03 6.585477920350958358e-01 2.048286125160385732e-02 5.098982410388472317e+02
3.066348676797508233e+03 6.299136101348885575e-01 2.031220484203056717e-02 4.878681505432969630e+02
3.066357043507006892e+03 6.107819754461362161e-01 2.020636277920899795e-02 4.732135234805685968e+02
3.066365410216506007e+03 6.861427966309843196e-01 2.075312735899102756e-02 5.318137059528139616e+02
3.066373776926005121e+03 7.576607377985467018e-01 2.127733000559365109e-02 5.875149489627866615e+02
3.066382143635504235e+03 7.849065085525442909e-01 2.155299411192969708e-02 6.089570198030586425e+02
3.066390510345002895e+03 8.101519349551323801e-01 2.180567223187885456e-02 6.289058194161358415e+02
3.066398877054502009e+03 8.167322598268015321e-01 2.185000179244181787e-02 6.344180581767212743e+02
3.066407243764001123e+03 8.245193281205881464e-01 2.190265689133865518e-02 6.409143658113021047e+02
3.066415610473500237e+03 8.467349993945596509e-01 2.206529145374387657e-02 6.586839144234246533e+02
3.066423977182998897e+03 8.696969999978337862e-01 2.223335950698412944e-02 6.771039124024042621e+02
3.066432343892498011e+03 9.042193252749793908e-01 2.249871587265521444e-02 7.046066558555212396e+02
3.066440710601997125e+03 9.361043939384073864e-01 2.274670250361781818e-02 7.301481944541252460e+02
3.066449077311496239e+03 9.233127651639755351e-01 2.271973705789440828e-02 7.209047370405311312e+02
3.066457444020994899e+03 9.102296017073889800e-01 2.268599320908245426e-02 7.114611493651466390e+02
3.066465810730494013e+03 8.909618214388789204e-01 2.252342845061119925e-02 6.972038224226438388e+02
3.066474177439993127e+03 8.739369210639801322e-01 2.237725289472388898e-02 6.847164446124063488e+02
3.066482544149492242e+03 9.399070655621734049e-01 2.287542450924652873e-02 7.373530808819497224e+02
3.066490910858990901e+03 1.001992437153937265e+00 2.334500858157109379e-02 7.871276606015718471e+02
3.066499277568490015e+03 9.812251805983408515e-01 2.323025285864292397e-02 7.719161176310057044e+02
3.066507644277989129e+03 9.609029124814087996e-01 2.311513229190717209e-02 7.570638044986809518e+02
3.066516010987488244e+03 9.559636702417986243e-01 2.303231863905538801e-02 7.543572412616186966e+02
3.066524377696987358e+03 9.512825573898603393e-01 2.295037264596258217e-02 7.518987363868396869e+02
3.066532744406486017e+03 9.667481959793527979e-01 2.301670152064556538e-02 7.654363118102960470e+02
3.066541111115985132e+03 9.820065263167687686e-01 2.308037814479350566e-02 7.789111647085143204e+02
3.066549477825484246e+03 9.537086574131884431e-01 2.278147900469623677e-02 7.578781745451974530e+02
3.066557844534983360e+03 9.254435768727062861e-01 2.248193088064580000e-02 7.368451843818804718e+02
3.066566211244482020e+03 9.381796006100864282e-01 2.263326524297060507e-02 7.484928712759194696e+02
3.066574577953981134e+03 9.513378937762511089e-01 2.278795592589485594e-02 7.605798922217373956e+02
3.066582944663480248e+03 9.809230248412020847e-01 2.305705679243647693e-02 7.859348320911793735e+02
3.066591311372979362e+03 1.010297813704583936e+00 2.332309063686980113e-02 8.112897719606214650e+02
3.066599678082478022e+03 9.892794897906761475e-01 2.300295117722001362e-02 7.962582349510289532e+02
3.066608044791977136e+03 9.678119433135368155e-01 2.267708344812830942e-02 7.808445304256955524e+02
3.066616411501476250e+03 9.797924467844976171e-01 2.274522338286918272e-02 7.924496621905778966e+02
3.066624778210975364e+03 9.924405711647729111e-01 2.282100401036856949e-02 8.046860556419368322e+02
3.066633144920474024e+03 9.782575257684188452e-01 2.267742933052798934e-02 7.951974337996541635e+02
3.066641511629973138e+03 9.631126821558385620e-01 2.252569887192756512e-02 7.848908007131298064e+02
3.066649878339472252e+03 9.902272935157141465e-01 2.276964943614779094e-02 8.090644545549879467e+02
3.066658245048971366e+03 1.018077864753477835e+00 2.302042809365995035e-02 8.339619921602402428e+02
3.066666611758470026e+03 1.013075108325323326e+00 2.296102000014939304e-02 8.319939161322261043e+02
3.066674978467969140e+03 1.006961858891113559e+00 2.289135964296988221e-02 8.290797197313645484e+02
3.066683345177468254e+03 9.932303496131886789e-01 2.275370714687887860e-02 8.198320668830670002e+02
3.066691711886967369e+03 9.792198951105540727e-01 2.261409883500360360e-02 8.102687465229622603e+02
3.066700078596466028e+03 9.948688711165750709e-01 2.269100909398044652e-02 8.252136114318218461e+02
3.066708445305965142e+03 1.011465309393244194e+00 2.277584584242508745e-02 8.409621488741404391e+02
3.066716812015464257e+03 9.995350201563599768e-01 2.258237314335004992e-02 8.329465893551705449e+02
3.066725178724963371e+03 9.863878627427857815e-01 2.237830357010937507e-02 8.238058572330319294e+02
3.066733545434462030e+03 1.010847109821796597e+00 2.251702143370646822e-02 8.460199000891784635e+02
3.066741912143961144e+03 1.037634615475724553e+00 2.267851508521754808e-02 8.701879507661062689e+02
3.066750278853460259e+03 1.026132851937078705e+00 2.255536443909405414e-02 8.621779774946228372e+02
3.066758645562959373e+03 1.013079934731598186e+00 2.242251356269327200e-02 8.527243140481840555e+02
3.066767012272458032e+03 1.007010939545210704e+00 2.238216400111137094e-02 8.490109312946694899e+02
3.066775378981957147e+03 1.001507788544719668e+00 2.235038360091399015e-02 8.456406225189282395e+02
3.066783745691456261e+03 9.973741678843511815e-01 2.225853367175907246e-02 8.432881123112573505e+02
3.066792112400955375e+03 9.934618035558963056e-01 2.216779361787110311e-02 8.409787522714224224e+02
3.066800479110454035e+03 9.984312316302685897e-01 2.227376480672405012e-02 8.460464857689053133e+02
3.066808845819953149e+03 1.004053858869297988e+00 2.239423492288110384e-02 8.515363739160030718e+02
3.066817212529452263e+03 9.896470202677026817e-01 2.224706945437249228e-02 8.399006611732509100e+02
3.066825579238951377e+03 9.739447032565343720e-01 2.208379449768336708e-02 8.270236408902225094e+02
3.066833945948450037e+03 9.803766728586134072e-01 2.208333076559240368e-02 8.328188117497427356e+02
3.066842312657949151e+03 9.881389414261445570e-01 2.209457731999267885e-02 8.396352808969193120e+02
3.066850679367448265e+03 9.952092635678663202e-01 2.215336347695829114e-02 8.457589256242891906e+02
3.066859046076947379e+03 1.002341553152285014e+00 2.221793709751492332e-02 8.518341555749813097e+02
3.066867412786446494e+03 1.000482940954422473e+00 2.223742970902081034e-02 8.501722948050999094e+02
3.066875779495945153e+03 9.982545818954173811e-01 2.225679981784902534e-02 8.481067169251368796e+02
3.066884146205444267e+03 9.878897797331358532e-01 2.216780627250408003e-02 8.390479105959444723e+02
3.066892512914943381e+03 9.770537256705946749e-01 2.207333227800794065e-02 8.295185255571589096e+02
3.066900879624442496e+03 9.800407741959179519e-01 2.206551698856006397e-02 8.316576964329756265e+02
3.066909246333941155e+03 9.837895104803883184e-01 2.206360533202220489e-02 8.343764987953567243e+02
3.066917613043440269e+03 9.878836333299727546e-01 2.220956728725344970e-02 8.373264371238509511e+02
3.066925979752939384e+03 9.920621101637042694e-01 2.236657631345959421e-02 8.402913330599272967e+02
3.066934346462438498e+03 9.883406390586766399e-01 2.236047074374416729e-02 8.365187854916774768e+02
3.066942713171937157e+03 9.840215059568271361e-01 2.234220953786890743e-02 8.322059660374877694e+02
3.066951079881436272e+03 9.970229838707443948e-01 2.232767315546119874e-02 8.425019556443759257e+02
3.066959446590935386e+03 1.011154492502903679e+00 2.231402065381957872e-02 8.537058638492964064e+02
3.066967813300434500e+03 9.940955501968183894e-01 2.219551085235735646e-02 8.385569105443087210e+02
3.066976180009933159e+03 9.756260256271083176e-01 2.207247116604539941e-02 8.222299664322937360e+02
3.066984546719432274e+03 9.844611489141472660e-01 2.223953759832290877e-02 8.289132083763926175e+02
3.066992913428931388e+03 9.949458663205885678e-01 2.242428777635676121e-02 8.369677718867042131e+02
3.067001280138430502e+03 1.010520114044248796e+00 2.252664775990948290e-02 8.492870867513738631e+02
3.067009646847929162e+03 1.026325587265685346e+00 2.262543929535121290e-02 8.617865077234988576e+02
3.067018013557428276e+03 1.017531820100729290e+00 2.257167794080883194e-02 8.536413665021404995e+02
3.067026380266927390e+03 1.007290288935261957e+00 2.250852508435796304e-02 8.443183271340137708e+02
3.067034746976426504e+03 1.007377132245994567e+00 2.256928901114402253e-02 8.436887054574991680e+02
3.067043113685925164e+03 1.007835460442651598e+00 2.263418167311844614e-02 8.434048524767611070e+02
3.067051480395424278e+03 1.017699905768968183e+00 2.271695109309864943e-02 8.510273666428378192e+02
3.067059847104923392e+03 1.028036854121969990e+00 2.279958555907016585e-02 8.590809996807150810e+02
3.067068213814422506e+03 1.012776946871315920e+00 2.262929905269435438e-02 8.458015501464515182e+02
3.067076580523921166e+03 9.964725968754584162e-01 2.244779779351031845e-02 8.317257904415516805e+02
3.067084947233420280e+03 9.880554023062676494e-01 2.234363170595540446e-02 8.243097606858860900e+02
3.067093313942919394e+03 9.799607915485457621e-01 2.224156785715435819e-02 8.172401173936158330e+02
3.067101680652418509e+03 9.896595631444680130e-01 2.235957661244128425e-02 8.250863920753126877e+02
3.067110047361917168e+03 9.998869134614750687e-01 2.248312749189217141e-02 8.334531251679818524e+02
3.067118414071416282e+03 1.008667023992227518e+00 2.255792155533724655e-02 8.407021634557289644e+02
3.067126780780915396e+03 1.017305444833395356e+00 2.262924137436662930e-02 8.479307235784481236e+02
3.067135147490414511e+03 1.017990449457973678e+00 2.265235317292992739e-02 8.486355579379782057e+02
3.067143514199913170e+03 1.018287310805259693e+00 2.267100364529711642e-02 8.491285697939117654e+02
3.067151880909412284e+03 9.956056866335493138e-01 2.245136906507072885e-02 8.305702479179822149e+02
3.067160247618911399e+03 9.724365367203575694e-01 2.222491653089941552e-02 8.117075729370117188e+02
3.072151547700033007e+03 1.015162695668702098e+00 2.125041277622298497e-02 7.861622009277343750e+02
3.072159353330618160e+03 9.975308224759114051e-01 2.086792036010253273e-02 7.883985492030486739e+02
3.072167158961203313e+03 9.819738973946243732e-01 2.052935559250087388e-02 7.906348974783630865e+02
3.072174964591788921e+03 9.990456089129869932e-01 2.052222373657841201e-02 8.180828355713063047e+02
3.072182770222374074e+03 1.017854588707624464e+00 2.055068665468818070e-02 8.463931419271063987e+02
3.072190575852959228e+03 1.015755119291140929e+00 2.034857816654295909e-02 8.565284755106230250e+02
3.072198381483544381e+03 1.013316837632791234e+00 2.015634256237023442e-02 8.653764151900362549e+02
3.072206187114129534e+03 1.007202930695013654e+00 1.995605728359699238e-02 8.700996601782417201e+02
3.072213992744714687e+03 1.001844397305202694e+00 1.977687219990564849e-02 8.745222289638912798e+02
3.072221798375300295e+03 9.974348000553650007e-01 1.970771614517372386e-02 8.788973689109051293e+02
3.072229604005885449e+03 9.939286832269564886e-01 1.966610488848093488e-02 8.832671793310681778e+02
3.072237409636470602e+03 9.980652531574772945e-01 1.968787726320178968e-02 8.937430334549061399e+02
3.072245215267055755e+03 1.003902642331789163e+00 1.973068395955318230e-02 9.051644484423242147e+02
3.072253020897640909e+03 1.003441606716214851e+00 1.959701158128296372e-02 9.103439900384047405e+02
3.072260826528226062e+03 1.002212240889292838e+00 1.943890944224556730e-02 9.142706704344155924e+02
3.072268632158811670e+03 9.925895941268884082e-01 1.932652565436375133e-02 9.099933289786329169e+02
3.072276437789396823e+03 9.817280169651904087e-01 1.923137453648956011e-02 9.040479989275032722e+02
3.072284243419981976e+03 9.849797107482216596e-01 1.926211539838488390e-02 9.106755286583119187e+02
3.072292049050567130e+03 9.920086353815721347e-01 1.932934911769050926e-02 9.204863593468579666e+02
3.072299854681152283e+03 9.984297956166502397e-01 1.938759950974507096e-02 9.294777942149576120e+02
3.072307660311737436e+03 1.004810584247039840e+00 1.944619208691466747e-02 9.382173662707134554e+02
3.072315465942323044e+03 1.002020843058938349e+00 1.940629503716366153e-02 9.382006853812803229e+02
3.072323271572908197e+03 9.959923694578250997e-01 1.933238095954236194e-02 9.349751690563322200e+02
3.072331077203493351e+03 9.985168022258670284e-01 1.931400425363805073e-02 9.396548353090793171e+02
3.072338882834078504e+03 1.004242324019390953e+00 1.931739538710935261e-02 9.472580254179491703e+02
3.072346688464663657e+03 1.016572547834162954e+00 1.957310450300596763e-02 9.610237338096542317e+02
3.072354494095248810e+03 1.031789049230428468e+00 1.993840118688533156e-02 9.774690856467829008e+02
3.072362299725834418e+03 1.166891665229534469e+00 2.592898882943847627e-02 1.107670726098443083e+03
3.072370105356419572e+03 1.362152913397308263e+00 3.474149138999472336e-02 1.295468539721643538e+03
3.072377910987004725e+03 1.321560762581323045e+00 3.237224969125226254e-02 1.259108133079450454e+03
3.072385716617589878e+03 1.143767333169381617e+00 2.349767307224749982e-02 1.091550020759752215e+03
3.072393522248175032e+03 1.049507112693663258e+00 1.981674147953933762e-02 1.003177325669262814e+03
3.072401327878760640e+03 1.004424919166447827e+00 1.918934974399257379e-02 9.615095197840361152e+02
3.072409133509345793e+03 9.920077824383015663e-01 1.896580865723978063e-02 9.509408264842396648e+02
3.072416939139930946e+03 1.001683278387730081e+00 1.901564156719048188e-02 9.614589247365966003e+02
3.072424744770516099e+03 9.986520573361855613e-01 1.895603579201519603e-02 9.597034655479787943e+02
3.072432550401101253e+03 9.858063609508320724e-01 1.881209557088723769e-02 9.484156848262937274e+02
3.072440356031686406e+03 9.843356725795343598e-01 1.878276360075668144e-02 9.479759392166434964e+02
3.072448161662272014e+03 9.917530762171669068e-01 1.884313111096780000e-02 9.560230666367343701e+02
3.072455967292857167e+03 9.940324551700195910e-01 1.886189008082952631e-02 9.590491243618175758e+02
3.072463772923442320e+03 9.917368739770754393e-01 1.884366982153092007e-02 9.575863913223861346e+02
3.072471578554027474e+03 9.890048872010116510e-01 1.883674075897280933e-02 9.556258293160886979e+02
3.072479384184612627e+03 9.858860124211955567e-01 1.884006022386036303e-02 9.532169946962301310e+02
3.072487189815197780e+03 9.845912640534520976e-01 1.881838783951601812e-02 9.525007627906022663e+02
3.072494995445783388e+03 9.851640768151702643e-01 1.877098715411243054e-02 9.535243929164247447e+02
3.072502801076368542e+03 9.820278886964776133e-01 1.871847889344998087e-02 9.508926601261924816e+02
3.072510606706953695e+03 9.745292228403613644e-01 1.865970556894661417e-02 9.439705729439896231e+02
3.072518412337538848e+03 9.776153453418342520e-01 1.869553421716496633e-02 9.472397742051718978e+02
3.072526217968124001e+03 9.931917199075439573e-01 1.884286202410847405e-02 9.625574614780778120e+02
3.072534023598709155e+03 1.000407420940915504e+00 1.892857175092515706e-02 9.697200759638208183e+02
3.072541829229294763e+03 9.963050654515287485e-01 1.893061378098085182e-02 9.658571238966815145e+02
3.072549634859879916e+03 9.961945934173233042e-01 1.893201279754206171e-02 9.658103637584299577e+02
3.072557440490465069e+03 1.001497944838688037e+00 1.893211987771551905e-02 9.709611248287528724e+02
3.072565246121050222e+03 1.001102869850508670e+00 1.890758163830926625e-02 9.705377876112070226e+02
3.072573051751635376e+03 9.917742804567072357e-01 1.884395502316657880e-02 9.614070591261505569e+02
3.072580857382220529e+03 9.877048416210486570e-01 1.882757754950263943e-02 9.573307753233830226e+02
3.072588663012806137e+03 9.930632172112675571e-01 1.889550771896184381e-02 9.623491039697811402e+02
3.072596468643391290e+03 9.978042959511437271e-01 1.894612810627575861e-02 9.667261332798304920e+02
3.072604274273976444e+03 1.001387603565977669e+00 1.896462994546778760e-02 9.699401831201688537e+02
3.072612079904561597e+03 9.990461331516976573e-01 1.894740000062193272e-02 9.673778341501333671e+02
3.072619885535146750e+03 9.841951245235808221e-01 1.885415068417949438e-02 9.526727118220119337e+02
3.072627691165732358e+03 9.769722454843640103e-01 1.882317375991999012e-02 9.453260634620518204e+02
3.072635496796317511e+03 9.859004944397450343e-01 1.892358662761674248e-02 9.535758071726244225e+02
3.072643302426902665e+03 9.950188915708704229e-01 1.900733845502724367e-02 9.619730980013516728e+02
3.072651108057487818e+03 1.004552169749119317e+00 1.904875564686950642e-02 9.707360691161526347e+02
3.072658913688072971e+03 1.010563172680268629e+00 1.909047727993421623e-02 9.760626646815467211e+02
3.072666719318658124e+03 1.007704593045941843e+00 1.913211322093600480e-02 9.727974213264706123e+02
3.072674524949243732e+03 9.999341013301314973e-01 1.912444402943522595e-02 9.647743598252241100e+02
3.072682330579828886e+03 9.775778111261794745e-01 1.896981266352177828e-02 9.426751467751207656e+02
3.072690136210414039e+03 9.659367964264135020e-01 1.888973317251206249e-02 9.309102579423363295e+02
3.072697941840999192e+03 9.863453281492503555e-01 1.903217607164333150e-02 9.500126883359763497e+02
3.072705747471584345e+03 1.000585190480624442e+00 1.913344669175889509e-02 9.631404039300497288e+02
3.072713553102169499e+03 9.961251289584157620e-01 1.910952031427117989e-02 9.582506202077933040e+02
3.072721358732755107e+03 9.886880641190125552e-01 1.906412859362936058e-02 9.504940117524791958e+02
3.072729164363340260e+03 9.704170024103411230e-01 1.894024009456246951e-02 9.323290216115905196e+02
3.072736969993925413e+03 9.578714142807323029e-01 1.884544089732169761e-02 9.196767255607055631e+02
3.072744775624510567e+03 9.663979745840793889e-01 1.885749952135325549e-02 9.272530505198909623e+02
3.072752581255095720e+03 9.683430946281866847e-01 1.883719101491007977e-02 9.285034732578201329e+02
3.072760386885680873e+03 9.404389010664615522e-01 1.866996575469532724e-02 9.011461794971319250e+02
3.072768192516266481e+03 9.199883289969156275e-01 1.856506530079294129e-02 8.809603875366716466e+02
3.072775998146851634e+03 9.338164755100010206e-01 1.874638979439611011e-02 8.936030729405393913e+02
3.072783803777436788e+03 9.434783850554347984e-01 1.888388759562909316e-02 9.022448982271869227e+02
3.072791609408021941e+03 9.287045213778264419e-01 1.876413656009339251e-02 8.875244850638083562e+02
3.072799415038607094e+03 9.139127926907595345e-01 1.863412158960718254e-02 8.728094401086303833e+02
3.072807220669192247e+03 8.991297081722866569e-01 1.844438549101705058e-02 8.581261983102227759e+02
3.072815026299777855e+03 8.869117961570569530e-01 1.827832988730646036e-02 8.459141126693258457e+02
3.072822831930363009e+03 8.902559038489750165e-01 1.825663262218182176e-02 8.485574872884561728e+02
3.072830637560948162e+03 8.921560757777490247e-01 1.823377761259212249e-02 8.498299032764206231e+02
3.072838443191533315e+03 8.823422881635967219e-01 1.820298801432554750e-02 8.399585981496213662e+02
3.072846248822118469e+03 8.724915219655855481e-01 1.816101354213765784e-02 8.300745970623743233e+02
3.072854054452704077e+03 8.625055945661557200e-01 1.802833734080087208e-02 8.200854663686978938e+02
3.072861860083289230e+03 8.538380818879268697e-01 1.791504596176131045e-02 8.113735136597449582e+02
3.072869665713874383e+03 8.564926936611251262e-01 1.796873205163841691e-02 8.134382011713818201e+02
3.072877471344459536e+03 8.557498752621554017e-01 1.798711382985852467e-02 8.122907132259909986e+02
3.072885276975044690e+03 8.119186985711760451e-01 1.755941834086263004e-02 7.702819789454063084e+02
3.072893082605629843e+03 7.717063493853668632e-01 1.716512931590000873e-02 7.317644214626570829e+02
3.072900888236215451e+03 7.795699767766113286e-01 1.721759966692056748e-02 7.388673574547926819e+02
3.072908693866800604e+03 7.824287351524603640e-01 1.722718818630266172e-02 7.412404760137052335e+02
3.072916499497385757e+03 7.181795984238303898e-01 1.666524258722603888e-02 6.800828502545673473e+02
3.072924305127970911e+03 6.554554045970037990e-01 1.611705820417826465e-02 6.204381074277216612e+02
3.072932110758556064e+03 6.352117194043830350e-01 1.595916282934774916e-02 6.010535550255460748e+02
3.072939916389141217e+03 6.151524435806013935e-01 1.580052195790057970e-02 5.818757202866846683e+02
3.072947722019726825e+03 6.011925284945307535e-01 1.563742759039429484e-02 5.684967653917974530e+02
3.072955527650311979e+03 5.866933874059527820e-01 1.546996282960086920e-02 5.546350979455934294e+02
3.072963333280897132e+03 5.570219597124188571e-01 1.519088096744519202e-02 5.264603390575431376e+02
3.072971138911482285e+03 5.292226459476744305e-01 1.492723820086767732e-02 5.000864257538794959e+02
3.072978944542067438e+03 5.613138815641510737e-01 1.516994042406685957e-02 5.303255027527270613e+02
3.072986750172652592e+03 5.933916091409990878e-01 1.541210153313186428e-02 5.605645797515746835e+02
3.072994555803238200e+03 6.318483762651069258e-01 1.579773585511361905e-02 5.968466282527798512e+02
3.073002361433823353e+03 6.702966782864260287e-01 1.618305647970223402e-02 6.331422727581781373e+02
3.073010167064408506e+03 7.079703895069016095e-01 1.654417544155699013e-02 6.687335585415482910e+02
3.073017972694993659e+03 7.456059813958731963e-01 1.690441203576502349e-02 7.043219866712007615e+02
3.073025778325578813e+03 7.589847338031925350e-01 1.702732386537697887e-02 7.170335046608452103e+02
3.073033583956163966e+03 7.721806176501374575e-01 1.714797908895673850e-02 7.296107159369216788e+02
3.073041389586749574e+03 8.112228000849299736e-01 1.748083826848630118e-02 7.666556657804414954e+02
3.073049195217334727e+03 8.504039149144847487e-01 1.781427240743717680e-02 8.038888006124310550e+02
3.073057000847919880e+03 8.560657323428181309e-01 1.793603175186914839e-02 8.094902708563297438e+02
3.073064806478505034e+03 8.602576059385009799e-01 1.804779043536138688e-02 8.137494926177099615e+02
3.073072612109090187e+03 8.735344441633572377e-01 1.814363841438267066e-02 8.266552990879276877e+02
3.073080417739675340e+03 8.871540432882905058e-01 1.823769026749737926e-02 8.399449176962854153e+02
3.073088223370260948e+03 9.176767449243931063e-01 1.855384536736805201e-02 8.693098524902414965e+02
3.073096029000846102e+03 9.488949802080125506e-01 1.887885387327555703e-02 8.994199005923757113e+02
3.073103834631431255e+03 9.354874918665976313e-01 1.874606849081602439e-02 8.872964848153068260e+02
3.073111640262016408e+03 9.198886966938411014e-01 1.859024026270066424e-02 8.731322929351465518e+02
3.073119445892601561e+03 9.233974562957192322e-01 1.861734091993402437e-02 8.771534654019397976e+02
3.073127251523187169e+03 9.278009053668684336e-01 1.865239647653243668e-02 8.820893371139388819e+02
3.073135057153772323e+03 9.354709640385516778e-01 1.877174544588103636e-02 8.902013855093259735e+02
3.073142862784357476e+03 9.432355805138028515e-01 1.889403207436899171e-02 8.984794954258161397e+02
3.073150668414942629e+03 9.628814823882498874e-01 1.904897520705711375e-02 9.181661909791092739e+02
3.073158474045527782e+03 9.834928910219707943e-01 1.920528591889008804e-02 9.388822466002835654e+02
3.073166279676112936e+03 9.800775014345994851e-01 1.916399417306523939e-02 9.367490750711538112e+02
3.073174085306698544e+03 9.743915757345529283e-01 1.910329933644718675e-02 9.325054223678578182e+02
3.073181890937283697e+03 9.751378591043472488e-01 1.909405531286451074e-02 9.344830215291613058e+02
3.073189696567868850e+03 9.764187312382466288e-01 1.908832710813457290e-02 9.370486079671562720e+02
3.073197502198454004e+03 9.864139977350934174e-01 1.916772189167191900e-02 9.480678758154213028e+02
3.073205307829039157e+03 9.971477484479894793e-01 1.925368550340819315e-02 9.599043467409459254e+02
3.073213113459624310e+03 9.895378619568722112e-01 1.921571698745576373e-02 9.541653268115773017e+02
3.073220919090209918e+03 9.800731281667041106e-01 1.916423248277167313e-02 9.466892784317891483e+02
3.073228724720795071e+03 9.943424625991746924e-01 1.924627409993719465e-02 9.622283952138205905e+02
3.073236530351380225e+03 1.010870782985156202e+00 1.933996175915048479e-02 9.800921612359271649e+02
3.073244335981965378e+03 1.023961529379821211e+00 1.945747593661708782e-02 9.947645704091361267e+02
3.073252141612550531e+03 1.036570205983419424e+00 1.957545534751357549e-02 1.009107674971120673e+03
3.073259947243135684e+03 1.031052273594299518e+00 1.946382110221567263e-02 1.005909040302809899e+03
3.073267752873721292e+03 1.023574349051554089e+00 1.932700236108350969e-02 1.000861921285140738e+03
3.073275558504306446e+03 1.014334800421032856e+00 1.933851828109918805e-02 9.941472630071102685e+02
3.073283364134891599e+03 1.004861729461190789e+00 1.936421442530639539e-02 9.872532191862788977e+02
3.073291169765476752e+03 9.969002969822907678e-01 1.922053650014224693e-02 9.818957706004929378e+02
3.073298975396061905e+03 9.890573336866970156e-01 1.905746756715421750e-02 9.767070131706891516e+02
3.073306781026647059e+03 1.005571680651422550e+00 1.914681249820453235e-02 9.956814322167084583e+02
3.073314586657232667e+03 1.024638797468415907e+00 1.926237140033093542e-02 1.017362094860021216e+03
3.073322392287817820e+03 1.034384212413443027e+00 1.928591248671772743e-02 1.029945802199547870e+03
3.073330197918402973e+03 1.042958878442181714e+00 1.929769085218392341e-02 1.041490420931489098e+03
3.073338003548988127e+03 1.033053828972924748e+00 1.919228163509723376e-02 1.034646685643539513e+03
3.073345809179573280e+03 1.021012163744891676e+00 1.907286698267173647e-02 1.025661482895385461e+03
3.073353614810158888e+03 1.028289124059586168e+00 1.914938012051524072e-02 1.036126932508696882e+03
3.073361420440744041e+03 1.037753181357810472e+00 1.924767187703657970e-02 1.048901190512996891e+03
3.073369226071329194e+03 1.023655806192453221e+00 1.909618847497496219e-02 1.037894190276217614e+03
3.073377031701914348e+03 1.006776971610449101e+00 1.891493893279699162e-02 1.024010778835796600e+03
3.073384837332499501e+03 1.012163770006811570e+00 1.893542120108549984e-02 1.032774182235926446e+03
3.073392642963084654e+03 1.020211179015203973e+00 1.897991121452497973e-02 1.044327989951867039e+03
3.073400448593670262e+03 1.015641922948461451e+00 1.882021891720057211e-02 1.043005000594057037e+03
3.073408254224255415e+03 1.009512764288061692e+00 1.863572347195050632e-02 1.040066175996442325e+03
3.073416059854840569e+03 1.009455463446827572e+00 1.861393013047830947e-02 1.043378709257965738e+03
3.073423865485425722e+03 1.010157997070411096e+00 1.861268470772467834e-02 1.047489939211510091e+03
3.073431671116010875e+03 1.001946695500532725e+00 1.854047830131225205e-02 1.042338736876635949e+03
3.073439476746596029e+03 9.926331688601613967e-01 1.845953442327383578e-02 1.035982932743623223e+03
3.073447282377181637e+03 1.002516760767819148e+00 1.848695546705671558e-02 1.049660331096843265e+03
3.073455088007766790e+03 1.014870428739149677e+00 1.852858306711753500e-02 1.065989132795920568e+03
3.073462893638351943e+03 1.018494173761800070e+00 1.853590487690538399e-02 1.073187107749382221e+03
3.073470699268937096e+03 1.020950655533004570e+00 1.853891791480701337e-02 1.079155545326304036e+03
3.073478504899522250e+03 9.986040558758283447e-01 1.833940793771746819e-02 1.058816534939483063e+03
3.073486310530107403e+03 9.730345903756554282e-01 1.811392411394016633e-02 1.034874071155013326e+03
3.073494116160693011e+03 1.000816836836823542e+00 1.827098623797534724e-02 1.067646490470443723e+03
3.073501921791278164e+03 1.035853871131836135e+00 1.848064584051145598e-02 1.108319346188342024e+03
3.073509727421863317e+03 1.038124968026651329e+00 1.848620436706042286e-02 1.114006215542035989e+03
3.073517533052448471e+03 1.035826568672928216e+00 1.846382837361550122e-02 1.114737782879655015e+03
3.073525338683033624e+03 1.009781667365230229e+00 1.823332232670302547e-02 1.089770742655306549e+03
3.073533144313618777e+03 9.814566776536333137e-01 1.798331431136213424e-02 1.062119153673766959e+03
3.073540949944204385e+03 9.713586104765844498e-01 1.789404831772772181e-02 1.054014984431893481e+03
3.073548755574789539e+03 9.632929626507034104e-01 1.782324984574764487e-02 1.047995700635338835e+03
3.073556561205374692e+03 9.849643288364020588e-01 1.799725833372133391e-02 1.074292611008115500e+03
3.073564366835959845e+03 1.009817825181387185e+00 1.819813595066971726e-02 1.104107513975075790e+03
3.073572172466544998e+03 9.966440003645971046e-01 1.805644390812310984e-02 1.092290471159378740e+03
3.073579978097130606e+03 9.794038421485328216e-01 1.787888476275445448e-02 1.075849194923133382e+03
3.073587783727715760e+03 9.863978465006698615e-01 1.789285512750935989e-02 1.085908473396136515e+03
3.073595589358300913e+03 9.961735769536077534e-01 1.792978857028679901e-02 1.098970147269932340e+03
3.073603394988886066e+03 9.765025352200926712e-01 1.779327274101757603e-02 1.079420206729764914e+03
3.073611200619471219e+03 9.536037325726601788e-01 1.763888766520755116e-02 1.056102780852105298e+03
3.073619006250056373e+03 9.743713161934693945e-01 1.777289924482029423e-02 1.081027785998504214e+03
3.073626811880641981e+03 9.986465666518238304e-01 1.793122782474611612e-02 1.109812497526249444e+03
3.073634617511227134e+03 9.946496572922374213e-01 1.792174967866555502e-02 1.107090015823244130e+03
3.073642423141812287e+03 9.884609480138435433e-01 1.790052706437821051e-02 1.101780627728752734e+03
3.073650228772397440e+03 9.999896704408360870e-01 1.790852768703237938e-02 1.116092050333450061e+03
3.073658034402982594e+03 1.013094930194320842e+00 1.792104391276604092e-02 1.132055785246399182e+03
3.073665840033567747e+03 9.990883369342282716e-01 1.781104437334779869e-02 1.117576562343281694e+03
3.073673645664153355e+03 9.828971684206241344e-01 1.769290483163705324e-02 1.100469277236436255e+03
3.073681451294738508e+03 9.782502070405227901e-01 1.774636203506245111e-02 1.096112560193115087e+03
3.073689256925323662e+03 9.747567590602337351e-01 1.781723657215031342e-02 1.092883642214454085e+03
3.073697062555908815e+03 9.746318224533708774e-01 1.778893924772863289e-02 1.093266322487277193e+03
3.073704868186493968e+03 9.748320614795455974e-01 1.775783558622393010e-02 1.093846227033279320e+03
3.073712673817079121e+03 9.702019035280261550e-01 1.767679472728664672e-02 1.088832684405229884e+03
3.073720479447664729e+03 9.654477908215264303e-01 1.759564913213959580e-02 1.083502498182811223e+03
3.073728285078249883e+03 9.723959370735247854e-01 1.767912509094632031e-02 1.091123552139441017e+03
3.073736090708835036e+03 9.801909627961713500e-01 1.777515379822556391e-02 1.099503788425559151e+03
3.073743896339420189e+03 9.898314740562732528e-01 1.791542449193002720e-02 1.109752326222333522e+03
3.073751701970005342e+03 9.997066888983280331e-01 1.806019127313139572e-02 1.120050520826863021e+03
3.073759507600590496e+03 9.924706844297527253e-01 1.799087697619664028e-02 1.110969707848876396e+03
3.073767313231176104e+03 9.849157833512286464e-01 1.791864342952438974e-02 1.101337083817723169e+03
3.073775118861761257e+03 9.955264476601518586e-01 1.799971839488477901e-02 1.111796960357403577e+03
3.073782924492346410e+03 1.006912251962852389e+00 1.808917259058149402e-02 1.122867202758789062e+03
3.228354532766622015e+03 9.984820989050240403e-01 9.458326814829621718e-03 2.856661712646484375e+03
3.228363928976390980e+03 9.991121425602998984e-01 9.457951449705612190e-03 2.862008813406608169e+03
3.228373325186159491e+03 9.997917896136492288e-01 9.458061007870277592e-03 2.867355914166473212e+03
3.228382721395928456e+03 9.973896408191668117e-01 9.453204784143180717e-03 2.863714439317524466e+03
3.228392117605697422e+03 9.949564831796752218e-01 9.448678949693664272e-03 2.859826375226037271e+03
3.228401513815466387e+03 9.961258176176377432e-01 9.426952008187047122e-03 2.866149235029693500e+03
3.228410910025234898e+03 9.975406313255327229e-01 9.404725555668935408e-03 2.873048143314661957e+03
3.228420306235003864e+03 9.984097019720797883e-01 9.401132668937762366e-03 2.878245758692093659e+03
3.228429702444772829e+03 9.992722291325645267e-01 9.399561888722358580e-03 2.883295227776978663e+03
3.228439098654541795e+03 9.954037596359029960e-01 9.353861802997052305e-03 2.874554864557555447e+03
3.228448494864310305e+03 9.910158017596012447e-01 9.303332527682096897e-03 2.864165572499564860e+03
3.228457891074079271e+03 9.883659086684584150e-01 9.289946507596185885e-03 2.858657096541818646e+03
3.228467287283848236e+03 9.859659273833162318e-01 9.281395925962164159e-03 2.853736642340574235e+03
3.228476683493617202e+03 9.776230491923897370e-01 9.210172224152324283e-03 2.831472611694303396e+03
3.228486079703385712e+03 9.684040546944430172e-01 9.129652415104673110e-03 2.806519765931618167e+03
3.228495475913154678e+03 9.645511834186121236e-01 9.108879772981531495e-03 2.796979827463618221e+03
3.228504872122923643e+03 9.617604056167032844e-01 9.099860128824676167e-03 2.790395897392427287e+03
3.228514268332692609e+03 9.608831989978781074e-01 9.081061889898336958e-03 2.789247654703155604e+03
3.228523664542461120e+03 9.604764668718238640e-01 9.060291856087844542e-03 2.789354835835571976e+03
3.228533060752230085e+03 9.512899485310833958e-01 8.979519476040719039e-03 2.763846107413565733e+03
3.228542456961999051e+03 9.397421874329118241e-01 8.882686904866600799e-03 2.731349519869719643e+03
3.228551853171768016e+03 9.342550493651670118e-01 8.842141051520490541e-03 2.716349454995111955e+03
3.228561249381536527e+03 9.307155308191632503e-01 8.819682960284746381e-03 2.706905785347572419e+03
3.228570645591305492e+03 9.264857890437879773e-01 8.798655016660996211e-03 2.695352838549586068e+03
3.228580041801074458e+03 9.220251195230428909e-01 8.778345422393368444e-03 2.683028709260860978e+03
3.228589438010843423e+03 9.181649208314990318e-01 8.730846450922778723e-03 2.672356010085389698e+03
3.228598834220611934e+03 9.145446351023849285e-01 8.673566124995363627e-03 2.662289310579047196e+03
3.228608230430380900e+03 9.118747617963801622e-01 8.665968956657964239e-03 2.654900554816393651e+03
3.228617626640149865e+03 9.096193899143422135e-01 8.679323723735780580e-03 2.648633153908696841e+03
3.228627022849918376e+03 9.213960882677503239e-01 8.767753535100250226e-03 2.683145006269350233e+03
3.228636419059687341e+03 9.398446268801294856e-01 8.891937867754837535e-03 2.737010602459400616e+03
3.228645815269456307e+03 9.467831526928293107e-01 8.915400494253253316e-03 2.757279880612807574e+03
3.228655211479225272e+03 9.475762921192441013e-01 8.885092819621864119e-03 2.759573870048079698e+03
3.228664607688993783e+03 9.536553139221518594e-01 8.907684105060598156e-03 2.777184209741399172e+03
3.228674003898762749e+03 9.629200242085392825e-01 8.962146512836917725e-03 2.803994213860959917e+03
3.228683400108531714e+03 9.694075166015080347e-01 9.001342149087637051e-03 2.822639773380802581e+03
3.228692796318300680e+03 9.742316288467548491e-01 9.031430243753631876e-03 2.836366381806530171e+03
3.228702192528069190e+03 9.784350424955429171e-01 9.067979917093040715e-03 2.848211899990258644e+03
3.228711588737838156e+03 9.822277215714596554e-01 9.108959748588664820e-03 2.858789343642760286e+03
3.228720984947607121e+03 9.868417211396173228e-01 9.141455399667710105e-03 2.871685831163209059e+03
3.228730381157376087e+03 9.920797822020706036e-01 9.167614942420092630e-03 2.886327289805631608e+03
3.228739777367144598e+03 9.958638557132314384e-01 9.187409386958894295e-03 2.896669237630914267e+03
3.228749173576913563e+03 9.985552014493703776e-01 9.202443355053482529e-03 2.903766516840430540e+03
3.228758569786682529e+03 9.977768578685624057e-01 9.187322373028695977e-03 2.900712900801697742e+03
3.228767965996451494e+03 9.940808710897858225e-01 9.146844388807345155e-03 2.889123304668010860e+03
3.228777362206220005e+03 9.917814170115111239e-01 9.131492348850160298e-03 2.881544150410231396e+03
3.228786758415988970e+03 9.907864121481212427e-01 9.139645383518283164e-03 2.877719072927002344e+03
3.228796154625757936e+03 9.941849424408569780e-01 9.172136095290701549e-03 2.886632219505645480e+03
3.228805550835526901e+03 1.002157651178030795e+00 9.229940308523256268e-03 2.908813727257015216e+03
3.228814947045295412e+03 1.003623049237732934e+00 9.243404829892049382e-03 2.912115184502713419e+03
3.228824343255064377e+03 9.982779118458022793e-01 9.210448484647941123e-03 2.895694276104274195e+03
3.228833739464833343e+03 9.952329149140475284e-01 9.174024805718302214e-03 2.886006927525261290e+03
3.228843135674601854e+03 9.948617242808234229e-01 9.133540935976139363e-03 2.884148570415879931e+03
3.228852531884370819e+03 9.981653639748049311e-01 9.127091848644915129e-03 2.893032765878556802e+03
3.228861928094139785e+03 1.005755241516733012e+00 9.160347378804724675e-03 2.914443258652300756e+03
3.228871324303908750e+03 1.006945895050999962e+00 9.151339382496287769e-03 2.917434955277642075e+03
3.228880720513677261e+03 9.998268826138227983e-01 9.087472584211190793e-03 2.896500453341811408e+03
3.228890116723446226e+03 9.949065597601571831e-01 9.035412864845597525e-03 2.882091834244178699e+03
3.228899512933215192e+03 9.931991343092255731e-01 9.000703738821193983e-03 2.877141614958929495e+03
3.228908909142984157e+03 9.941693402248639178e-01 9.005574885393706833e-03 2.880095898750773813e+03
3.228918305352752668e+03 9.990552220776052206e-01 9.068191053105452079e-03 2.894540807478917031e+03
3.228927701562521634e+03 9.988516371681963602e-01 9.077699333623050898e-03 2.894385128296029052e+03
3.228937097772290599e+03 9.904096444715408953e-01 9.001197801879343152e-03 2.870493174829354757e+03
3.228946493982059565e+03 9.835446393107730723e-01 8.935859203973618367e-03 2.851299624534632130e+03
3.228955890191828075e+03 9.792790795827289729e-01 8.888980651516779213e-03 2.839767594216235011e+03
3.228965286401597041e+03 9.774362019974581761e-01 8.869144597371548741e-03 2.835386832493761176e+03
3.228974682611366006e+03 9.800585150462366446e-01 8.899070287545090413e-03 2.844088651502373978e+03
3.228984078821134972e+03 9.787117563902361095e-01 8.895188214930087670e-03 2.841400258897630465e+03
3.228993475030903483e+03 9.692427934205043449e-01 8.822154835213967886e-03 2.815240823912124597e+03
3.229002871240672448e+03 9.596672929548509812e-01 8.746887753821215583e-03 2.788865096553576677e+03
3.229012267450441414e+03 9.499080463466312851e-01 8.667350126430758972e-03 2.762042212574332552e+03
3.229021663660210379e+03 9.425425599216822325e-01 8.605881386650067119e-03 2.742264502245644053e+03
3.229031059869978890e+03 9.408134065183064720e-01 8.587032792977612045e-03 2.738979594117262877e+03
3.229040456079747855e+03 9.372150354739583467e-01 8.555462308781291991e-03 2.730350343596068797e+03
3.229049852289516821e+03 9.292794113128156619e-01 8.494478383592008602e-03 2.709167027240543575e+03
3.229059248499285786e+03 9.205940358914306287e-01 8.433539572225184217e-03 2.685864302048467835e+03
3.229068644709054297e+03 9.099443841849816916e-01 8.373120939732654061e-03 2.656885947702863632e+03
3.229078040918823262e+03 8.986231935244330948e-01 8.300994096504168279e-03 2.625990485882440225e+03
3.229087437128592228e+03 8.855278473751271306e-01 8.197802373681655624e-03 2.589942480577200058e+03
3.229096833338360739e+03 8.706333184060374153e-01 8.085067568759395085e-03 2.548649182248897887e+03
3.229106229548129704e+03 8.502044225977513081e-01 7.943110702325459696e-03 2.491145680047439328e+03
3.229115625757898670e+03 8.283687033173925407e-01 7.788210058578487818e-03 2.429484575174771635e+03
3.229125021967667635e+03 8.021554520763487517e-01 7.593218236482741912e-03 2.354924618197062500e+03
3.229134418177436146e+03 7.776003390703321028e-01 7.400970679403369272e-03 2.285155859573168982e+03
3.229143814387205111e+03 7.589473639668133931e-01 7.218221854297669424e-03 2.232669637855626661e+03
3.229153210596974077e+03 7.391141447254178098e-01 7.037755387534885831e-03 2.176656297042952247e+03
3.229162606806743042e+03 7.149693982883127408e-01 6.865099985776206698e-03 2.107866218908226529e+03
3.229172003016511553e+03 6.916386194408675747e-01 6.699978885201922710e-03 2.041377789764009776e+03
3.229181399226280519e+03 6.711761835223571948e-01 6.561719346341048434e-03 1.983262336693942871e+03
3.229190795436049484e+03 6.580375091136569932e-01 6.473725054745766566e-03 1.946723515493717969e+03
3.229200191645818450e+03 6.761890834542609863e-01 6.600667845847426121e-03 2.002819929905870595e+03
3.229209587855586960e+03 6.940663220213787454e-01 6.721218440050999270e-03 2.058280582407800466e+03
3.229218984065355926e+03 7.109600563265180417e-01 6.815778148259365489e-03 2.110998875196144127e+03
3.229228380275124891e+03 7.292514741490186969e-01 6.924242516455821408e-03 2.168044833037589342e+03
3.229237776484893857e+03 7.550290413798073086e-01 7.106392992485178681e-03 2.247560027837455891e+03
3.229247172694662368e+03 7.799866108778319429e-01 7.275769298275362382e-03 2.324875277715202174e+03
3.229256568904431333e+03 8.010162030731913241e-01 7.381177628408816353e-03 2.390707600816864669e+03
3.229265965114200299e+03 8.199451561607089545e-01 7.475580175801859080e-03 2.450473501330306590e+03
3.229275361323969264e+03 8.281712083371347566e-01 7.514110175866294677e-03 2.478405645281773104e+03
3.229284757533737775e+03 8.369161306141231771e-01 7.559913331465748648e-03 2.508002032085926658e+03
3.229294153743506740e+03 8.492273801004336375e-01 7.654178494182220516e-03 2.548413310293270115e+03
3.229303549953275706e+03 8.596046513959911817e-01 7.735860234735017667e-03 2.583154801511026562e+03
3.229312946163044671e+03 8.576202920048542344e-01 7.737510861300324859e-03 2.580821776496336497e+03
3.229322342372813182e+03 8.567449184085067504e-01 7.742962198917856947e-03 2.581849415452355970e+03
3.229331738582582148e+03 8.631883440393942619e-01 7.774000755654345181e-03 2.604990150201857887e+03
3.229341134792351113e+03 8.687326222153149979e-01 7.798939038143055079e-03 2.625500859611645865e+03
3.229350531002119624e+03 8.668618991813935581e-01 7.773473815501110579e-03 2.623647383563019957e+03
3.229359927211888589e+03 8.654908125907847527e-01 7.754639932694689514e-03 2.623319339217191555e+03
3.229369323421657555e+03 8.684214581790991039e-01 7.792588088192123341e-03 2.636062233012123215e+03
3.229378719631426520e+03 8.703779172266260522e-01 7.819224648896491714e-03 2.645893095717426149e+03
3.229388115841195031e+03 8.640623098674424796e-01 7.749743126426571378e-03 2.630578992877145083e+03
3.229397512050963996e+03 8.585387189606190628e-01 7.689518421183446847e-03 2.617641751798607856e+03
3.229406908260732962e+03 8.623451830351290814e-01 7.738293245105695543e-03 2.633160459084967442e+03
3.229416304470501927e+03 8.664835787011009316e-01 7.784247179083048952e-03 2.649743569159982599e+03
3.229425700680270438e+03 8.748087345544559579e-01 7.798235378156092960e-03 2.679199550553820700e+03
3.229435096890039404e+03 8.831563340758705749e-01 7.816587756326388511e-03 2.708811234842014073e+03
3.229444493099808369e+03 8.920955145769297046e-01 7.888991115317408112e-03 2.740325330757456868e+03
3.229453889309577335e+03 9.012185433802071266e-01 7.961465605308328669e-03 2.772493709384447357e+03
3.229463285519345845e+03 9.129344558892821260e-01 8.037485682456197919e-03 2.812739095275750060e+03
3.229472681729114811e+03 9.244245927202271451e-01 8.110120745830527722e-03 2.852397974815730322e+03
3.229482077938883776e+03 9.321353945135416597e-01 8.120442009171080847e-03 2.880483827202883731e+03
3.229491474148652742e+03 9.397329625771880801e-01 8.134127627204697578e-03 2.908288008129170521e+03
3.229500870358421253e+03 9.454877387457535365e-01 8.215612865867322895e-03 2.930445995267951275e+03
3.229510266568190218e+03 9.511407628437394957e-01 8.292547494359680735e-03 2.952334142456661084e+03
3.229519662777959184e+03 9.550120269891928526e-01 8.281244863187271765e-03 2.968726163032077693e+03
3.229529058987728149e+03 9.588447839297734587e-01 8.271243692756743635e-03 2.985022117869229987e+03
3.229538455197496660e+03 9.620329550002745256e-01 8.286857102646663642e-03 2.999329422142290241e+03
3.229547851407265625e+03 9.653176722701879431e-01 8.302530783317493140e-03 3.013950767252239984e+03
3.229557247617034591e+03 9.707125066287584092e-01 8.319482660244757743e-03 3.035180883124423417e+03
3.229566643826803556e+03 9.760822587690229923e-01 8.336884562754413516e-03 3.056359826453526694e+03
3.229576040036572067e+03 9.805860918420642447e-01 8.377438057715614478e-03 3.074847881289685574e+03
3.229585436246341033e+03 9.850697445587996981e-01 8.417064730416794899e-03 3.093286465494773438e+03
3.229594832456109998e+03 9.886889350775537322e-01 8.408394854275282049e-03 3.109017620950898618e+03
3.229604228665878509e+03 9.921925760963166141e-01 8.399978530224222820e-03 3.124385465306852893e+03
3.229613624875647474e+03 9.891242027689239880e-01 8.399924955505438245e-03 3.119026411423501486e+03
3.229623021085416440e+03 9.861501439303655969e-01 8.399721579944785521e-03 3.113902446627650079e+03
3.229632417295185405e+03 9.876256584782870940e-01 8.384919475561853144e-03 3.122783658698891031e+03
3.229641813504953916e+03 9.891664813664696743e-01 8.371143995062670443e-03 3.131843305627244263e+03
3.229651209714722881e+03 9.942248360913975569e-01 8.412121205329596910e-03 3.152024310627903560e+03
3.229660605924491847e+03 9.991843791602817992e-01 8.452237570603114702e-03 3.171887777775876657e+03
3.229670002134260812e+03 9.976186537908626750e-01 8.435217982134902981e-03 3.171002414368079826e+03
3.229679398344029323e+03 9.960958158599431123e-01 8.418410522491946713e-03 3.170191475575060394e+03
3.229688794553798289e+03 9.961952501160669105e-01 8.404346357570518372e-03 3.174490530848873732e+03
3.229698190763567254e+03 9.962894836143396660e-01 8.390509142726775699e-03 3.178728643732683395e+03
3.229707586973336220e+03 9.950171348666724258e-01 8.382059926916339554e-03 3.178559018071436185e+03
3.229716983183104730e+03 9.937606157951583974e-01 8.373738542831346207e-03 3.178389392410197161e+03
3.229726379392873696e+03 9.990981413723828419e-01 8.410691218301210095e-03 3.199286870123547487e+03
3.229735775602642661e+03 1.004521348827424942e+00 8.448248899397582667e-03 3.220463199678349611e+03
3.229745171812411627e+03 1.006391629010682909e+00 8.462363119590986943e-03 3.230242030072995931e+03
3.229754568022180138e+03 1.008218070324929272e+00 8.476201978324757191e-03 3.239861594103169864e+03
3.229763964231949103e+03 1.008582152665519427e+00 8.450120032131877221e-03 3.244759843192182416e+03
3.229773360441718069e+03 1.008932544848087476e+00 8.423583343599593334e-03 3.249588630837703022e+03
3.229782756651487034e+03 1.010328082153604257e+00 8.439040818014952733e-03 3.257764158807518925e+03
3.229792152861255545e+03 1.011743834419834176e+00 8.455170981294293786e-03 3.265991400257206351e+03
3.229801549071024510e+03 1.009097470844410260e+00 8.393340082220630480e-03 3.261079905676745057e+03
3.229810945280793476e+03 1.006397163847070120e+00 8.330434502527317778e-03 3.255955661322365359e+03
3.229820341490561987e+03 1.002587498890386453e+00 8.313625431106920829e-03 3.247202138459595062e+03
3.229829737700330952e+03 9.987717740718277115e-01 8.297667551967218350e-03 3.238387156281481111e+03
3.229839133910099918e+03 9.975650937616503677e-01 8.287186157046077736e-03 3.238001374939851303e+03
3.229848530119868883e+03 9.964100558432210653e-01 8.276849353957090386e-03 3.237764597733256778e+03
3.229857926329637394e+03 1.000915309171601653e+00 8.300133880595358254e-03 3.255924220046279515e+03
3.229867322539406359e+03 1.005516727914157915e+00 8.324001162489658157e-03 3.274422723404012686e+03
3.229876718749175325e+03 1.000827438088847332e+00 8.308675020281463749e-03 3.262662368604980202e+03
3.229886114958944290e+03 9.959709957985481976e-01 8.292636206078054725e-03 3.250322070802501912e+03
3.229895511168712801e+03 9.959868417867501211e-01 8.252986071356256323e-03 3.253865999079171161e+03
3.229904907378481767e+03 9.960985062971510207e-01 8.212943581382808542e-03 3.257726216484326869e+03
3.229914303588250732e+03 1.002530911207638820e+00 8.265117165648837305e-03 3.282286307104096977e+03
3.229923699798019697e+03 1.009077787240270085e+00 8.319062183903115290e-03 3.307274043457103744e+03
3.229933096007788208e+03 1.003607069214561998e+00 8.266302400630797312e-03 3.292887060442579241e+03
3.229942492217557174e+03 9.979089957732026894e-01 8.211457632432835399e-03 3.277726221577670458e+03
3.229951888427326139e+03 9.970751069291436952e-01 8.181953329938691441e-03 3.278532832120839885e+03
3.229961284637095105e+03 9.962690903599537018e-01 8.152932953190639154e-03 3.279441141885101388e+03
3.229970680846863615e+03 1.004027810529199094e+00 8.251412412001349339e-03 3.308585223496666913e+03
3.229980077056632581e+03 1.011736252285550863e+00 8.349168376994543783e-03 3.337639705921016230e+03
3.229989473266401546e+03 1.009998554315717945e+00 8.287859207394545832e-03 3.335576390019756218e+03
3.229998869476170512e+03 1.008249006317776475e+00 8.226667936653908955e-03 3.333486166174150185e+03
3.230008265685939023e+03 1.002727922342740552e+00 8.186192582719594921e-03 3.318926800873016873e+03
3.230017661895707988e+03 9.972219137911919606e-01 8.145816028537028811e-03 3.304405691808754455e+03
3.230027058105476954e+03 9.997406502754582203e-01 8.161209209712022919e-03 3.316495621700803895e+03
3.230036454315245919e+03 1.002240345167369817e+00 8.176460460258673166e-03 3.328574694828168049e+03
3.230045850525014430e+03 1.000177720286081762e+00 8.156990393811520967e-03 3.325538980104587154e+03
3.230055246734783395e+03 9.981084822233815546e-01 8.137472491655198953e-03 3.322503265380859375e+03
3.241286499628355159e+03 9.985484600375905684e-01 5.574614898488871283e-03 3.373087481577348626e+03
3.241294854150659830e+03 1.000662854406274782e+00 5.589729419766717791e-03 3.377891722143930565e+03
3.241303208672964502e+03 1.003437091776010703e+00 5.607420820585116462e-03 3.385417251916278929e+03
3.241311563195269173e+03 1.000156167479767211e+00 5.587494303224543706e-03 3.372789218767115472e+03
3.241319917717573844e+03 9.943305727994750098e-01 5.551745741688755842e-03 3.351637822798707020e+03
3.241328272239878515e+03 9.940802384268960790e-01 5.561305515142948158e-03 3.349103014107565741e+03
3.241336626762183187e+03 9.964790899792459467e-01 5.592154679387094547e-03 3.355074226603389434e+03
3.241344981284487403e+03 9.978358672802343232e-01 5.604152992895061573e-03 3.356900697839604618e+03
3.241353335806792074e+03 9.987871611110091807e-01 5.607461193753338242e-03 3.356685663540823043e+03
3.241361690329096746e+03 9.975524329770729670e-01 5.607879138441233813e-03 3.348506131455071682e+03
3.241370044851401417e+03 9.952242362420671284e-01 5.607160201094039780e-03 3.336105502395925214e+03
3.241378399373706088e+03 9.952540268876070018e-01 5.607136338683731645e-03 3.331106974489433014e+03
3.241386753896010759e+03 9.966829713932229273e-01 5.607794101419211717e-03 3.330322841981901092e+03
3.241395108418315431e+03 9.987820500037860594e-01 5.620599433942882923e-03 3.331348625768303918e+03
3.241403462940620102e+03 1.001371506045773740e+00 5.641979635461080549e-03 3.333623905984190515e+03
3.241411817462924319e+03 9.999823590631194969e-01 5.641233206649133407e-03 3.322341606133172263e+03
3.241420171985228990e+03 9.956436531736916340e-01 5.624092544090088762e-03 3.301046521001430847e+03
3.241428526507533661e+03 9.982724919334594604e-01 5.641509610615411813e-03 3.302664570478504629e+03
3.241436881029838332e+03 1.006437528474787735e+00 5.686387580429681961e-03 3.322373474962586897e+03
3.241445235552143004e+03 1.006620804758536547e+00 5.687898734714923708e-03 3.315577655790274548e+03
3.241453590074447675e+03 1.000013949006907099e+00 5.652515356019035750e-03 3.286421741235381887e+03
3.241461944596752346e+03 9.986440369775959613e-01 5.647583218647987159e-03 3.274545728600657185e+03
3.241470299119056563e+03 1.002007994235877275e+00 5.670180983623184998e-03 3.278240359293118672e+03
3.241478653641361234e+03 1.002255055554446495e+00 5.677822896440828590e-03 3.271826832575566641e+03
3.241487008163665905e+03 9.994657283262303737e-01 5.670880525282979978e-03 3.255686855090623339e+03
3.241495362685970576e+03 9.972360307273894220e-01 5.664810312721723674e-03 3.241602032788170163e+03
3.241503717208275248e+03 9.956681440106871506e-01 5.659812303878410458e-03 3.229891214629210936e+03
3.241512071730579919e+03 9.968761128780028180e-01 5.667184944674348752e-03 3.227382595996561577e+03
3.241520426252884590e+03 1.001543546963075570e+00 5.689990562427357096e-03 3.236230194933104485e+03
3.241528780775189261e+03 1.003209091403314268e+00 5.696500708265451671e-03 3.235530858654502026e+03
3.241537135297493478e+03 1.000910058841684602e+00 5.681498028611864717e-03 3.222239035927058012e+03
3.241545489819798149e+03 9.993639134807527080e-01 5.678235580097543145e-03 3.211581519474059860e+03
3.241553844342102821e+03 9.989127239387677326e-01 5.691768103865570486e-03 3.204640094863669674e+03
3.241562198864407492e+03 9.974877332749327863e-01 5.690050385213066622e-03 3.194768699324900808e+03
3.241570553386712163e+03 9.946177724887202976e-01 5.665366329701701509e-03 3.180473519415024384e+03
3.241578907909016834e+03 9.918074495663008472e-01 5.645825464123692752e-03 3.166577150680994691e+03
3.241587262431321506e+03 9.891353646727203408e-01 5.634885527989687629e-03 3.153325873904856508e+03
3.241595616953625722e+03 9.867114210433066690e-01 5.626489249020461512e-03 3.141064259372602919e+03
3.241603971475930393e+03 9.847664746747757381e-01 5.622778116519221506e-03 3.130519602727559686e+03
3.241612325998235065e+03 9.817120546736664011e-01 5.611986299270241632e-03 3.116639740594597697e+03
3.241620680520539736e+03 9.766367128964038580e-01 5.588243419143915439e-03 3.096545505786795275e+03
3.241629035042844407e+03 9.739017666678468910e-01 5.578401850023778988e-03 3.084068207423556487e+03
3.241637389565149078e+03 9.759353865004164463e-01 5.596855467842363346e-03 3.086857402662629283e+03
3.241645744087453750e+03 9.747250641298478291e-01 5.611427161302193385e-03 3.079544023499457126e+03
3.241654098609758421e+03 9.665475813261514837e-01 5.617887454541193107e-03 3.050409993769736047e+03
3.241662453132062637e+03 9.602011928218279202e-01 5.601358533354017059e-03 3.027259375218260175e+03
3.241670807654367309e+03 9.582245664417992081e-01 5.531476296366344240e-03 3.018065311954035678e+03
3.241679162176671980e+03 9.559190561226224014e-01 5.479332847851689850e-03 3.007999227136484933e+03
3.241687516698976651e+03 9.528616471306083913e-01 5.472693802346389677e-03 2.995731178346013166e+03
3.241695871221281323e+03 9.501362351878224199e-01 5.465918595533430027e-03 2.984669043143654108e+03
3.241704225743585994e+03 9.484136351339677029e-01 5.459260570495896685e-03 2.976912719057853792e+03
3.241712580265890665e+03 9.463931482349188240e-01 5.452128399168047236e-03 2.968372519058000307e+03
3.241720934788195336e+03 9.435783429256666688e-01 5.444121931636504604e-03 2.957491825916909875e+03
3.241729289310499553e+03 9.407321645489762352e-01 5.435953858620477114e-03 2.946662558617128070e+03
3.241737643832804224e+03 9.378927217284601658e-01 5.427861880849165280e-03 2.936001167769481526e+03
3.241745998355108895e+03 9.349335305916711691e-01 5.417231012533480113e-03 2.925108875683112728e+03
3.241754352877413567e+03 9.316644912821330227e-01 5.398158158584721866e-03 2.913388810201761316e+03
3.241762707399718238e+03 9.280044320237881283e-01 5.380009811702056964e-03 2.900585601364017748e+03
3.241771061922022909e+03 9.229285004743597032e-01 5.366291422310554178e-03 2.883495747441408639e+03
3.241779416444327580e+03 9.175585641957837435e-01 5.349791279488032986e-03 2.865624757649454750e+03
3.241787770966631797e+03 9.110458186282421877e-01 5.321884798601747915e-03 2.844319774402924395e+03
3.241796125488936468e+03 9.045773276370685512e-01 5.292718003705531617e-03 2.823285068904652690e+03
3.241804480011241139e+03 8.984940248773535254e-01 5.258299644785767446e-03 2.803580084317174624e+03
3.241812834533545811e+03 8.914668889064607527e-01 5.221340887246434838e-03 2.781053775190932811e+03
3.241821189055850482e+03 8.793755819076851665e-01 5.171321221229480472e-03 2.742851975986426169e+03
3.241829543578155153e+03 8.674198450708953123e-01 5.121479131043305509e-03 2.705193076290880526e+03
3.241837898100459824e+03 8.563063192106589172e-01 5.073432604761734729e-03 2.670274415064608547e+03
3.241846252622764496e+03 8.456180085071133279e-01 5.027107419528466931e-03 2.636789300825276769e+03
3.241854607145068712e+03 8.375234820858005191e-01 4.991575894087127083e-03 2.611493923917073062e+03
3.241862961667373384e+03 8.278029599561246288e-01 4.948449642189957191e-03 2.581225365421785227e+03
3.241871316189678055e+03 8.076179766917421787e-01 4.856667997792876376e-03 2.518417226333771396e+03
3.241879670711982726e+03 7.874129892869576874e-01 4.764986198995888912e-03 2.455628121358045519e+03
3.241888025234287397e+03 7.672309669201258231e-01 4.675141294475667654e-03 2.392983815764141582e+03
3.241896379756592069e+03 7.462995836762927881e-01 4.581418980882893434e-03 2.328067003450709308e+03
3.241904734278896740e+03 7.187794112775364175e-01 4.453831975306104217e-03 2.242648934091529554e+03
3.241913088801200956e+03 6.908876507338255202e-01 4.323564615486669670e-03 2.156110238783404384e+03
3.241921443323505628e+03 6.590408954646898021e-01 4.164813444987467729e-03 2.057254235975306074e+03
3.241929797845810299e+03 6.262878802358063934e-01 4.002915045685346250e-03 1.955580068528480979e+03
3.241938152368114970e+03 5.809708977781733452e-01 3.797828595555742797e-03 1.814661459448861478e+03
3.241946506890419641e+03 5.360990865643429082e-01 3.593457101133754571e-03 1.675094518876757320e+03
3.241954861412724313e+03 4.962284681815132825e-01 3.397124778988104554e-03 1.551107971545623059e+03
3.241963215935028984e+03 4.579154663161937311e-01 3.207990737225240030e-03 1.431939209393377723e+03
3.241971570457333655e+03 4.423582535204952371e-01 3.124339007607027270e-03 1.383900444129392554e+03
3.241979924979637872e+03 4.283449942966994217e-01 3.048161116537154679e-03 1.340689179339181237e+03
3.241988279501942543e+03 4.455624810081434406e-01 3.123554923306238063e-03 1.395271371116870114e+03
3.241996634024247214e+03 4.634984810177084080e-01 3.202617960973909439e-03 1.452197656145078099e+03
3.242004988546551886e+03 5.050528386440534812e-01 3.402608261174342244e-03 1.583262704485404811e+03
3.242013343068856557e+03 5.467762804217789485e-01 3.603346512543001423e-03 1.715045711321591398e+03
3.242021697591161228e+03 5.934695091004194012e-01 3.827085257399679731e-03 1.862623805060400400e+03
3.242030052113465899e+03 6.397515620932925362e-01 4.048524708215003529e-03 2.009136069857896928e+03
3.242038406635770571e+03 6.737762878979809411e-01 4.200265276345475050e-03 2.117362637196576543e+03
3.242046761158074787e+03 7.076572131445892921e-01 4.351466725886026649e-03 2.225327695179586499e+03
3.242055115680379458e+03 7.337860340995162600e-01 4.480106177041608129e-03 2.309094421293910273e+03
3.242063470202684130e+03 7.598618027208144943e-01 4.608465206088047626e-03 2.392861147408234501e+03
3.242071824724988801e+03 7.778454482068286602e-01 4.677977321721177306e-03 2.451297200628928294e+03
3.242080179247293472e+03 7.957239245167725405e-01 4.747029941922146883e-03 2.509537521422872942e+03
3.242088533769598143e+03 8.113314999217381418e-01 4.826692904166416699e-03 2.560747800438143713e+03
3.242096888291902815e+03 8.268985894552887128e-01 4.906135726126263988e-03 2.611958079453414939e+03
3.242105242814207031e+03 8.379701846829236134e-01 4.961100959551585296e-03 2.649085676303903256e+03
3.242113597336511702e+03 8.489664886676300259e-01 5.015657626140757920e-03 2.686081564618679295e+03
3.242121951858816374e+03 8.590479325387484488e-01 5.054163959397159345e-03 2.720286831662119312e+03
3.242130306381121045e+03 8.690741356814801755e-01 5.092099791953051853e-03 2.754418607582069853e+03
3.242138660903425716e+03 8.730448904794679832e-01 5.110502161625750384e-03 2.769442751472162854e+03
3.242147015425730388e+03 8.769164279596182165e-01 5.128538502765424105e-03 2.784218565125851001e+03
3.242155369948035059e+03 8.819826648906027300e-01 5.143113235146119962e-03 2.802856054215694712e+03
3.242163724470339730e+03 8.870631451525631261e-01 5.157484609217346215e-03 2.821609790510167841e+03
3.242172078992643947e+03 8.940145779432421280e-01 5.197472322837903835e-03 2.846390359371698196e+03
3.242180433514948618e+03 9.010311902977089504e-01 5.238542244890228433e-03 2.871458991926908766e+03
3.242188788037253289e+03 9.052092148864895327e-01 5.249483377337466061e-03 2.887552645551004844e+03
3.242197142559557960e+03 9.092727340621551413e-01 5.259323369451728535e-03 2.903342062600830559e+03
3.242205497081862632e+03 9.176073422651322975e-01 5.294915736217213793e-03 2.932842079721006485e+03
3.242213851604167303e+03 9.261369480892682748e-01 5.331713853143245363e-03 2.963051265810717268e+03
3.242222206126471974e+03 9.326346465697866739e-01 5.362706622661029578e-03 2.986838761613556017e+03
3.242230560648776191e+03 9.389694643091380799e-01 5.393186038460865903e-03 3.010175612483001260e+03
3.242238915171080862e+03 9.431178596666511815e-01 5.406669437077311208e-03 3.026565270788456473e+03
3.242247269693385533e+03 9.471291636502050526e-01 5.419139188466119347e-03 3.042568102720540082e+03
3.242255624215690204e+03 9.494019821620960364e-01 5.425249707474123599e-03 3.053031600339049419e+03
3.242263978737994876e+03 9.515351862494936253e-01 5.430840361247052384e-03 3.063083677261812682e+03
3.242272333260299547e+03 9.529366616898963249e-01 5.431678167711439902e-03 3.070813190922790454e+03
3.242280687782604218e+03 9.542862622247114679e-01 5.432199798787859177e-03 3.078404122636893135e+03
3.242289042304908889e+03 9.597031570694471991e-01 5.456811562385589266e-03 3.099156179245414933e+03
3.242297396827213106e+03 9.654228977387028232e-01 5.483232696408585523e-03 3.120940084230098364e+03
3.242305751349517777e+03 9.643479238430786582e-01 5.483278530478388930e-03 3.120788511155564265e+03
3.242314105871822449e+03 9.628402859998385077e-01 5.481630188863231834e-03 3.119239985725233964e+03
3.242322460394127120e+03 9.658616236214663253e-01 5.499750441388909228e-03 3.132379187081671262e+03
3.242330814916431791e+03 9.692474005204073650e-01 5.519448631786189920e-03 3.146731032547766063e+03
3.242339169438736462e+03 9.730411609307809684e-01 5.542072950727027804e-03 3.162439079568011493e+03
3.242347523961041134e+03 9.768535380913626609e-01 5.564841942827795929e-03 3.178238984988834090e+03
3.242355878483345805e+03 9.773630904803132236e-01 5.562214471848901318e-03 3.183311060671630912e+03
3.242364233005650021e+03 9.775857681708828295e-01 5.557394469211657598e-03 3.187452449344198158e+03
3.242372587527954693e+03 9.813775254805863213e-01 5.573877049446454394e-03 3.203244224647685314e+03
3.242380942050259364e+03 9.854180213995639148e-01 5.591856235840671728e-03 3.219872620534691578e+03
3.242389296572564035e+03 9.834666788408892302e-01 5.576961556645936881e-03 3.216925357090719899e+03
3.242397651094868706e+03 9.809775370008372297e-01 5.559124708480361540e-03 3.212197104422521988e+03
3.242406005617173378e+03 9.832067160980011433e-01 5.566426513318823398e-03 3.222909769435302678e+03
3.242414360139478049e+03 9.857915194940424231e-01 5.575632937285864010e-03 3.234794712707400777e+03
3.242422714661782265e+03 9.882411622275680818e-01 5.584934616382692014e-03 3.246241497450064344e+03
3.242431069184086937e+03 9.906772288516951797e-01 5.594249731579443649e-03 3.257646552809663262e+03
3.242439423706391608e+03 9.886226210881645660e-01 5.576968852883380963e-03 3.254270380596575706e+03
3.242447778228696279e+03 9.862185060588579688e-01 5.557626341933879187e-03 3.249710799863417378e+03
3.242456132751000951e+03 9.896083130638948511e-01 5.587448381370312134e-03 3.264226621958912801e+03
3.242464487273305622e+03 9.935727173865864792e-01 5.622127420635971567e-03 3.280641014711906337e+03
3.242472841795610293e+03 9.970671552106039615e-01 5.636770174539315441e-03 3.295505115518718867e+03
3.242481196317914964e+03 1.000522806219042993e+00 5.649743522705416750e-03 3.310238627591247678e+03
3.242489550840219181e+03 9.993968534197095188e-01 5.635451187024730427e-03 3.309794122583751687e+03
3.242497905362523852e+03 9.978064727577359294e-01 5.618405880852395291e-03 3.307773301090414407e+03
3.242506259884828523e+03 9.976749517970346925e-01 5.629925347861063772e-03 3.310551852758477708e+03
3.242514614407133195e+03 9.976814475029444074e-01 5.643995081993951300e-03 3.313754864116673616e+03
3.242522968929437866e+03 9.930724551799364752e-01 5.617267283855541075e-03 3.301578204298074070e+03
3.242531323451742537e+03 9.881437259019335562e-01 5.587656114007505566e-03 3.288271897629595969e+03
3.242539677974047208e+03 9.903726907925060052e-01 5.593036378871472404e-03 3.298737485604172889e+03
3.242548032496351425e+03 9.932705405725585912e-01 5.601704135468925025e-03 3.311406232037468726e+03
3.242556387018656096e+03 9.956591220394377384e-01 5.622884354386952811e-03 3.322350671503225840e+03
3.242564741540960767e+03 9.980167087661790948e-01 5.645067452642568533e-03 3.333161351365448354e+03
3.242573096063265439e+03 9.986223421467607109e-01 5.638773686107757116e-03 3.338083145502801926e+03
3.242581450585570110e+03 9.990707407591256084e-01 5.629810062958609529e-03 3.342434007795094203e+03
3.242589805107874781e+03 9.960954126475357606e-01 5.619948011230030405e-03 3.335273271152937923e+03
3.242598159630179453e+03 9.928598068287308731e-01 5.610108445228387947e-03 3.327171725345526283e+03
3.242606514152484124e+03 9.953138742207396916e-01 5.627910002942868896e-03 3.338080769716787927e+03
3.242614868674788340e+03 9.981596975004716210e-01 5.647618436277533280e-03 3.350262005673136173e+03
3.242623223197093012e+03 9.949991151541459633e-01 5.637679057273677595e-03 3.342224579601882851e+03
3.242631577719397683e+03 9.913443216444014494e-01 5.625304263360010257e-03 3.332450101296874891e+03
3.242639932241702354e+03 9.919133658825297628e-01 5.614813179884750940e-03 3.336805159865802580e+03
3.242648286764007025e+03 9.927983308314918265e-01 5.604568505472997536e-03 3.342163307693651859e+03
3.242656641286311697e+03 9.983366313854277196e-01 5.624807049558619258e-03 3.363136375074861917e+03
3.242664995808616368e+03 1.004148978837275719e+00 5.646844095790991280e-03 3.384991309147075299e+03
3.242673350330921039e+03 1.002402350160960465e+00 5.638486688006415573e-03 3.381304507579627170e+03
3.242681704853225256e+03 1.000110879150605703e+00 5.627971555165750019e-03 3.375699629314482081e+03
3.242690059375529927e+03 9.996969558121471255e-01 5.621087916162035431e-03 3.376353113357769871e+03
3.242698413897834598e+03 9.994177425623326227e-01 5.614548790239319749e-03 3.377385032007994141e+03
3.242706768420139269e+03 1.000781901397715057e+00 5.625772064781259588e-03 3.383895506707074219e+03
3.382895371696073653e+03 9.971863627332183677e-01 3.916502396454217202e-03 2.612476564072609108e+03
3.382903995793335071e+03 9.970209817516431094e-01 3.910768686642199926e-03 2.615504661113792281e+03
3.382912619890596034e+03 9.992826569026791450e-01 3.918126747863528124e-03 2.624840804979929089e+03
3.382921243987857451e+03 1.001762364570514263e+00 3.926638631594881954e-03 2.634700128085377855e+03
3.382929868085118869e+03 1.002012046407209755e+00 3.923659525180697889e-03 2.638638419115978650e+03
3.382938492182380287e+03 1.002072690258862142e+00 3.919688490630712438e-03 2.642015546304190593e+03
3.382947116279641705e+03 1.000606441322331230e+00 3.906874439197852850e-03 2.641298804596749505e+03
3.382955740376903123e+03 9.989464555660265699e-01 3.892908574459266226e-03 2.639997955637874838e+03
3.382964364474164540e+03 9.977551807495077529e-01 3.886532174167874401e-03 2.639864884229610198e+03
3.382972988571425958e+03 9.966585213322595171e-01 3.881422900960973619e-03 2.639913828101903164e+03
3.382981612668687376e+03 9.979743996280397988e-01 3.894010691828005740e-03 2.646292837506001888e+03
3.382990236765948339e+03 9.998094338257805802e-01 3.910340399320082205e-03 2.653997328709746853e+03
3.382998860863209757e+03 1.000133672873805724e+00 3.913531258608727789e-03 2.657637898148692329e+03
3.383007484960471174e+03 1.000136922804786721e+00 3.913847972343786896e-03 2.660367436071668635e+03
3.383016109057732592e+03 9.990075605059551833e-01 3.908672066222896278e-03 2.660022900050482349e+03
3.383024733154994010e+03 9.975740374902012375e-01 3.902006283557247091e-03 2.658804145565341969e+03
3.383033357252255428e+03 9.994796648287335161e-01 3.907608757106634245e-03 2.666429389286332480e+03
3.383041981349516846e+03 1.002399912496227952e+00 3.916944284679334254e-03 2.676717274459741020e+03
3.383050605446778263e+03 1.002161118509480531e+00 3.919692889527026484e-03 2.678520422165155196e+03
3.383059229544039681e+03 1.000772088722712727e+00 3.920063098314281735e-03 2.677190254835875294e+03
3.383067853641300644e+03 9.992758688622856988e-01 3.913895898450843805e-03 2.675512148774738307e+03
3.383076477738562062e+03 9.977518299695526949e-01 3.905250990607803119e-03 2.673698949737101429e+03
3.383085101835823480e+03 9.973853574205178152e-01 3.906062816402415799e-03 2.674930505770548734e+03
3.383093725933084897e+03 9.975678037875517212e-01 3.911312109368109309e-03 2.677581563616929998e+03
3.383102350030346315e+03 9.969150448667311037e-01 3.912405415979369749e-03 2.677938251661227241e+03
3.383110974127607733e+03 9.958657519053738527e-01 3.911512162444424033e-03 2.677175302183006806e+03
3.383119598224869151e+03 9.955335237491153011e-01 3.906134216167981860e-03 2.678286994019897975e+03
3.383128222322130569e+03 9.956225799539798471e-01 3.898203467022109178e-03 2.680482045684635523e+03
3.383136846419391986e+03 9.948165644052097134e-01 3.892106546642520089e-03 2.680217079264957192e+03
3.383145470516652949e+03 9.934791981009183370e-01 3.887143723230807296e-03 2.678468335219787605e+03
3.383154094613914367e+03 9.909492738135531331e-01 3.885058182245746967e-03 2.673449836352558123e+03
3.383162718711175785e+03 9.875824770775123440e-01 3.885025532844548716e-03 2.666116311354575828e+03
3.383171342808437203e+03 9.841114151761548579e-01 3.877611864650139240e-03 2.658443475274021694e+03
3.383179966905698620e+03 9.805688033098878265e-01 3.864782777300111629e-03 2.650520348889219349e+03
3.383188591002960038e+03 9.806462221057149486e-01 3.865506976961235325e-03 2.652332238939252875e+03
3.383197215100221456e+03 9.835034729789768893e-01 3.876639384316417098e-03 2.661623729282103341e+03
3.383205839197482874e+03 9.825879391836424004e-01 3.871739982013988265e-03 2.660665082854633965e+03
3.383214463294744291e+03 9.782963935418593771e-01 3.852494429374192161e-03 2.650514549834957506e+03
3.383223087392005255e+03 9.748973354093720678e-01 3.842550181273040547e-03 2.642729054040070423e+03
3.383231711489266672e+03 9.723308245172944675e-01 3.841276801843989883e-03 2.637151009699539372e+03
3.383240335586528090e+03 9.699509572837531346e-01 3.836214290390200718e-03 2.632032215059092323e+03
3.383248959683789508e+03 9.677719839323647433e-01 3.827028924760412457e-03 2.627413061011888203e+03
3.383257583781050926e+03 9.657852027867627198e-01 3.818171105445591473e-03 2.623271618872904128e+03
3.383266207878312343e+03 9.640132925732424196e-01 3.809673784662554515e-03 2.619671137754547090e+03
3.383274831975573761e+03 9.630108123568488221e-01 3.803981727562495176e-03 2.618120941096584829e+03
3.383283456072835179e+03 9.629112225957033866e-01 3.801580281208741339e-03 2.618987587503376744e+03
3.383292080170096597e+03 9.614211219633068684e-01 3.795753382374322110e-03 2.616034559405771233e+03
3.383300704267357560e+03 9.580128049590306283e-01 3.785192554084527983e-03 2.607821407381069548e+03
3.383309328364618978e+03 9.549837027933947287e-01 3.777790263684526525e-03 2.600599094905808670e+03
3.383317952461880395e+03 9.524911967673564961e-01 3.774889323607109014e-03 2.594798536550158587e+03
3.383326576559141813e+03 9.508015810914423049e-01 3.771250762783171125e-03 2.591148001894131994e+03
3.383335200656403231e+03 9.503045049503479058e-01 3.766484122423366214e-03 2.590712963433632922e+03
3.383343824753664649e+03 9.486728439940905755e-01 3.756473578786112544e-03 2.587151197068018064e+03
3.383352448850926066e+03 9.452664026185410018e-01 3.738263599458796320e-03 2.578713836436349538e+03
3.383361072948187484e+03 9.422865148204053742e-01 3.726552205647578123e-03 2.571404249837009957e+03
3.383369697045448902e+03 9.400784112348530286e-01 3.726725619639993572e-03 2.566166844084521017e+03
3.383378321142709865e+03 9.375544163871719627e-01 3.721890546838795000e-03 2.560034439731748080e+03
3.383386945239971283e+03 9.344129931059136362e-01 3.707404861768823050e-03 2.552183523688760943e+03
3.383395569337232700e+03 9.310320731103514103e-01 3.695132199724906596e-03 2.543646087251652716e+03
3.383404193434494118e+03 9.271583415281715590e-01 3.687250939570040683e-03 2.533730244379182750e+03
3.383412817531755536e+03 9.226881227724729184e-01 3.675903312018164674e-03 2.522152476397675400e+03
3.383421441629016954e+03 9.167709304179585406e-01 3.656182687043277747e-03 2.506587169835207078e+03
3.383430065726278372e+03 9.123001980051987925e-01 3.641265153023015132e-03 2.494945444989901716e+03
3.383438689823539789e+03 9.114530444805829523e-01 3.638370744402663788e-03 2.493186312399584949e+03
3.383447313920801207e+03 9.099004795276744995e-01 3.634432300563381849e-03 2.489473043848059206e+03
3.383455938018062170e+03 9.064666747656305867e-01 3.627672813812162812e-03 2.480587406446907607e+03
3.383464562115323588e+03 9.029472572306488365e-01 3.618713524295267756e-03 2.471441858999075521e+03
3.383473186212585006e+03 8.991725290644431157e-01 3.603567684846911614e-03 2.461572545480511053e+03
3.383481810309846423e+03 8.951876968126502021e-01 3.588470074855400378e-03 2.451103706252249594e+03
3.383490434407107841e+03 8.905693221881681998e-01 3.573444059790490106e-03 2.438876279775574858e+03
3.383499058504369259e+03 8.855151422186047228e-01 3.556733252898910003e-03 2.425431866001702019e+03
3.383507682601630677e+03 8.788563229520832687e-01 3.533818866785605733e-03 2.407568840337582060e+03
3.383516306698892095e+03 8.728557885347844048e-01 3.514123634190902991e-03 2.391486186827619349e+03
3.383524930796153512e+03 8.693680053558547893e-01 3.506741075154127564e-03 2.382267305379991740e+03
3.383533554893414475e+03 8.651047277078356412e-01 3.495076088712116818e-03 2.370904135445944576e+03
3.383542178990675893e+03 8.576387742646914836e-01 3.465763558889069316e-03 2.350743846170132656e+03
3.383550803087937311e+03 8.495464304382582821e-01 3.434844436963663001e-03 2.328846355647252949e+03
3.383559427185198729e+03 8.386880830305549761e-01 3.396794661060700393e-03 2.299346054960533365e+03
3.383568051282460146e+03 8.285946313180883038e-01 3.361712600805714414e-03 2.271922777585652057e+03
3.383576675379721564e+03 8.220538887456142474e-01 3.340415001440894937e-03 2.254222938791090201e+03
3.383585299476982982e+03 8.144796876282366371e-01 3.316093429771084164e-03 2.233673065011356357e+03
3.383593923574244400e+03 8.016915258750580975e-01 3.276493085051319833e-03 2.198807282387896976e+03
3.383602547671505818e+03 7.894596260305017932e-01 3.238477484107843245e-03 2.165450093213734817e+03
3.383611171768766781e+03 7.802078489695688512e-01 3.208927628400167712e-03 2.140252001478597776e+03
3.383619795866028198e+03 7.702913872849945776e-01 3.176968922996402465e-03 2.113216764418011735e+03
3.383628419963289616e+03 7.564648582970951995e-01 3.130834825246773135e-03 2.075440763866503403e+03
3.383637044060551034e+03 7.421274665111043944e-01 3.083690644428573047e-03 2.036249287983511294e+03
3.383645668157812452e+03 7.235240308760026995e-01 3.028043822611034639e-03 1.985338825980093588e+03
3.383654292255073869e+03 7.046212862107674724e-01 2.970907947247112407e-03 1.933593400064552952e+03
3.383662916352335287e+03 6.829159846040757653e-01 2.899886128493854402e-03 1.874144118306321843e+03
3.383671540449596705e+03 6.605742424017955194e-01 2.827641610654434232e-03 1.812935468136937516e+03
3.383680164546858123e+03 6.315770071217493564e-01 2.742532943174915555e-03 1.733448021552586624e+03
3.383688788644119086e+03 6.018050662986496047e-01 2.654385222370462746e-03 1.651821283573637174e+03
3.383697412741380504e+03 5.628015870666844833e-01 2.530049730276064807e-03 1.544842626602568089e+03
3.383706036838641921e+03 5.232038751302593438e-01 2.403865091781319345e-03 1.436219130885208415e+03
3.383714660935903339e+03 4.753770108640761882e-01 2.252048625713752063e-03 1.304992367217793344e+03
3.383723285033164757e+03 4.279690114170983106e-01 2.101293950436271089e-03 1.174901560453539105e+03
3.383731909130426175e+03 3.873043427668259597e-01 1.967565318741256158e-03 1.063311006905817067e+03
3.383740533227687592e+03 3.478659022851778304e-01 1.837797911607757769e-03 9.550764117201706540e+02
3.383749157324949010e+03 3.327440356475455108e-01 1.786564457922460835e-03 9.135966226083871788e+02
3.383757781422210428e+03 3.191901577623560415e-01 1.740619471221119523e-03 8.764181903568306780e+02
3.383766405519471391e+03 3.454216724883023559e-01 1.828851115710546441e-03 9.484817996676424627e+02
3.383775029616732809e+03 3.723658473388374301e-01 1.919309237442841983e-03 1.022508045914227978e+03
3.383783653713994227e+03 4.242102989627564713e-01 2.087574096197445002e-03 1.164918720264365675e+03
3.383792277811255644e+03 4.759959745001718923e-01 2.255571318671260438e-03 1.307179939709487599e+03
3.383800901908517062e+03 5.247939782883437321e-01 2.409671509329280956e-03 1.441248520418401540e+03
3.383809526005778480e+03 5.734850428648398113e-01 2.563424576697562879e-03 1.575035788335830603e+03
3.383818150103039898e+03 6.093612514959382276e-01 2.675609476879619794e-03 1.673639556391384986e+03
3.383826774200301315e+03 6.452335102764640284e-01 2.787781011890876764e-03 1.772243324446939141e+03
3.383835398297562733e+03 6.713743054098854079e-01 2.868858026267230750e-03 1.844128430476124549e+03
3.383844022394823696e+03 6.974914439881478856e-01 2.949858384066946296e-03 1.915958612569856996e+03
3.383852646492085114e+03 7.168152327072824237e-01 3.012838059819535064e-03 1.969137938124153379e+03
3.383861270589346532e+03 7.360491456226779805e-01 3.075544037801544815e-03 2.022080256810367018e+03
3.383869894686607950e+03 7.547151772352737042e-01 3.131748296649626909e-03 2.073473135821590859e+03
3.383878518783869367e+03 7.733770364882547321e-01 3.187937625029356892e-03 2.124866014832814471e+03
3.383887142881130785e+03 7.822529485186843212e-01 3.214094432497142505e-03 2.149382627252058683e+03
3.383895766978392203e+03 7.910889790012501921e-01 3.240126357952978747e-03 2.173799629622651082e+03
3.383904391075653621e+03 8.025170802894975308e-01 3.275178633914364260e-03 2.205350478677143656e+03
3.383913015172915038e+03 8.139766174950092692e-01 3.310339180551864942e-03 2.237000244075135470e+03
3.383921639270176001e+03 8.214160339720752990e-01 3.333740464460327804e-03 2.257614370209738809e+03
3.383930263367437419e+03 8.287535692560118461e-01 3.356839675197431302e-03 2.277961068751553285e+03
3.383938887464698837e+03 8.334673721257805923e-01 3.369891613694108844e-03 2.291108790223644064e+03
3.383947511561960255e+03 8.380853070552434225e-01 3.382576461978865304e-03 2.304005882151249807e+03
3.383956135659221673e+03 8.444014321142414570e-01 3.405659059505796674e-03 2.321585566280352850e+03
3.383964759756483090e+03 8.507896871740164846e-01 3.429194841265935378e-03 2.339378856431644181e+03
3.383973383853744508e+03 8.606470265260588448e-01 3.455058238601387346e-03 2.366728069121842054e+03
3.383982007951005926e+03 8.706942532978074745e-01 3.481029850481359884e-03 2.394618599967526734e+03
3.383990632048267344e+03 8.778862746194056044e-01 3.506179070353072219e-03 2.414675966202979453e+03
3.383999256145528307e+03 8.848778571662454517e-01 3.531246888449611661e-03 2.434201359085069726e+03
3.384007880242789724e+03 8.913143904591073197e-01 3.557850652414030340e-03 2.452219899532317868e+03
3.384016504340051142e+03 8.977174098984762596e-01 3.584498220450478383e-03 2.470166993459527021e+03
3.384025128437312560e+03 9.046010927385943479e-01 3.603178146208546422e-03 2.489458561104521777e+03
3.384033752534573978e+03 9.115049714962637495e-01 3.621363203903276914e-03 2.508828757496256912e+03
3.384042376631835396e+03 9.144715856102220153e-01 3.637978928926706434e-03 2.517384400431324138e+03
3.384051000729096813e+03 9.171562481876429640e-01 3.654454689496233234e-03 2.525185318859941617e+03
3.384059624826358231e+03 9.230867730954650519e-01 3.673980671257583239e-03 2.541946610858000895e+03
3.384068248923619649e+03 9.292724496282667168e-01 3.693721221844629542e-03 2.559436711709125120e+03
3.384076873020880612e+03 9.308474766916851051e-01 3.702981881037114079e-03 2.564252953141037779e+03
3.384085497118142030e+03 9.319855846203699556e-01 3.711235205680890516e-03 2.567888776809907540e+03
3.384094121215403447e+03 9.385863034780270731e-01 3.727060836513731469e-03 2.586602388654669539e+03
3.384102745312664865e+03 9.455678986602443770e-01 3.743391626716516783e-03 2.606396615832877615e+03
3.384111369409926283e+03 9.454121731965133835e-01 3.752517906299750444e-03 2.606545254877274147e+03
3.384119993507187701e+03 9.446544643050662771e-01 3.761008403472226695e-03 2.605058216805877237e+03
3.384128617604449119e+03 9.464863217686541041e-01 3.763496127660137091e-03 2.610738316921271235e+03
3.384137241701710536e+03 9.485549495369464124e-01 3.765378446001027991e-03 2.617100030448060807e+03
3.384145865798971954e+03 9.543642829991342280e-01 3.782478158370327411e-03 2.633814658963508464e+03
3.384154489896232917e+03 9.604364905743787428e-01 3.800651451169386949e-03 2.651290821820944529e+03
3.384163113993494335e+03 9.611379321622529615e-01 3.806256836520295356e-03 2.653974191036826596e+03
3.384171738090755753e+03 9.613723025738192263e-01 3.810751668598996722e-03 2.655397384598873941e+03
3.384180362188017170e+03 9.647606834727179281e-01 3.821870312908961110e-03 2.665564715212173724e+03
3.384188986285278588e+03 9.684431746079069647e-01 3.833585982587043445e-03 2.676580876534242179e+03
3.384197610382540006e+03 9.719459446742751974e-01 3.846003453769349534e-03 2.687137621004437278e+03
3.384206234479801424e+03 9.754167882216914220e-01 3.858449626844479008e-03 2.697644186449543668e+03
3.384214858577062842e+03 9.760628906753575640e-01 3.861729014731171521e-03 2.700374869146267429e+03
3.384223482674324259e+03 9.764517834017528708e-01 3.864165157596047891e-03 2.702428081237557763e+03
3.384232106771585222e+03 9.770809957809900581e-01 3.868694754962924420e-03 2.705181210972141798e+03
3.384240730868846640e+03 9.777223286024312454e-01 3.873383922555581182e-03 2.708003669690353945e+03
3.384249354966108058e+03 9.810116095305022599e-01 3.880518767583828865e-03 2.718199593953695057e+03
3.384257979063369476e+03 9.845811997607520905e-01 3.887874592577079350e-03 2.729215788244684518e+03
3.384266603160630893e+03 9.853070815209695743e-01 3.889152329569720359e-03 2.732390929222680825e+03
3.384275227257892311e+03 9.857671553845288592e-01 3.889839936278352561e-03 2.734867686244487686e+03
3.384283851355153729e+03 9.873711353617157238e-01 3.893874851106028830e-03 2.740558608052595901e+03
3.384292475452415147e+03 9.890766534255285292e-01 3.898194663624585631e-03 2.746574285857015184e+03
3.384301099549676564e+03 9.937854782132973241e-01 3.909763909069025913e-03 2.760977786921979714e+03
3.384309723646937528e+03 9.987144064802511156e-01 3.921843956387133061e-03 2.776046123571635235e+03
3.384318347744198945e+03 9.958316886863963768e-01 3.913447561822141346e-03 2.769444871618223260e+03
3.384326971841460363e+03 9.922281518195639194e-01 3.903144663004646728e-03 2.760871305570984987e+03
3.384335595938721781e+03 9.930622560500879104e-01 3.904136772260565717e-03 2.764683612576458927e+03
3.384344220035983199e+03 9.943381962559288967e-01 3.906235430782460140e-03 2.769772062484087655e+03
3.384352844133244616e+03 9.977311784563291930e-01 3.921453152826867572e-03 2.780808544984703076e+03
3.384361468230506034e+03 1.001277471003239494e+00 3.937660282243894000e-03 2.792327870882241314e+03
3.384370092327767452e+03 9.991807974592927799e-01 3.926966470431576990e-03 2.788157743592129464e+03
3.384378716425028870e+03 9.965478624480575975e-01 3.913729444020966168e-03 2.782528895841569465e+03
3.384387340522289833e+03 9.994256678476026723e-01 3.923812624495655321e-03 2.792333797720413259e+03
3.384395964619551251e+03 1.002677720081564416e+00 3.935486821479454965e-03 2.803242402680000396e+03
3.384404588716812668e+03 1.002119765387300854e+00 3.937976759204291598e-03 2.803551915297127380e+03
3.384413212814074086e+03 1.001230618502506831e+00 3.939639403772008872e-03 2.802980656057192846e+03
3.384421836911335504e+03 1.001000538077148505e+00 3.941512086268076330e-03 2.804301461158405800e+03
3.384430461008596922e+03 1.000794881473944464e+00 3.943329624739482994e-03 2.805739609974129053e+03
3.384439085105858339e+03 9.986087334762557832e-01 3.935760660463963855e-03 2.801670940062796490e+03
3.384447709203119757e+03 9.962637178882789435e-01 3.927448330207235737e-03 2.797198070303395525e+03
3.384456333300381175e+03 9.973544336735242766e-01 3.929217680971934697e-03 2.802420587817322030e+03
3.384464957397642138e+03 9.986065451503124413e-01 3.931445041980637274e-03 2.808153976586614135e+03
3.384473581494903556e+03 9.967405733271276214e-01 3.938652458811657021e-03 2.805170585098575884e+03
3.384482205592164973e+03 9.946609782378172948e-01 3.946095822605890681e-03 2.801630425600134458e+03
3.384490829689426391e+03 9.967512488468431853e-01 3.936469269067197942e-03 2.809889592674066080e+03
3.384499453786687809e+03 9.990005528259958689e-01 3.926043866506112243e-03 2.818662359663675034e+03
3.384508077883949227e+03 1.000491826274763962e+00 3.942386742306179179e-03 2.825361155933291229e+03
3.384516701981210645e+03 1.001920505642101000e+00 3.960083093522680578e-03 2.831946891785726621e+03
3.384525326078472062e+03 1.000726415207178865e+00 3.956149978981567637e-03 2.831176942493984825e+03
3.384533950175733480e+03 9.994245022977167325e-01 3.951401522113846300e-03 2.830153061796598649e+03
3.384542574272994443e+03 1.000137493151868284e+00 3.971796468560839094e-03 2.834891693083424798e+03
3.384551198370255861e+03 1.000920360120673092e+00 3.993210969199943901e-03 2.839891470374567234e+03
3.384559822467517279e+03 9.986181098685594781e-01 3.989901770344138864e-03 2.836193221341117351e+03
