9.999998884652907538e-01
9.999998868066303226e-01
9.999998846146005427e-01
9.999998820225315388e-01
9.999998791676959486e-01
9.999998761380028967e-01
9.999998729707793022e-01
9.999998696743950255e-01
9.999998662458647880e-01
9.999998626787540701e-01
9.999998589655301195e-01
9.999998550980320200e-01
9.999998510675021102e-01
9.999998468645453498e-01
9.999998424790721430e-01
9.999998379002358329e-01
9.999998331163624243e-01
9.999998281148727575e-01
9.999998228821963542e-01
9.999998174036743848e-01
9.999998116634525314e-01
9.999998056443605288e-01
9.999997993277764952e-01
9.999997926934758308e-01
9.999997857194604656e-01
9.999997783817654584e-01
9.999997706542420595e-01
9.999997625083099084e-01
9.999997539126768142e-01
9.999997448330186778e-01
9.999997352316145616e-01
9.999997250669270255e-01
9.999997142931223992e-01
9.999997028595146720e-01
9.999996907099251153e-01
9.999996777819374350e-01
9.999996640060297981e-01
9.999996493045616441e-01
9.999996335905831923e-01
9.999996167664308988e-01
9.999995987220657856e-01
9.999995793330943572e-01
9.999995584584027153e-01
9.999995359373101689e-01
9.999995115861266548e-01
9.999994851939627560e-01
9.999994565175950312e-01
9.999994252751307489e-01
9.999993911381265255e-01
9.999993537217052308e-01
9.999993125720451070e-01
9.999992671503824537e-01
9.999992168123301717e-01
9.999991607808049743e-01
9.999990981100943532e-01
9.999990276373786902e-01
9.999989479159442363e-01
9.999988571198696885e-01
9.999987528962804850e-01
9.999986320843832210e-01
9.999984899615906864e-01
9.999983175471571784e-01
9.999980910167272086e-01
9.999977315617720741e-01
9.999969659516916298e-01
9.999948925621217066e-01
9.999887873132973226e-01
9.999712373982434510e-01
9.999242503931271564e-01
9.998092272043757056e-01
9.995538493167219762e-01
9.990420249099949412e-01
9.981197800774590512e-01
9.966327207699450241e-01
9.945009076466302389e-01
9.918111728504084290e-01
9.888766769051859917e-01
9.862053453704305861e-01
9.843545342184676361e-01
9.837188611560887530e-01
9.843550682465287416e-01
9.859425392344240979e-01
9.879048469987080638e-01
9.896262147571202039e-01
9.906521862960083746e-01
9.907914994204891634e-01
9.901051031571398431e-01
9.888248161776912459e-01
9.872579297940955456e-01
9.857133066974868019e-01
9.844564399070538929e-01
9.836852266623501428e-01
9.835172221598129649e-01
9.839848229713241690e-01
9.850393089393956192e-01
9.865650687171052535e-01
9.884028249721710235e-01
9.903777124171151414e-01
9.923264765254453668e-01
9.941184853118734122e-01
9.956672996265434339e-01
9.969322901609538601e-01
9.979122119537868763e-01
9.986340536931616052e-01
9.991406720243668493e-01
9.994799553611593002e-01
9.996970352476328703e-01
9.998298703038619450e-01
9.999076878611259378e-01
9.999513781214436348e-01
9.999749196385945282e-01
9.999871189204425637e-01
9.999932205368053939e-01
9.999961858625183719e-01
9.999976042276483845e-01
9.999982881217071018e-01
9.999986340849640332e-01
9.999988274163338353e-01
9.999989513920870543e-01
9.999990422982518723e-01
9.999991157048062629e-01
9.999991783880544105e-01
9.999992334904157509e-01
9.999992826608508079e-01
9.999993269133249374e-01
9.999993669652774697e-01
9.999994033730803533e-01
9.999994365901447857e-01
9.999994669954667126e-01
9.999994949102692932e-01
9.999995206092383571e-01
9.999995443288407504e-01
9.999995662737882762e-01
9.999995866221906837e-01
9.999996055297202258e-01
9.999996231330129381e-01
9.999996395524658466e-01
9.999996548945562225e-01
9.999996692537729270e-01
9.999996827142365596e-01
9.999996953510630338e-01
9.999997072315205404e-01
9.999997184160114294e-01
9.999997289589119820e-01
9.999997389092925015e-01
9.999997483115375951e-01
9.999997572058815232e-01
9.999997656288732717e-01
9.999997736137803406e-01
9.999997811909406842e-01
9.999997883880726857e-01
9.999997952305443860e-01
9.999998017416127372e-01
9.999998079426335451e-01
9.999998138532470993e-01
9.999998194915432626e-01
9.999998248742074658e-01
9.999998300166512699e-01
9.999998349331287173e-01
9.999998396368402487e-01
9.999998441400254068e-01
9.999998484540468802e-01
9.999998525894657764e-01
9.999998565561080133e-01
9.999998603631270466e-01
9.999998640190580490e-01
9.999998675318675367e-01
9.999998709089994442e-01
9.999998741574154248e-01
9.999998772836323768e-01
9.999998802937566378e-01
9.999998831935144050e-01
9.999998859882803792e-01
9.999998886831034106e-01
9.999998912827302577e-01
9.999998937916270147e-01
9.999998962139988734e-01
9.999998985538086638e-01
9.999999008147928414e-01
9.999999030004778078e-01
9.999999051141936768e-01
9.999999071590868205e-01
9.999999091381328586e-01
9.999999110541469838e-01
9.999999129097942863e-01
9.999999147075939732e-01
9.999999164498849513e-01
9.999999181385579305e-01
9.999999197737701184e-01
9.999999213496557626e-01
9.999999228447746802e-01
9.999999242103305708e-01
9.999999253706537417e-01
9.999999262518158849e-01
9.999997259290682727e-01
9.999997222512576611e-01
9.999997174459784866e-01
9.999997117642576150e-01
9.999997054839608879e-01
9.999996988037518353e-01
9.999996918234652643e-01
9.999996845760682485e-01
9.999996770632024745e-01
9.999996692753443384e-01
9.999996611994800277e-01
9.999996528211956281e-01
9.999996441250598167e-01
9.999996350946236401e-01
9.999996257123475729e-01
9.999996159595145873e-01
9.999996058161326751e-01
9.999995952608279337e-01
9.999995842707278815e-01
9.999995728213311175e-01
9.999995608863653240e-01
9.999995484376293930e-01
9.999995354448184548e-01
9.999995218753310322e-01
9.999995076940537686e-01
9.999994928631233959e-01
9.999994773416593929e-01
9.999994610854678889e-01
9.999994440467090406e-01
9.999994261735251078e-01
9.999994074096222318e-01
9.999993876937999238e-01
9.999993669594211543e-01
9.999993451338125006e-01
9.999993221375849117e-01
9.999992978838616597e-01
9.999992722773995979e-01
9.999992452135859633e-01
9.999992165772879638e-01
9.999991862415322785e-01
9.999991540659833866e-01
9.999991198951844185e-01
9.999990835565146785e-01
9.999990448578136570e-01
9.999990035846020309e-01
9.999989594968206053e-01
9.999989123249860556e-01
9.999988617656403456e-01
9.999988074759342815e-01
9.999987490671515822e-01
9.999986860969203306e-01
9.999986180597931762e-01
9.999985443757795078e-01
9.999984643762953596e-01
9.999983772868159537e-01
9.999982822052941867e-01
9.999981780750755167e-01
9.999980636505847453e-01
9.999979374534038179e-01
9.999977977153956532e-01
9.999976423040857210e-01
9.999974686232298016e-01
9.999972734774543737e-01
9.999970528807109460e-01
9.999968017595264325e-01
9.999965133896511205e-01
9.999961779430331932e-01
9.999957777095851430e-01
9.999952700287998431e-01
9.999945277965783808e-01
9.999931465056932645e-01
9.999898737682069161e-01
9.999810899150557431e-01
9.999572002038602525e-01
9.998950973957838606e-01
9.997445910355503562e-01
9.994081630812552408e-01
9.987182599717133735e-01
9.974250067507768325e-01
9.952162693369164259e-01
9.917925974487609153e-01
9.870013515463520459e-01
9.809955569923491936e-01
9.743410550250053426e-01
9.679837923514842402e-01
9.630343676277584031e-01
9.604200961792762614e-01
9.605439362285255189e-01
9.631111089639186051e-01
9.672126556597705482e-01
9.716287232028766319e-01
9.752108621967459090e-01
9.771829463453324260e-01
9.772659292484563442e-01
9.756299058105127875e-01
9.727457967781761861e-01
9.692203660435065871e-01
9.656669817977778791e-01
9.626245298748210555e-01
9.605128478649280765e-01
9.596092379757692470e-01
9.600378449440173378e-01
9.617713492056210178e-01
9.646472615728195477e-01
9.683992444088889151e-01
9.726999477218701839e-01
9.772084525122508580e-01
9.816140857471071790e-01
9.856694502740017683e-01
9.892084334096136189e-01
9.921486441311466731e-01
9.944810222152598023e-01
9.962514084630786915e-01
9.975393452846595954e-01
9.984385155166242143e-01
9.990415966710205486e-01
9.994305511603498449e-01
9.996719757926983974e-01
9.998163194609375193e-01
9.998995293322923139e-01
9.999458399319844926e-01
9.999707731916047670e-01
9.999838027809364593e-01
9.999904517570414875e-01
9.999938017604896867e-01
9.999955013368920786e-01
9.999963976073057426e-01
9.999969096770148225e-01
9.999972378703663178e-01
9.999974752402839284e-01
9.999976642466972265e-01
9.999978243013861734e-01
9.999979646012667756e-01
9.999980898803273455e-01
9.999982029032092878e-01
9.999983055209319405e-01
9.999983991153186258e-01
9.999984847911040919e-01
9.999985634654944278e-01
9.999986359155965676e-01
9.999987028075676410e-01
9.999987647168996352e-01
9.999988221437126068e-01
9.999988755248006012e-01
9.999989252433507669e-01
9.999989716368905546e-01
9.999990150038511327e-01
9.999990556090216920e-01
9.999990936881160142e-01
9.999991294516124007e-01
9.999991630880029625e-01
9.999991947665525238e-01
9.999992246396562923e-01
9.999992528448566897e-01
9.999992795065830720e-01
9.999993047376503075e-01
9.999993286405602921e-01
9.999993513086322672e-01
9.999993728269889193e-01
9.999993932734202451e-01
9.999994127191396132e-01
9.999994312294511190e-01
9.999994488643357826e-01
9.999994656789726877e-01
9.999994817241981693e-01
9.999994970469162636e-01
9.999995116904619730e-01
9.999995256949270050e-01
9.999995390974503184e-01
9.999995519324780258e-01
9.999995642319976508e-01
9.999995760257474053e-01
9.999995873414064818e-01
9.999995982047646947e-01
9.999996086398772466e-01
9.999996186692042821e-01
9.999996283137375652e-01
9.999996375931148318e-01
9.999996465257245948e-01
9.999996551288012903e-01
9.999996634185119859e-01
9.999996714100347628e-01
9.999996791176317679e-01
9.999996865547151614e-01
9.999996937339077352e-01
9.999997006670982014e-01
9.999997073654922630e-01
9.999997138396599095e-01
9.999997200995784929e-01
9.999997261546716976e-01
9.999997320138471757e-01
9.999997376855300768e-01
9.999997431776942447e-01
9.999997484978908613e-01
9.999997536532756470e-01
9.999997586506333969e-01
9.999997634964009618e-01
9.999997681966885654e-01
9.999997727573000095e-01
9.999997771837496607e-01
9.999997814812755514e-01
9.999997856548128450e-01
9.999997897087541388e-01
9.999997936457378778e-01
9.999997974622646391e-01
9.999998011372008833e-01
9.999998046114890737e-01
9.999998077697882515e-01
9.999998104513128094e-01
9.999998125098131796e-01
9.999998334089275076e-01
9.999998307600266312e-01
9.999998272257887288e-01
9.999998230527378240e-01
9.999998184764180564e-01
9.999998136314991459e-01
9.999998085655937841e-01
9.999998032839836348e-01
9.999997977779904179e-01
9.999997920351682001e-01
9.999997860416616202e-01
9.999997797825161960e-01
9.999997732416296969e-01
9.999997664016473387e-01
9.999997592438421012e-01
9.999997517479816134e-01
9.999997438921781612e-01
9.999997356527223769e-01
9.999997270038952779e-01
9.999997179177584350e-01
9.999997083639168283e-01
9.999996983092519498e-01
9.999996877176190457e-01
9.999996765495053896e-01
9.999996647616402612e-01
9.999996523065519671e-01
9.999996391320606914e-01
9.999996251806984038e-01
9.999996103890416155e-01
9.999995946869428831e-01
9.999995779966408538e-01
9.999995602317293120e-01
9.999995412959553631e-01
9.999995210818152236e-01
9.999994994689054284e-01
9.999994763219808291e-01
9.999994514886543229e-01
9.999994247966613736e-01
9.999993960505912938e-01
9.999993650279558333e-01
9.999993314744408668e-01
9.999992950981305695e-01
9.999992555624381829e-01
9.999992124773933178e-01
9.999991653888211651e-01
9.999991137647930017e-01
9.999990569785104366e-01
9.999989942864695447e-01
9.999989248003091635e-01
9.999988474500810520e-01
9.999987609356993934e-01
9.999986636618046765e-01
9.999985536488771309e-01
9.999984284093537124e-01
9.999982847692860943e-01
9.999981185921763549e-01
9.999979242594574380e-01
9.999976932540290964e-01
9.999974087444791770e-01
9.999970224461388613e-01
9.999963598317387348e-01
9.999947697169326855e-01
9.999899838081339754e-01
9.999748999706857822e-01
9.999298545209223121e-01
9.998072365749682833e-01
9.995074645086214904e-01
9.988538898302103952e-01
9.975895154421441369e-01
9.954307221108664727e-01
9.922010866543047314e-01
9.880155541040983591e-01
9.834114822726629512e-01
9.792939459070928443e-01
9.766407761381290520e-01
9.760771031680974819e-01
9.775568879087870311e-01
9.803547453608176809e-01
9.833795979225299355e-01
9.856206370124508398e-01
9.864822574660006005e-01
9.858785388858766208e-01
9.841226146684123322e-01
9.817346175097459993e-01
9.792734998329701845e-01
9.772308028163826377e-01
9.759747810195578133e-01
9.757226626317320184e-01
9.765305893526992076e-01
9.783023000573094485e-01
9.808192371294184309e-01
9.837889518910787334e-01
9.869019063531885294e-01
9.898836817474888639e-01
9.925315260346330160e-01
9.947297411169415682e-01
9.964449682491618443e-01
9.977074318008734011e-01
9.985862363149737853e-01
9.991659280339217908e-01
9.995288509570190438e-01
9.997447856987810022e-01
9.998670392678722374e-01
9.999329892100179418e-01
9.999669471327268244e-01
9.999836825999437462e-01
9.999916162242221684e-01
9.999952695387203105e-01
9.999969357639318934e-01
9.999977163827377113e-01
9.999981139386437956e-01
9.999983471422573267e-01
9.999985074620310055e-01
9.999986321951767065e-01
9.999987366072216055e-01
9.999988273095326008e-01
9.999989075569826191e-01
9.999989792624728313e-01
9.999990437460632986e-01
9.999991020175768019e-01
9.999991548919784368e-01
9.999992030445202795e-01
9.999992470427055968e-01
9.999992873679064420e-01
9.999993244313510887e-01
9.999993585864852541e-01
9.999993901387473905e-01
9.999994193534040843e-01
9.999994464618907619e-01
9.999994716669875494e-01
9.999994951470712046e-01
9.999995170596343019e-01
9.999995375442132239e-01
9.999995567248384232e-01
9.999995747120976608e-01
9.999995916048785016e-01
9.999996074918486855e-01
9.999996224527200051e-01
9.999996365593295522e-01
9.999996498765693076e-01
9.999996624631897202e-01
9.999996743724929305e-01
9.999996856529378420e-01
9.999996963486650348e-01
9.999997064999570640e-01
9.999997161436411375e-01
9.999997253134428332e-01
9.999997340402984047e-01
9.999997423526303386e-01
9.999997502765909374e-01
9.999997578362793682e-01
9.999997650539338423e-01
9.999997719501028115e-01
9.999997785437990672e-01
9.999997848526365196e-01
9.999997908929526558e-01
9.999997966799190063e-01
9.999998022276412879e-01
9.999998075492476657e-01
9.999998126569707990e-01
9.999998175622197838e-01
9.999998222756464328e-01
9.999998268072062269e-01
9.999998311662114947e-01
9.999998353613817059e-01
9.999998394008879909e-01
9.999998432923953295e-01
9.999998470430985220e-01
9.999998506597577164e-01
9.999998541487293835e-01
9.999998575159951830e-01
9.999998607671880535e-01
9.999998639076166373e-01
9.999998669422855979e-01
9.999998698758887361e-01
9.999998727126027109e-01
9.999998754547244628e-01
9.999998780968707424e-01
9.999998806098622239e-01
9.999998829152580981e-01
9.999998848772251314e-01
9.999998863530380477e-01
9.999967217410363762e-01
9.999966003717531970e-01
9.999964364845221887e-01
9.999962346941788649e-01
9.999960002372509926e-01
9.999957356543327514e-01
9.999954400528432430e-01
9.999951098615567080e-01
9.999947396103839869e-01
9.999943221655143155e-01
9.999938484663462024e-01
9.999933068141043657e-01
9.999926812737724990e-01
9.999919470447109493e-01
9.999910542621188725e-01
9.999898691547030039e-01
9.999879703127517727e-01
9.999840001153408320e-01
9.999737977274767431e-01
9.999455937335531841e-01
9.998690816697031192e-01
9.996738230617391308e-01
9.992132280388461574e-01
9.982168832757341015e-01
9.962493385509969546e-01
9.927147590779374919e-01
9.869595128290791219e-01
9.785047169642360210e-01
9.673726901508802323e-01
9.543757268663692894e-01
9.411771692539780965e-01
9.299848025350450076e-01
9.229064774069748456e-01
9.212030054458695272e-01
9.247776408195328424e-01
9.321576093586718681e-01
9.409864825179284908e-01
9.487974491832301682e-01
9.537258423139403085e-01
9.548985846360078522e-01
9.524359410791916059e-01
9.471817233530847036e-01
9.403465925560101635e-01
9.332052639224285295e-01
9.268995293379298506e-01
9.223320966485253347e-01
9.201154222120963011e-01
9.205507707737208278e-01
9.236307958087066616e-01
9.290687221208242530e-01
9.363564016156722403e-01
9.448467077572723083e-01
9.538484301605342219e-01
9.627177080136043452e-01
9.709305857768839587e-01
9.781261142417095877e-01
9.841167902182168525e-01
9.888705665868789962e-01
9.924739307534158339e-01
9.950874363060078220e-01
9.969037142448845534e-01
9.981145577827572613e-01
9.988897022865467212e-01
9.993666569569297220e-01
9.996490065179322038e-01
9.998099927254657793e-01
9.998985276291423308e-01
9.999455965936000501e-01
9.999698795907208115e-01
9.999821204593204449e-01
9.999882267472629538e-01
9.999913097805300799e-01
9.999929422844022753e-01
9.999938892505870758e-01
9.999945101717198082e-01
9.999949694014358403e-01
9.999953409922422987e-01
9.999956586169098660e-01
9.999959383476062502e-01
9.999961886559007862e-01
9.999964146631495909e-01
9.999966199049898918e-01
9.999968070361011652e-01
9.999969780201354297e-01
9.999971339243119983e-01
9.999972743491563065e-01
9.999973968757124299e-01
9.999974974751435486e-01
9.999975725887000344e-01
9.999967311438542339e-01
9.999966248751250841e-01
9.999964824837428434e-01
9.999963085748923008e-01
9.999961084554443991e-01
9.999958852688699551e-01
9.999956393550955003e-01
9.999953689565850290e-01
9.999950710162901490e-01
9.999947415610884738e-01
9.999943757306897218e-01
9.999939676122209242e-01
9.999935099555697926e-01
9.999929937625832155e-01
9.999924076669020057e-01
9.999917368160935460e-01
9.999909601255004832e-01
9.999900413262646781e-01
9.999888962033822715e-01
9.999872739760693463e-01
9.999843557595463617e-01
9.999775130661037181e-01
9.999588443913005609e-01
9.999065441358543360e-01
9.997659170852972732e-01
9.994131773003702701e-01
9.985975185369087015e-01
9.968687551616981501e-01
9.935225995209863159e-01
9.876264666881690024e-01
9.782010956263942347e-01
9.645924451018872414e-01
9.469595377325707997e-01
9.266692093762401994e-01
9.063263248548915074e-01
8.892673318474517696e-01
8.785969655022665137e-01
8.761196107953124201e-01
8.816329395217339382e-01
8.929204135848437529e-01
9.064609519504698287e-01
9.185437970830108156e-01
9.263176213140988935e-01
9.283931617071001785e-01
9.248818442152910713e-01
9.170156347748636971e-01
9.066126817230193424e-01
8.956080501021632667e-01
8.857431605236327776e-01
8.784013530198664377e-01
8.745356047433456848e-01
8.746444642781507905e-01
8.787786958511354385e-01
8.865793202528230443e-01
8.973513716107663907e-01
9.101713126221462336e-01
9.240165015616941258e-01
9.378976014401594341e-01
9.509724030131982975e-01
9.626231876867702431e-01
9.724883879080931104e-01
9.804500417111472466e-01
9.865878293678405075e-01
9.911155784125148527e-01
9.943161577211405699e-01
9.964867187092387724e-01
9.979004585137698502e-01
9.987856460922305279e-01
9.993189375091013904e-01
9.996283711761759783e-01
9.998014834451816046e-01
9.998950045691841204e-01
9.999439106954597367e-01
9.999687719300953681e-01
9.999811532245743706e-01
9.999872817452820639e-01
9.999903743574278803e-01
9.999920284648309288e-01
9.999930085661051793e-01
9.999936687688673054e-01
9.999941689411468992e-01
9.999945801080294405e-01
9.999949331659763185e-01
9.999952398205191884e-01
9.999955011048957676e-01
9.999957122707057167e-01
9.999958684769441053e-01
